7382478.037000	-337669.111000	0.690738	2.777778	0.000000	1642023312.257951	
7382478.434000	-337668.794000	0.674049	2.777778	-0.086018	1642023312.440843	
7382478.830000	-337668.477000	0.674128	2.777778	0.000409	1642023312.623454	
7382479.222000	-337668.164000	0.674406	2.777778	0.001458	1642023312.804041	
7382479.618000	-337667.848000	0.674686	2.777778	0.001447	1642023312.986427	
7382480.014000	-337667.531000	0.674996	2.777778	0.001608	1642023313.169038	
7382480.405000	-337667.217000	0.675297	2.777778	0.001572	1642023313.349569	
7382480.797000	-337666.903000	0.675628	2.777778	0.001732	1642023313.530380	
7382481.193000	-337666.587000	0.675949	2.777778	0.001665	1642023313.712767	
7382481.587000	-337666.270000	0.676288	2.777778	0.001760	1642023313.894816	
7382481.986000	-337665.950000	0.676662	2.777778	0.001918	1642023314.078945	
7382482.378000	-337665.635000	0.677033	2.777778	0.001935	1642023314.259982	
7382482.770000	-337665.320000	0.677407	2.777778	0.001955	1642023314.441019	
7382483.160000	-337665.006000	0.677818	2.777778	0.002155	1642023314.621269	
7382483.556000	-337664.687000	0.678228	2.777778	0.002118	1642023314.804331	
7382483.948000	-337664.371000	0.678690	2.777778	0.002406	1642023314.985594	
7382484.343000	-337664.052000	0.679176	2.777778	0.002512	1642023315.168375	
7382484.731000	-337663.739000	0.679665	2.777778	0.002577	1642023315.347839	
7382485.131000	-337663.415000	0.680228	2.777778	0.002871	1642023315.533152	
7382485.522000	-337663.099000	0.680782	2.777778	0.002892	1642023315.714134	
7382485.912000	-337662.783000	0.681424	2.777778	0.003356	1642023315.894837	
7382486.301000	-337662.467000	0.682083	2.777778	0.003452	1642023316.075260	
7382486.699000	-337662.144000	0.682798	2.777778	0.003664	1642023316.259787	
7382487.083000	-337661.831000	0.683588	2.777778	0.004182	1642023316.438133	
7382487.473000	-337661.513000	0.684437	2.777778	0.004431	1642023316.619290	
7382487.867000	-337661.191000	0.685427	2.777778	0.005105	1642023316.802473	
7382488.255000	-337660.874000	0.686486	2.777778	0.005551	1642023316.982844	
7382488.644000	-337660.554000	0.687704	2.777778	0.006346	1642023317.164179	
7382489.042000	-337660.227000	0.689103	2.777778	0.007128	1642023317.349616	
7382489.428000	-337659.908000	0.690696	2.777778	0.008354	1642023317.529889	
7382489.818000	-337659.585000	0.692568	2.777778	0.009702	1642023317.712188	
7382490.201000	-337659.267000	0.694796	2.777778	0.011748	1642023317.891399	
7382490.587000	-337658.944000	0.697596	2.777778	0.014601	1642023318.072592	
7382490.963000	-337658.618000	0.719353	2.777778	0.114266	1642023318.251745	
7382491.342000	-337658.282000	0.731151	2.777778	0.061068	1642023318.434083	
7382491.707000	-337657.951000	0.744169	2.777778	0.069245	1642023318.611467	
7382492.073000	-337657.608000	0.760014	2.777778	0.082731	1642023318.792044	
7382492.437000	-337657.256000	0.780317	2.777778	0.104866	1642023318.974334	
7382492.785000	-337656.903000	0.807331	2.777778	0.142092	1642023319.152784	
7382493.125000	-337656.533000	0.848315	2.777778	0.210914	1642023319.333681	
7382493.438000	-337656.155000	0.919112	2.777778	0.361989	1642023319.510358	
7382493.740000	-337655.753000	0.935161	2.777778	0.083591	1642023319.691366	
7382494.030000	-337655.351000	0.956038	2.777778	0.110109	1642023319.869813	
7382494.306000	-337654.950000	0.981374	2.777778	0.135779	1642023320.045062	
7382494.576000	-337654.532000	1.012360	2.777778	0.162025	1642023320.224205	
7382494.832000	-337654.106000	1.049159	2.777778	0.191969	1642023320.403126	
7382495.070000	-337653.672000	1.091088	2.777778	0.218802	1642023320.581316	
7382495.287000	-337653.229000	1.139304	2.777778	0.251157	1642023320.758902	
7382495.481000	-337652.776000	1.193520	2.777778	0.281146	1642023320.936308	
7382495.648000	-337652.315000	1.253813	2.777778	0.312230	1642023321.112822	
7382495.786000	-337651.844000	1.320002	2.777778	0.340240	1642023321.289510	
7382495.902000	-337651.346000	1.364568	2.777778	0.224916	1642023321.473589	
7382495.994000	-337650.852000	1.407027	2.777778	0.218271	1642023321.654487	
7382496.067000	-337650.344000	1.447599	2.777778	0.204611	1642023321.839246	
7382496.120000	-337649.842000	1.486410	2.777778	0.199151	1642023322.020970	
7382496.153000	-337649.337000	1.523706	2.777778	0.191093	1642023322.203158	
7382496.168000	-337648.830000	1.558845	2.777778	0.179887	1642023322.385757	
7382496.165000	-337648.333000	1.594363	2.777778	0.185435	1642023322.564681	
7382496.144000	-337647.826000	1.629660	2.777778	0.180603	1642023322.747357	
7382496.107000	-337647.320000	1.660548	2.777778	0.158474	1642023322.930004	
7382496.054000	-337646.816000	1.692561	2.777778	0.164323	1642023323.112444	
7382495.984000	-337646.315000	1.723784	2.777778	0.160627	1642023323.294556	
7382495.900000	-337645.818000	1.754651	2.777778	0.159386	1642023323.476014	
7382495.801000	-337645.326000	1.784612	2.777778	0.155448	1642023323.656684	
7382495.669000	-337644.830000	1.867270	2.777778	0.399953	1642023323.841459	
7382495.507000	-337644.348000	1.918897	2.777778	0.260460	1642023324.024518	
7382495.322000	-337643.866000	1.955663	2.777778	0.184798	1642023324.210380	
7382495.129000	-337643.408000	1.982446	2.777778	0.140531	1642023324.389301	
7382494.916000	-337642.935000	2.004640	2.777778	0.111837	1642023324.576050	
7382494.699000	-337642.478000	2.022050	2.777778	0.090093	1642023324.758175	
7382494.474000	-337642.022000	2.037540	2.777778	0.079791	1642023324.941231	
7382494.245000	-337641.576000	2.050955	2.777778	0.070127	1642023325.121719	
7382494.005000	-337641.121000	2.063182	2.777778	0.062309	1642023325.306909	
7382493.765000	-337640.680000	2.074795	2.777778	0.060645	1642023325.487657	
7382493.515000	-337640.234000	2.146473	2.777778	0.352617	1642023325.671721	
7382493.079000	-337639.649000	2.162197	2.777778	0.056513	1642023325.934378	
