7382379.915784 -337579.115446 -2.521895 0.228790 0.000572 1642019247.528009
7382379.484263 -337579.443481 -2.521864 0.862495 -0.000483 1642019248.377584
7382379.079611 -337579.744028 -2.522045 1.121502 -0.001711 1642019248.827992
7382378.637979 -337580.071831 -2.522932 1.351155 -0.007482 1642019249.229043
7382378.195048 -337580.400961 -2.523999 1.551454 -0.007323 1642019249.578103
7382377.776416 -337580.705597 -2.525023 1.696498 -0.007335 1642019249.878147
7382377.366449 -337581.011557 -2.525569 1.953779 -0.002632 1642019250.127878
7382376.948193 -337581.315748 -2.525857 2.040115 -0.002112 1642019250.377668
7382376.519107 -337581.627614 -2.526160 2.098823 -0.002116 1642019250.627572
7382376.068531 -337581.954645 -2.526482 2.155805 -0.002120 1642019250.877713
7382375.568367 -337582.316680 -2.526847 2.357831 -0.002137 1642019251.127859
7382375.144057 -337582.633878 -2.527165 2.558130 -0.002155 1642019251.328045
7382374.703788 -337582.953543 -2.527478 2.732528 -0.001995 1642019251.528207
7382374.231819 -337583.295468 -2.527813 2.903473 -0.002012 1642019251.728366
7382373.736725 -337583.653526 -2.528170 3.046790 -0.002026 1642019251.928397
7382373.215936 -337584.029478 -2.528553 3.191835 -0.002042 1642019252.128361
7382372.676006 -337584.418659 -2.528916 3.278170 -0.001521 1642019252.328408
7382372.110364 -337584.825818 -2.528703 3.421488 0.002540 1642019252.528439
7382371.690371 -337585.121093 -2.528338 3.421488 0.002540 1642019252.678491
7382371.253751 -337585.438052 -2.528005 3.478469 0.002534 1642019252.828806
7382370.830195 -337585.745896 -2.527883 3.421488 0.001653 1642019252.978278
7382370.382104 -337586.071038 -2.527686 3.535451 0.001644 1642019253.128234
7382369.948578 -337586.376512 -2.527442 3.535451 0.001644 1642019253.278240
7382369.496923 -337586.704340 -2.527398 3.535451 0.000933 1642019253.428251
7382369.030115 -337587.042540 -2.527879 3.651141 -0.001742 1642019253.578220
7382368.574079 -337587.372712 -2.528216 3.680495 -0.001746 1642019253.728096
7382368.122942 -337587.690354 -2.528485 3.680495 -0.001746 1642019253.878006
7382367.606409 -337588.062381 -2.528844 4.053466 -0.001616 1642019254.028048
7382367.144024 -337588.395859 -2.529082 3.910148 -0.001062 1642019254.177959
7382366.649496 -337588.751616 -2.528890 4.025838 0.002135 1642019254.327986
7382366.155376 -337589.098868 -2.528530 4.025838 0.002135 1642019254.478001
7382365.633163 -337589.474377 -2.528053 4.139802 0.002660 1642019254.628016
7382365.101401 -337589.856564 -2.527675 4.255492 0.002650 1642019254.778050
7382364.575442 -337590.234545 -2.527307 4.255492 0.002650 1642019254.928131
7382364.053497 -337590.602558 -2.526835 4.255492 0.002650 1642019255.078205
7382363.514807 -337590.989758 -2.526463 4.312473 0.002645 1642019255.228341
7382362.988865 -337591.367757 -2.526107 4.284846 0.002648 1642019255.378497
7382362.460865 -337591.746953 -2.525658 4.255492 0.003366 1642019255.528616
7382361.939318 -337592.115942 -2.525057 4.255492 0.003366 1642019255.678746
7382361.408394 -337592.497741 -2.524033 4.284846 0.005154 1642019255.828791
7382360.882827 -337592.875969 -2.522852 4.284846 0.006765 1642019255.978740
7382360.354103 -337593.256725 -2.521443 4.284846 0.008734 1642019256.128635
7382359.831152 -337593.629771 -2.519876 4.284846 0.008734 1642019256.278552
7382359.298913 -337594.015196 -2.517736 4.312473 0.011241 1642019256.428486
7382358.763676 -337594.404144 -2.514397 4.341827 0.017512 1642019256.578445
7382358.226941 -337594.796321 -2.510178 4.371182 0.023786 1642019256.728462
7382357.697660 -337595.182195 -2.505825 4.371182 0.023786 1642019256.878309
7382357.153167 -337595.587515 -2.500590 4.428163 0.026845 1642019257.028314
7382356.611242 -337595.994441 -2.494821 4.457517 0.030620 1642019257.178360
7382356.070195 -337596.404583 -2.488537 4.485145 0.034753 1642019257.328382
7382355.534998 -337596.812183 -2.482003 4.485145 0.034753 1642019257.478374
7382354.998423 -337597.231177 -2.473407 4.485145 0.041928 1642019257.628196
7382354.428781 -337597.682803 -2.463404 4.542126 0.048771 1642019257.785967
7382353.919486 -337598.093621 -2.453213 4.571481 0.057936 1642019257.927773
7382353.388664 -337598.527005 -2.442111 4.571481 0.057936 1642019258.077674
7382352.855982 -337598.978468 -2.428619 4.571481 0.065286 1642019258.228489
7382352.333704 -337599.431951 -2.414104 4.571481 0.073169 1642019258.377553
7382351.809710 -337599.897983 -2.399965 4.628462 0.073577 1642019258.527449
7382351.295195 -337600.364831 -2.385660 4.628462 0.073577 1642019258.677552
7382350.784418 -337600.847731 -2.371482 4.628462 0.073757 1642019258.827529
7382350.291632 -337601.325068 -2.356066 4.514499 0.081169 1642019258.977563
7382349.776539 -337601.838345 -2.338309 4.714798 0.090324 1642019259.127565
7382349.282239 -337602.344569 -2.320409 4.714798 0.090324 1642019259.277630
7382348.822635 -337602.840038 -2.301699 4.571481 0.096775 1642019259.427701
7382348.340540 -337603.377021 -2.281643 4.685444 0.099951 1642019259.577806
7382347.855057 -337603.938082 -2.259989 4.744152 0.107356 1642019259.727906
7382347.398227 -337604.484493 -2.238549 4.744152 0.107356 1642019259.878032
7382346.947160 -337605.058831 -2.214820 4.801134 0.113690 1642019260.029065
7382346.501566 -337605.651689 -2.191361 4.887470 0.114177 1642019260.177984
7382346.067895 -337606.254191 -2.167177 4.916824 0.118871 1642019260.328003
7382345.648786 -337606.860815 -2.142579 4.916824 0.118871 1642019260.477962
7382345.375443 -337607.288611 -2.124528 4.973805 0.124686 1642019260.577946
7382344.973177 -337607.935108 -2.097103 5.032514 0.131578 1642019260.727860
7382344.716290 -337608.367980 -2.078496 5.032514 0.131578 1642019260.827881
7382344.466696 -337608.812395 -2.058770 5.032514 0.138362 1642019260.927837
7382344.226315 -337609.254766 -2.039187 5.032514 0.138362 1642019261.027879
7382343.990244 -337609.717862 -2.017717 5.089495 0.145609 1642019261.127942
7382343.765547 -337610.174416 -1.996873 5.089495 0.145609 1642019261.227923
7382343.548274 -337610.649446 -1.975600 5.146477 0.146083 1642019261.328023
7382343.340498 -337611.120547 -1.954439 5.146477 0.146083 1642019261.428069
7382343.144043 -337611.603032 -1.933354 5.146477 0.145368 1642019261.528229
7382342.956531 -337612.082066 -1.912317 5.146477 0.145368 1642019261.628186
7382342.777794 -337612.579124 -1.891774 5.203459 0.140483 1642019261.728179
7382342.608564 -337613.071156 -1.871220 5.203459 0.140483 1642019261.828174
7382342.449810 -337613.576178 -1.850772 5.232813 0.139469 1642019261.928216
7382342.300006 -337614.077739 -1.830246 5.232813 0.139469 1642019262.028249
7382342.160558 -337614.595033 -1.809479 5.289794 0.138509 1642019262.128277
7382342.029531 -337615.110399 -1.788773 5.289794 0.138509 1642019262.228803
7382341.912692 -337615.626824 -1.769695 5.289794 0.130801 1642019262.328257
7382341.803065 -337616.144664 -1.750245 5.289794 0.130801 1642019262.428321
7382341.703144 -337616.677744 -1.731454 5.348503 0.126421 1642019262.528342
7382341.612595 -337617.204744 -1.712470 5.348503 0.126421 1642019262.628318
7382341.533260 -337617.736243 -1.693559 5.348503 0.126242 1642019262.728313
7382341.462790 -337618.266016 -1.674612 5.348503 0.126242 1642019262.828236
7382341.403129 -337618.805233 -1.654516 5.405484 0.132100 1642019262.928206
7382341.352554 -337619.343090 -1.634465 5.405484 0.132100 1642019263.028147
7382341.315596 -337619.880906 -1.612781 5.405484 0.140359 1642019263.128077
7382341.287177 -337620.420193 -1.591468 5.405484 0.140359 1642019263.227982
7382341.273869 -337620.961553 -1.569210 5.405484 0.143406 1642019263.327893
7382341.268842 -337621.501656 -1.547424 5.405484 0.143406 1642019263.427815
7382341.279522 -337622.046234 -1.525423 5.434839 0.143110 1642019263.527843
7382341.298212 -337622.588793 -1.503572 5.434839 0.143110 1642019263.627732
7382341.332917 -337623.132293 -1.481737 5.434839 0.141855 1642019263.727828
7382341.375382 -337623.674159 -1.460054 5.434839 0.141855 1642019263.827836
7382341.433680 -337624.216737 -1.439155 5.464193 0.136169 1642019263.927943
7382341.500085 -337624.762045 -1.418130 5.464193 0.136169 1642019264.028477
7382341.579969 -337625.297071 -1.398709 5.434839 0.129640 1642019264.128057
7382341.667773 -337625.833718 -1.378906 5.434839 0.129640 1642019264.228112
7382341.770128 -337626.374557 -1.358710 5.491820 0.129570 1642019264.328179
7382341.880537 -337626.913424 -1.338690 5.491820 0.129570 1642019264.428339
7382342.002983 -337627.447582 -1.319417 5.464193 0.124655 1642019264.528506
7382342.133904 -337627.978434 -1.300280 5.464193 0.124655 1642019264.628568
7382342.277282 -337628.512742 -1.282246 5.521174 0.117184 1642019264.728719
7382342.429484 -337629.043145 -1.264101 5.521174 0.117184 1642019264.828663
7382342.591364 -337629.567993 -1.246768 5.521174 0.112850 1642019264.928694
7382342.762594 -337630.092986 -1.229287 5.521174 0.112850 1642019265.028711
7382342.943901 -337630.612800 -1.211595 5.521174 0.112669 1642019265.128795
7382343.133627 -337631.131790 -1.194130 5.521174 0.112669 1642019265.228879
7382343.333819 -337631.644311 -1.177110 5.521174 0.107065 1642019265.328986
7382343.541530 -337632.156327 -1.160522 5.521174 0.107065 1642019265.429063
7382343.759750 -337632.664245 -1.146911 5.521174 0.088957 1642019265.529197
7382343.983685 -337633.169762 -1.133136 5.521174 0.088957 1642019265.629338
7382344.213561 -337633.669149 -1.122942 5.521174 0.069715 1642019265.729459
7382344.450025 -337634.168244 -1.112170 5.521174 0.069715 1642019265.829488
7382344.691028 -337634.665303 -1.103544 5.548802 0.058465 1642019265.929615
7382344.938617 -337635.161648 -1.094475 5.548802 0.058465 1642019266.029577
7382345.187900 -337635.652449 -1.085434 5.548802 0.057372 1642019266.129376
7382345.444202 -337636.143662 -1.076545 5.548802 0.057372 1642019266.229228
7382345.703589 -337636.630878 -1.067930 5.548802 0.053186 1642019266.329042
7382345.968280 -337637.116839 -1.059701 5.548802 0.053186 1642019266.428770
7382346.249233 -337637.621892 -1.052465 5.548802 0.045903 1642019266.533384
7382346.507042 -337638.081840 -1.045699 5.548802 0.045903 1642019266.628409
7382346.778293 -337638.565769 -1.038581 5.548802 0.045903 1642019266.728388
7382347.049590 -337639.049778 -1.031462 5.548802 0.045903 1642019266.828384
7382347.336774 -337639.510861 -1.033609 5.521174 0.019108 1642019266.928315
7382347.618659 -337639.985720 -1.030661 5.521174 0.019108 1642019267.028334
7382347.901462 -337640.462123 -1.027733 5.548802 0.017472 1642019267.128516
7382348.187964 -337640.938236 -1.025020 5.548802 0.017472 1642019267.228658
7382348.471910 -337641.409192 -1.023151 5.521174 0.012183 1642019267.328838
7382348.759421 -337641.881621 -1.021269 5.521174 0.012183 1642019267.429005
7382349.047560 -337642.354154 -1.019960 5.548802 0.006167 1642019267.529058
7382349.337860 -337642.827264 -1.019003 5.548802 0.006167 1642019267.629093
7382349.625480 -337643.296262 -1.018616 5.548802 0.001608 1642019267.729041
7382349.916318 -337643.768449 -1.018366 5.548802 0.001608 1642019267.828985
7382350.205146 -337644.237924 -1.017917 5.548802 0.001061 1642019267.928864
7382350.496153 -337644.709602 -1.017752 5.548802 0.001061 1642019268.028746
7382350.784717 -337645.176619 -1.016892 5.521174 0.002706 1642019268.128712
7382351.074749 -337645.645774 -1.016475 5.521174 0.002706 1642019268.228612
7382351.366756 -337646.115588 -1.015568 5.548802 0.003067 1642019268.328579
7382351.658972 -337646.586910 -1.015093 5.548802 0.003067 1642019268.428521
7382351.951392 -337647.054765 -1.014244 5.548802 0.003067 1642019268.528470
7382352.244054 -337647.525411 -1.013769 5.548802 0.003067 1642019268.628351
7382352.535481 -337647.989157 -1.012921 5.521174 0.003070 1642019268.728318
7382352.827627 -337648.457591 -1.012448 5.521174 0.003070 1642019268.828309
7382353.123176 -337648.925617 -1.011596 5.548802 0.003067 1642019268.928326
7382353.417551 -337649.396237 -1.011121 5.548802 0.003067 1642019269.028366
7382353.711851 -337649.866738 -1.010645 5.548802 0.003067 1642019269.128381
7382354.006470 -337650.327980 -1.009734 5.521174 0.002888 1642019269.228398
7382354.300209 -337650.795859 -1.009288 5.521174 0.002888 1642019269.328457
7382354.596122 -337651.259113 -1.008470 5.521174 0.002888 1642019269.428531
7382354.890137 -337651.726121 -1.008025 5.521174 0.002888 1642019269.528483
7382355.188994 -337652.192025 -1.007209 5.521174 0.002888 1642019269.628498
7382355.483383 -337652.658321 -1.006764 5.521174 0.002888 1642019269.728377
7382355.780602 -337653.119620 -1.005966 5.521174 0.002888 1642019269.828279
7382356.077325 -337653.581496 -1.005277 5.521174 0.002706 1642019269.928094
7382356.372340 -337654.046546 -1.004861 5.521174 0.002706 1642019270.027843
7382356.667542 -337654.511890 -1.004444 5.521174 0.002706 1642019270.127655
7382356.966998 -337654.970462 -1.003508 5.521174 0.002888 1642019270.227489
7382357.264332 -337655.430140 -1.002840 5.491820 0.002526 1642019270.327295
7382357.559239 -337655.892510 -1.002453 5.491820 0.002526 1642019270.427155
7382357.854239 -337656.355024 -1.002066 5.491820 0.002526 1642019270.527046
7382358.158395 -337656.817922 -1.001320 5.521174 0.002341 1642019270.626942
7382358.456044 -337657.283200 -1.000959 5.521174 0.002341 1642019270.726982
7382358.756170 -337657.741262 -1.000253 5.521174 0.002341 1642019270.826953
7382359.056732 -337658.202316 -0.999608 5.521174 0.002706 1642019270.927032
7382359.355139 -337658.666870 -0.999191 5.521174 0.002706 1642019271.027036
7382359.653544 -337659.131421 -0.998773 5.521174 0.002706 1642019271.127039
7382359.957184 -337659.588852 -0.996602 5.521174 0.006715 1642019271.227145
7382360.259051 -337660.047774 -0.994436 5.521174 0.011453 1642019271.327043
7382360.559785 -337660.511352 -0.992668 5.521174 0.011453 1642019271.427127
7382360.864011 -337660.966691 -0.989994 5.491820 0.014732 1642019271.527125
7382361.164894 -337661.426265 -0.987734 5.491820 0.014732 1642019271.627148
7382361.473519 -337661.882354 -0.983449 5.521174 0.023117 1642019271.727180
7382361.778593 -337662.342392 -0.979884 5.521174 0.023117 1642019271.827159
7382362.090177 -337662.794125 -0.974446 5.521174 0.031498 1642019271.927117
7382362.399156 -337663.251702 -0.969587 5.521174 0.031498 1642019272.027119
7382362.716477 -337663.700719 -0.963019 5.548802 0.038434 1642019272.127028
7382363.031998 -337664.157193 -0.957059 5.548802 0.038434 1642019272.227033
7382363.354695 -337664.601304 -0.950023 5.548802 0.042806 1642019272.327042
7382363.675962 -337665.053746 -0.943383 5.548802 0.042806 1642019272.427046
7382364.004201 -337665.492161 -0.935851 5.521174 0.046251 1642019272.527069
7382364.330140 -337665.937905 -0.928712 5.521174 0.046251 1642019272.627084
7382364.667464 -337666.374509 -0.920366 5.548802 0.050819 1642019272.727104
7382365.001743 -337666.817452 -0.912481 5.548802 0.050819 1642019272.827112
7382365.346627 -337667.248406 -0.904091 5.548802 0.051548 1642019272.927176
7382365.688144 -337667.685997 -0.896091 5.548802 0.051548 1642019273.027213
7382366.039492 -337668.110159 -0.887822 5.548802 0.051548 1642019273.127312
7382366.388176 -337668.542253 -0.879821 5.548802 0.051548 1642019273.227376
7382366.746184 -337668.959727 -0.872172 5.521174 0.046797 1642019273.328028
7382367.097855 -337669.381533 -0.864988 5.521174 0.046797 1642019273.427495
7382367.462343 -337669.793629 -0.859000 5.521174 0.038420 1642019273.527565
7382367.821801 -337670.212820 -0.853071 5.521174 0.038420 1642019273.627581
7382368.188744 -337670.617567 -0.849154 5.491820 0.026389 1642019273.727637
7382368.550212 -337671.030018 -0.845110 5.491820 0.026389 1642019273.827500
7382368.923276 -337671.434434 -0.842919 5.491820 0.015643 1642019273.927563
7382369.288063 -337671.844792 -0.840520 5.491820 0.015643 1642019274.027540
7382369.665459 -337672.245677 -0.839346 5.464193 0.008539 1642019274.127653
7382370.030652 -337672.653097 -0.838041 5.464193 0.008539 1642019274.227784
7382370.415043 -337673.052864 -0.837785 5.464193 0.000891 1642019274.327917
7382370.781244 -337673.459650 -0.837649 5.464193 0.000891 1642019274.428085
7382371.163626 -337673.857300 -0.839357 5.464193 -0.009850 1642019274.528170
7382371.529514 -337674.264352 -0.840863 5.464193 -0.009850 1642019274.628336
7382371.906744 -337674.660606 -0.845394 5.434839 -0.026574 1642019274.728438
7382372.268739 -337675.067210 -0.849436 5.434839 -0.026574 1642019274.828606
7382372.642925 -337675.468185 -0.854919 5.434839 -0.034754 1642019274.928737
7382373.001285 -337675.877997 -0.860206 5.434839 -0.034754 1642019275.028905
7382373.367897 -337676.279529 -0.865617 5.405484 -0.035822 1642019275.129030
7382373.719504 -337676.690351 -0.871030 5.405484 -0.035822 1642019275.229066
7382374.080370 -337677.093611 -0.875794 5.376130 -0.034167 1642019275.329029
7382374.425498 -337677.505390 -0.880924 5.376130 -0.034167 1642019275.428968
7382374.782141 -337677.911694 -0.886004 5.348503 -0.035056 1642019275.528866
7382375.121147 -337678.324617 -0.891237 5.348503 -0.035056 1642019275.628755
7382375.473564 -337678.734579 -0.896681 5.348503 -0.036326 1642019275.728704
7382375.808497 -337679.151456 -0.902110 5.348503 -0.036326 1642019275.828687
7382376.157208 -337679.566025 -0.907463 5.348503 -0.036507 1642019275.929152
7382376.485675 -337679.983969 -0.912886 5.348503 -0.036507 1642019276.028539
7382376.828190 -337680.400186 -0.918779 5.348503 -0.039591 1642019276.128554
7382377.154787 -337680.825395 -0.924711 5.348503 -0.039591 1642019276.228799
7382377.480416 -337681.249344 -0.930626 5.348503 -0.039591 1642019276.328747
7382377.811795 -337681.666625 -0.936901 5.319149 -0.041382 1642019276.428882
7382378.129775 -337682.093656 -0.943059 5.319149 -0.041382 1642019276.528976
7382378.447792 -337682.520737 -0.949218 5.319149 -0.041382 1642019276.629082
7382378.765899 -337682.947938 -0.955378 5.319149 -0.041382 1642019276.729216
7382379.089567 -337683.378105 -0.961820 5.319149 -0.041744 1642019276.829213
7382379.396438 -337683.812360 -0.968024 5.319149 -0.041744 1642019276.929180
7382379.716672 -337684.251166 -0.973313 5.348503 -0.037959 1642019277.029105
7382380.019879 -337684.691378 -0.978984 5.348503 -0.037959 1642019277.129045
7382380.334880 -337685.132094 -0.983933 5.376130 -0.035982 1642019277.228792
7382380.634448 -337685.577331 -0.989329 5.376130 -0.035982 1642019277.328610
7382380.947934 -337686.026523 -0.995174 5.434839 -0.037479 1642019277.428403
7382381.246079 -337686.480298 -1.000860 5.434839 -0.037479 1642019277.528306
7382381.551757 -337686.930325 -1.007680 5.434839 -0.040749 1642019277.628274
7382381.844611 -337687.387919 -1.013867 5.434839 -0.040749 1642019277.728237
7382382.150288 -337687.851832 -1.020347 5.491820 -0.040976 1642019277.828256
7382382.440531 -337688.318149 -1.026637 5.491820 -0.040976 1642019277.928271
7382382.742152 -337688.789676 -1.033070 5.548802 -0.040658 1642019278.028343
7382383.029320 -337689.264389 -1.039374 5.548802 -0.040658 1642019278.128331
7382383.320992 -337689.733497 -1.044868 5.521174 -0.037362 1642019278.228409
7382383.601039 -337690.209607 -1.050636 5.521174 -0.037362 1642019278.328454
7382383.880928 -337690.685447 -1.056400 5.521174 -0.037362 1642019278.428442
7382384.160741 -337691.161158 -1.062162 5.521174 -0.037362 1642019278.528403
7382384.461669 -337691.664073 -1.063571 5.635138 -0.028151 1642019278.628309
7382384.737386 -337692.155082 -1.068000 5.635138 -0.028151 1642019278.728240
7382385.008524 -337692.619687 -1.072149 5.548802 -0.027369 1642019278.828162
7382385.275832 -337693.105651 -1.076390 5.548802 -0.027369 1642019278.928117
7382385.555119 -337693.595821 -1.080886 5.578156 -0.027204 1642019279.028108
7382385.824470 -337694.076931 -1.084517 5.548802 -0.022633 1642019279.128196
7382386.084750 -337694.567223 -1.088026 5.548802 -0.022633 1642019279.228235
7382386.345140 -337695.057721 -1.091538 5.548802 -0.022633 1642019279.328316
7382386.615658 -337695.542531 -1.091768 5.548802 -0.011517 1642019279.428299
7382386.872080 -337696.034095 -1.093552 5.548802 -0.011517 1642019279.528217
7382387.145283 -337696.529909 -1.092794 5.607510 -0.002414 1642019279.628084
7382387.403053 -337697.027005 -1.093171 5.607510 -0.002414 1642019279.727942
7382387.660742 -337697.523941 -1.093548 5.607510 -0.002414 1642019279.827768
7382387.918595 -337698.021196 -1.093926 5.607510 -0.002414 1642019279.927658
7382388.201729 -337698.497019 -1.087724 5.607510 0.011091 1642019280.027539
7382388.471443 -337698.987884 -1.086155 5.607510 0.011457 1642019280.127397
7382388.732185 -337699.484174 -1.084361 5.607510 0.011457 1642019280.227373
7382389.004024 -337699.967661 -1.082919 5.578156 0.011455 1642019280.327293
7382389.265025 -337700.460560 -1.081134 5.578156 0.011455 1642019280.427279
7382389.545852 -337700.958260 -1.079668 5.664492 0.011459 1642019280.527360
7382389.812514 -337701.457933 -1.077855 5.664492 0.011459 1642019280.627347
7382390.087750 -337701.942136 -1.075836 5.635138 0.015292 1642019280.727397
7382390.355012 -337702.438701 -1.073427 5.635138 0.015292 1642019280.827469
7382390.639807 -337702.935556 -1.070751 5.692119 0.017855 1642019280.927522
7382390.912320 -337703.436021 -1.067908 5.692119 0.017855 1642019281.027634
7382391.198918 -337703.930530 -1.065452 5.750828 0.017863 1642019281.127731
7382391.476978 -337704.434821 -1.062579 5.750828 0.017863 1642019281.227868
7382391.763486 -337704.923923 -1.060161 5.750828 0.017863 1642019281.327908
7382392.043998 -337705.426353 -1.057290 5.750828 0.017863 1642019281.427969
7382392.335461 -337705.919208 -1.054826 5.750828 0.018047 1642019281.528005
7382392.618440 -337706.419785 -1.051927 5.750828 0.018047 1642019281.627995
7382392.916521 -337706.919053 -1.049371 5.778455 0.018234 1642019281.728108
7382393.203829 -337707.420904 -1.046425 5.778455 0.018234 1642019281.828182
7382393.505534 -337707.920950 -1.043483 5.807809 0.020435 1642019281.928196
7382393.797204 -337708.423744 -1.040165 5.807809 0.020435 1642019282.028280
7382394.101349 -337708.921343 -1.036894 5.807809 0.021900 1642019282.128181
7382394.395982 -337709.421759 -1.033341 5.807809 0.021900 1642019282.228169
7382394.708137 -337709.925853 -1.029730 5.864791 0.024295 1642019282.328255
7382395.009150 -337710.429075 -1.025750 5.864791 0.024295 1642019282.428238
7382395.324038 -337710.929443 -1.021465 5.894145 0.028886 1642019282.528253
7382395.630818 -337711.433253 -1.016704 5.894145 0.028886 1642019282.628329
7382395.950316 -337711.930667 -1.011487 5.923499 0.032380 1642019282.728340
7382396.263179 -337712.433451 -1.006129 5.923499 0.032380 1642019282.828311
7382396.576040 -337712.936230 -1.000771 5.923499 0.032380 1642019282.928281
7382396.910440 -337713.429170 -0.996061 5.951127 0.032207 1642019283.028301
7382397.238717 -337713.924884 -0.991021 5.980481 0.032770 1642019283.128396
7382397.565210 -337714.426453 -0.985541 5.980481 0.032770 1642019283.228467
7382397.905729 -337714.924243 -0.980431 6.009835 0.033149 1642019283.328526
7382398.238981 -337715.424577 -0.974862 6.009835 0.033149 1642019283.428555
7382398.589948 -337715.926870 -0.969755 6.096171 0.033001 1642019283.528549
7382398.932769 -337716.429876 -0.964142 6.096171 0.033001 1642019283.628402
7382399.293585 -337716.935209 -0.958946 6.182507 0.033037 1642019283.728334
7382399.646985 -337717.441926 -0.953243 6.182507 0.033037 1642019283.828258
7382400.015178 -337717.946227 -0.948020 6.239488 0.033062 1642019283.928280
7382400.377624 -337718.454032 -0.942256 6.239488 0.033062 1642019284.028270
7382400.758670 -337718.964626 -0.937303 6.325824 0.030143 1642019284.128273
7382401.132228 -337719.476079 -0.931969 6.325824 0.030143 1642019284.228394
7382401.522545 -337719.989952 -0.928853 6.439787 0.023891 1642019284.328352
7382401.907093 -337720.506662 -0.924554 6.439787 0.023891 1642019284.428371
7382402.305339 -337721.023197 -0.920895 6.498496 0.022610 1642019284.528500
7382402.697699 -337721.541637 -0.916788 6.498496 0.022610 1642019284.628550
7382403.107621 -337722.066204 -0.914391 6.614186 0.017993 1642019284.728576
7382403.510391 -337722.590839 -0.911066 6.614186 0.017993 1642019284.828575
7382403.924449 -337723.114869 -0.908382 6.671167 0.017444 1642019284.928521
7382404.333476 -337723.641037 -0.905135 6.671167 0.017444 1642019285.028421
7382404.755869 -337724.170187 -0.903600 6.757503 0.012614 1642019285.128276
7382405.172761 -337724.700733 -0.901222 6.757503 0.012614 1642019285.228127
7382405.601245 -337725.234199 -0.899749 6.814485 0.011498 1642019285.328014
7382406.024146 -337725.768044 -0.897562 6.814485 0.011498 1642019285.427956
7382406.450326 -337726.295021 -0.895974 6.785131 0.011497 1642019285.527967
7382406.873817 -337726.825479 -0.893794 6.785131 0.011497 1642019285.628005
7382407.294425 -337727.342285 -0.892252 6.671167 0.011493 1642019285.728032
7382407.712741 -337727.862262 -0.890109 6.671167 0.011493 1642019285.828068
7382408.140219 -337728.384257 -0.888524 6.671167 0.011679 1642019285.928100
7382408.560365 -337728.902558 -0.886347 6.671167 0.011679 1642019286.028113
7382408.985073 -337729.417423 -0.884081 6.671167 0.015212 1642019286.128149
7382409.407423 -337729.934085 -0.881245 6.671167 0.015212 1642019286.228180
7382409.835472 -337730.447823 -0.877593 6.555477 0.021510 1642019286.328220
7382410.253255 -337730.952750 -0.873655 6.555477 0.021510 1642019286.428191
7382410.670916 -337731.457531 -0.869718 6.555477 0.021510 1642019286.528133
7382411.110169 -337731.966394 -0.864647 6.584831 0.025787 1642019286.628096
7382411.534956 -337732.469281 -0.859904 6.584831 0.025787 1642019286.728066
7382411.968251 -337732.965621 -0.855202 6.584831 0.027086 1642019286.828138
7382412.397822 -337733.464783 -0.850218 6.584831 0.027086 1642019286.928149
7382412.827677 -337733.964274 -0.845231 6.584831 0.027086 1642019287.028226
7382413.257696 -337734.463956 -0.840242 6.584831 0.027086 1642019287.128341
7382413.736318 -337734.967578 -0.834218 6.698795 0.031962 1642019287.228385
7382414.183574 -337735.466755 -0.828232 6.698795 0.031962 1642019287.328438
7382414.640903 -337735.959023 -0.822208 6.728149 0.033463 1642019287.428325
7382415.095341 -337736.454418 -0.815922 6.728149 0.033463 1642019287.528242
7382415.562298 -337736.945583 -0.809994 6.757503 0.034221 1642019287.628106
7382416.024326 -337737.437231 -0.803542 6.757503 0.034221 1642019287.727947
7382416.498914 -337737.924255 -0.796987 6.785131 0.035725 1642019287.827774
7382416.968958 -337738.411875 -0.790225 6.785131 0.035725 1642019287.927593
7382417.453153 -337738.896200 -0.783258 6.814485 0.037604 1642019288.027437
7382417.932173 -337739.380044 -0.776103 6.814485 0.037604 1642019288.127350
7382418.425780 -337739.860456 -0.769153 6.871466 0.038195 1642019288.227162
7382418.915749 -337740.341757 -0.761822 6.871466 0.038195 1642019288.327114
7382419.413145 -337740.813463 -0.755106 6.871466 0.038195 1642019288.427055
7382419.910392 -337741.288383 -0.747766 6.871466 0.038195 1642019288.527122
7382420.414482 -337741.754497 -0.741501 6.871466 0.036703 1642019288.627209
7382420.918068 -337742.222278 -0.734451 6.871466 0.036703 1642019288.727235
7382421.432564 -337742.688386 -0.730241 6.900820 0.030742 1642019288.827364
7382421.944608 -337743.152351 -0.724305 6.900820 0.030742 1642019288.927494
7382422.455951 -337743.608887 -0.722693 6.871466 0.021209 1642019289.027638
7382422.969914 -337744.065860 -0.718618 6.871466 0.021209 1642019289.127724
7382423.483467 -337744.520988 -0.717624 6.871466 0.014861 1642019289.227765
7382423.999659 -337744.974161 -0.714772 6.871466 0.014861 1642019289.327728
7382424.519245 -337745.432914 -0.715472 6.900820 0.006831 1642019289.427711
7382425.040312 -337745.886973 -0.714154 6.900820 0.006831 1642019289.527865
7382425.556155 -337746.343221 -0.714972 6.900820 0.003094 1642019289.627838
7382426.077621 -337746.796509 -0.714374 6.900820 0.003094 1642019289.727962
7382426.592526 -337747.252631 -0.715581 6.900820 -0.000455 1642019289.828032
7382427.106548 -337747.706906 -0.716941 6.871466 -0.004183 1642019289.927996
7382427.624289 -337748.157840 -0.717743 6.871466 -0.004183 1642019290.027914
7382428.136603 -337748.615554 -0.719307 6.871466 -0.004743 1642019290.127849
7382428.658542 -337749.072271 -0.720226 6.871466 -0.004743 1642019290.228781
7382429.170708 -337749.520437 -0.721128 6.871466 -0.004743 1642019290.327823
7382429.674209 -337749.977545 -0.722693 6.842112 -0.004735 1642019290.427840
7382430.188427 -337750.430178 -0.723599 6.842112 -0.004735 1642019290.527963
7382430.690721 -337750.885035 -0.725035 6.814485 -0.004728 1642019290.627969
7382431.201584 -337751.336847 -0.725936 6.814485 -0.004728 1642019290.728049
7382431.698274 -337751.788810 -0.727333 6.757503 -0.004712 1642019290.828017
7382432.203501 -337752.237721 -0.728223 6.757503 -0.004712 1642019290.928032
7382432.708268 -337752.686224 -0.729111 6.757503 -0.004712 1642019291.027956
7382433.212682 -337753.134413 -0.729999 6.757503 -0.004712 1642019291.127810
7382433.692687 -337753.590325 -0.731866 6.698795 -0.004695 1642019291.227778
7382434.191153 -337754.037299 -0.732744 6.698795 -0.004695 1642019291.327724
7382434.679577 -337754.487913 -0.733998 6.671167 -0.004316 1642019291.427686
7382435.175565 -337754.934642 -0.734803 6.671167 -0.004316 1642019291.527745
7382435.659551 -337755.382596 -0.735417 6.641813 -0.002636 1642019291.627837
7382436.152353 -337755.828006 -0.735907 6.641813 -0.002636 1642019291.727849
7382436.633273 -337756.273901 -0.736342 6.584831 -0.001137 1642019291.828013
7382437.121061 -337756.715847 -0.736551 6.584831 -0.001137 1642019291.927973
7382437.611908 -337757.170765 -0.736625 6.641813 0.000152 1642019292.027994
7382438.103523 -337757.616646 -0.736597 6.641813 0.000152 1642019292.127921
7382438.597311 -337758.074466 -0.737005 6.698795 0.000142 1642019292.227924
7382439.093140 -337758.524511 -0.736979 6.698795 0.000142 1642019292.327885
7382439.578584 -337758.974606 -0.736353 6.671167 0.003310 1642019292.427874
7382440.072772 -337759.423106 -0.735736 6.671167 0.003310 1642019292.527911
7382440.560833 -337759.873164 -0.733822 6.671167 0.008145 1642019292.627990
7382441.055836 -337760.320935 -0.732303 6.671167 0.008145 1642019292.728044
7382441.553643 -337760.775239 -0.729362 6.698795 0.012610 1642019292.828154
7382442.049051 -337761.224219 -0.727074 6.698795 0.013541 1642019292.928053
7382442.548949 -337761.670094 -0.724540 6.698795 0.013541 1642019293.028049
7382443.043600 -337762.115512 -0.722270 6.698795 0.014099 1642019293.127951
7382443.544923 -337762.558399 -0.719635 6.698795 0.014099 1642019293.227810
7382444.046152 -337763.005246 -0.717245 6.728149 0.015220 1642019293.327737
7382444.552514 -337763.448174 -0.714385 6.728149 0.015220 1642019293.427727
7382445.056474 -337763.892230 -0.711110 6.728149 0.018571 1642019293.527685
7382445.565655 -337764.332421 -0.707618 6.728149 0.018571 1642019293.627724
7382446.074247 -337764.774041 -0.704008 6.728149 0.020432 1642019293.727747
7382446.586327 -337765.210576 -0.700167 6.728149 0.020432 1642019293.827759
7382447.099779 -337765.649305 -0.695676 6.728149 0.025087 1642019293.927835
7382447.615206 -337766.081716 -0.690960 6.728149 0.025087 1642019294.027831
7382448.129225 -337766.511735 -0.684818 6.728149 0.032532 1642019294.127796
7382448.648627 -337766.938558 -0.678707 6.728149 0.032532 1642019294.227716
7382449.169500 -337767.362582 -0.671596 6.728149 0.038115 1642019294.327690
7382449.694729 -337767.783142 -0.664429 6.728149 0.038115 1642019294.427696
7382450.218891 -337768.196774 -0.656481 6.698795 0.042934 1642019294.527751
7382450.748160 -337768.607968 -0.648438 6.698795 0.042934 1642019294.627803
7382451.277882 -337769.019516 -0.640389 6.698795 0.042934 1642019294.727941
7382451.819463 -337769.417211 -0.630642 6.698795 0.048697 1642019294.828008
7382452.358760 -337769.813856 -0.620849 6.698795 0.052229 1642019294.928087
7382452.901660 -337770.206166 -0.611068 6.698795 0.052229 1642019295.028077
7382453.445379 -337770.588422 -0.601540 6.671167 0.052763 1642019295.128117
7382453.993449 -337770.968604 -0.591700 6.671167 0.052763 1642019295.228103
7382454.552283 -337771.347417 -0.581271 6.698795 0.056316 1642019295.328093
7382455.111428 -337771.714768 -0.570736 6.698795 0.056316 1642019295.427965
7382455.671189 -337772.082523 -0.560189 6.698795 0.056316 1642019295.527947
7382456.239335 -337772.435250 -0.549311 6.698795 0.057987 1642019295.627791
7382456.806140 -337772.790732 -0.538462 6.698795 0.057987 1642019295.727668
7382457.377285 -337773.127590 -0.526215 6.698795 0.063374 1642019295.827524
7382457.952183 -337773.470696 -0.514347 6.698795 0.063374 1642019295.927467
7382458.531491 -337773.791705 -0.499664 6.671167 0.072063 1642019296.027442
7382459.112905 -337774.119304 -0.486208 6.671167 0.072063 1642019296.127478
7382459.706979 -337774.425250 -0.470076 6.698795 0.079515 1642019296.227517
7382460.299590 -337774.737540 -0.455166 6.698795 0.079515 1642019296.327514
7382460.887359 -337775.016774 -0.439793 6.614186 0.082732 1642019296.427500
7382461.480704 -337775.307142 -0.424492 6.614186 0.082732 1642019296.527374
7382462.086928 -337775.572426 -0.408314 6.641813 0.085547 1642019296.627343
7382462.692534 -337775.845943 -0.392396 6.641813 0.085547 1642019296.727392
7382463.300158 -337776.086504 -0.372121 6.614186 0.099551 1642019296.827408
7382463.911937 -337776.338391 -0.353662 6.614186 0.099551 1642019296.927436
7382464.529613 -337776.551636 -0.329405 6.584831 0.115166 1642019297.027493
7382465.148067 -337776.777876 -0.308126 6.584831 0.115166 1642019297.127501
7382465.774742 -337776.961774 -0.284200 6.584831 0.123443 1642019297.227526
7382466.402124 -337777.160688 -0.261390 6.584831 0.123443 1642019297.327477
7382467.030665 -337777.312346 -0.237742 6.527850 0.126441 1642019297.427392
7382467.661188 -337777.480687 -0.214569 6.527850 0.126441 1642019297.527365
7382468.296250 -337777.603262 -0.191665 6.498496 0.126559 1642019297.627373
7382468.931520 -337777.741832 -0.168556 6.498496 0.126559 1642019297.727428
7382469.570077 -337777.834827 -0.145810 6.498496 0.126010 1642019297.827480
7382470.210592 -337777.943996 -0.122818 6.498496 0.126010 1642019297.927465
7382470.850619 -337778.008388 -0.102730 6.498496 0.118117 1642019298.027480
7382471.495406 -337778.088933 -0.081190 6.498496 0.118117 1642019298.127472
7382472.134190 -337778.127901 -0.062420 6.469141 0.112365 1642019298.227492
7382472.779448 -337778.181460 -0.042012 6.469141 0.112365 1642019298.327579
7382473.435368 -337778.195629 -0.021342 6.498496 0.112422 1642019298.427637
7382474.085784 -337778.222863 -0.000812 6.498496 0.112422 1642019298.527812
7382474.717039 -337778.208983 0.021124 6.469141 0.118425 1642019298.627923
7382475.364554 -337778.209242 0.042644 6.469141 0.118425 1642019298.728016
7382475.989805 -337778.167286 0.064344 6.382806 0.120266 1642019298.828072
7382476.626742 -337778.140017 0.085865 6.382806 0.120266 1642019298.927953
7382477.258644 -337778.070867 0.107235 6.382806 0.119900 1642019299.027895
7382477.894216 -337778.016222 0.128702 6.382806 0.119900 1642019299.127838
7382478.514905 -337777.921183 0.149125 6.353452 0.117642 1642019299.227738
7382479.144201 -337777.840081 0.170072 6.353452 0.117642 1642019299.327605
7382479.751528 -337777.721156 0.190462 6.296470 0.117531 1642019299.427434
7382480.371407 -337777.614921 0.211205 6.296470 0.117531 1642019299.527318
7382480.972307 -337777.471372 0.231603 6.239488 0.117419 1642019299.627262
7382481.582087 -337777.340729 0.252151 6.239488 0.117419 1642019299.727209
7382482.182840 -337777.171650 0.272734 6.239488 0.117053 1642019299.827271
7382482.787597 -337777.015795 0.293247 6.239488 0.117053 1642019299.927362
7382483.366341 -337776.828405 0.310442 6.182507 0.108171 1642019300.027400
7382483.958792 -337776.650524 0.329206 6.182507 0.108171 1642019300.127453
7382484.526654 -337776.446811 0.343665 6.123798 0.097463 1642019300.227654
7382485.106337 -337776.250257 0.360382 6.123798 0.097463 1642019300.327608
7382485.679071 -337776.025564 0.376285 6.182507 0.094807 1642019300.427593
7382486.257279 -337775.808013 0.392695 6.182507 0.094807 1642019300.527517
7382486.806711 -337775.573357 0.403885 6.123798 0.079875 1642019300.627455
7382487.373411 -337775.340279 0.417586 6.123798 0.079875 1642019300.727517
7382487.934167 -337775.088680 0.424139 6.153152 0.059155 1642019300.827375
7382488.497738 -337774.841067 0.434322 6.153152 0.059155 1642019300.927416
7382489.039423 -337774.589592 0.439375 6.096171 0.045874 1642019301.027469
7382489.579299 -337774.341048 0.446569 6.009835 0.043983 1642019301.127493
7382490.121921 -337774.081224 0.453965 6.009835 0.043983 1642019301.227599
7382490.662160 -337773.820206 0.461128 6.009835 0.042882 1642019301.327614
7382491.202883 -337773.556385 0.468339 6.009835 0.042882 1642019301.427725
7382491.742844 -337773.292936 0.475540 6.009835 0.042882 1642019301.527695
7382492.261921 -337773.023700 0.473972 5.980481 0.019550 1642019301.627634
7382492.794631 -337772.752627 0.477237 5.980481 0.019550 1642019301.727578
7382493.315265 -337772.489436 0.477245 5.951127 0.011835 1642019301.827520
7382493.844012 -337772.217330 0.479211 5.951127 0.011835 1642019301.927443
7382494.360602 -337771.954116 0.481422 5.894145 0.013116 1642019302.027371
7382494.883589 -337771.682333 0.483582 5.894145 0.013116 1642019302.127367
7382495.403313 -337771.413145 0.488035 5.894145 0.020084 1642019302.227405
7382495.925234 -337771.138283 0.491345 5.894145 0.020084 1642019302.327483
7382496.434069 -337770.869138 0.494522 5.864791 0.018979 1642019302.427523
7382496.951202 -337770.592368 0.497632 5.864791 0.018979 1642019302.527533
7382497.463876 -337770.317523 0.499980 5.864791 0.017147 1642019302.627522
7382497.979430 -337770.037765 0.502790 5.864791 0.017147 1642019302.727537
7382498.490778 -337769.759645 0.505414 5.894145 0.016234 1642019302.827498
7382499.006735 -337769.475937 0.508084 5.894145 0.016234 1642019302.927396
7382499.522965 -337769.191458 0.509934 5.923499 0.013118 1642019303.027332
7382500.041160 -337768.903120 0.512107 5.923499 0.013118 1642019303.127444
7382500.573156 -337768.606771 0.514324 6.039189 0.012941 1642019303.227505
7382501.099412 -337768.310925 0.516507 6.039189 0.012941 1642019303.327471
7382501.632102 -337768.010861 0.517237 6.096171 0.006872 1642019303.427477
7382502.162110 -337767.710160 0.518407 6.096171 0.006872 1642019303.527436
7382502.705357 -337767.403608 0.517980 6.153152 0.002079 1642019303.627353
7382503.239520 -337767.099451 0.518337 6.153152 0.002079 1642019303.727251
7382503.794430 -337766.786361 0.517733 6.267116 -0.000890 1642019303.827275
7382504.338898 -337766.476143 0.517577 6.267116 -0.000890 1642019303.927264
7382504.895817 -337766.162603 0.516761 6.325824 -0.002379 1642019304.027323
7382505.447328 -337765.848889 0.516340 6.325824 -0.002379 1642019304.127625
7382506.008913 -337765.533392 0.514785 6.412160 -0.006470 1642019304.227400
7382506.566884 -337765.216920 0.513626 6.412160 -0.006470 1642019304.327440
7382507.137782 -337764.898602 0.512089 6.498496 -0.007237 1642019304.427367
7382507.703404 -337764.579685 0.510777 6.498496 -0.007237 1642019304.527288
7382508.264078 -337764.268685 0.509726 6.469141 -0.006672 1642019304.627302
7382508.828476 -337763.952293 0.508520 6.469141 -0.006672 1642019304.727320
7382509.400361 -337763.636434 0.507342 6.469141 -0.006672 1642019304.827420
7382509.965251 -337763.321533 0.506137 6.469141 -0.006672 1642019304.927392
7382510.519295 -337763.017107 0.504995 6.382806 -0.006645 1642019305.027380
7382511.145956 -337762.672074 0.503702 6.325824 -0.006629 1642019305.139508
7382511.632117 -337762.403750 0.502673 6.325824 -0.006629 1642019305.227290
7382512.185685 -337762.098221 0.501503 6.325824 -0.006629 1642019305.327243
7382512.762676 -337761.784929 0.500942 6.412160 -0.004434 1642019305.427164
7382513.329139 -337761.474192 0.500141 6.412160 -0.004434 1642019305.527925
7382513.864427 -337761.182388 0.500962 6.296470 -0.000341 1642019305.627151
7382514.416857 -337760.879862 0.500902 6.296470 -0.000341 1642019305.727182
7382514.960916 -337760.582018 0.501626 6.267116 0.001325 1642019305.827174
7382515.510251 -337760.280920 0.501858 6.267116 0.001325 1642019305.927131
7382516.044754 -337759.987524 0.502257 6.210134 0.001887 1642019306.027002
7382516.594957 -337759.685567 0.502588 6.210134 0.001887 1642019306.128065
7382517.117734 -337759.397544 0.503281 6.123798 0.002635 1642019306.227034
7382517.655118 -337759.101989 0.503732 6.123798 0.002635 1642019306.327184
7382518.191816 -337758.805617 0.503532 6.123798 -0.000127 1642019306.427390
7382518.728590 -337758.509894 0.503511 6.123798 -0.000127 1642019306.527466
7382519.258278 -337758.218287 0.502811 6.096171 -0.001962 1642019306.627666
7382519.792510 -337757.924248 0.502477 6.096171 -0.001962 1642019306.727697
7382520.314362 -337757.637610 0.502180 6.039189 -0.001950 1642019306.827583
7382520.843114 -337757.347027 0.501852 6.039189 -0.001950 1642019306.927487
7382521.366665 -337757.059966 0.501490 6.039189 -0.002135 1642019307.027420
7382521.895524 -337756.769778 0.501130 6.039189 -0.002135 1642019307.127308
7382522.422896 -337756.481325 0.500580 6.096171 -0.002698 1642019307.227206
7382522.956951 -337756.188848 0.500121 6.096171 -0.002698 1642019307.327088
7382523.466009 -337755.911198 0.499688 5.980481 -0.002857 1642019307.427036
7382523.993727 -337755.622792 0.499208 5.980481 -0.002857 1642019307.527594
7382524.504441 -337755.345058 0.498939 5.923499 -0.002294 1642019307.627050
7382525.024674 -337755.061316 0.498559 5.923499 -0.002294 1642019307.727089
7382525.536407 -337754.783100 0.500093 5.864791 0.004500 1642019307.827246
7382526.052024 -337754.501849 0.500832 5.864791 0.004500 1642019307.927392
7382526.566157 -337754.219749 0.503971 5.864791 0.012015 1642019308.027442
7382527.080698 -337753.937315 0.505941 5.864791 0.012015 1642019308.127524
7382527.553379 -337753.674168 0.509280 5.664492 0.016390 1642019308.227375
7382528.048290 -337753.399482 0.511871 5.664492 0.016390 1642019308.327301
7382528.547289 -337753.118278 0.514646 5.635138 0.016570 1642019308.427227
7382529.037907 -337752.842531 0.517251 5.635138 0.016570 1642019308.527100
7382529.504335 -337752.576714 0.520130 5.491820 0.018011 1642019308.626950
7382529.982248 -337752.304745 0.522897 5.491820 0.018011 1642019308.727077
7382530.458202 -337752.029500 0.527608 5.491820 0.024022 1642019308.826937
7382530.934122 -337751.754519 0.531296 5.491820 0.024022 1642019308.927022
7382531.405217 -337751.477126 0.535439 5.491820 0.025115 1642019309.027102
7382531.879122 -337751.198449 0.539296 5.491820 0.025115 1642019309.127209
7382532.346162 -337750.918824 0.544185 5.464193 0.029295 1642019309.227088
7382532.814661 -337750.638171 0.548655 5.464193 0.029295 1642019309.327035
7382533.271508 -337750.358360 0.554436 5.434839 0.032742 1642019309.426946
7382533.739437 -337750.071813 0.559456 5.434839 0.032742 1642019309.527905
7382534.189699 -337749.790262 0.564429 5.434839 0.032924 1642019309.626948
7382534.655210 -337749.498749 0.569482 5.434839 0.032924 1642019309.728010
7382535.118487 -337749.202564 0.576130 5.578156 0.038083 1642019309.827067
7382535.588433 -337748.901178 0.582071 5.578156 0.038083 1642019309.927151
7382536.058134 -337748.599950 0.588010 5.578156 0.038083 1642019310.027183
7382536.529436 -337748.297694 0.593969 5.578156 0.038083 1642019310.127556
7382537.119030 -337747.879872 0.607865 5.376130 0.048890 1642019310.277259
7382537.543087 -337747.590202 0.615004 5.203459 0.048965 1642019310.377189
7382537.970522 -337747.288265 0.622167 5.203459 0.048965 1642019310.477761
7382538.393302 -337746.989159 0.629788 5.175831 0.051664 1642019310.577338
7382538.810748 -337746.687325 0.637229 5.175831 0.051664 1642019310.676865
7382539.223420 -337746.386144 0.645546 5.117123 0.056508 1642019310.777605
7382539.629662 -337746.082770 0.653557 5.117123 0.056508 1642019310.876688
7382540.039582 -337745.776649 0.661641 5.117123 0.056508 1642019310.976668
7382540.441636 -337745.462211 0.672580 5.146477 0.066472 1642019311.076660
7382540.847784 -337745.145034 0.682163 5.146477 0.066472 1642019311.176791
7382541.237846 -337744.828838 0.695009 5.089495 0.076890 1642019311.276813
7382541.634519 -337744.502075 0.707875 5.089495 0.084641 1642019311.376914
7382542.025655 -337744.171391 0.720014 5.089495 0.084641 1642019311.477551
7382542.413065 -337743.843857 0.732037 5.089495 0.084641 1642019311.577229
7382542.785890 -337743.503884 0.745610 5.060141 0.090189 1642019311.677375
7382543.167491 -337743.157152 0.760110 5.089495 0.099222 1642019311.777468
7382543.538977 -337742.808972 0.774268 5.089495 0.099222 1642019311.877507
7382543.905308 -337742.454828 0.790740 5.117123 0.111122 1642019311.977494
7382544.267920 -337742.094119 0.806682 5.117123 0.111122 1642019312.077446
7382544.622116 -337741.728497 0.823699 5.089495 0.115924 1642019312.177310
7382544.970797 -337741.358213 0.840243 5.089495 0.115924 1642019312.277244
7382545.316567 -337740.976931 0.857300 5.117123 0.117761 1642019312.377134
7382545.654343 -337740.593317 0.874192 5.117123 0.117761 1642019312.477020
7382545.984751 -337740.202672 0.892659 5.117123 0.126901 1642019312.576860
7382546.309038 -337739.807548 0.910877 5.117123 0.126901 1642019312.676752
7382546.625148 -337739.402699 0.931521 5.117123 0.138168 1642019312.776711
7382546.934593 -337738.994973 0.951403 5.117123 0.138168 1642019312.876739
7382547.234618 -337738.575913 0.973276 5.146477 0.147688 1642019312.976784
7382547.528911 -337738.153241 0.994679 5.146477 0.147688 1642019313.076859
7382547.809493 -337737.721693 1.018598 5.146477 0.159620 1642019313.176825
7382548.084264 -337737.287077 1.041721 5.146477 0.159620 1642019313.276736
7382548.344187 -337736.841609 1.067411 5.175831 0.172120 1642019313.376672
7382548.599648 -337736.391206 1.092555 5.175831 0.172120 1642019313.476715
7382548.834243 -337735.936311 1.118480 5.146477 0.175237 1642019313.576527
7382549.065172 -337735.476050 1.143948 5.146477 0.175237 1642019313.676585
7382549.277442 -337735.007025 1.169682 5.146477 0.175237 1642019313.776487
7382549.484496 -337734.535603 1.195147 5.146477 0.175237 1642019313.876534
7382549.673094 -337734.054609 1.220891 5.146477 0.174351 1642019313.976588
7382549.855815 -337733.572934 1.246238 5.146477 0.174351 1642019314.076689
7382550.018383 -337733.087810 1.270065 5.117123 0.164527 1642019314.176714
7382550.175778 -337732.600813 1.293800 5.117123 0.164527 1642019314.276731
7382550.333342 -337732.113291 1.317562 5.117123 0.164527 1642019314.376856
7382550.449385 -337731.621405 1.336372 5.146477 0.149649 1642019314.476948
7382550.585207 -337731.124807 1.358055 5.146477 0.149649 1642019314.576985
7382550.720933 -337730.628560 1.379723 5.146477 0.149649 1642019314.676951
7382550.820284 -337729.920240 1.406668 4.973805 0.143239 1642019314.826942
7382550.942047 -337729.193768 1.437335 4.916824 0.147039 1642019314.976810
7382551.047515 -337728.464480 1.467820 4.916824 0.147039 1642019315.126678
7382551.116030 -337727.755008 1.500199 4.830488 0.154140 1642019315.276695
7382551.163129 -337727.055853 1.532819 4.714798 0.159915 1642019315.426729
7382551.190015 -337726.361166 1.564834 4.657816 0.160503 1642019315.576858
7382551.201533 -337725.662301 1.596443 4.657816 0.160503 1642019315.726920
7382551.178949 -337724.976711 1.627895 4.600835 0.160031 1642019315.876892
7382551.137481 -337724.291397 1.658025 4.600835 0.153853 1642019316.026768
7382551.078328 -337723.610831 1.686144 4.600835 0.143242 1642019316.176884
7382551.005199 -337722.923944 1.713973 4.600835 0.143242 1642019316.327024
7382550.900716 -337722.228233 1.741573 4.657816 0.140156 1642019316.477210
7382550.782051 -337721.556155 1.769011 4.628462 0.140103 1642019316.627232
7382550.644681 -337720.877719 1.796600 4.628462 0.138152 1642019316.777197
7382550.495392 -337720.200027 1.823551 4.628462 0.138152 1642019316.927126
7382550.318294 -337719.536319 1.849900 4.628462 0.135669 1642019317.076846
7382550.127516 -337718.884781 1.876380 4.600835 0.135621 1642019317.226701
7382549.926478 -337718.254059 1.902225 4.542126 0.135520 1642019317.376695
7382549.710119 -337717.607182 1.928205 4.542126 0.135520 1642019317.526867
7382549.472151 -337716.989491 1.953842 4.457517 0.134846 1642019317.677062
7382549.225599 -337716.390188 1.978638 4.398809 0.132449 1642019317.827177
7382548.966670 -337715.797769 2.001651 4.341827 0.120493 1642019317.977216
7382548.699203 -337715.204447 2.023662 4.341827 0.120493 1642019318.127112
7382548.401701 -337714.604746 2.042455 4.284846 0.104800 1642019318.286126
7382548.135076 -337714.088939 2.057453 4.196783 0.093328 1642019318.426791
7382547.844473 -337713.544268 2.073717 4.139802 0.091136 1642019318.576670
7382547.548095 -337712.998689 2.089567 4.139802 0.091136 1642019318.726649
7382547.247277 -337712.481420 2.103960 4.053466 0.084836 1642019318.876781
7382546.940392 -337711.967563 2.115726 4.025838 0.069524 1642019319.026850
7382546.630260 -337711.459837 2.126220 3.996484 0.058827 1642019319.177094
7382546.315544 -337710.948967 2.136091 3.996484 0.058827 1642019319.327233
7382545.997590 -337710.453764 2.143979 3.967130 0.049554 1642019319.477258
7382545.674604 -337709.958391 2.152035 3.967130 0.047060 1642019319.627202
7382545.339728 -337709.453631 2.160463 4.053466 0.046564 1642019319.777045
7382545.003537 -337708.948286 2.168363 4.053466 0.046564 1642019319.926783
7382544.670450 -337708.466410 2.175224 3.996484 0.039945 1642019320.076566
7382544.329072 -337707.977821 2.179860 3.996484 0.026752 1642019320.226316
7382543.984533 -337707.488568 2.184052 4.025838 0.023011 1642019320.376206
7382543.637663 -337706.994342 2.187933 4.025838 0.023011 1642019320.526188
7382543.290428 -337706.511148 2.192776 3.996484 0.025504 1642019320.676241
7382542.938582 -337706.027010 2.198239 3.996484 0.028714 1642019320.826341
7382542.581141 -337705.540570 2.203531 3.996484 0.028536 1642019320.976547
7382542.227029 -337705.056056 2.208316 3.996484 0.028536 1642019321.126710
7382541.864711 -337704.574689 2.212265 3.996484 0.022115 1642019321.276906
7382541.499352 -337704.091299 2.213234 4.025838 0.006239 1642019321.427153
7382541.135236 -337703.609059 2.211570 4.025838 -0.013386 1642019321.577278
7382540.773861 -337703.125237 2.209311 4.025838 -0.013386 1642019321.727280
7382540.412293 -337702.641704 2.207026 4.025838 -0.014635 1642019321.877209
7382540.052444 -337702.158931 2.206228 4.025838 -0.008214 1642019322.027024
7382539.692713 -337701.675659 2.205426 3.996484 -0.007672 1642019322.176856
7382539.337399 -337701.193480 2.204143 3.996484 -0.007672 1642019322.326726
7382538.975318 -337700.704957 2.204320 4.025838 -0.002682 1642019322.477156
7382538.618687 -337700.224900 2.206560 3.996484 0.008916 1642019322.626844
7382538.259083 -337699.743172 2.209122 3.996484 0.011770 1642019322.776874
7382537.902343 -337699.261694 2.211092 3.996484 0.011770 1642019322.926815
7382537.539754 -337698.780532 2.212180 3.996484 0.006240 1642019323.076739
7382537.177550 -337698.300111 2.213343 3.996484 0.004992 1642019323.226755
7382536.814702 -337697.819750 2.214584 3.996484 0.004456 1642019323.376828
7382536.454655 -337697.339725 2.215331 3.996484 0.004456 1642019323.526972
7382536.088270 -337696.856543 2.215334 4.025838 -0.000006 1642019323.677037
7382535.718583 -337696.368730 2.215228 4.053466 -0.003401 1642019323.827140
7382535.349766 -337695.881443 2.214430 4.082820 -0.007333 1642019323.976988
7382534.981977 -337695.391619 2.213175 4.082820 -0.007333 1642019324.127015
7382534.606740 -337694.893620 2.212338 4.110447 -0.007339 1642019324.277155
7382534.224822 -337694.385773 2.211325 4.196783 -0.008430 1642019324.427305
7382533.848508 -337693.881942 2.209844 4.196783 -0.008430 1642019324.577147
7382533.464960 -337693.368503 2.207100 4.226137 -0.013980 1642019324.727086
7382533.075779 -337692.844106 2.204874 4.312473 -0.014005 1642019324.877103
7382532.687393 -337692.318894 2.203471 4.341827 -0.009896 1642019325.027032
7382532.298026 -337691.791222 2.202298 4.371182 -0.009007 1642019325.177212
7382531.910397 -337691.261865 2.200648 4.371182 -0.009007 1642019325.327310
7382531.513441 -337690.720509 2.199387 4.428163 -0.009021 1642019325.477463
7382531.121551 -337690.184981 2.199064 4.428163 -0.004000 1642019325.627478
7382530.726271 -337689.645079 2.199865 4.428163 0.002814 1642019325.777415
7382530.335923 -337689.108461 2.200387 4.428163 0.002814 1642019325.927268
7382529.942343 -337688.573276 2.201783 4.428163 0.004249 1642019326.077111
7382529.538604 -337688.025870 2.204082 4.485145 0.009092 1642019326.226990
7382529.141824 -337687.490072 2.205449 4.457517 0.003888 1642019326.377019
7382528.745445 -337686.951434 2.206176 4.457517 0.003888 1642019326.527050
7382528.342988 -337686.408534 2.204430 4.485145 -0.004549 1642019326.677240
7382527.945457 -337685.871023 2.203942 4.457517 -0.004723 1642019326.827329
7382527.545932 -337685.330235 2.203547 4.457517 -0.004365 1642019326.977344
7382527.150657 -337684.791533 2.202733 4.457517 -0.004365 1642019327.127240
7382526.753876 -337684.253056 2.201671 4.457517 -0.007235 1642019327.277111
7382526.356711 -337683.712283 2.200168 4.457517 -0.009387 1642019327.427119
7382525.962424 -337683.172122 2.198414 4.457517 -0.009387 1642019327.577148
7382525.563800 -337682.625999 2.197637 4.485145 -0.007420 1642019327.727259
7382525.165433 -337682.080165 2.198389 4.485145 -0.000601 1642019327.877411
7382524.764912 -337681.532265 2.199262 4.514499 0.001730 1642019328.027561
7382524.366935 -337680.984540 2.199589 4.514499 0.001730 1642019328.177532
7382523.965394 -337680.436955 2.200530 4.514499 0.002627 1642019328.327429
7382523.562768 -337679.888138 2.202189 4.514499 0.005680 1642019328.477815
7382523.157856 -337679.339673 2.204834 4.542126 0.011067 1642019328.627389
7382522.754777 -337678.789885 2.206941 4.542126 0.011067 1642019328.777477
7382522.343090 -337678.241399 2.210559 4.542126 0.013581 1642019328.927482
7382521.931677 -337677.692601 2.213323 4.571481 0.013044 1642019329.077426
7382521.517083 -337677.144220 2.216025 4.571481 0.012325 1642019329.227277
7382521.103918 -337676.600267 2.218552 4.571481 0.011427 1642019329.377126
7382520.690605 -337676.053213 2.220741 4.571481 0.011427 1642019329.527107
7382520.271267 -337675.507108 2.222445 4.571481 0.007832 1642019329.677181
7382519.850622 -337674.960236 2.223575 4.571481 0.004778 1642019329.827238
7382519.427932 -337674.411551 2.224302 4.600835 0.000822 1642019329.977237
7382519.008475 -337673.863719 2.224460 4.600835 0.000822 1642019330.127204
7382518.585660 -337673.315684 2.224479 4.600835 -0.000617 1642019330.277104
7382518.159274 -337672.763047 2.224691 4.628462 -0.000980 1642019330.427066
7382517.736151 -337672.214643 2.224614 4.600835 -0.002234 1642019330.577064
7382517.316408 -337671.667013 2.224184 4.600835 -0.002234 1642019330.727034
7382516.889430 -337671.113131 2.224088 4.628462 -0.002239 1642019330.876983
7382516.463640 -337670.560653 2.223875 4.628462 -0.003138 1642019331.026811
7382516.038658 -337670.008572 2.222941 4.628462 -0.006913 1642019331.176779
7382515.616984 -337669.456859 2.221600 4.628462 -0.006913 1642019331.326808
7382515.192145 -337668.902140 2.220496 4.628462 -0.007273 1642019331.476890
7382514.769809 -337668.349506 2.219456 4.628462 -0.007273 1642019331.626901
7382514.347536 -337667.795793 2.218423 4.628462 -0.007273 1642019331.776790
7382513.928555 -337667.242467 2.217013 4.628462 -0.007273 1642019331.926744
7382513.512079 -337666.693521 2.215984 4.600835 -0.007267 1642019332.076545
7382513.090568 -337666.136734 2.214930 4.628462 -0.007273 1642019332.226564
7382512.671331 -337665.581832 2.214126 4.628462 -0.005115 1642019332.376557
7382512.254723 -337665.026539 2.213134 4.628462 -0.005115 1642019332.526542
7382511.835623 -337664.470228 2.213150 4.628462 -0.002958 1642019332.676461
7382511.417628 -337663.915470 2.213259 4.628462 -0.001520 1642019332.826266
7382510.998572 -337663.359429 2.213573 4.628462 0.000098 1642019332.976130
7382510.582344 -337662.803613 2.213592 4.628462 0.000098 1642019333.126156
7382510.162187 -337662.247023 2.214323 4.628462 0.001178 1642019333.276256
7382509.741437 -337661.690294 2.215121 4.628462 0.002437 1642019333.426456
7382509.320405 -337661.134292 2.216639 4.628462 0.006393 1642019333.576566
7382508.902515 -337660.579342 2.217879 4.628462 0.006393 1642019333.726658
7382508.478867 -337660.024061 2.220025 4.628462 0.008011 1642019333.876665
7382508.055504 -337659.471164 2.221932 4.628462 0.008011 1642019334.026541
7382507.635650 -337658.918989 2.223484 4.628462 0.008011 1642019334.176411
7382507.204339 -337658.362025 2.225806 4.657816 0.008910 1642019334.326612
7382506.781279 -337657.816117 2.227764 4.628462 0.008371 1642019334.476199
7382506.353376 -337657.265342 2.228899 4.628462 0.004055 1642019334.626304
7382505.928834 -337656.715879 2.229685 4.628462 0.004055 1642019334.776325
7382505.495758 -337656.159957 2.229236 4.657816 -0.000444 1642019334.926406
7382505.065673 -337655.607480 2.229225 4.657816 -0.001524 1642019335.076453
7382504.633063 -337655.051044 2.228000 4.685444 -0.008006 1642019335.226594
7382504.203420 -337654.494850 2.226428 4.685444 -0.008006 1642019335.376593
7382503.772695 -337653.937831 2.224720 4.685444 -0.009625 1642019335.526589
7382503.345110 -337653.380655 2.222832 4.685444 -0.009625 1642019335.676486
7382502.912807 -337652.817577 2.221388 4.714798 -0.009814 1642019335.826495
7382502.483870 -337652.254786 2.219448 4.714798 -0.009814 1642019335.976579
7382502.060897 -337651.699048 2.217833 4.685444 -0.009985 1642019336.126600
7382501.632788 -337651.134561 2.215961 4.714798 -0.010714 1642019336.276596
7382501.205934 -337650.569707 2.214171 4.714798 -0.010714 1642019336.426493
7382500.781410 -337650.004357 2.212055 4.714798 -0.010714 1642019336.576445
7382500.355725 -337649.436095 2.210245 4.714798 -0.010714 1642019336.726459
7382499.930641 -337648.866640 2.208502 4.714798 -0.010354 1642019336.876599
7382499.508126 -337648.298510 2.207740 4.714798 -0.004773 1642019337.026644
7382499.087030 -337647.730058 2.206797 4.714798 -0.004773 1642019337.176689
7382498.661972 -337647.159831 2.208900 4.714798 0.002068 1642019337.326809
7382498.237702 -337646.590323 2.208938 4.714798 -0.000273 1642019337.476997
7382497.811232 -337646.019361 2.209092 4.714798 -0.001712 1642019337.627105
7382497.385923 -337645.448119 2.208472 4.744152 -0.004599 1642019337.777095
7382496.962348 -337644.876808 2.207558 4.744152 -0.004599 1642019337.927007
7382496.533214 -337644.299222 2.206942 4.771780 -0.004604 1642019338.076931
7382496.109492 -337643.728251 2.206684 4.744152 -0.002617 1642019338.226800
7382495.678288 -337643.147147 2.206939 4.801134 -0.000104 1642019338.376650
7382495.249318 -337642.566340 2.206918 4.801134 -0.000104 1642019338.527041
7382494.820906 -337641.989566 2.207321 4.801134 0.000436 1642019338.676720
7382494.388246 -337641.407717 2.208217 4.801134 0.002239 1642019338.826854
7382493.959215 -337640.828006 2.208668 4.801134 0.002239 1642019338.977069
7382493.515519 -337640.234116 2.209500 4.859842 0.002233 1642019339.127073
7382493.079499 -337639.649414 2.210177 4.859842 0.002233 1642019339.277023
7382492.640722 -337639.062623 2.210901 4.859842 0.002053 1642019339.426924
7382492.199374 -337638.473057 2.211664 4.887470 0.002230 1642019339.576746
7382491.761491 -337637.885812 2.212120 4.887470 0.002230 1642019339.726625
7382491.320310 -337637.298271 2.212832 4.887470 0.002049 1642019339.876658
7382490.877120 -337636.708462 2.212987 4.887470 -0.000477 1642019340.026724
7382490.433941 -337636.118326 2.212586 4.916824 -0.004093 1642019340.176841
7382489.992536 -337635.528029 2.211743 4.916824 -0.004093 1642019340.326751
7382489.550795 -337634.937761 2.210685 4.916824 -0.005536 1642019340.476712
7382489.110570 -337634.348285 2.209838 4.887470 -0.005530 1642019340.626655
7382488.668796 -337633.755667 2.208985 4.916824 -0.005536 1642019340.776700
7382488.229235 -337633.163524 2.207844 4.916824 -0.005536 1642019340.926687
7382487.788233 -337632.569344 2.206988 4.916824 -0.005536 1642019341.076592
7382487.348514 -337631.976562 2.206837 4.916824 -0.002467 1642019341.226558
7382486.910074 -337631.383008 2.206328 4.916824 -0.002467 1642019341.376640
7382486.469355 -337630.787729 2.206100 4.916824 -0.002467 1642019341.526685
7382486.027899 -337630.190842 2.205249 4.916824 -0.005356 1642019341.676782
7382485.584000 -337629.589011 2.203885 4.946178 -0.007169 1642019341.826787
7382485.145106 -337628.991566 2.202401 4.946178 -0.007169 1642019341.976666
7382484.703800 -337628.389618 2.201189 4.946178 -0.007169 1642019342.126693
7382484.263089 -337627.786990 2.199973 4.946178 -0.007169 1642019342.276478
7382483.821438 -337627.181758 2.199317 4.973805 -0.003561 1642019342.426519
7382483.381935 -337626.577405 2.198573 4.973805 -0.003561 1642019342.576759
7382482.945135 -337625.977680 2.198525 4.946178 -0.002653 1642019342.726717
7382482.649690 -337625.572298 2.198389 4.973805 -0.003019 1642019342.826689
7382482.211628 -337624.968702 2.197760 4.973805 -0.003019 1642019342.976636
7382481.917317 -337624.563940 2.197473 4.973805 -0.003380 1642019343.076648
7382481.477847 -337623.958522 2.197040 4.973805 -0.003380 1642019343.226449
7382481.040686 -337623.354487 2.196336 4.973805 -0.003380 1642019343.376361
7382480.745063 -337622.946835 2.196469 5.003160 -0.002121 1642019343.476403
7382480.451616 -337622.540938 2.196173 5.003160 -0.002121 1642019343.576512
7382480.155595 -337622.133096 2.197092 5.003160 0.001495 1642019343.676629
7382479.862131 -337621.727276 2.197301 5.003160 0.001495 1642019343.776728
7382479.421581 -337621.121350 2.198309 5.003160 0.002399 1642019343.926733
7382479.124356 -337620.713271 2.198303 5.032514 -0.000137 1642019344.026731
7382478.829044 -337620.306124 2.198284 5.032514 -0.000137 1642019344.126675
7382478.533673 -337619.898894 2.198265 5.032514 -0.000137 1642019344.226639
7382478.238491 -337619.491925 2.198246 5.032514 -0.000137 1642019344.326539
7382477.938819 -337619.081538 2.198006 5.032514 -0.001584 1642019344.426578
7382477.643511 -337618.674227 2.197783 5.032514 -0.001584 1642019344.526548
7382477.343416 -337618.261460 2.197834 5.060141 -0.001407 1642019344.626515
7382477.046648 -337617.851976 2.197635 5.060141 -0.001407 1642019344.726456
7382476.748107 -337617.441243 2.197814 5.032514 -0.000860 1642019344.826461
7382476.452862 -337617.033811 2.197693 5.032514 -0.000860 1642019344.926443
7382476.152519 -337616.620587 2.197830 5.060141 -0.000864 1642019345.026508
7382475.855317 -337616.210469 2.197708 5.060141 -0.000864 1642019345.126601
7382475.555518 -337615.797954 2.197847 5.060141 -0.000864 1642019345.226761
7382475.258306 -337615.387837 2.197724 5.060141 -0.000864 1642019345.326855
7382474.957948 -337614.974382 2.197642 5.060141 -0.001950 1642019345.426938
7382474.660832 -337614.564287 2.197366 5.060141 -0.001950 1642019345.527017
7382474.358393 -337614.147431 2.197139 5.089495 -0.002679 1642019345.627014
7382474.060060 -337613.735264 2.196758 5.089495 -0.002679 1642019345.726986
7382473.760696 -337613.322117 2.196637 5.089495 -0.002679 1642019345.826902
7382473.462737 -337612.910031 2.196256 5.089495 -0.002679 1642019345.926818
7382473.162891 -337612.495718 2.196146 5.089495 -0.002498 1642019346.026685
7382472.865348 -337612.083771 2.195791 5.089495 -0.002498 1642019346.126531
7382472.566487 -337611.670416 2.195771 5.089495 -0.002136 1642019346.226418
7382472.268763 -337611.257871 2.195468 5.089495 -0.002136 1642019346.326380
7382471.968422 -337610.842185 2.195561 5.089495 -0.001231 1642019346.426519
7382471.670393 -337610.428980 2.195386 5.089495 -0.001231 1642019346.526621
7382471.369767 -337610.013092 2.195969 5.089495 0.000942 1642019346.626823
7382471.071691 -337609.600041 2.196103 5.089495 0.000942 1642019346.726906
7382470.769455 -337609.182234 2.196273 5.117123 0.000033 1642019346.826939
7382470.469942 -337608.767512 2.196277 5.117123 0.000033 1642019346.926911
7382470.169164 -337608.352105 2.196420 5.117123 -0.000511 1642019347.026893
7382469.869848 -337607.937820 2.196347 5.117123 -0.000511 1642019347.126773
7382469.566256 -337607.518543 2.197190 5.146477 0.003289 1642019347.226731
7382469.264981 -337607.101982 2.197662 5.146477 0.003289 1642019347.326623
7382468.962383 -337606.685365 2.198686 5.146477 0.004557 1642019347.426489
7382468.660598 -337606.269046 2.199341 5.146477 0.004557 1642019347.526401
7382468.355857 -337605.851565 2.200548 5.146477 0.006007 1642019347.626204
7382468.053199 -337605.435492 2.201411 5.146477 0.006007 1642019347.726177
7382467.748354 -337605.020158 2.203327 5.117123 0.009268 1642019347.826224
7382467.445785 -337604.606226 2.204655 5.117123 0.009268 1642019347.926422
7382467.139189 -337604.191594 2.206378 5.089495 0.009630 1642019348.026525
7382466.837207 -337603.781061 2.207749 5.089495 0.009630 1642019348.126660
7382466.526458 -337603.363174 2.208978 5.117123 0.007819 1642019348.226692
7382466.222087 -337602.951856 2.210096 5.117123 0.007819 1642019348.326687
7382465.909811 -337602.533518 2.211025 5.146477 0.006007 1642019348.426630
7382465.602798 -337602.120621 2.211889 5.146477 0.006007 1642019348.526607
7382465.296792 -337601.712076 2.212991 5.089495 0.006010 1642019348.626542
7382464.992562 -337601.304605 2.213845 5.089495 0.006010 1642019348.726457
7382464.686881 -337600.898065 2.214946 5.060141 0.006011 1642019348.826342
7382464.383281 -337600.493095 2.215796 5.060141 0.006011 1642019348.926366
7382464.066287 -337600.073253 2.216985 5.117123 0.006008 1642019349.026408
7382463.758309 -337599.664541 2.217844 5.117123 0.006008 1642019349.126417
7382463.307164 -337599.068124 2.219286 5.032514 0.006013 1642019349.276478
7382462.998304 -337598.661258 2.220453 5.032514 0.006555 1642019349.376498
7382462.694011 -337598.260310 2.221375 5.032514 0.006555 1642019349.476516
7382462.389420 -337597.860790 2.222541 5.003160 0.006557 1642019349.576557
7382462.084534 -337597.460801 2.223462 5.003160 0.006557 1642019349.677081
7382461.630524 -337596.867756 2.225076 4.973805 0.006558 1642019349.826573
7382461.174543 -337596.273764 2.226694 5.003160 0.006557 1642019349.976421
7382460.717468 -337595.679252 2.228068 5.003160 0.006557 1642019350.126308
7382460.265201 -337595.094515 2.229692 4.946178 0.006379 1642019350.276086
7382459.811971 -337594.508135 2.231012 4.946178 0.006379 1642019350.425923
7382459.358607 -337593.921583 2.232333 4.946178 0.006379 1642019350.575804
7382458.908944 -337593.348346 2.233262 4.887470 0.004035 1642019350.725912
7382458.458073 -337592.769365 2.234089 4.887470 0.004035 1642019350.876057
7382457.993588 -337592.171605 2.231535 4.946178 -0.005363 1642019351.026259
7382457.537309 -337591.585041 2.230422 4.946178 -0.005363 1642019351.176503
7382457.103783 -337591.024327 2.229057 4.801134 -0.006773 1642019351.326465
7382456.658629 -337590.447117 2.227609 4.830488 -0.007862 1642019351.476360
7382456.220461 -337589.877368 2.226199 4.771780 -0.008568 1642019351.626274
7382455.783910 -337589.310178 2.224486 4.771780 -0.008568 1642019351.776268
7382455.361636 -337588.755125 2.222119 4.685444 -0.012684 1642019351.926274
7382454.935604 -337588.196244 2.219629 4.685444 -0.012684 1642019352.076259
7382454.519056 -337587.644251 2.217462 4.600835 -0.012838 1642019352.226233
7382454.102762 -337587.093781 2.214987 4.600835 -0.012838 1642019352.376240
7382453.690563 -337586.542562 2.212823 4.571481 -0.012649 1642019352.526390
7382453.276836 -337585.987267 2.211187 4.600835 -0.010322 1642019352.676470
7382452.865478 -337585.433791 2.210351 4.571481 -0.005104 1642019352.826561
7382452.456162 -337584.883899 2.209374 4.571481 -0.005104 1642019352.976514
7382452.043035 -337584.327039 2.210130 4.571481 -0.000972 1642019353.126484
7382451.628885 -337583.769199 2.210569 4.600835 0.001001 1642019353.276417
7382451.216466 -337583.214419 2.211655 4.571481 0.004418 1642019353.426870
7382450.808088 -337582.666583 2.212498 4.571481 0.004418 1642019353.576340
7382450.394615 -337582.113216 2.213857 4.571481 0.005138 1642019353.726360
7382449.987754 -337581.570135 2.215655 4.514499 0.007655 1642019353.876547
7382449.578065 -337581.025186 2.217662 4.542126 0.008911 1642019354.026504
7382449.167983 -337580.481585 2.219356 4.542126 0.008911 1642019354.176419
7382448.762686 -337579.947136 2.221335 4.485145 0.009092 1642019354.326437
7382448.362597 -337579.421304 2.223266 4.428163 0.009092 1642019354.476456
7382447.959811 -337578.893674 2.225206 4.398809 0.009092 1642019354.626563
7382447.558447 -337578.369904 2.226881 4.398809 0.009092 1642019354.776574
7382447.158957 -337577.851093 2.229007 4.371182 0.009809 1642019354.926517
7382446.761122 -337577.336352 2.231131 4.341827 0.010167 1642019355.076556
7382446.362315 -337576.822287 2.233385 4.341827 0.010883 1642019355.226609
7382445.961616 -337576.308042 2.235367 4.341827 0.010883 1642019355.376759
7382445.544252 -337575.775351 2.237680 4.457517 0.010885 1642019355.526814
7382445.131499 -337575.250723 2.240103 4.600835 0.011608 1642019355.676787
7382444.724933 -337574.736287 2.242838 4.398809 0.013753 1642019355.826676
7382444.314984 -337574.220112 2.245370 4.398809 0.013753 1642019355.976526
7382443.909147 -337573.713539 2.249350 4.341827 0.017691 1642019356.126516
7382443.498698 -337573.205022 2.253794 4.398809 0.022000 1642019356.276551
7382443.084078 -337572.695465 2.258177 4.341827 0.022349 1642019356.427020
7382442.672090 -337572.192217 2.262238 4.341827 0.022349 1642019356.576814
7382442.264151 -337571.700417 2.266537 4.284846 0.022518 1642019356.726806
7382441.851781 -337571.206986 2.270971 4.255492 0.023050 1642019356.876745
7382441.442301 -337570.718297 2.275077 4.255492 0.023050 1642019357.026567
7382441.032842 -337570.229634 2.279182 4.255492 0.023050 1642019357.176381
7382440.609754 -337569.746882 2.286741 4.226137 0.031986 1642019357.326239
7382440.190717 -337569.266901 2.294497 4.226137 0.040032 1642019357.476176
7382439.769804 -337568.791697 2.302994 4.196783 0.047702 1642019357.626256
7382439.349910 -337568.321932 2.311396 4.196783 0.047702 1642019357.776388
7382438.928750 -337567.865519 2.323401 4.139802 0.061410 1642019357.926560
7382438.494372 -337567.406260 2.338490 4.169156 0.080672 1642019358.076647
7382438.060930 -337566.961061 2.355031 4.110447 0.094836 1642019358.226622
7382437.628269 -337566.522628 2.371398 4.110447 0.094836 1642019358.376477
7382437.179624 -337566.094731 2.388616 4.110447 0.096433 1642019358.526459
7382436.722987 -337565.672147 2.405706 4.110447 0.096966 1642019358.676288
7382436.263155 -337565.259386 2.423131 4.082820 0.100307 1642019358.826151
7382435.804377 -337564.853591 2.440350 4.082820 0.100307 1642019358.976168
7382435.325017 -337564.456495 2.460817 4.110447 0.110262 1642019359.126116
7382434.838289 -337564.068915 2.482168 4.110447 0.117341 1642019359.275990
7382434.348032 -337563.693173 2.503248 4.082820 0.122429 1642019359.425840
7382433.859303 -337563.325210 2.524274 4.082820 0.122429 1642019359.575678
7382433.349018 -337562.971373 2.547278 4.110447 0.127413 1642019359.725628
7382432.831051 -337562.627882 2.570861 4.110447 0.133764 1642019359.875742
7382432.306141 -337562.295861 2.595681 4.110447 0.141690 1642019360.025787
7382431.781069 -337561.970963 2.620284 4.110447 0.141690 1642019360.176005
7382431.231596 -337561.664860 2.647320 4.139802 0.148071 1642019360.326142
7382430.673810 -337561.372282 2.675833 4.169156 0.156729 1642019360.476199
7382430.104708 -337561.092009 2.704559 4.196783 0.159763 1642019360.626064
7382429.537486 -337560.820472 2.732864 4.196783 0.159763 1642019360.775909
7382428.964430 -337560.582170 2.761019 4.139802 0.159832 1642019360.925821
7382428.369274 -337560.351558 2.789854 4.226137 0.159117 1642019361.075928
7382427.766230 -337560.135446 2.817638 4.255492 0.151087 1642019361.225945
7382427.162570 -337559.926652 2.844803 4.255492 0.151087 1642019361.376045
7382426.529020 -337559.741116 2.869975 4.341827 0.140134 1642019361.526215
7382425.882571 -337559.568574 2.895646 4.428163 0.136214 1642019361.676416
7382425.234318 -337559.409209 2.921318 4.457517 0.135732 1642019361.826536
7382424.574272 -337559.264879 2.947299 4.514499 0.135827 1642019361.976568
7382423.905835 -337559.135652 2.973051 4.542126 0.133748 1642019362.126585
7382423.230826 -337559.025292 2.998560 4.571481 0.130781 1642019362.276509
7382422.546446 -337558.930102 3.024027 4.600835 0.129942 1642019362.426466
7382421.858572 -337558.852105 3.048954 4.628462 0.126255 1642019362.576424
7382421.166586 -337558.789886 3.073091 4.628462 0.122698 1642019362.726402
7382420.462965 -337558.745670 3.097116 4.685444 0.120472 1642019362.876312
7382419.757814 -337558.717385 3.121252 4.685444 0.120828 1642019363.026143
7382419.050404 -337558.706197 -3.137291 4.714798 0.123724 1642019363.176056
7382418.335344 -337558.711614 -3.112014 4.771780 0.124884 1642019363.326113
7382417.613719 -337558.737740 -3.086181 4.801134 0.126893 1642019363.476354
7382416.893330 -337558.781472 -3.059498 4.801134 0.132237 1642019363.626578
7382416.177967 -337558.844248 -3.032392 4.771780 0.133075 1642019363.776679
7382415.466671 -337558.924809 -3.005721 4.771780 0.131652 1642019363.926648
7382414.759665 -337559.026529 -2.979239 4.744152 0.130181 1642019364.076546
7382414.054124 -337559.145831 -2.953183 4.771780 0.127379 1642019364.226464
7382413.352229 -337559.283192 -2.928003 4.771780 0.123280 1642019364.376323
7382412.653579 -337559.437024 -2.903424 4.771780 0.121498 1642019364.526234
7382411.959507 -337559.610181 -2.878840 4.771780 0.119537 1642019364.676141
7382411.269297 -337559.799111 -2.855442 4.771780 0.112575 1642019364.826122
7382410.583792 -337560.003812 -2.833134 4.771780 0.108644 1642019364.976076
7382409.902310 -337560.222856 -2.811447 4.771780 0.107393 1642019365.126112
7382409.228604 -337560.457655 -2.789580 4.744152 0.107356 1642019365.276268
7382408.561432 -337560.705624 -2.767980 4.744152 0.106283 1642019365.426361
7382407.900191 -337560.967700 -2.746868 4.744152 0.103423 1642019365.576364
7382407.248904 -337561.241545 -2.726961 4.714798 0.098558 1642019365.726301
7382406.603027 -337561.528356 -2.707223 4.714798 0.098199 1642019365.876286
7382405.966086 -337561.826328 -2.688067 4.685444 0.093513 1642019366.026160
7382405.335654 -337562.135790 -2.670282 4.685444 0.086711 1642019366.176164
7382404.714204 -337562.453629 -2.654517 4.657816 0.078801 1642019366.326105
7382404.100629 -337562.779797 -2.641217 4.628462 0.066764 1642019366.476050
7382403.495025 -337563.111865 -2.629310 4.600835 0.058852 1642019366.626053
7382402.894854 -337563.449738 -2.618771 4.600835 0.050956 1642019366.776217
7382402.302830 -337563.790768 -2.610440 4.542126 0.042132 1642019366.926414
7382401.716195 -337564.134902 -2.603136 4.514499 0.037634 1642019367.076916
7382401.138442 -337564.479560 -2.595749 4.485145 0.037623 1642019367.226745
7382400.564668 -337564.827418 -2.588299 4.457517 0.037255 1642019367.376873
7382399.999414 -337565.175873 -2.581714 4.398809 0.031857 1642019367.526997
7382399.440033 -337565.525473 -2.576463 4.398809 0.025047 1642019367.677129
7382398.887587 -337565.874958 -2.572008 4.371182 0.023428 1642019367.827112
7382398.341835 -337566.222846 -2.567340 4.312473 0.023597 1642019367.977088
7382397.803756 -337566.569728 -2.562802 4.255492 0.023587 1642019368.127023
7382397.272299 -337566.915741 -2.558409 4.226137 0.022508 1642019368.276922
7382396.746201 -337567.261920 -2.554749 4.196783 0.019106 1642019368.426761
7382396.224487 -337567.606700 -2.552077 4.169156 0.012132 1642019368.576679
7382395.710043 -337567.948997 -2.549898 4.110447 0.009986 1642019368.726489
7382395.198581 -337568.290793 -2.548300 4.110447 0.006593 1642019368.876341
7382394.685269 -337568.635409 -2.547095 4.139802 0.005162 1642019369.026206
7382394.172419 -337568.981355 -2.545887 4.139802 0.005162 1642019369.176117
7382393.656105 -337569.331256 -2.544691 4.169156 0.004982 1642019369.326149
7382393.136708 -337569.684835 -2.543486 4.196783 0.004981 1642019369.476231
7382392.612859 -337570.043067 -2.542125 4.226137 0.006409 1642019369.626392
7382392.087529 -337570.403456 -2.540041 4.255492 0.010882 1642019369.776415
7382391.560454 -337570.769077 -2.537392 4.312473 0.011778 1642019369.926384
7382391.029788 -337571.138914 -2.535158 4.312473 0.009809 1642019370.076266
7382390.503316 -337571.508082 -2.533258 4.284846 0.008913 1642019370.226200
7382389.971994 -337571.884293 -2.531194 4.341827 0.008913 1642019370.376282
7382389.439208 -337572.260710 -2.529361 4.341827 0.008733 1642019370.526419
7382388.908113 -337572.639524 -2.527798 4.341827 0.005509 1642019370.676491
7382388.375721 -337573.020884 -2.526865 4.371182 0.002820 1642019370.826458
7382387.842087 -337573.402073 -2.526207 4.371182 0.002461 1642019370.976357
7382387.310475 -337573.787572 -2.525376 4.371182 0.001744 1642019371.126313
