# Cenario lento
#5 7757543.000000 -363659.600000 0.000000 4.700000
#4 7757648.800000 -363621.400000 -2.511559 3.564323

# Cenario rapido
#5 7757543.000000 -363659.600000 0.000000 8.50000
4 7757477.400000 -363630.400000 -0.802940 8.5
# 4 7757648.800000 -363621.400000 -2.511559 3.564323

#5 7757669.800000 -363605.400000 -2.500520 6.588019
5 7757481.800000 -363635.400000 -0.817645 9.2
5 7757464.000000 -363614.800000 -0.922841 8.980089
#5 7757596.800000 -363662.800000 0.612669 3.373603
#5 7757639.000000 -363632.200000 0.646758 2.456013
#5 7757571.400000 -363678.800000 0.566181 3.592710
