v_phi_time -0.001004 -0.001984 0.000000
v_phi_time -0.001004 -0.001984 0.025694
v_phi_time -0.001004 -0.001984 0.050406
v_phi_time -0.001004 -0.001984 0.075015
v_phi_time -0.001004 -0.001984 0.100869
v_phi_time -0.001004 -0.001984 0.126631
v_phi_time -0.001004 -0.001984 0.151418
v_phi_time -0.001004 -0.001984 0.176173
v_phi_time -0.001004 -0.001984 0.201178
v_phi_time -0.001004 -0.001984 0.226157
v_phi_time -0.001004 -0.001984 0.251274
v_phi_time -0.001004 -0.001984 0.276266
v_phi_time -0.001004 -0.001984 0.301103
v_phi_time -0.001004 -0.001984 0.326004
v_phi_time -0.001004 -0.001984 0.351797
v_phi_time -0.001004 -0.001984 0.376618
v_phi_time -0.001004 -0.001984 0.401234
v_phi_time -0.001004 -0.001984 0.426592
v_phi_time -0.001004 -0.001984 0.451172
v_phi_time -0.001004 -0.001984 0.476647
v_phi_time -0.001004 -0.001984 0.501022
v_phi_time -0.001004 -0.001984 0.526297
v_phi_time -0.001004 -0.001984 0.551320
v_phi_time -0.001004 -0.001984 0.576398
v_phi_time -0.001004 -0.001984 0.601361
v_phi_time -0.001004 -0.001984 0.626242
v_phi_time -0.001004 -0.001984 0.651038
v_phi_time -0.001004 -0.001984 0.676660
v_phi_time -0.001004 -0.001984 0.701574
v_phi_time -0.001004 -0.001984 0.726814
v_phi_time -0.001004 -0.001984 0.751609
v_phi_time -0.001004 -0.001984 0.776040
v_phi_time -0.001004 -0.001984 0.800982
v_phi_time -0.001004 -0.001984 0.826413
v_phi_time -0.001004 -0.001984 0.851540
v_phi_time -0.001004 -0.001984 0.876337
v_phi_time -0.001004 -0.001984 0.901309
v_phi_time -0.001004 -0.001984 0.926179
v_phi_time -0.001004 -0.001984 0.951391
v_phi_time -0.001004 -0.001984 0.976886
v_phi_time -0.001004 -0.001984 1.002179
v_phi_time -0.001004 -0.001984 1.027325
v_phi_time -0.001004 -0.001984 1.052308
v_phi_time -0.001004 -0.001984 1.077868
v_phi_time -0.001004 -0.001984 1.103120
v_phi_time -0.001004 -0.001984 1.128629
v_phi_time -0.001004 -0.001984 1.153910
v_phi_time -0.001004 -0.001984 1.179014
v_phi_time -0.001004 -0.001984 1.203970
v_phi_time -0.001004 -0.001984 1.229482
v_phi_time -0.001004 -0.001984 1.254470
v_phi_time -0.001004 -0.001984 1.279078
v_phi_time -0.001004 -0.001984 1.304335
v_phi_time -0.001004 -0.001984 1.329318
v_phi_time -0.001004 -0.001984 1.354407
v_phi_time -0.001004 -0.001984 1.379331
v_phi_time -0.001004 -0.001984 1.404010
v_phi_time -0.001004 -0.001984 1.429485
v_phi_time -0.001004 -0.001984 1.454909
v_phi_time -0.001004 -0.001984 1.480419
v_phi_time -0.001004 -0.001984 1.505402
v_phi_time -0.001004 -0.001984 1.529911
v_phi_time -0.001004 -0.001984 1.555778
v_phi_time -0.001004 -0.001984 1.580315
v_phi_time -0.001004 -0.001984 1.605779
v_phi_time -0.001004 -0.001984 1.630665
v_phi_time -0.001004 -0.001984 1.655652
v_phi_time -0.001004 -0.001984 1.680271
v_phi_time -0.001004 -0.001984 1.705520
v_phi_time -0.001004 -0.001984 1.730070
v_phi_time -0.001004 -0.001984 1.755621
v_phi_time -0.001004 -0.001984 1.780135
v_phi_time -0.001004 -0.001984 1.805258
v_phi_time -0.001004 -0.001984 1.830209
v_phi_time -0.001004 -0.001984 1.855222
v_phi_time -0.001004 -0.001984 1.880723
v_phi_time -0.001004 -0.001984 1.905318
v_phi_time -0.001004 -0.001984 1.930475
v_phi_time -0.001004 -0.001984 1.955158
v_phi_time -0.001004 -0.001984 1.980262
v_phi_time -0.001004 -0.001984 2.005527
v_phi_time -0.001004 -0.001984 2.030127
v_phi_time -0.001004 -0.001984 2.055402
v_phi_time -0.001004 -0.001984 2.080012
v_phi_time -0.001004 -0.001984 2.105004
v_phi_time -0.001004 -0.001984 2.130733
v_phi_time -0.001004 -0.001984 2.155203
v_phi_time -0.001004 -0.001984 2.180454
v_phi_time -0.001004 -0.001984 2.205061
v_phi_time -0.001004 -0.001984 2.230399
v_phi_time -0.001004 -0.001984 2.255235
v_phi_time -0.001004 -0.001984 2.280525
v_phi_time -0.001004 -0.001984 2.305478
v_phi_time -0.001004 -0.001984 2.330707
v_phi_time -0.001004 -0.001984 2.355434
v_phi_time -0.001004 -0.001984 2.380467
v_phi_time -0.001004 -0.001984 2.405130
v_phi_time -0.001004 -0.001984 2.430247
v_phi_time -0.001004 -0.001984 2.455102
v_phi_time -0.001004 -0.001984 2.480472
v_phi_time -0.001004 -0.001984 2.505684
v_phi_time -0.001004 -0.001984 2.530740
v_phi_time -0.001004 -0.001984 2.554969
v_phi_time -0.001004 -0.001984 2.580664
v_phi_time -0.001004 -0.001984 2.605538
v_phi_time -0.001004 -0.001984 2.630837
v_phi_time -0.001004 -0.001984 2.655803
v_phi_time -0.001004 -0.001984 2.680524
v_phi_time -0.001004 -0.001984 2.705515
v_phi_time -0.001004 -0.001984 2.730288
v_phi_time -0.001004 -0.001984 2.755055
v_phi_time -0.001004 -0.001984 2.780889
v_phi_time -0.001004 -0.001984 2.806097
v_phi_time -0.001004 -0.001984 2.830983
v_phi_time -0.001004 -0.001984 2.856403
v_phi_time -0.001004 -0.001984 2.881724
v_phi_time -0.001004 -0.001984 2.906696
v_phi_time -0.001004 -0.001984 2.931204
v_phi_time -0.001004 -0.001984 2.956433
v_phi_time -0.001004 -0.001984 2.981521
v_phi_time -0.001004 -0.001984 3.006457
v_phi_time -0.001004 -0.001984 3.031452
v_phi_time -0.001004 -0.001984 3.056723
v_phi_time -0.001004 -0.001984 3.081054
v_phi_time -0.001004 -0.001984 3.106225
v_phi_time -0.001004 -0.001984 3.131524
v_phi_time -0.001004 -0.001984 3.156651
v_phi_time -0.001004 -0.001984 3.181040
v_phi_time -0.001004 -0.001984 3.206176
v_phi_time -0.001004 -0.001984 3.231498
v_phi_time -0.001004 -0.001984 3.256219
v_phi_time -0.001004 -0.001984 3.281501
v_phi_time -0.001004 -0.001984 3.306741
v_phi_time -0.001004 -0.001984 3.331402
v_phi_time -0.001004 -0.001984 3.356551
v_phi_time -0.001004 -0.001984 3.381558
v_phi_time -0.001004 -0.001984 3.406227
v_phi_time -0.001004 -0.001984 3.431743
v_phi_time -0.001004 -0.001984 3.455964
v_phi_time -0.001004 -0.001984 3.481496
v_phi_time -0.001004 -0.001984 3.506364
v_phi_time -0.001004 -0.001984 3.531383
v_phi_time -0.001004 -0.001984 3.556636
v_phi_time -0.001004 -0.001984 3.581677
v_phi_time -0.001004 -0.001984 3.606810
v_phi_time -0.001004 -0.001984 3.631249
v_phi_time -0.001004 -0.001984 3.656269
v_phi_time -0.001004 -0.001984 3.681685
v_phi_time -0.001004 -0.001984 3.706789
v_phi_time -0.001004 -0.001984 3.731085
v_phi_time -0.001004 -0.001984 3.756105
v_phi_time -0.001004 -0.001984 3.781036
v_phi_time -0.001004 -0.001984 3.806067
v_phi_time -0.001004 -0.001984 3.831513
v_phi_time -0.001004 -0.001984 3.856218
v_phi_time -0.001004 -0.001984 3.881410
v_phi_time -0.001004 -0.001984 3.906424
v_phi_time -0.001004 -0.001984 3.931188
v_phi_time -0.001004 -0.001984 3.956809
v_phi_time -0.001004 -0.001984 3.981729
v_phi_time -0.001004 -0.001984 4.006835
v_phi_time -0.001004 -0.001984 4.031542
v_phi_time -0.001004 -0.001984 4.056608
v_phi_time -0.001004 -0.001984 4.081658
v_phi_time -0.001004 -0.001984 4.106163
v_phi_time -0.001004 -0.001984 4.131146
v_phi_time -0.001004 -0.001984 4.156125
v_phi_time -0.001004 -0.001984 4.180989
v_phi_time -0.001004 -0.001984 4.206950
v_phi_time -0.001004 -0.001984 4.232563
v_phi_time -0.001004 -0.001984 4.257855
v_phi_time -0.001004 -0.001984 4.283334
v_phi_time -0.001004 -0.001984 4.308359
v_phi_time -0.001004 -0.001984 4.333497
v_phi_time -0.001004 -0.001984 4.358237
v_phi_time -0.001004 -0.001984 4.383329
v_phi_time -0.001004 -0.001984 4.408286
v_phi_time -0.001004 -0.001984 4.433116
v_phi_time -0.001004 -0.001984 4.458171
v_phi_time -0.001004 -0.001984 4.483008
v_phi_time -0.001004 -0.001984 4.508790
v_phi_time -0.001004 -0.001984 4.533508
v_phi_time -0.001004 -0.001984 4.558783
v_phi_time -0.001004 -0.001984 4.583653
v_phi_time -0.001004 -0.001984 4.608676
v_phi_time -0.001004 -0.001984 4.633503
v_phi_time -0.001004 -0.001984 4.658262
v_phi_time -0.001004 -0.001984 4.683469
v_phi_time -0.001004 -0.001984 4.708817
v_phi_time -0.001004 -0.001984 4.733311
v_phi_time -0.001004 -0.001984 4.757982
v_phi_time -0.001004 -0.001984 4.783670
v_phi_time -0.001004 -0.001984 4.808422
v_phi_time -0.001004 -0.001984 4.833040
v_phi_time -0.001004 -0.001984 4.858928
v_phi_time -0.001004 -0.001984 4.884187
v_phi_time -0.001004 -0.001984 4.909690
v_phi_time -0.001004 -0.001984 4.934828
v_phi_time -0.001004 -0.001984 4.959823
v_phi_time -0.001004 -0.001984 4.984593
v_phi_time -0.001004 -0.001984 5.008988
v_phi_time -0.001004 -0.001984 5.034149
v_phi_time -0.001004 -0.001984 5.059128
v_phi_time -0.001004 -0.001984 5.083974
v_phi_time -0.001004 -0.001984 5.109338
v_phi_time -0.001004 -0.001984 5.134600
v_phi_time -0.001004 -0.001984 5.159427
v_phi_time -0.001004 -0.001984 5.184702
v_phi_time -0.001004 -0.001984 5.209232
v_phi_time -0.001004 -0.001984 5.234884
v_phi_time -0.001004 -0.001984 5.260577
v_phi_time -0.001004 -0.001984 5.285040
v_phi_time -0.001004 -0.001984 5.310059
v_phi_time -0.001004 -0.001984 5.335137
v_phi_time -0.001004 -0.001984 5.360537
v_phi_time -0.001004 -0.001984 5.385721
v_phi_time -0.001004 -0.001984 5.410014
v_phi_time -0.001004 -0.001984 5.435210
v_phi_time -0.001004 -0.001984 5.460048
v_phi_time -0.001004 -0.001984 5.485441
v_phi_time -0.001004 -0.001984 5.510680
v_phi_time -0.001004 -0.001984 5.535931
v_phi_time -0.001004 -0.001984 5.561926
v_phi_time -0.001004 -0.001984 5.587249
v_phi_time -0.001004 -0.001984 5.612294
v_phi_time -0.001004 -0.001984 5.637257
v_phi_time -0.001004 -0.001984 5.662312
v_phi_time -0.001004 -0.001984 5.687786
v_phi_time -0.001004 -0.001984 5.712683
v_phi_time -0.001004 -0.001984 5.737236
v_phi_time -0.001004 -0.001984 5.762676
v_phi_time -0.001004 -0.001984 5.787543
v_phi_time -0.001004 -0.001984 5.812906
v_phi_time -0.001004 -0.001984 5.838804
v_phi_time -0.001004 -0.001984 5.863724
v_phi_time -0.001004 -0.001984 5.888515
v_phi_time -0.001004 -0.001984 5.912939
v_phi_time -0.001004 -0.001984 5.938314
v_phi_time -0.001004 -0.001984 5.963768
v_phi_time -0.001004 -0.001984 5.988608
v_phi_time -0.001004 -0.001984 6.013004
v_phi_time -0.001004 -0.001984 6.038859
v_phi_time -0.001004 -0.001984 6.064507
v_phi_time -0.001004 -0.001984 6.089588
v_phi_time -0.001004 -0.001984 6.113946
v_phi_time -0.001004 -0.001984 6.139825
v_phi_time -0.001004 -0.001984 6.164043
v_phi_time -0.001004 -0.001984 6.189854
v_phi_time -0.001004 -0.001984 6.215334
v_phi_time -0.001004 -0.001984 6.240297
v_phi_time -0.001004 -0.001984 6.265878
v_phi_time -0.001004 -0.001984 6.291620
v_phi_time -0.001004 -0.001984 6.316551
v_phi_time -0.001004 -0.001984 6.341233
v_phi_time -0.001004 -0.001984 6.366501
v_phi_time -0.001004 -0.001984 6.391463
v_phi_time -0.001004 -0.001984 6.416837
v_phi_time -0.001004 -0.001984 6.441465
v_phi_time -0.001004 -0.001984 6.466747
v_phi_time -0.001004 -0.001984 6.490949
v_phi_time -0.001004 -0.001984 6.516825
v_phi_time -0.001004 -0.001984 6.541677
v_phi_time -0.001004 -0.001984 6.566826
v_phi_time -0.001004 -0.001984 6.591879
v_phi_time -0.001004 -0.001984 6.617289
v_phi_time -0.001004 -0.001984 6.642451
v_phi_time -0.001004 -0.001984 6.666883
v_phi_time -0.001004 -0.001984 6.692541
v_phi_time -0.001004 -0.001984 6.716927
v_phi_time -0.001004 -0.001984 6.742002
v_phi_time -0.001004 -0.001984 6.767520
v_phi_time -0.001004 -0.001984 6.791947
v_phi_time -0.001004 -0.001984 6.817358
v_phi_time -0.001004 -0.001984 6.842814
v_phi_time -0.001004 -0.001984 6.867246
v_phi_time -0.001004 -0.001984 6.892788
v_phi_time -0.001004 -0.001984 6.917048
v_phi_time -0.001004 -0.001984 6.942932
v_phi_time -0.001004 -0.001984 6.968564
v_phi_time -0.001004 -0.001984 6.993810
v_phi_time -0.001004 -0.001984 7.018737
v_phi_time -0.001004 -0.001984 7.043896
v_phi_time -0.001004 -0.001984 7.069930
v_phi_time -0.001004 -0.001984 7.095695
v_phi_time -0.001004 -0.001984 7.120759
v_phi_time -0.001004 -0.001984 7.145752
v_phi_time -0.001004 -0.001984 7.170614
v_phi_time -0.001004 -0.001984 7.195155
v_phi_time -0.001004 -0.001984 7.220374
v_phi_time -0.001004 -0.001984 7.245088
v_phi_time -0.001004 -0.001984 7.270413
v_phi_time -0.001004 -0.001984 7.295348
v_phi_time -0.001004 -0.001984 7.320759
v_phi_time -0.001004 -0.001984 7.345485
v_phi_time -0.001004 -0.001984 7.370407
v_phi_time -0.001004 -0.001984 7.395460
v_phi_time -0.001004 -0.001984 7.420724
v_phi_time -0.001004 -0.001984 7.445288
v_phi_time -0.001004 -0.001984 7.470814
v_phi_time -0.001004 -0.001984 7.495577
v_phi_time -0.001004 -0.001984 7.520012
v_phi_time -0.001004 -0.001984 7.545439
v_phi_time -0.001004 -0.001984 7.570701
v_phi_time -0.001004 -0.001984 7.595708
v_phi_time -0.001004 -0.001984 7.620921
v_phi_time -0.001004 -0.001984 7.646469
v_phi_time -0.001004 -0.001984 7.671597
v_phi_time -0.001004 -0.001984 7.696041
v_phi_time -0.001004 -0.001984 7.721846
v_phi_time -0.001004 -0.001984 7.747471
v_phi_time -0.001004 -0.001984 7.772250
v_phi_time -0.001004 -0.001984 7.797269
v_phi_time -0.001004 -0.001984 7.822824
v_phi_time -0.001004 -0.001984 7.847874
v_phi_time -0.001004 -0.001984 7.873745
v_phi_time -0.001004 -0.001984 7.898706
v_phi_time -0.001004 -0.001984 7.923143
v_phi_time -0.001004 -0.001984 7.948368
v_phi_time -0.001004 -0.001984 7.973554
v_phi_time -0.001004 -0.001984 7.998195
v_phi_time -0.001004 -0.001984 8.023017
v_phi_time -0.001004 -0.001984 8.048754
v_phi_time -0.001004 -0.001984 8.073929
v_phi_time -0.001004 -0.001984 8.099222
v_phi_time -0.001004 -0.001984 8.124124
v_phi_time -0.001004 -0.001984 8.149177
v_phi_time -0.001004 -0.001984 8.174813
v_phi_time -0.001004 -0.001984 8.199143
v_phi_time -0.001004 -0.001984 8.223967
v_phi_time -0.001004 -0.001984 8.249003
v_phi_time -0.001004 -0.001984 8.274282
v_phi_time -0.001004 -0.001984 8.299075
v_phi_time -0.001004 -0.001984 8.323992
v_phi_time -0.001004 -0.001984 8.349110
v_phi_time -0.001004 -0.001984 8.374017
v_phi_time -0.001004 -0.001984 8.398943
v_phi_time -0.001004 -0.001984 8.424723
v_phi_time -0.001004 -0.001984 8.449752
v_phi_time -0.001004 -0.001984 8.474694
v_phi_time -0.001004 -0.001984 8.499008
v_phi_time -0.001004 -0.001984 8.524135
v_phi_time -0.001004 -0.001984 8.549443
v_phi_time -0.001004 -0.001984 8.574232
v_phi_time -0.001004 -0.001984 8.598968
v_phi_time -0.001004 -0.001984 8.624535
v_phi_time -0.001004 -0.001984 8.649707
v_phi_time -0.001004 -0.001984 8.673982
v_phi_time -0.001004 -0.001984 8.699102
v_phi_time -0.001004 -0.001984 8.723972
v_phi_time -0.001004 -0.001984 8.749198
v_phi_time -0.001004 -0.001984 8.774502
v_phi_time -0.001004 -0.001984 8.799676
v_phi_time -0.001004 -0.001984 8.824805
v_phi_time -0.001004 -0.001984 8.849556
v_phi_time -0.001004 -0.001984 8.874097
v_phi_time -0.001004 -0.001984 8.899329
v_phi_time -0.001004 -0.001984 8.924709
v_phi_time -0.001004 -0.001984 8.949274
v_phi_time -0.001004 -0.001984 8.974060
v_phi_time -0.001004 -0.001984 8.998994
v_phi_time -0.001004 -0.001984 9.024172
v_phi_time -0.001004 -0.001984 9.049438
v_phi_time -0.001004 -0.001984 9.074782
v_phi_time -0.001004 -0.001984 9.099927
v_phi_time -0.001004 -0.001984 9.125956
v_phi_time -0.001004 -0.001984 9.151363
v_phi_time -0.001004 -0.001984 9.176398
v_phi_time -0.001004 -0.001984 9.201034
v_phi_time -0.001004 -0.001984 9.226270
v_phi_time -0.001004 -0.001984 9.251673
v_phi_time -0.001004 -0.001984 9.276017
v_phi_time -0.001004 -0.001984 9.301415
v_phi_time -0.001004 -0.001984 9.326722
v_phi_time -0.001004 -0.001984 9.351754
v_phi_time -0.001004 -0.001984 9.376833
v_phi_time -0.001004 -0.001984 9.401857
v_phi_time -0.001004 -0.001984 9.427136
v_phi_time -0.001004 -0.001984 9.452083
v_phi_time -0.001004 -0.001984 9.477047
v_phi_time -0.001004 -0.001984 9.502363
v_phi_time -0.001004 -0.001984 9.527610
v_phi_time -0.001004 -0.001984 9.552246
v_phi_time -0.001004 -0.001984 9.577792
v_phi_time -0.001004 -0.001984 9.601971
v_phi_time -0.001004 -0.001984 9.627820
v_phi_time -0.001004 -0.001984 9.652520
v_phi_time -0.001004 -0.001984 9.677399
v_phi_time -0.001004 -0.001984 9.702605
v_phi_time -0.001004 -0.001984 9.727746
v_phi_time -0.001004 -0.001984 9.751986
v_phi_time -0.001004 -0.001984 9.777896
v_phi_time -0.001004 -0.001984 9.803091
v_phi_time -0.001004 -0.001984 9.828870
v_phi_time -0.001004 -0.001984 9.854142
v_phi_time -0.001004 -0.001984 9.879108
v_phi_time -0.001004 -0.001984 9.904336
v_phi_time -0.001004 -0.001984 9.929206
v_phi_time -0.001004 -0.001984 9.954109
v_phi_time -0.001004 -0.001984 9.979121
v_phi_time -0.001004 -0.001984 10.004536
v_phi_time -0.001004 -0.001984 10.029228
v_phi_time -0.001004 -0.001984 10.054091
v_phi_time -0.001004 -0.001984 10.079221
v_phi_time -0.001004 -0.001984 10.104124
v_phi_time -0.001004 -0.001984 10.129710
v_phi_time -0.001004 -0.001984 10.154342
v_phi_time -0.001004 -0.001984 10.179458
v_phi_time -0.001004 -0.001984 10.204891
v_phi_time -0.001004 -0.001984 10.229994
v_phi_time -0.001004 -0.001984 10.255589
v_phi_time -0.001004 -0.001984 10.280000
v_phi_time -0.001004 -0.001984 10.304956
v_phi_time -0.001004 -0.001984 10.330379
v_phi_time -0.001004 -0.001984 10.355326
v_phi_time -0.001004 -0.001984 10.380534
v_phi_time -0.001004 -0.001984 10.405629
v_phi_time -0.001004 -0.001984 10.430923
v_phi_time -0.001004 -0.001984 10.456155
v_phi_time -0.001004 -0.001984 10.481472
v_phi_time -0.001004 -0.001984 10.506107
v_phi_time -0.001004 -0.001984 10.531105
v_phi_time -0.001004 -0.001984 10.556360
v_phi_time -0.001004 -0.001984 10.581411
v_phi_time -0.001004 -0.001984 10.606666
v_phi_time -0.001004 -0.001984 10.631792
v_phi_time -0.001004 -0.001984 10.656520
v_phi_time -0.001004 -0.001984 10.681323
v_phi_time -0.001004 -0.001984 10.705964
v_phi_time -0.001004 -0.001984 10.731037
v_phi_time -0.001004 -0.001984 10.756638
v_phi_time -0.001004 -0.001984 10.781281
v_phi_time -0.001004 -0.001984 10.806876
v_phi_time -0.001004 -0.001984 10.832087
v_phi_time -0.001004 -0.001984 10.857906
v_phi_time -0.001004 -0.001984 10.883400
v_phi_time -0.001004 -0.001984 10.908451
v_phi_time -0.001004 -0.001984 10.933435
v_phi_time -0.001004 -0.001984 10.958356
v_phi_time -0.001004 -0.001984 10.983465
v_phi_time -0.001004 -0.001984 11.008411
v_phi_time -0.001004 -0.001984 11.033637
v_phi_time -0.001004 -0.001984 11.058083
v_phi_time -0.001004 -0.001984 11.083363
v_phi_time -0.001004 -0.001984 11.108787
v_phi_time -0.001004 -0.001984 11.133841
v_phi_time -0.001004 -0.001984 11.159595
v_phi_time -0.001004 -0.001984 11.184794
v_phi_time -0.001004 -0.001984 11.209446
v_phi_time -0.001004 -0.001984 11.234378
v_phi_time -0.001004 -0.001984 11.258937
v_phi_time -0.001004 -0.001984 11.283956
v_phi_time -0.001004 -0.001984 11.309135
v_phi_time -0.001004 -0.001984 11.334203
v_phi_time -0.001004 -0.001984 11.359209
v_phi_time -0.001004 -0.001984 11.384305
v_phi_time -0.001004 -0.001984 11.409369
v_phi_time -0.001004 -0.001984 11.434257
v_phi_time -0.001004 -0.001984 11.459018
v_phi_time -0.001004 -0.001984 11.484504
v_phi_time -0.001004 -0.001984 11.509310
v_phi_time -0.001004 -0.001984 11.534028
v_phi_time -0.001004 -0.001984 11.559526
v_phi_time -0.001004 -0.001984 11.584921
v_phi_time -0.001004 -0.001984 11.610356
v_phi_time -0.001004 -0.001984 11.635512
v_phi_time -0.001004 -0.001984 11.660547
v_phi_time -0.001004 -0.001984 11.685154
v_phi_time -0.001004 -0.001984 11.710287
v_phi_time -0.001004 -0.001984 11.735673
v_phi_time -0.001004 -0.001984 11.760391
v_phi_time -0.001004 -0.001984 11.784993
v_phi_time -0.001004 -0.001984 11.810220
v_phi_time -0.001004 -0.001984 11.835505
v_phi_time -0.001004 -0.001984 11.860954
v_phi_time -0.001004 -0.001984 11.886610
v_phi_time -0.001004 -0.001984 11.911506
v_phi_time -0.001004 -0.001984 11.936977
v_phi_time -0.001004 -0.001984 11.962029
v_phi_time -0.001004 -0.001984 11.987265
v_phi_time -0.001004 -0.001984 12.012066
v_phi_time -0.001004 -0.001984 12.037627
v_phi_time -0.001004 -0.001984 12.062867
v_phi_time -0.001004 -0.001984 12.088580
v_phi_time -0.001004 -0.001984 12.113196
v_phi_time -0.001004 -0.001984 12.138420
v_phi_time -0.001004 -0.001984 12.163717
v_phi_time -0.001004 -0.001984 12.188627
v_phi_time -0.001004 -0.001984 12.213030
v_phi_time -0.001004 -0.001984 12.237957
v_phi_time -0.001004 -0.001984 12.263190
v_phi_time -0.001004 -0.001984 12.287931
v_phi_time -0.001004 -0.001984 12.312962
v_phi_time -0.001004 -0.001984 12.338877
v_phi_time -0.001004 -0.001984 12.364189
v_phi_time -0.001004 -0.001984 12.389459
v_phi_time -0.001004 -0.001984 12.414039
v_phi_time -0.001004 -0.001984 12.439643
v_phi_time -0.001004 -0.001984 12.464245
v_phi_time -0.001004 -0.001984 12.489527
v_phi_time -0.001004 -0.001984 12.514926
v_phi_time -0.001004 -0.001984 12.540125
v_phi_time -0.001004 -0.001984 12.565140
v_phi_time -0.001004 -0.001984 12.590833
v_phi_time -0.001004 -0.001984 12.615101
v_phi_time -0.001004 -0.001984 12.640214
v_phi_time -0.001004 -0.001984 12.664990
v_phi_time -0.001004 -0.001984 12.689996
v_phi_time -0.001004 -0.001984 12.715828
v_phi_time -0.001004 -0.001984 12.740725
v_phi_time -0.001004 -0.001984 12.765040
v_phi_time -0.001004 -0.001984 12.790168
v_phi_time -0.001004 -0.001984 12.815744
v_phi_time -0.001004 -0.001984 12.840562
v_phi_time -0.001004 -0.001984 12.865652
v_phi_time -0.001004 -0.001984 12.890869
v_phi_time -0.001004 -0.001984 12.916087
v_phi_time -0.001004 -0.001984 12.941337
v_phi_time -0.001004 -0.001984 12.966710
v_phi_time -0.001004 -0.001984 12.991783
v_phi_time -0.001004 -0.001984 13.016012
v_phi_time -0.001004 -0.001984 13.041083
v_phi_time -0.001004 -0.001984 13.066007
v_phi_time -0.001004 -0.001984 13.091292
v_phi_time -0.001004 -0.001984 13.116014
v_phi_time -0.001004 -0.001984 13.141673
v_phi_time -0.001004 -0.001984 13.166279
v_phi_time -0.001004 -0.001984 13.191023
v_phi_time -0.001004 -0.001984 13.216703
v_phi_time -0.001004 -0.001984 13.240953
v_phi_time -0.001004 -0.001984 13.266063
v_phi_time -0.001004 -0.001984 13.290948
v_phi_time -0.001004 -0.001984 13.316132
v_phi_time -0.001004 -0.001984 13.341742
v_phi_time -0.001004 -0.001984 13.366183
v_phi_time -0.001004 -0.001984 13.391485
v_phi_time -0.001004 -0.001984 13.416374
v_phi_time -0.001004 -0.001984 13.441932
v_phi_time -0.001004 -0.001984 13.467830
v_phi_time -0.001004 -0.001984 13.492824
v_phi_time -0.001004 -0.001984 13.517151
v_phi_time -0.001004 -0.001984 13.542176
v_phi_time -0.001004 -0.001984 13.567912
v_phi_time -0.001004 -0.001984 13.592972
v_phi_time -0.001004 -0.001984 13.618657
v_phi_time -0.001004 -0.001984 13.643731
v_phi_time -0.001004 -0.001984 13.668872
v_phi_time -0.001004 -0.001984 13.694793
v_phi_time -0.001004 -0.001984 13.719786
v_phi_time -0.001004 -0.001984 13.743997
v_phi_time -0.001004 -0.001984 13.769046
v_phi_time -0.001004 -0.001984 13.794020
v_phi_time -0.001004 -0.001984 13.819487
v_phi_time -0.001004 -0.001984 13.844670
v_phi_time -0.001004 -0.001984 13.869280
v_phi_time -0.001004 -0.001984 13.894062
v_phi_time -0.001004 -0.001984 13.919780
v_phi_time -0.001004 -0.001984 13.944844
v_phi_time -0.001004 -0.001984 13.970833
v_phi_time -0.001004 -0.001984 13.995732
v_phi_time -0.001004 -0.001984 14.020373
v_phi_time -0.001004 -0.001984 14.045542
v_phi_time -0.001004 -0.001984 14.070213
v_phi_time -0.001004 -0.001984 14.095899
v_phi_time -0.001004 -0.001984 14.121689
v_phi_time -0.001004 -0.001984 14.146256
v_phi_time -0.001004 -0.001984 14.171118
v_phi_time -0.001004 -0.001984 14.196749
v_phi_time -0.001004 -0.001984 14.221279
v_phi_time -0.001004 -0.001984 14.246287
v_phi_time -0.001004 -0.001984 14.271594
v_phi_time -0.001004 -0.001984 14.296561
v_phi_time -0.001004 -0.001984 14.321470
v_phi_time -0.001004 -0.001984 14.346747
v_phi_time -0.001004 -0.001984 14.371708
v_phi_time -0.001004 -0.001984 14.396127
v_phi_time -0.001004 -0.001984 14.421575
v_phi_time -0.001004 -0.001984 14.445950
v_phi_time -0.001004 -0.001984 14.471729
v_phi_time -0.001004 -0.001984 14.496565
v_phi_time -0.001004 -0.001984 14.521255
v_phi_time -0.001004 -0.001984 14.546564
v_phi_time -0.001004 -0.001984 14.571453
v_phi_time -0.001004 -0.001984 14.596478
v_phi_time -0.001004 -0.001984 14.621839
v_phi_time -0.001004 -0.001984 14.646312
v_phi_time -0.001004 -0.001984 14.671930
v_phi_time -0.001004 -0.001984 14.697174
v_phi_time -0.001004 -0.001984 14.722249
v_phi_time -0.001004 -0.001984 14.747517
v_phi_time -0.001004 -0.001984 14.772718
v_phi_time -0.001004 -0.001984 14.797110
v_phi_time -0.001004 -0.001984 14.822394
v_phi_time -0.001004 -0.001984 14.847158
v_phi_time -0.001004 -0.001984 14.872352
v_phi_time -0.001004 -0.001984 14.897932
v_phi_time -0.001004 -0.001984 14.923619
v_phi_time -0.001004 -0.001984 14.948411
v_phi_time -0.001004 -0.001984 14.973291
v_phi_time -0.001004 -0.001984 14.998740
v_phi_time -0.001004 -0.001984 15.023100
v_phi_time -0.001004 -0.001984 15.048304
v_phi_time -0.001004 -0.001984 15.073380
v_phi_time -0.001004 -0.001984 15.098378
v_phi_time -0.001004 -0.001984 15.123033
v_phi_time -0.001004 -0.001984 15.148628
v_phi_time -0.001004 -0.001984 15.173772
v_phi_time -0.001004 -0.001984 15.197862
v_phi_time -0.001004 -0.001984 15.223048
v_phi_time -0.001004 -0.001984 15.248263
v_phi_time -0.001004 -0.001984 15.273434
v_phi_time -0.001004 -0.001984 15.298863
v_phi_time -0.001004 -0.001984 15.324618
v_phi_time -0.001004 -0.001984 15.349883
v_phi_time -0.001004 -0.001984 15.375236
v_phi_time -0.001004 -0.001984 15.400207
v_phi_time -0.001004 -0.001984 15.425213
v_phi_time -0.001004 -0.001984 15.450461
v_phi_time -0.001004 -0.001984 15.475383
v_phi_time -0.001004 -0.001984 15.500409
v_phi_time -0.001004 -0.001984 15.525556
v_phi_time -0.001004 -0.001984 15.550918
v_phi_time -0.001004 -0.001984 15.576309
v_phi_time -0.001004 -0.001984 15.601331
v_phi_time -0.001004 -0.001984 15.626421
v_phi_time -0.001004 -0.001984 15.651451
v_phi_time -0.001004 -0.001984 15.676353
v_phi_time -0.001004 -0.001984 15.701516
v_phi_time -0.001004 -0.001984 15.726379
v_phi_time -0.001004 -0.001984 15.751589
v_phi_time -0.001004 -0.001984 15.776221
v_phi_time -0.001004 -0.001984 15.801413
v_phi_time -0.001004 -0.001984 15.826037
v_phi_time -0.001004 -0.001984 15.851917
v_phi_time -0.001004 -0.001984 15.877035
v_phi_time -0.001004 -0.001984 15.902185
v_phi_time -0.001004 -0.001984 15.927267
v_phi_time -0.001004 -0.001984 15.952462
v_phi_time -0.001004 -0.001984 15.977314
v_phi_time -0.001004 -0.001984 16.001992
v_phi_time -0.001004 -0.001984 16.027550
v_phi_time -0.001004 -0.001984 16.052280
v_phi_time -0.001004 -0.001984 16.077697
v_phi_time -0.001004 -0.001984 16.102205
v_phi_time -0.001004 -0.001984 16.127229
v_phi_time -0.001004 -0.001984 16.152396
v_phi_time -0.001004 -0.001984 16.177438
v_phi_time -0.001004 -0.001984 16.202437
v_phi_time -0.001004 -0.001984 16.227486
v_phi_time -0.001004 -0.001984 16.252316
v_phi_time -0.001004 -0.001984 16.277127
v_phi_time -0.001004 -0.001984 16.302426
v_phi_time -0.001004 -0.001984 16.327874
v_phi_time -0.001004 -0.001984 16.353792
v_phi_time -0.001004 -0.001984 16.377922
v_phi_time -0.001004 -0.001984 16.403802
v_phi_time -0.001004 -0.001984 16.428048
v_phi_time -0.001004 -0.001984 16.453001
v_phi_time -0.001004 -0.001984 16.477953
v_phi_time -0.001004 -0.001984 16.503777
v_phi_time -0.001004 -0.001984 16.528930
v_phi_time -0.001004 -0.001984 16.553991
v_phi_time -0.001004 -0.001984 16.579663
v_phi_time -0.001004 -0.001984 16.604558
v_phi_time -0.001004 -0.001984 16.629674
v_phi_time -0.001004 -0.001984 16.654060
v_phi_time -0.001004 -0.001984 16.679548
v_phi_time -0.001004 -0.001984 16.704495
v_phi_time -0.001004 -0.001984 16.729626
v_phi_time -0.001004 -0.001984 16.754432
v_phi_time -0.001004 -0.001984 16.779778
v_phi_time -0.001004 -0.001984 16.803917
v_phi_time -0.001004 -0.001984 16.828986
v_phi_time -0.001004 -0.001984 16.854737
v_phi_time -0.001004 -0.001984 16.879144
v_phi_time -0.001004 -0.001984 16.904065
v_phi_time -0.001004 -0.001984 16.929851
v_phi_time -0.001004 -0.001984 16.955645
v_phi_time -0.001004 -0.001984 16.979968
v_phi_time -0.001004 -0.001984 17.005239
v_phi_time -0.001004 -0.001984 17.030598
v_phi_time -0.001004 -0.001984 17.055494
v_phi_time -0.001004 -0.001984 17.080854
v_phi_time -0.001004 -0.001984 17.106492
v_phi_time -0.001004 -0.001984 17.131223
v_phi_time -0.001004 -0.001984 17.156260
v_phi_time -0.001004 -0.001984 17.181518
v_phi_time -0.001004 -0.001984 17.206143
v_phi_time -0.001004 -0.001984 17.231532
v_phi_time -0.001004 -0.001984 17.256449
v_phi_time -0.001004 -0.001984 17.281099
v_phi_time -0.001004 -0.001984 17.306188
v_phi_time -0.001004 -0.001984 17.331619
v_phi_time -0.001004 -0.001984 17.356419
v_phi_time -0.001004 -0.001984 17.381553
v_phi_time -0.001004 -0.001984 17.406732
v_phi_time -0.001004 -0.001984 17.431036
v_phi_time -0.001004 -0.001984 17.456548
v_phi_time -0.001004 -0.001984 17.481938
v_phi_time -0.001004 -0.001984 17.507014
v_phi_time -0.001004 -0.001984 17.532756
v_phi_time -0.001004 -0.001984 17.557746
v_phi_time -0.001004 -0.001984 17.581986
v_phi_time -0.001004 -0.001984 17.607082
v_phi_time -0.001004 -0.001984 17.632310
v_phi_time -0.001004 -0.001984 17.657801
v_phi_time -0.001004 -0.001984 17.682523
v_phi_time -0.001004 -0.001984 17.707356
v_phi_time -0.001004 -0.001984 17.732190
v_phi_time -0.001004 -0.001984 17.757658
v_phi_time -0.001004 -0.001984 17.782361
v_phi_time -0.001004 -0.001984 17.807367
v_phi_time -0.001004 -0.001984 17.832004
v_phi_time -0.001004 -0.001984 17.856939
v_phi_time -0.001004 -0.001984 17.882423
v_phi_time -0.001004 -0.001984 17.907078
v_phi_time -0.001004 -0.001984 17.932789
v_phi_time -0.001004 -0.001984 17.957607
v_phi_time -0.001004 -0.001984 17.982747
v_phi_time -0.001004 -0.001984 18.007258
v_phi_time -0.001004 -0.001984 18.032542
v_phi_time -0.001004 -0.001984 18.057822
v_phi_time -0.001004 -0.001984 18.081926
v_phi_time -0.001004 -0.001984 18.107018
v_phi_time -0.001004 -0.001984 18.132427
v_phi_time -0.001004 -0.001984 18.157677
v_phi_time -0.001004 -0.001984 18.182268
v_phi_time -0.001004 -0.001984 18.207644
v_phi_time -0.001004 -0.001984 18.232152
v_phi_time -0.001004 -0.001984 18.257548
v_phi_time -0.001004 -0.001984 18.282481
v_phi_time -0.001004 -0.001984 18.307668
v_phi_time -0.001004 -0.001984 18.332009
v_phi_time -0.001004 -0.001984 18.357800
v_phi_time -0.001004 -0.001984 18.382237
v_phi_time -0.001004 -0.001984 18.407747
v_phi_time -0.001004 -0.001984 18.432504
v_phi_time -0.001004 -0.001984 18.457541
v_phi_time -0.001004 -0.001984 18.482261
v_phi_time -0.001004 -0.001984 18.507034
v_phi_time -0.001004 -0.001984 18.532395
v_phi_time -0.001004 -0.001984 18.557021
v_phi_time -0.001004 -0.001984 18.581966
v_phi_time -0.001004 -0.001984 18.607482
v_phi_time -0.001004 -0.001984 18.632838
v_phi_time -0.001004 -0.001984 18.657402
v_phi_time -0.001004 -0.001984 18.682551
v_phi_time -0.001004 -0.001984 18.707862
v_phi_time -0.001004 -0.001984 18.733321
v_phi_time -0.001004 -0.001984 18.758515
v_phi_time -0.001004 -0.001984 18.783577
v_phi_time -0.001004 -0.001984 18.808892
v_phi_time -0.001004 -0.001984 18.834036
v_phi_time -0.001004 -0.001984 18.859038
v_phi_time -0.001004 -0.001984 18.884545
v_phi_time -0.001004 -0.001984 18.909407
v_phi_time -0.001004 -0.001984 18.934617
v_phi_time -0.001004 -0.001984 18.959145
v_phi_time -0.001004 -0.001984 18.984390
v_phi_time -0.001004 -0.001984 19.009308
v_phi_time -0.001004 -0.001984 19.034130
v_phi_time -0.001004 -0.001984 19.059269
v_phi_time -0.001004 -0.001984 19.084955
v_phi_time -0.001004 -0.001984 19.110753
v_phi_time -0.001004 -0.001984 19.135620
v_phi_time -0.001004 -0.001984 19.160799
v_phi_time -0.001004 -0.001984 19.185846
v_phi_time -0.001004 -0.001984 19.211588
v_phi_time -0.001004 -0.001984 19.236337
v_phi_time -0.001004 -0.001984 19.261491
v_phi_time -0.001004 -0.001984 19.286327
v_phi_time -0.001004 -0.001984 19.311223
v_phi_time -0.001004 -0.001984 19.336417
v_phi_time -0.001004 -0.001984 19.361707
v_phi_time -0.001004 -0.001984 19.386078
v_phi_time -0.001004 -0.001984 19.411770
v_phi_time -0.001004 -0.001984 19.436201
v_phi_time -0.001004 -0.001984 19.461910
v_phi_time -0.001004 -0.001984 19.487855
v_phi_time -0.001004 -0.001984 19.513313
v_phi_time -0.001004 -0.001984 19.538489
v_phi_time -0.001004 -0.001984 19.563747
v_phi_time -0.001004 -0.001984 19.588848
v_phi_time -0.001004 -0.001984 19.614164
v_phi_time -0.001004 -0.001984 19.639087
v_phi_time -0.001004 -0.001984 19.664882
v_phi_time -0.001004 -0.001984 19.690340
v_phi_time -0.001004 -0.001984 19.715281
v_phi_time -0.001004 -0.001984 19.740512
v_phi_time -0.001004 -0.001984 19.765710
v_phi_time -0.001004 -0.001984 19.789977
v_phi_time -0.001004 -0.001984 19.815649
v_phi_time -0.001004 -0.001984 19.840398
v_phi_time -0.001004 -0.001984 19.865130
v_phi_time -0.001004 -0.001984 19.890149
v_phi_time -0.001004 -0.001984 19.915302
v_phi_time -0.001004 -0.001984 19.940441
v_phi_time -0.001004 -0.001984 19.965090
v_phi_time -0.001004 -0.001984 19.990464
v_phi_time -0.001004 -0.001984 20.015932
v_phi_time -0.001004 -0.001984 20.041422
v_phi_time -0.001004 -0.001984 20.066689
v_phi_time -0.001004 -0.001984 20.091897
v_phi_time -0.001004 -0.001984 20.117315
v_phi_time -0.001004 -0.001984 20.141999
v_phi_time -0.001004 -0.001984 20.167019
v_phi_time -0.001004 -0.001984 20.192846
v_phi_time -0.001004 -0.001984 20.218870
v_phi_time -0.001004 -0.001984 20.244413
v_phi_time -0.001004 -0.001984 20.269664
v_phi_time -0.001004 -0.001984 20.294826
v_phi_time -0.001004 -0.001984 20.319486
v_phi_time -0.001004 -0.001984 20.344394
v_phi_time -0.001004 -0.001984 20.369267
v_phi_time -0.001004 -0.001984 20.394517
v_phi_time -0.001004 -0.001984 20.419751
v_phi_time -0.001004 -0.001984 20.444725
v_phi_time -0.001004 -0.001984 20.469346
v_phi_time -0.001004 -0.001984 20.494537
v_phi_time -0.001004 -0.001984 20.519862
v_phi_time -0.001004 -0.001984 20.545010
v_phi_time -0.001004 -0.001984 20.570180
v_phi_time -0.001004 -0.001984 20.595230
v_phi_time -0.001004 -0.001984 20.620345
v_phi_time -0.001004 -0.001984 20.645126
v_phi_time -0.001004 -0.001984 20.670571
v_phi_time -0.001004 -0.001984 20.695595
v_phi_time -0.001004 -0.001984 20.720727
v_phi_time -0.001004 -0.001984 20.745660
v_phi_time -0.001004 -0.001984 20.770363
v_phi_time -0.001004 -0.001984 20.795563
v_phi_time -0.001004 -0.001984 20.820575
v_phi_time -0.001004 -0.001984 20.845136
v_phi_time -0.001004 -0.001984 20.869941
v_phi_time -0.001004 -0.001984 20.895516
v_phi_time -0.001004 -0.001984 20.920673
v_phi_time -0.001004 -0.001984 20.945205
v_phi_time -0.001004 -0.001984 20.970325
v_phi_time -0.001004 -0.001984 20.995458
v_phi_time -0.001004 -0.001984 21.020461
v_phi_time -0.001004 -0.001984 21.045660
v_phi_time -0.001004 -0.001984 21.070201
v_phi_time -0.001004 -0.001984 21.095082
v_phi_time -0.001004 -0.001984 21.120107
v_phi_time -0.001004 -0.001984 21.145202
v_phi_time -0.001004 -0.001984 21.170170
v_phi_time -0.001004 -0.001984 21.195696
v_phi_time -0.001004 -0.001984 21.220498
v_phi_time -0.001004 -0.001984 21.245767
v_phi_time -0.001004 -0.001984 21.270877
v_phi_time -0.001004 -0.001984 21.296823
v_phi_time -0.001004 -0.001984 21.321090
v_phi_time -0.001004 -0.001984 21.345857
v_phi_time -0.001004 -0.001984 21.371810
v_phi_time -0.001004 -0.001984 21.396262
v_phi_time -0.001004 -0.001984 21.421782
v_phi_time -0.001004 -0.001984 21.446436
v_phi_time -0.001004 -0.001984 21.471359
v_phi_time -0.001004 -0.001984 21.496271
v_phi_time -0.001004 -0.001984 21.521762
v_phi_time -0.001004 -0.001984 21.546126
v_phi_time -0.001004 -0.001984 21.571886
v_phi_time -0.001004 -0.001984 21.597021
v_phi_time -0.001004 -0.001984 21.621948
v_phi_time -0.001004 -0.001984 21.647011
v_phi_time -0.001004 -0.001984 21.672155
v_phi_time -0.001004 -0.001984 21.697319
v_phi_time -0.001004 -0.001984 21.722716
v_phi_time -0.001004 -0.001984 21.747324
v_phi_time -0.001004 -0.001984 21.772028
v_phi_time -0.001004 -0.001984 21.797830
v_phi_time -0.001004 -0.001984 21.822044
v_phi_time -0.001004 -0.001984 21.847781
v_phi_time -0.001004 -0.001984 21.872420
v_phi_time -0.001004 -0.001984 21.897401
v_phi_time -0.001004 -0.001984 21.922671
v_phi_time -0.001004 -0.001984 21.947369
v_phi_time -0.001004 -0.001984 21.972007
v_phi_time -0.001004 -0.001984 21.997870
v_phi_time -0.001004 -0.001984 22.022936
v_phi_time -0.001004 -0.001984 22.048728
v_phi_time -0.001004 -0.001984 22.073083
v_phi_time -0.001004 -0.001984 22.097999
v_phi_time -0.001004 -0.001984 22.123082
v_phi_time -0.001004 -0.001984 22.148925
v_phi_time -0.001004 -0.001984 22.174469
v_phi_time -0.001004 -0.001984 22.199393
v_phi_time -0.001004 -0.001984 22.224013
v_phi_time -0.001004 -0.001984 22.249841
v_phi_time -0.001004 -0.001984 22.274888
v_phi_time -0.001004 -0.001984 22.300154
v_phi_time -0.001004 -0.001984 22.325505
v_phi_time -0.001004 -0.001984 22.350466
v_phi_time -0.001004 -0.001984 22.375404
v_phi_time -0.001004 -0.001984 22.400571
v_phi_time -0.001004 -0.001984 22.425344
v_phi_time -0.001004 -0.001984 22.450239
v_phi_time -0.001004 -0.001984 22.475205
v_phi_time -0.001004 -0.001984 22.500262
v_phi_time -0.001004 -0.001984 22.525263
v_phi_time -0.001004 -0.001984 22.550243
v_phi_time -0.001004 -0.001984 22.575479
v_phi_time -0.001004 -0.001984 22.600464
v_phi_time -0.001004 -0.001984 22.625361
v_phi_time -0.001004 -0.001984 22.650478
v_phi_time -0.001004 -0.001984 22.675413
v_phi_time -0.001004 -0.001984 22.700269
v_phi_time -0.001004 -0.001984 22.725217
v_phi_time -0.001004 -0.001984 22.750779
v_phi_time -0.001004 -0.001984 22.775664
v_phi_time -0.001004 -0.001984 22.800736
v_phi_time -0.001004 -0.001984 22.825106
v_phi_time -0.001004 -0.001984 22.850306
v_phi_time -0.001004 -0.001984 22.875353
v_phi_time -0.001004 -0.001984 22.900317
v_phi_time -0.001004 -0.001984 22.925341
v_phi_time -0.001004 -0.001984 22.950038
v_phi_time -0.001004 -0.001984 22.975637
v_phi_time -0.001004 -0.001984 23.000919
v_phi_time -0.001004 -0.001984 23.026500
v_phi_time -0.001004 -0.001984 23.051221
v_phi_time -0.001004 -0.001984 23.076705
v_phi_time -0.001004 -0.001984 23.101688
v_phi_time -0.001004 -0.001984 23.126476
v_phi_time -0.001004 -0.001984 23.151712
v_phi_time -0.001004 -0.001984 23.176713
v_phi_time -0.001004 -0.001984 23.201209
v_phi_time -0.001004 -0.001984 23.226370
v_phi_time -0.001004 -0.001984 23.251015
v_phi_time -0.001004 -0.001984 23.276555
v_phi_time -0.001004 -0.001984 23.301236
v_phi_time -0.001004 -0.001984 23.326836
v_phi_time -0.001004 -0.001984 23.351624
v_phi_time -0.001004 -0.001984 23.376815
v_phi_time -0.001004 -0.001984 23.401696
v_phi_time -0.001004 -0.001984 23.426240
v_phi_time -0.001004 -0.001984 23.451257
v_phi_time -0.001004 -0.001984 23.476409
v_phi_time -0.001004 -0.001984 23.501669
v_phi_time -0.001004 -0.001984 23.526067
v_phi_time -0.001004 -0.001984 23.550918
v_phi_time -0.001004 -0.001984 23.576537
v_phi_time -0.001004 -0.001984 23.601847
v_phi_time -0.001004 -0.001984 23.627276
v_phi_time -0.001004 -0.001984 23.652633
v_phi_time -0.001004 -0.001984 23.677355
v_phi_time -0.001004 -0.001984 23.702386
v_phi_time -0.001004 -0.001984 23.727573
v_phi_time -0.001004 -0.001984 23.752393
v_phi_time -0.001004 -0.001984 23.777687
v_phi_time -0.001004 -0.001984 23.802773
v_phi_time -0.001004 -0.001984 23.827843
v_phi_time -0.001004 -0.001984 23.853574
v_phi_time -0.001004 -0.001984 23.878210
v_phi_time -0.001004 -0.001984 23.903641
v_phi_time -0.001004 -0.001984 23.928004
v_phi_time -0.001004 -0.001984 23.953914
v_phi_time -0.001004 -0.001984 23.979490
v_phi_time -0.001004 -0.001984 24.004607
v_phi_time -0.001004 -0.001984 24.029769
v_phi_time -0.001004 -0.001984 24.054235
v_phi_time -0.001004 -0.001984 24.079132
v_phi_time -0.001004 -0.001984 24.104611
v_phi_time -0.001004 -0.001984 24.129658
v_phi_time -0.001004 -0.001984 24.154007
v_phi_time -0.001004 -0.001984 24.179150
v_phi_time -0.001004 -0.001984 24.204127
v_phi_time -0.001004 -0.001984 24.229379
v_phi_time -0.001004 -0.001984 24.254736
v_phi_time -0.001004 -0.001984 24.278983
v_phi_time -0.001004 -0.001984 24.304175
v_phi_time -0.001004 -0.001984 24.329156
v_phi_time -0.001004 -0.001984 24.353951
v_phi_time -0.001004 -0.001984 24.378932
v_phi_time -0.001004 -0.001984 24.404624
v_phi_time -0.001004 -0.001984 24.429854
v_phi_time -0.001004 -0.001984 24.455123
v_phi_time -0.001004 -0.001984 24.480194
v_phi_time -0.001004 -0.001984 24.505112
v_phi_time -0.001004 -0.001984 24.530777
v_phi_time -0.001004 -0.001984 24.554936
v_phi_time -0.001004 -0.001984 24.580066
v_phi_time -0.001004 -0.001984 24.605817
v_phi_time -0.001004 -0.001984 24.630114
v_phi_time -0.001004 -0.001984 24.655752
v_phi_time -0.001004 -0.001984 24.680757
v_phi_time -0.001004 -0.001984 24.705592
v_phi_time -0.001004 -0.001984 24.730920
v_phi_time -0.001004 -0.001984 24.756131
v_phi_time -0.001004 -0.001984 24.781876
v_phi_time -0.001004 -0.001984 24.806908
v_phi_time -0.001004 -0.001984 24.832622
v_phi_time -0.001004 -0.001984 24.857448
v_phi_time -0.001004 -0.001984 24.882723
v_phi_time -0.001004 -0.001984 24.907432
v_phi_time -0.001004 -0.001984 24.932284
v_phi_time -0.001004 -0.001984 24.957700
v_phi_time -0.001004 -0.001984 24.982430
v_phi_time -0.001004 -0.001984 25.007767
v_phi_time -0.001004 -0.001984 25.032008
v_phi_time -0.001004 -0.001984 25.057744
v_phi_time -0.001004 -0.001984 25.081956
v_phi_time -0.001004 -0.001984 25.107889
v_phi_time -0.001004 -0.001984 25.132971
v_phi_time -0.001004 -0.001984 25.157961
v_phi_time -0.001004 -0.001984 25.183445
v_phi_time -0.001004 -0.001984 25.208093
v_phi_time -0.001004 -0.001984 25.233630
v_phi_time -0.001004 -0.001984 25.258593
v_phi_time -0.001004 -0.001984 25.283212
v_phi_time -0.001004 -0.001984 25.308469
v_phi_time -0.001004 -0.001984 25.333464
v_phi_time -0.001004 -0.001984 25.358619
v_phi_time -0.001004 -0.001984 25.383471
v_phi_time -0.001004 -0.001984 25.408302
v_phi_time -0.001004 -0.001984 25.433282
v_phi_time -0.001004 -0.001984 25.458403
v_phi_time -0.001004 -0.001984 25.483527
v_phi_time -0.001004 -0.001984 25.508000
v_phi_time -0.001004 -0.001984 25.533866
v_phi_time -0.001004 -0.001984 25.559499
v_phi_time -0.001004 -0.001984 25.584526
v_phi_time -0.001004 -0.001984 25.609596
v_phi_time -0.001004 -0.001984 25.633973
v_phi_time -0.001004 -0.001984 25.659043
v_phi_time -0.001004 -0.001984 25.684860
v_phi_time -0.001004 -0.001984 25.710229
v_phi_time -0.001004 -0.001984 25.735085
v_phi_time -0.001004 -0.001984 25.760384
v_phi_time -0.001004 -0.001984 25.785390
v_phi_time -0.001004 -0.001984 25.810111
v_phi_time -0.001004 -0.001984 25.835022
v_phi_time -0.001004 -0.001984 25.860340
v_phi_time -0.001004 -0.001984 25.885715
v_phi_time -0.001004 -0.001984 25.910417
v_phi_time -0.001004 -0.001984 25.935867
v_phi_time -0.001004 -0.001984 25.961591
v_phi_time -0.001004 -0.001984 25.986593
v_phi_time -0.001004 -0.001984 26.011790
v_phi_time -0.001004 -0.001984 26.036546
v_phi_time -0.001004 -0.001984 26.061049
v_phi_time -0.001004 -0.001984 26.086147
v_phi_time -0.001004 -0.001984 26.111283
v_phi_time -0.001004 -0.001984 26.136218
v_phi_time -0.001004 -0.001984 26.161719
v_phi_time -0.001004 -0.001984 26.186449
v_phi_time -0.001004 -0.001984 26.211230
v_phi_time -0.001004 -0.001984 26.236699
v_phi_time -0.001004 -0.001984 26.260905
v_phi_time -0.001004 -0.001984 26.286303
v_phi_time -0.001004 -0.001984 26.311743
v_phi_time -0.001004 -0.001984 26.336844
v_phi_time -0.001004 -0.001984 26.362923
v_phi_time -0.001004 -0.001984 26.388903
v_phi_time -0.001004 -0.001984 26.414122
v_phi_time -0.001004 -0.001984 26.439347
v_phi_time -0.001004 -0.001984 26.464687
v_phi_time -0.001004 -0.001984 26.489326
v_phi_time -0.001004 -0.001984 26.514650
v_phi_time -0.001004 -0.001984 26.539176
v_phi_time -0.001004 -0.001984 26.564167
v_phi_time -0.001004 -0.001984 26.589170
v_phi_time -0.001004 -0.001984 26.614579
v_phi_time -0.001004 -0.001984 26.639328
v_phi_time -0.001004 -0.001984 26.664373
v_phi_time -0.001004 -0.001984 26.689818
v_phi_time -0.001004 -0.001984 26.714821
v_phi_time -0.001004 -0.001984 26.739639
v_phi_time -0.001004 -0.001984 26.764574
v_phi_time -0.001004 -0.001984 26.789134
v_phi_time -0.001004 -0.001984 26.814332
v_phi_time -0.001004 -0.001984 26.839274
v_phi_time -0.001004 -0.001984 26.864127
v_phi_time -0.001004 -0.001984 26.889468
v_phi_time -0.001004 -0.001984 26.914393
v_phi_time -0.001004 -0.001984 26.939442
v_phi_time -0.001004 -0.001984 26.964811
v_phi_time -0.001004 -0.001984 26.988974
v_phi_time -0.001004 -0.001984 27.014087
v_phi_time -0.001004 -0.001984 27.039140
v_phi_time -0.001004 -0.001984 27.064397
v_phi_time -0.001004 -0.001984 27.089491
v_phi_time -0.001004 -0.001984 27.114488
v_phi_time -0.001004 -0.001984 27.139456
v_phi_time -0.001004 -0.001984 27.164810
v_phi_time -0.001004 -0.001984 27.189585
v_phi_time -0.001004 -0.001984 27.214174
v_phi_time -0.001004 -0.001984 27.239490
v_phi_time -0.001004 -0.001984 27.264305
v_phi_time -0.001004 -0.001984 27.289910
v_phi_time -0.001004 -0.001984 27.315660
v_phi_time -0.001004 -0.001984 27.340179
v_phi_time -0.001004 -0.001984 27.365624
v_phi_time -0.001004 -0.001984 27.390728
v_phi_time -0.001004 -0.001984 27.415767
v_phi_time -0.001004 -0.001984 27.440035
v_phi_time -0.001004 -0.001984 27.465353
v_phi_time -0.001004 -0.001984 27.490899
v_phi_time -0.001004 -0.001984 27.516431
v_phi_time -0.001004 -0.001984 27.541593
v_phi_time -0.001004 -0.001984 27.566635
v_phi_time -0.001004 -0.001984 27.591782
v_phi_time -0.001004 -0.001984 27.616400
v_phi_time -0.001004 -0.001984 27.641205
v_phi_time -0.001004 -0.001984 27.666040
v_phi_time -0.001004 -0.001984 27.691198
v_phi_time -0.001004 -0.001984 27.716845
v_phi_time -0.001004 -0.001984 27.742676
v_phi_time -0.001004 -0.001984 27.767062
v_phi_time -0.001004 -0.001984 27.792822
v_phi_time -0.001004 -0.001984 27.817346
v_phi_time -0.001004 -0.001984 27.842017
v_phi_time -0.001004 -0.001984 27.867370
v_phi_time -0.001004 -0.001984 27.892042
v_phi_time -0.001004 -0.001984 27.917687
v_phi_time -0.001004 -0.001984 27.942613
v_phi_time -0.001004 -0.001984 27.967830
v_phi_time -0.001004 -0.001984 27.992081
v_phi_time -0.001004 -0.001984 28.017830
v_phi_time -0.001004 -0.001984 28.042830
v_phi_time -0.001004 -0.001984 28.067515
v_phi_time -0.001004 -0.001984 28.092445
v_phi_time -0.001004 -0.001984 28.117559
v_phi_time -0.001004 -0.001984 28.142916
v_phi_time -0.001004 -0.001984 28.168268
v_phi_time -0.001004 -0.001984 28.193342
v_phi_time -0.001004 -0.001984 28.218739
v_phi_time -0.001004 -0.001984 28.243823
v_phi_time -0.001004 -0.001984 28.268578
v_phi_time -0.001004 -0.001984 28.293215
v_phi_time -0.001004 -0.001984 28.318607
v_phi_time -0.001004 -0.001984 28.343935
v_phi_time -0.001004 -0.001984 28.369794
v_phi_time -0.001004 -0.001984 28.394389
v_phi_time -0.001004 -0.001984 28.419854
v_phi_time -0.001004 -0.001984 28.445316
v_phi_time -0.001004 -0.001984 28.470463
v_phi_time -0.001004 -0.001984 28.495588
v_phi_time -0.001004 -0.001984 28.520801
v_phi_time -0.001004 -0.001984 28.545395
v_phi_time -0.001004 -0.001984 28.570601
v_phi_time -0.001004 -0.001984 28.595388
v_phi_time -0.001004 -0.001984 28.620591
v_phi_time -0.001004 -0.001984 28.645519
v_phi_time -0.001004 -0.001984 28.670080
v_phi_time -0.001004 -0.001984 28.695224
v_phi_time -0.001004 -0.001984 28.720842
v_phi_time -0.001004 -0.001984 28.746753
v_phi_time -0.001004 -0.001984 28.771540
v_phi_time -0.001004 -0.001984 28.796126
v_phi_time -0.001004 -0.001984 28.820979
v_phi_time -0.001004 -0.001984 28.846547
v_phi_time -0.001004 -0.001984 28.871627
v_phi_time -0.001004 -0.001984 28.896523
v_phi_time -0.001004 -0.001984 28.921797
v_phi_time -0.001004 -0.001984 28.946533
v_phi_time -0.001004 -0.001984 28.971524
v_phi_time -0.001004 -0.001984 28.996580
v_phi_time -0.001004 -0.001984 29.021482
v_phi_time -0.001004 -0.001984 29.046565
v_phi_time -0.001004 -0.001984 29.071603
v_phi_time -0.001004 -0.001984 29.096658
v_phi_time -0.001004 -0.001984 29.121876
v_phi_time -0.001004 -0.001984 29.147024
v_phi_time -0.001004 -0.001984 29.172145
v_phi_time -0.001004 -0.001984 29.197278
v_phi_time -0.001004 -0.001984 29.222596
v_phi_time -0.001004 -0.001984 29.247435
v_phi_time -0.001004 -0.001984 29.272721
v_phi_time -0.001004 -0.001984 29.297179
v_phi_time -0.001004 -0.001984 29.322873
v_phi_time -0.001004 -0.001984 29.348654
v_phi_time -0.001004 -0.001984 29.373887
v_phi_time -0.001004 -0.001984 29.399624
v_phi_time -0.001004 -0.001984 29.424877
v_phi_time -0.001004 -0.001984 29.450309
v_phi_time -0.001004 -0.001984 29.475421
v_phi_time -0.001004 -0.001984 29.500903
v_phi_time -0.001004 -0.001984 29.526825
v_phi_time -0.001004 -0.001984 29.551933
v_phi_time -0.001004 -0.001984 29.577776
v_phi_time -0.001004 -0.001984 29.602613
v_phi_time -0.001004 -0.001984 29.627826
v_phi_time -0.001004 -0.001984 29.652892
v_phi_time -0.001004 -0.001984 29.678456
v_phi_time -0.001004 -0.001984 29.703593
v_phi_time -0.001004 -0.001984 29.728875
v_phi_time -0.001004 -0.001984 29.754687
v_phi_time -0.001004 -0.001984 29.779783
v_phi_time -0.001004 -0.001984 29.804073
v_phi_time -0.001004 -0.001984 29.828985
v_phi_time -0.001004 -0.001984 29.854983
v_phi_time -0.001004 -0.001984 29.879979
v_phi_time -0.001004 -0.001984 29.905864
v_phi_time -0.001004 -0.001984 29.931282
v_phi_time -0.001004 -0.001984 29.956126
v_phi_time -0.001004 -0.001984 29.981478
v_phi_time -0.001004 -0.001984 30.006843
v_phi_time -0.001004 -0.001984 30.032445
v_phi_time -0.001004 -0.001984 30.057728
v_phi_time -0.001004 -0.001984 30.082247
v_phi_time -0.001004 -0.001984 30.107182
v_phi_time -0.001004 -0.001984 30.132506
v_phi_time -0.001004 -0.001984 30.157499
v_phi_time -0.006027 -0.001984 30.182060
v_phi_time -0.016071 -0.001984 30.207506
v_phi_time -0.037164 -0.001984 30.232058
v_phi_time -0.048212 -0.001984 30.256940
v_phi_time -0.058257 -0.001984 30.281991
v_phi_time -0.069305 -0.001984 30.307092
v_phi_time -0.090398 -0.001984 30.332528
v_phi_time -0.106469 -0.001984 30.357551
v_phi_time -0.122540 -0.001984 30.382858
v_phi_time -0.133589 -0.001984 30.408025
v_phi_time -0.139615 -0.001984 30.432999
v_phi_time -0.139615 -0.001984 30.458834
v_phi_time -0.139615 -0.001984 30.483172
v_phi_time -0.144637 -0.001984 30.508411
v_phi_time -0.164726 -0.001984 30.533895
v_phi_time -0.171757 -0.001984 30.559916
v_phi_time -0.171757 -0.001984 30.585859
v_phi_time -0.176779 -0.001984 30.611502
v_phi_time -0.191846 -0.001984 30.636057
v_phi_time -0.203899 -0.001984 30.661092
v_phi_time -0.218965 -0.001984 30.686277
v_phi_time -0.234031 -0.001984 30.711585
v_phi_time -0.197872 -0.001984 30.736335
v_phi_time -0.149660 -0.001984 30.761780
v_phi_time -0.095421 -0.001984 30.786763
v_phi_time -0.037164 -0.001984 30.811718
v_phi_time 0.069305 -0.001984 30.836098
v_phi_time 0.122540 -0.001984 30.861558
v_phi_time 0.181801 -0.001984 30.886736
v_phi_time 0.256129 -0.001984 30.911836
v_phi_time 0.330456 -0.001984 30.935946
v_phi_time 0.342510 -0.001984 30.961873
v_phi_time 0.352554 -0.001984 30.987118
v_phi_time 0.357576 -0.001984 31.012031
v_phi_time 0.378669 -0.001984 31.037829
v_phi_time 0.389718 -0.001984 31.062103
v_phi_time 0.399762 -0.001984 31.087809
v_phi_time 0.399762 -0.001984 31.112193
v_phi_time 0.416837 -0.001984 31.137192
v_phi_time 0.421859 -0.001984 31.162394
v_phi_time 0.426881 -0.001984 31.187749
v_phi_time 0.436926 -0.001984 31.212500
v_phi_time 0.448979 -0.002218 31.237016
v_phi_time 0.448979 -0.002452 31.262392
v_phi_time 0.459023 -0.002452 31.287157
v_phi_time 0.475094 -0.002452 31.312628
v_phi_time 0.486143 -0.002452 31.337905
v_phi_time 0.496187 -0.002452 31.363010
v_phi_time 0.501209 -0.002452 31.388530
v_phi_time 0.523306 -0.002452 31.413444
v_phi_time 0.523306 -0.002452 31.438419
v_phi_time 0.545404 -0.002452 31.463686
v_phi_time 0.545404 -0.002218 31.488744
v_phi_time 0.560470 -0.002218 31.513263
v_phi_time 0.565492 -0.002218 31.538138
v_phi_time 0.570515 -0.002218 31.563252
v_phi_time 0.575537 -0.002218 31.588153
v_phi_time 0.592612 -0.002218 31.612991
v_phi_time 0.602656 -0.002218 31.638323
v_phi_time 0.602656 -0.002218 31.663689
v_phi_time 0.613705 -0.002218 31.688566
v_phi_time 0.624754 -0.002219 31.713670
v_phi_time 0.629776 -0.002219 31.738268
v_phi_time 0.640824 -0.002219 31.763537
v_phi_time 0.651873 -0.002219 31.788973
v_phi_time 0.666940 -0.002219 31.814076
v_phi_time 0.676984 -0.002219 31.839046
v_phi_time 0.682006 -0.002219 31.864071
v_phi_time 0.694059 -0.002219 31.889539
v_phi_time 0.720174 -0.002219 31.914740
v_phi_time 0.731223 -0.002219 31.939295
v_phi_time 0.746289 -0.002219 31.964306
v_phi_time 0.757338 -0.002219 31.989959
v_phi_time 0.779435 -0.002219 32.015485
v_phi_time 0.789480 -0.002219 32.040218
v_phi_time 0.811577 -0.002219 32.065718
v_phi_time 0.821621 -0.002219 32.090493
v_phi_time 0.852759 -0.002220 32.115523
v_phi_time 0.874856 -0.002220 32.140474
v_phi_time 0.884900 -0.002220 32.165470
v_phi_time 0.901975 -0.002220 32.190162
v_phi_time 0.934117 -0.002220 32.215180
v_phi_time 0.954206 -0.002220 32.240059
v_phi_time 0.970276 -0.002220 32.265837
v_phi_time 0.992374 -0.002220 32.290163
v_phi_time 1.029538 -0.002221 32.315669
v_phi_time 1.045609 -0.002221 32.340274
v_phi_time 1.061679 -0.002221 32.365385
v_phi_time 1.077750 -0.002221 32.390166
v_phi_time 1.120941 -0.002221 32.415004
v_phi_time 1.137011 -0.002221 32.439996
v_phi_time 1.152078 -0.002222 32.465855
v_phi_time 1.174175 -0.002222 32.491668
v_phi_time 1.206317 -0.002222 32.516802
v_phi_time 1.222388 -0.002222 32.541455
v_phi_time 1.243481 -0.002222 32.566149
v_phi_time 1.264574 -0.002222 32.591482
v_phi_time 1.296715 -0.002223 32.616618
v_phi_time 1.318813 -0.002223 32.641785
v_phi_time 1.339906 -0.002223 32.666424
v_phi_time 1.354972 -0.002223 32.691748
v_phi_time 1.387114 -0.002458 32.716591
v_phi_time 1.409211 -0.002692 32.741695
v_phi_time 1.424277 -0.002926 32.766689
v_phi_time 1.440348 -0.003044 32.791831
v_phi_time 1.483539 -0.003513 32.816530
v_phi_time 1.499610 -0.003865 32.841669
v_phi_time 1.515680 -0.004217 32.865948
v_phi_time 1.546818 -0.004218 32.890987
v_phi_time 1.568915 -0.003867 32.916595
v_phi_time 1.590008 -0.003867 32.941067
v_phi_time 1.611101 -0.003867 32.966379
v_phi_time 1.648265 -0.003868 32.991236
v_phi_time 1.669358 -0.003868 33.016748
v_phi_time 1.684424 -0.003869 33.041466
v_phi_time 1.701499 -0.003869 33.066731
v_phi_time 1.748707 -0.003870 33.091011
v_phi_time 1.765783 -0.003753 33.116228
v_phi_time 1.786876 -0.003753 33.141176
v_phi_time 1.802946 -0.003519 33.166214
v_phi_time 1.839106 -0.003519 33.191534
v_phi_time 1.851159 -0.003285 33.216682
v_phi_time 1.872252 -0.003050 33.241857
v_phi_time 1.889327 -0.002463 33.267874
v_phi_time 1.926491 -0.001993 33.293116
v_phi_time 1.947584 -0.000701 33.317956
v_phi_time 1.953611 -0.000114 33.343821
v_phi_time 1.968677 0.001062 33.368316
v_phi_time 2.006845 0.001649 33.393558
v_phi_time 2.016889 0.002355 33.418175
v_phi_time 2.033965 0.002708 33.443686
v_phi_time 2.055058 0.002708 33.468249
v_phi_time 2.076151 0.002708 33.493261
v_phi_time 2.087199 0.002474 33.518521
v_phi_time 2.108292 0.002474 33.543370
v_phi_time 2.124363 0.002357 33.568875
v_phi_time 2.151483 0.002004 33.594243
v_phi_time 2.173580 0.002005 33.619146
v_phi_time 2.183624 0.001887 33.644559
v_phi_time 2.198691 0.001652 33.669345
v_phi_time 2.220788 0.001416 33.694744
v_phi_time 2.236859 0.001063 33.719356
v_phi_time 2.252930 0.000711 33.744493
v_phi_time 2.267996 0.000593 33.769509
v_phi_time 2.295116 0.000593 33.794613
v_phi_time 2.310182 0.000594 33.819490
v_phi_time 2.321231 0.000594 33.844522
v_phi_time 2.327257 0.000594 33.869563
v_phi_time 2.352368 0.000594 33.894566
v_phi_time 2.369443 0.000594 33.919800
v_phi_time 2.379488 0.000594 33.944763
v_phi_time 2.389532 0.000594 33.968975
v_phi_time 2.411629 0.000594 33.994550
v_phi_time 2.416651 0.000594 34.019025
v_phi_time 2.432722 0.000594 34.044222
v_phi_time 2.447789 0.000712 34.069594
v_phi_time 2.485957 0.000713 34.094542
v_phi_time 2.496001 0.000595 34.119820
v_phi_time 2.507050 0.000595 34.144711
v_phi_time 2.518098 0.000359 34.169246
v_phi_time 2.540196 0.000123 34.194219
v_phi_time 2.556267 -0.000349 34.219499
v_phi_time 2.567315 -0.000585 34.244632
v_phi_time 2.583386 -0.000703 34.269917
v_phi_time 2.604479 -0.001176 34.294963
v_phi_time 2.615528 -0.001529 34.319972
v_phi_time 2.626577 -0.002238 34.344960
v_phi_time 2.637625 -0.002710 34.370867
v_phi_time 2.674789 -0.003066 34.396515
v_phi_time 2.689856 -0.003066 34.421612
v_phi_time 2.705926 -0.003066 34.445963
v_phi_time 2.712957 -0.002830 34.471565
v_phi_time 2.733046 -0.002476 34.496361
v_phi_time 2.745099 -0.002004 34.521277
v_phi_time 2.755143 -0.001531 34.546398
v_phi_time 2.771214 -0.001531 34.571595
v_phi_time 2.792307 -0.001531 34.596325
v_phi_time 2.797329 -0.001531 34.621070
v_phi_time 2.802351 -0.001531 34.646272
v_phi_time 2.813400 -0.001531 34.671616
v_phi_time 2.833489 -0.001532 34.696537
v_phi_time 2.845542 -0.001532 34.721621
v_phi_time 2.855586 -0.001532 34.746673
v_phi_time 2.860608 -0.001532 34.771183
v_phi_time 2.876679 -0.001414 34.796699
v_phi_time 2.886723 -0.001414 34.821641
v_phi_time 2.897772 -0.001177 34.846385
v_phi_time 2.913843 -0.001177 34.871774
v_phi_time 2.928909 -0.001177 34.896583
v_phi_time 2.939958 -0.001177 34.921496
v_phi_time 2.951007 -0.001177 34.946317
v_phi_time 2.972099 -0.001178 34.971260
v_phi_time 2.983148 -0.000942 34.996576
v_phi_time 2.993192 -0.000942 35.021889
v_phi_time 3.004241 -0.000942 35.047072
v_phi_time 3.025334 -0.000942 35.072489
v_phi_time 3.036383 -0.000942 35.097761
v_phi_time 3.047432 -0.000942 35.122331
v_phi_time 3.057476 -0.000942 35.147631
v_phi_time 3.079573 -0.000942 35.172150
v_phi_time 3.084595 -0.000942 35.196981
v_phi_time 3.095644 -0.001179 35.222259
v_phi_time 3.106693 -0.001535 35.247088
v_phi_time 3.121759 -0.001890 35.272841
v_phi_time 3.126781 -0.002009 35.297594
v_phi_time 3.137830 -0.002247 35.322422
v_phi_time 3.142852 -0.002247 35.347574
v_phi_time 3.158923 -0.002010 35.371980
v_phi_time 3.169972 -0.002247 35.397130
v_phi_time 3.174994 -0.002247 35.422240
v_phi_time 3.180016 -0.002248 35.447166
v_phi_time 3.202113 -0.002485 35.472584
v_phi_time 3.213162 -0.002723 35.497589
v_phi_time 3.217180 -0.002723 35.521959
v_phi_time 3.228228 -0.002842 35.546978
v_phi_time 3.243295 -0.003080 35.572091
v_phi_time 3.254343 -0.003436 35.597645
v_phi_time 3.264388 -0.004386 35.622771
v_phi_time 3.274432 -0.005099 35.647531
v_phi_time 3.296529 -0.006050 35.672039
v_phi_time 3.301552 -0.006288 35.697529
v_phi_time 3.311596 -0.007002 35.722118
v_phi_time 3.322645 -0.007002 35.747714
v_phi_time 3.344742 -0.007004 35.772411
v_phi_time 3.349764 -0.006528 35.797812
v_phi_time 3.361817 -0.006054 35.822877
v_phi_time 3.371861 -0.005698 35.848363
v_phi_time 3.383915 -0.004748 35.873025
v_phi_time 3.393959 -0.004629 35.898722
v_phi_time 3.398981 -0.003916 35.923189
v_phi_time 3.404003 -0.003322 35.948122
v_phi_time 3.414047 -0.003084 35.973626
v_phi_time 3.424092 -0.003084 35.998059
v_phi_time 3.424092 -0.002847 36.022965
v_phi_time 3.430118 -0.002728 36.048923
v_phi_time 3.446189 -0.002015 36.074220
v_phi_time 3.452216 -0.001896 36.099108
v_phi_time 3.463264 -0.001420 36.124307
v_phi_time 3.474313 -0.001182 36.149550
v_phi_time 3.497415 -0.001183 36.174660
v_phi_time 3.502437 -0.001183 36.199676
v_phi_time 3.514490 -0.001183 36.224914
v_phi_time 3.524534 -0.001183 36.250728
v_phi_time 3.539601 -0.000944 36.275083
v_phi_time 3.550649 -0.000945 36.300558
v_phi_time 3.555672 -0.000707 36.325347
v_phi_time 3.565716 -0.000588 36.350597
v_phi_time 3.581787 -0.000588 36.375004
v_phi_time 3.596853 -0.000349 36.400525
v_phi_time 3.612924 -0.000349 36.425107
v_phi_time 3.623973 -0.000111 36.450397
v_phi_time 3.634017 0.000127 36.475895
v_phi_time 3.645066 -0.000111 36.501654
v_phi_time 3.655110 -0.000349 36.526454
v_phi_time 3.672185 -0.000708 36.551236
v_phi_time 3.682229 -0.001184 36.576125
v_phi_time 3.687252 -0.001542 36.601711
v_phi_time 3.692274 -0.001900 36.625948
v_phi_time 3.698300 -0.002019 36.651222
v_phi_time 3.708344 -0.002019 36.676266
v_phi_time 3.719393 -0.002019 36.701720
v_phi_time 3.724415 -0.001542 36.726934
v_phi_time 3.729437 -0.001423 36.752365
v_phi_time 3.729437 -0.000946 36.777157
v_phi_time 3.729437 -0.000349 36.802535
v_phi_time 3.729437 0.000605 36.827695
v_phi_time 3.740486 0.000963 36.852689
v_phi_time 3.745508 0.001918 36.877828
v_phi_time 3.744504 0.002276 36.902832
v_phi_time 3.749526 0.002753 36.927539
v_phi_time 3.766601 0.002754 36.952156
v_phi_time 3.783677 0.002754 36.977070
v_phi_time 3.798743 0.002755 37.001988
v_phi_time 3.814814 0.002516 37.027408
v_phi_time 3.846955 0.002517 37.052643
v_phi_time 3.858004 0.002279 37.077828
v_phi_time 3.870057 0.001921 37.102056
v_phi_time 3.881106 0.001563 37.127658
v_phi_time 3.902199 0.001563 37.152478
v_phi_time 3.906217 0.001563 37.177345
v_phi_time 3.911239 0.001563 37.202321
v_phi_time 3.911239 0.001563 37.227336
v_phi_time 3.916261 0.001563 37.252412
v_phi_time 3.921283 0.001564 37.277228
v_phi_time 3.926305 0.001564 37.302844
v_phi_time 3.932332 0.001564 37.328609
v_phi_time 3.947398 0.001564 37.352999
v_phi_time 3.953425 0.001444 37.378186
v_phi_time 3.954429 0.001206 37.403283
v_phi_time 3.964473 0.000726 37.428924
v_phi_time 3.980544 0.000727 37.454299
v_phi_time 3.986571 0.000608 37.479868
v_phi_time 3.992597 0.000608 37.505292
v_phi_time 3.997619 0.000608 37.530321
v_phi_time 4.007664 0.000727 37.555500
v_phi_time 4.008668 0.000727 37.580882
v_phi_time 4.013690 0.000727 37.606120
v_phi_time 4.018712 0.000727 37.631734
v_phi_time 4.028757 0.000727 37.655985
v_phi_time 4.034783 0.000727 37.681116
v_phi_time 4.039805 0.000727 37.706387
v_phi_time 4.049850 0.000728 37.731128
v_phi_time 4.054872 0.000728 37.755977
v_phi_time 4.059894 0.000728 37.781317
v_phi_time 4.069938 0.000609 37.806506
v_phi_time 4.075965 0.000369 37.831780
v_phi_time 4.092036 -0.000110 37.856761
v_phi_time 4.102080 -0.000350 37.881388
v_phi_time 4.108106 -0.000710 37.906350
v_phi_time 4.118151 -0.000710 37.931151
v_phi_time 4.118151 -0.000710 37.956239
v_phi_time 4.129199 -0.000949 37.981644
v_phi_time 4.129199 -0.000949 38.006848
v_phi_time 4.124177 -0.000949 38.032036
v_phi_time 4.124177 -0.001189 38.057421
v_phi_time 4.119155 -0.001429 38.082178
v_phi_time 4.119155 -0.001429 38.107611
v_phi_time 4.113129 -0.001429 38.132859
v_phi_time 4.119155 -0.001429 38.158191
v_phi_time 4.114133 -0.001549 38.183295
v_phi_time 4.119155 -0.001549 38.208556
v_phi_time 4.120160 -0.001549 38.233200
v_phi_time 4.120160 -0.001429 38.258457
v_phi_time 4.120160 -0.001189 38.283151
v_phi_time 4.125182 -0.000949 38.308337
v_phi_time 4.125182 -0.000949 38.333547
v_phi_time 4.120160 -0.000949 38.358910
v_phi_time 4.125182 -0.000949 38.384741
v_phi_time 4.120160 -0.001189 38.409792
v_phi_time 4.115137 -0.001189 38.434294
v_phi_time 4.120160 -0.001429 38.459069
v_phi_time 4.125182 -0.001429 38.484602
v_phi_time 4.125182 -0.001429 38.509799
v_phi_time 4.125182 -0.001429 38.534217
v_phi_time 4.131208 -0.001190 38.559117
v_phi_time 4.130204 -0.001190 38.584148
v_phi_time 4.130204 -0.001190 38.609622
v_phi_time 4.135226 -0.001190 38.633981
v_phi_time 4.134222 -0.001190 38.659405
v_phi_time 4.134222 -0.001190 38.684408
v_phi_time 4.129199 -0.001190 38.709875
v_phi_time 4.135226 -0.001190 38.735127
v_phi_time 4.141253 -0.001429 38.760221
v_phi_time 4.142257 -0.001429 38.785621
v_phi_time 4.141253 -0.001788 38.810716
v_phi_time 4.148284 -0.002268 38.835755
v_phi_time 4.144266 -0.002868 38.860550
v_phi_time 4.144266 -0.003348 38.885278
v_phi_time 4.144266 -0.004187 38.910572
v_phi_time 4.143261 -0.004307 38.935806
v_phi_time 4.137235 -0.004666 38.959981
v_phi_time 4.132213 -0.004186 38.985837
v_phi_time 4.131208 -0.003706 39.010575
v_phi_time 4.125182 -0.002747 39.035830
v_phi_time 4.130204 -0.002268 39.059880
v_phi_time 4.130204 -0.000949 39.084937
v_phi_time 4.135226 -0.000350 39.110025
v_phi_time 4.135226 0.000610 39.135050
v_phi_time 4.130204 0.000969 39.159979
v_phi_time 4.135226 0.001208 39.185406
v_phi_time 4.135226 0.001208 39.210387
v_phi_time 4.141253 0.000729 39.235642
v_phi_time 4.141253 0.000610 39.260907
v_phi_time 4.146275 -0.000350 39.285970
v_phi_time 4.146275 -0.001190 39.311486
v_phi_time 4.145270 -0.001789 39.336616
v_phi_time 4.157323 -0.002748 39.361323
v_phi_time 4.157323 -0.003108 39.386670
v_phi_time 4.162345 -0.003108 39.411542
v_phi_time 4.172390 -0.003349 39.436743
v_phi_time 4.172390 -0.003349 39.461028
v_phi_time 4.173394 -0.003349 39.486130
v_phi_time 4.173394 -0.003469 39.511935
v_phi_time 4.178416 -0.003469 39.537137
v_phi_time 4.178416 -0.003709 39.562418
v_phi_time 4.178416 -0.003709 39.587120
v_phi_time 4.178416 -0.003709 39.612255
v_phi_time 4.177412 -0.003469 39.637658
v_phi_time 4.177412 -0.003349 39.662856
v_phi_time 4.167368 -0.002869 39.688389
v_phi_time 4.172390 -0.002749 39.713528
v_phi_time 4.172390 -0.002269 39.738897
v_phi_time 4.172390 -0.002269 39.764724
v_phi_time 4.178416 -0.002269 39.789629
v_phi_time 4.178416 -0.002269 39.814825
v_phi_time 4.184443 -0.002269 39.839563
v_phi_time 4.189465 -0.002269 39.864918
v_phi_time 4.199509 -0.002510 39.889980
v_phi_time 4.205536 -0.002510 39.915258
v_phi_time 4.221607 -0.002750 39.940591
v_phi_time 4.220602 -0.002871 39.964967
v_phi_time 4.226629 -0.003470 39.990580
v_phi_time 4.226629 -0.004191 40.015694
v_phi_time 4.231651 -0.005271 40.040842
v_phi_time 4.231651 -0.005631 40.066827
v_phi_time 4.231651 -0.006352 40.091040
v_phi_time 4.221607 -0.006831 40.116285
v_phi_time 4.221607 -0.006951 40.141076
v_phi_time 4.221607 -0.006831 40.166676
v_phi_time 4.215580 -0.006350 40.191793
v_phi_time 4.226629 -0.006351 40.216210
v_phi_time 4.226629 -0.005871 40.241069
v_phi_time 4.231651 -0.005631 40.266561
v_phi_time 4.231651 -0.005271 40.291052
v_phi_time 4.241695 -0.004791 40.316834
v_phi_time 4.247722 -0.004672 40.341790
v_phi_time 4.247722 -0.004192 40.366710
v_phi_time 4.253748 -0.003352 40.391433
v_phi_time 4.253748 -0.002751 40.416901
v_phi_time 4.253748 -0.001431 40.442004
v_phi_time 4.253748 -0.000711 40.467812
v_phi_time 4.253748 -0.000350 40.492707
v_phi_time 4.253748 -0.000350 40.517550
v_phi_time 4.247722 -0.000590 40.542326
v_phi_time 4.253748 -0.000590 40.567809
v_phi_time 4.253748 -0.001431 40.592346
v_phi_time 4.258770 -0.001791 40.617813
v_phi_time 4.258770 -0.002752 40.642084
v_phi_time 4.262788 -0.003112 40.667291
v_phi_time 4.267810 -0.003112 40.692049
v_phi_time 4.273837 -0.003112 40.717532
v_phi_time 4.279863 -0.003112 40.742319
v_phi_time 4.279863 -0.003112 40.767099
v_phi_time 4.285890 -0.002392 40.792627
v_phi_time 4.284886 -0.002272 40.817623
v_phi_time 4.290912 -0.001552 40.842831
v_phi_time 4.285890 -0.001431 40.867383
v_phi_time 4.283881 -0.001431 40.892536
v_phi_time 4.279863 -0.001431 40.917985
v_phi_time 4.279863 -0.001190 40.943594
v_phi_time 4.278859 -0.000951 40.968140
v_phi_time 4.273837 -0.000711 40.993113
v_phi_time 4.272832 -0.000711 41.018258
v_phi_time 4.267810 -0.000590 41.042969
v_phi_time 4.265801 -0.000350 41.067992
v_phi_time 4.265801 -0.000350 41.093819
v_phi_time 4.265801 -0.000350 41.118139
v_phi_time 4.265801 -0.000350 41.143194
v_phi_time 4.265801 -0.000350 41.168405
v_phi_time 4.275846 -0.000590 41.193435
v_phi_time 4.277855 -0.000590 41.218939
v_phi_time 4.281872 -0.000590 41.243973
v_phi_time 4.287899 -0.000590 41.269874
v_phi_time 4.295934 -0.000591 41.295903
v_phi_time 4.299952 -0.000350 41.321883
v_phi_time 4.306983 -0.000110 41.347148
v_phi_time 4.317027 0.000371 41.372116
v_phi_time 4.317027 0.000371 41.397513
v_phi_time 4.322049 0.000611 41.422818
v_phi_time 4.322049 0.000611 41.447167
v_phi_time 4.332094 0.000731 41.472345
v_phi_time 4.330085 0.000731 41.497792
v_phi_time 4.335107 0.000972 41.522051
v_phi_time 4.340129 0.000972 41.547751
v_phi_time 4.335107 0.000972 41.572736
v_phi_time 4.335107 0.001212 41.597723
v_phi_time 4.341133 0.001213 41.622554
v_phi_time 4.347160 0.000972 41.647317
v_phi_time 4.353187 0.000732 41.672843
v_phi_time 4.359213 0.000732 41.698037
v_phi_time 4.366244 0.000732 41.723836
v_phi_time 4.371266 0.000612 41.747943
v_phi_time 4.391355 0.000612 41.772962
v_phi_time 4.406421 0.000372 41.798570
v_phi_time 4.418474 0.000131 41.823954
v_phi_time 4.423497 -0.000110 41.849684
v_phi_time 4.438563 -0.000591 41.874518
v_phi_time 4.448607 -0.000952 41.899302
v_phi_time 4.448607 -0.001553 41.924170
v_phi_time 4.449612 -0.002035 41.949408
v_phi_time 4.456643 -0.002396 41.974781
v_phi_time 4.452625 -0.002757 41.999824
v_phi_time 4.446598 -0.002878 42.023996
v_phi_time 4.447603 -0.002998 42.048985
v_phi_time 4.449612 -0.002878 42.074430
v_phi_time 4.449612 -0.002878 42.099891
v_phi_time 4.461665 -0.002999 42.125202
v_phi_time 4.466687 -0.002999 42.150372
v_phi_time 4.471709 -0.002999 42.175169
v_phi_time 4.480749 -0.003000 42.200817
v_phi_time 4.480749 -0.003000 42.225371
v_phi_time 4.490793 -0.003000 42.250183
v_phi_time 4.505860 -0.003001 42.275849
v_phi_time 4.512891 -0.003001 42.301672
v_phi_time 4.510882 -0.002759 42.326109
v_phi_time 4.510882 -0.002759 42.351015
v_phi_time 4.510882 -0.002398 42.376056
v_phi_time 4.515904 -0.002278 42.401200
v_phi_time 4.531975 -0.002278 42.426319
v_phi_time 4.531975 -0.002278 42.451586
v_phi_time 4.538001 -0.002760 42.476818
v_phi_time 4.536997 -0.002881 42.500978
v_phi_time 4.538001 -0.003363 42.526107
v_phi_time 4.542019 -0.003483 42.551412
v_phi_time 4.558090 -0.003726 42.575989
v_phi_time 4.553068 -0.003966 42.601778
v_phi_time 4.553068 -0.004207 42.626071
v_phi_time 4.552063 -0.004207 42.651856
v_phi_time 4.552063 -0.004207 42.677024
v_phi_time 4.551059 -0.003966 42.702761
v_phi_time 4.557085 -0.003726 42.727206
v_phi_time 4.557085 -0.003484 42.752030
v_phi_time 4.568134 -0.003003 42.777513
v_phi_time 4.574161 -0.002762 42.802502
v_phi_time 4.575165 -0.002400 42.827850
v_phi_time 4.590231 -0.002039 42.853520
v_phi_time 4.600276 -0.001798 42.878892
v_phi_time 4.605298 -0.001798 42.904947
v_phi_time 4.605298 -0.001556 42.929927
v_phi_time 4.616346 -0.001436 42.955700
v_phi_time 4.621369 -0.001557 42.980870
v_phi_time 4.626391 -0.001557 43.006005
v_phi_time 4.626391 -0.001557 43.031307
v_phi_time 4.621369 -0.001557 43.056187
v_phi_time 4.615342 -0.001557 43.081347
v_phi_time 4.620364 -0.001557 43.106842
v_phi_time 4.620364 -0.001557 43.132467
v_phi_time 4.632417 -0.001195 43.157014
v_phi_time 4.627395 -0.000954 43.182399
v_phi_time 4.627395 -0.000954 43.207010
v_phi_time 4.627395 -0.000712 43.232227
v_phi_time 4.632417 -0.000712 43.257699
v_phi_time 4.637439 -0.000712 43.282705
v_phi_time 4.643466 -0.000712 43.307253
v_phi_time 4.648488 -0.000712 43.332199
v_phi_time 4.648488 -0.000712 43.357305
v_phi_time 4.648488 -0.000712 43.382521
v_phi_time 4.648488 -0.000712 43.407374
v_phi_time 4.653510 -0.000712 43.432423
v_phi_time 4.663555 -0.000712 43.457272
v_phi_time 4.663555 -0.000712 43.482394
v_phi_time 4.658532 -0.000592 43.507144
v_phi_time 4.663555 -0.000109 43.532279
v_phi_time 4.658532 0.000374 43.557277
v_phi_time 4.663555 0.000374 43.582463
v_phi_time 4.664559 0.000615 43.607749
v_phi_time 4.663555 0.000615 43.632268
v_phi_time 4.653510 0.000736 43.657485
v_phi_time 4.653510 0.000615 43.682736
v_phi_time 4.653510 0.000615 43.707623
v_phi_time 4.648488 0.000615 43.732063
v_phi_time 4.653510 0.000132 43.757747
v_phi_time 4.648488 -0.000109 43.782142
v_phi_time 4.648488 -0.000712 43.807218
v_phi_time 4.648488 -0.000954 43.831976
v_phi_time 4.648488 -0.001195 43.857833
v_phi_time 4.648488 -0.001195 43.882131
v_phi_time 4.653510 -0.001195 43.907825
v_phi_time 4.648488 -0.001195 43.932404
v_phi_time 4.647484 -0.000954 43.957780
v_phi_time 4.647484 -0.000954 43.982666
v_phi_time 4.647484 -0.000592 44.007773
v_phi_time 4.647484 -0.000592 44.032261
v_phi_time 4.647484 -0.000592 44.057290
v_phi_time 4.647484 -0.000592 44.081980
v_phi_time 4.641457 -0.000592 44.107484
v_phi_time 4.636435 -0.000712 44.132669
v_phi_time 4.637439 -0.000954 44.157448
v_phi_time 4.637439 -0.000954 44.182435
v_phi_time 4.637439 -0.001195 44.207098
v_phi_time 4.626391 -0.001436 44.232068
v_phi_time 4.626391 -0.001436 44.257827
v_phi_time 4.626391 -0.001798 44.282878
v_phi_time 4.621369 -0.002040 44.308945
v_phi_time 4.616346 -0.002401 44.334046
v_phi_time 4.616346 -0.002401 44.359615
v_phi_time 4.616346 -0.002763 44.384527
v_phi_time 4.611324 -0.002763 44.409681
v_phi_time 4.610320 -0.002763 44.433991
v_phi_time 4.604293 -0.002763 44.459592
v_phi_time 4.604293 -0.002401 44.484702
v_phi_time 4.604293 -0.002401 44.509726
v_phi_time 4.604293 -0.002401 44.534306
v_phi_time 4.599271 -0.002280 44.559183
v_phi_time 4.599271 -0.002039 44.584373
v_phi_time 4.599271 -0.001798 44.609232
v_phi_time 4.599271 -0.002039 44.634625
v_phi_time 4.604293 -0.002039 44.659903
v_phi_time 4.604293 -0.002280 44.685008
v_phi_time 4.609316 -0.002280 44.710076
v_phi_time 4.609316 -0.002280 44.735090
v_phi_time 4.609316 -0.002280 44.760718
v_phi_time 4.609316 -0.002039 44.785630
v_phi_time 4.614338 -0.002039 44.810056
v_phi_time 4.614338 -0.002039 44.835479
v_phi_time 4.609316 -0.002039 44.860615
v_phi_time 4.604293 -0.002039 44.884990
v_phi_time 4.594249 -0.002039 44.910894
v_phi_time 4.586214 -0.002039 44.936537
v_phi_time 4.586214 -0.001798 44.961855
v_phi_time 4.579183 -0.001556 44.986956
v_phi_time 4.573156 -0.001556 45.012781
v_phi_time 4.563112 -0.001436 45.037537
v_phi_time 4.563112 -0.001436 45.062622
v_phi_time 4.562107 -0.001194 45.087592
v_phi_time 4.567130 -0.001194 45.112728
v_phi_time 4.577174 -0.001194 45.137914
v_phi_time 4.577174 -0.001194 45.163955
v_phi_time 4.577174 -0.001436 45.189664
v_phi_time 4.579183 -0.001194 45.214463
v_phi_time 4.591236 -0.001194 45.239684
v_phi_time 4.591236 -0.001194 45.264498
v_phi_time 4.591236 -0.001194 45.289920
v_phi_time 4.586214 -0.001194 45.315186
v_phi_time 4.586214 -0.000953 45.339946
v_phi_time 4.586214 -0.001194 45.365450
v_phi_time 4.586214 -0.001194 45.390405
v_phi_time 4.584205 -0.001194 45.415718
v_phi_time 4.578178 -0.000953 45.440037
v_phi_time 4.572152 -0.001194 45.465312
v_phi_time 4.572152 -0.001194 45.490363
v_phi_time 4.577174 -0.001436 45.515736
v_phi_time 4.577174 -0.001436 45.540231
v_phi_time 4.572152 -0.001194 45.565574
v_phi_time 4.572152 -0.001436 45.590817
v_phi_time 4.567130 -0.001436 45.615635
v_phi_time 4.567130 -0.001194 45.640599
v_phi_time 4.573156 -0.000953 45.665746
v_phi_time 4.573156 -0.000953 45.690050
v_phi_time 4.572152 -0.000953 45.715929
v_phi_time 4.566125 -0.000953 45.741399
v_phi_time 4.572152 -0.001194 45.766532
v_phi_time 4.572152 -0.001194 45.791534
v_phi_time 4.572152 -0.001436 45.816423
v_phi_time 4.577174 -0.001556 45.841301
v_phi_time 4.577174 -0.001556 45.866363
v_phi_time 4.577174 -0.001556 45.891657
v_phi_time 4.577174 -0.001556 45.916805
v_phi_time 4.583200 -0.001556 45.940983
v_phi_time 4.578178 -0.002038 45.966237
v_phi_time 4.578178 -0.002038 45.991456
v_phi_time 4.584205 -0.002039 46.016597
v_phi_time 4.584205 -0.002039 46.041611
v_phi_time 4.584205 -0.002279 46.066969
v_phi_time 4.584205 -0.002279 46.092190
v_phi_time 4.578178 -0.002400 46.117600
v_phi_time 4.573156 -0.002400 46.142647
v_phi_time 4.574161 -0.002400 46.167373
v_phi_time 4.574161 -0.002400 46.192838
v_phi_time 4.574161 -0.002038 46.217887
v_phi_time 4.569138 -0.001797 46.243619
v_phi_time 4.564116 -0.001556 46.268794
v_phi_time 4.559094 -0.001556 46.293368
v_phi_time 4.559094 -0.001556 46.318974
v_phi_time 4.565121 -0.001556 46.344076
v_phi_time 4.571147 -0.001556 46.369606
v_phi_time 4.569138 -0.001436 46.394185
v_phi_time 4.564116 -0.001436 46.419977
v_phi_time 4.564116 -0.001194 46.445628
v_phi_time 4.569138 -0.000712 46.469912
v_phi_time 4.574161 -0.000592 46.495074
v_phi_time 4.574161 -0.000592 46.520330
v_phi_time 4.574161 -0.000592 46.545568
v_phi_time 4.569138 -0.000592 46.570521
v_phi_time 4.563112 -0.000592 46.595705
v_phi_time 4.563112 -0.000592 46.620847
v_phi_time 4.568134 -0.000592 46.646113
v_phi_time 4.563112 -0.000592 46.671747
v_phi_time 4.563112 -0.000350 46.696316
