7757691.010152 -363593.374355 0.007294 0.121694 -0.001699 0 0.007294 0.000000 0.000000 0.000000 0.000000 1721419356.017891
7757691.111259 -363593.372573 0.007659 0.278016 0.038561 0 0.007659 0.000000 0.000000 0.000000 0.000000 1721419357.067004
7757691.226786 -363593.372377 0.014503 0.406636 0.038811 0 0.014503 0.000000 0.000000 0.000000 0.000000 1721419357.366673
7757691.351537 -363593.366148 0.023113 0.533276 0.066917 0 0.023113 0.000000 0.000000 0.000000 0.000000 1721419357.616287
7757691.458779 -363593.361478 0.038561 0.539213 0.086811 0 0.038561 0.000000 0.000000 0.000000 0.000000 1721419357.815951
7757691.574291 -363593.354338 0.052715 0.614406 0.067591 0 0.052715 0.000000 0.000000 0.000000 0.000000 1721419358.015730
7757691.704831 -363593.345378 0.058351 0.638151 0.021000 0 0.058351 0.000000 0.000000 0.000000 0.000000 1721419358.215514
7757691.833685 -363593.335034 0.055646 0.644087 -0.005232 0 0.055646 0.000000 0.000000 0.000000 0.000000 1721419358.415560
7757691.960942 -363593.325054 0.047419 0.653981 -0.005926 0 0.047419 0.000000 0.000000 0.000000 0.000000 1721419358.615627
7757692.083072 -363593.317461 0.042159 0.652002 -0.004747 0 0.042159 0.000000 0.000000 0.000000 0.000000 1721419358.815578
7757692.206815 -363593.314070 0.038768 0.588682 0.005069 0 0.038768 0.000000 0.000000 0.000000 0.000000 1721419359.015518
7757692.326758 -363593.301241 0.038720 0.564937 0.012561 0 0.038720 0.000000 0.000000 0.000000 0.000000 1721419359.215268
7757692.437579 -363593.297247 0.038993 0.578788 -0.004991 0 0.038993 0.000000 0.000000 0.000000 0.000000 1721419359.415071
7757692.543502 -363593.290095 0.031649 0.533276 -0.010365 0 0.031649 0.000000 0.000000 0.000000 0.000000 1721419359.614829
7757692.653705 -363593.291888 0.033442 0.545149 0.027802 0 0.033442 0.000000 0.000000 0.000000 0.000000 1721419359.814601
7757692.756322 -363593.274976 0.040025 0.529319 0.063143 0 0.040025 0.000000 0.000000 0.000000 0.000000 1721419360.014311
7757692.861928 -363593.273189 0.054452 0.497659 0.089369 0 0.054452 0.000000 0.000000 0.000000 0.000000 1721419360.213972
7757692.981506 -363593.265471 0.070184 0.485786 0.061741 0 0.070184 0.000000 0.000000 0.000000 0.000000 1721419360.463545
7757693.081237 -363593.256030 0.074531 0.471935 0.019847 0 0.074531 0.000000 0.000000 0.000000 0.000000 1721419360.663348
7757693.195769 -363593.253770 0.069091 0.469956 -0.010157 0 0.069091 0.000000 0.000000 0.000000 0.000000 1721419360.913253
7757693.311576 -363593.243075 0.064481 0.489744 -0.010157 0 0.064481 0.000000 0.000000 0.000000 0.000000 1721419361.162854
7757693.412015 -363593.230739 0.061127 0.477871 0.010928 0 0.061127 0.000000 0.000000 0.000000 0.000000 1721419361.362613
7757693.531504 -363593.220562 0.060118 0.477871 0.010477 0 0.060118 0.000000 0.000000 0.000000 0.000000 1721419361.612314
7757693.651044 -363593.212890 0.055524 0.489744 -0.012723 0 0.055524 0.000000 0.000000 0.000000 0.000000 1721419361.862038
7757693.766866 -363593.207685 0.050098 0.473913 0.000384 0 0.050098 0.000000 0.000000 0.000000 0.000000 1721419362.111746
7757693.877477 -363593.197851 0.046452 0.481829 -0.022329 0 0.046452 0.000000 0.000000 0.000000 0.000000 1721419362.361497
7757694.005551 -363593.189237 0.029423 0.481829 -0.075727 0 0.029423 0.000000 0.000000 0.000000 0.000000 1721419362.611382
7757694.115378 -363593.191482 0.003124 0.473913 -0.121386 0 0.003124 0.000000 0.000000 0.000000 0.000000 1721419362.861412
7757694.216823 -363593.181528 -0.030354 0.481829 -0.165182 0 -0.030354 0.000000 0.000000 0.000000 0.000000 1721419363.061263
7757694.317525 -363593.187704 -0.070359 0.475892 -0.207078 0 -0.070359 0.000000 0.000000 0.000000 0.000000 1721419363.261346
7757694.432951 -363593.200025 -0.129200 0.485786 -0.250423 0 -0.129200 0.000000 0.000000 0.000000 0.000000 1721419363.511431
7757694.548652 -363593.214673 -0.199490 0.467977 -0.293267 0 -0.199490 0.000000 0.000000 0.000000 0.000000 1721419363.761508
7757694.647294 -363593.235824 -0.261311 0.489744 -0.302855 0 -0.261311 0.000000 0.000000 0.000000 0.000000 1721419363.961493
7757694.766691 -363593.262551 -0.339823 0.483807 -0.303319 0 -0.339823 0.000000 0.000000 0.000000 0.000000 1721419364.211336
7757694.862463 -363593.298554 -0.401370 0.505574 -0.263061 0 -0.401370 0.000000 0.000000 0.000000 0.000000 1721419364.411263
7757694.977889 -363593.346940 -0.468009 0.507552 -0.209427 0 -0.468009 0.000000 0.000000 0.000000 0.000000 1721419364.660948
7757695.072875 -363593.396392 -0.508804 0.529319 -0.170792 0 -0.508804 0.000000 0.000000 0.000000 0.000000 1721419364.860656
7757695.164902 -363593.448468 -0.545836 0.529319 -0.168458 0 -0.545836 0.000000 0.000000 0.000000 0.000000 1721419365.060280
7757695.259807 -363593.502299 -0.591222 0.531298 -0.213648 0 -0.591222 0.000000 0.000000 0.000000 0.000000 1721419365.260042
7757695.368028 -363593.567847 -0.655520 0.515468 -0.262121 0 -0.655520 0.000000 0.000000 0.000000 0.000000 1721419365.509838
7757695.449282 -363593.634235 -0.720059 0.521404 -0.298652 0 -0.720059 0.000000 0.000000 0.000000 0.000000 1721419365.709692
7757695.527447 -363593.699159 -0.783327 0.515468 -0.305932 0 -0.783327 0.000000 0.000000 0.000000 0.000000 1721419365.909589
7757695.608564 -363593.791907 -0.863613 0.483807 -0.307085 0 -0.863613 0.000000 0.000000 0.000000 0.000000 1721419366.159431
7757695.691023 -363593.886339 -0.938543 0.483807 -0.266339 0 -0.938543 0.000000 0.000000 0.000000 0.000000 1721419366.409196
7757695.759997 -363593.982864 -0.996186 0.477871 -0.208944 0 -0.996186 0.000000 0.000000 0.000000 0.000000 1721419366.658855
7757695.823731 -363594.066229 -1.034032 0.497659 -0.177584 0 -1.034032 0.000000 0.000000 0.000000 0.000000 1721419366.858562
7757695.882105 -363594.173301 -1.079558 0.535255 -0.171045 0 -1.079558 0.000000 0.000000 0.000000 0.000000 1721419367.108176
7757695.936669 -363594.283083 -1.136451 0.489744 -0.229103 0 -1.136451 0.000000 0.000000 0.000000 0.000000 1721419367.357882
7757695.985372 -363594.377760 -1.191973 0.505574 -0.266575 0 -1.191973 0.000000 0.000000 0.000000 0.000000 1721419367.557739
7757696.030924 -363594.497055 -1.268239 0.473913 -0.302151 0 -1.268239 0.000000 0.000000 0.000000 0.000000 1721419367.807672
7757696.069172 -363594.609526 -1.348051 0.487765 -0.304988 0 -1.348051 0.000000 0.000000 0.000000 0.000000 1721419368.057586
7757696.089011 -363594.709755 -1.404125 0.475892 -0.257436 0 -1.404125 0.000000 0.000000 0.000000 0.000000 1721419368.257415
7757696.107957 -363594.829798 -1.463973 0.505574 -0.211295 0 -1.463973 0.000000 0.000000 0.000000 0.000000 1721419368.507138
7757696.122291 -363594.934871 -1.507235 0.509531 -0.168201 0 -1.507235 0.000000 0.000000 0.000000 0.000000 1721419368.706790
7757696.132200 -363595.049408 -1.539606 0.513489 -0.128634 0 -1.539606 0.000000 0.000000 0.000000 0.000000 1721419368.906422
7757696.138044 -363595.161650 -1.567254 0.531298 -0.091177 0 -1.567254 0.000000 0.000000 0.000000 0.000000 1721419369.105982
7757696.133894 -363595.265396 -1.583407 0.551085 -0.051355 0 -1.583407 0.000000 0.000000 0.000000 0.000000 1721419369.305563
7757696.126524 -363595.384788 -1.589210 0.537234 -0.007348 0 -1.589210 0.000000 0.000000 0.000000 0.000000 1721419369.505143
7757696.139669 -363595.496897 -1.591047 0.521404 0.005310 0 -1.591047 0.000000 0.000000 0.000000 0.000000 1721419369.704710
7757696.127307 -363595.610156 -1.590664 0.519425 0.019814 0 -1.590664 0.000000 0.000000 0.000000 0.000000 1721419369.904291
7757696.130786 -363595.738067 -1.579287 0.521404 0.078848 0 -1.579287 0.000000 0.000000 0.000000 0.000000 1721419370.153827
7757696.147025 -363595.848153 -1.555239 0.503595 0.125432 0 -1.555239 0.000000 0.000000 0.000000 0.000000 1721419370.403392
7757696.139872 -363595.953483 -1.529431 0.487765 0.157061 0 -1.529431 0.000000 0.000000 0.000000 0.000000 1721419370.603178
7757696.157425 -363596.078986 -1.483284 0.503595 0.209966 0 -1.483284 0.000000 0.000000 0.000000 0.000000 1721419370.852993
7757696.175016 -363596.193061 -1.428599 0.501616 0.266187 0 -1.428599 0.000000 0.000000 0.000000 0.000000 1721419371.102930
7757696.198021 -363596.309328 -1.364399 0.485786 0.311149 0 -1.364399 0.000000 0.000000 0.000000 0.000000 1721419371.352824
7757696.224983 -363596.418838 -1.294837 0.491722 0.312534 0 -1.294837 0.000000 0.000000 0.000000 0.000000 1721419371.602541
7757696.258900 -363596.527237 -1.231924 0.481829 0.274384 0 -1.231924 0.000000 0.000000 0.000000 0.000000 1721419371.852254
7757696.301311 -363596.636010 -1.169697 0.469956 0.277420 0 -1.169697 0.000000 0.000000 0.000000 0.000000 1721419372.102048
7757696.353296 -363596.747783 -1.104577 0.483807 0.278118 0 -1.104577 0.000000 0.000000 0.000000 0.000000 1721419372.351979
7757696.404730 -363596.853869 -1.042227 0.493701 0.283993 0 -1.042227 0.000000 0.000000 0.000000 0.000000 1721419372.601928
7757696.477144 -363596.957192 -0.970794 0.501616 0.306704 0 -0.970794 0.000000 0.000000 0.000000 0.000000 1721419372.851763
7757696.540542 -363597.048170 -0.902261 0.473913 0.307163 0 -0.902261 0.000000 0.000000 0.000000 0.000000 1721419373.101514
7757696.614922 -363597.144272 -0.833478 0.477871 0.261979 0 -0.833478 0.000000 0.000000 0.000000 0.000000 1721419373.351275
7757696.700030 -363597.225326 -0.778366 0.503595 0.213961 0 -0.778366 0.000000 0.000000 0.000000 0.000000 1721419373.601115
7757696.786189 -363597.304576 -0.742718 0.529319 0.185864 0 -0.742718 0.000000 0.000000 0.000000 0.000000 1721419373.801057
7757696.860496 -363597.386543 -0.695690 0.507552 0.218187 0 -0.695690 0.000000 0.000000 0.000000 0.000000 1721419374.050870
7757696.941215 -363597.448085 -0.648731 0.499637 0.268061 0 -0.648731 0.000000 0.000000 0.000000 0.000000 1721419374.250572
7757697.036520 -363597.517745 -0.577082 0.491722 0.309022 0 -0.577082 0.000000 0.000000 0.000000 0.000000 1721419374.500152
7757697.147711 -363597.580244 -0.503011 0.505574 0.314438 0 -0.503011 0.000000 0.000000 0.000000 0.000000 1721419374.749773
7757697.267433 -363597.634905 -0.435237 0.469956 0.283054 0 -0.435237 0.000000 0.000000 0.000000 0.000000 1721419374.999570
7757697.363131 -363597.685244 -0.378282 0.513489 0.221941 0 -0.378282 0.000000 0.000000 0.000000 0.000000 1721419375.249598
7757697.465216 -363597.719378 -0.343712 0.513489 0.179561 0 -0.343712 0.000000 0.000000 0.000000 0.000000 1721419375.449687
7757697.569132 -363597.750294 -0.316743 0.519425 0.138791 0 -0.316743 0.000000 0.000000 0.000000 0.000000 1721419375.649719
7757697.664199 -363597.783401 -0.295870 0.515468 0.100842 0 -0.295870 0.000000 0.000000 0.000000 0.000000 1721419375.849754
7757697.761976 -363597.808608 -0.284823 0.529319 0.055431 0 -0.284823 0.000000 0.000000 0.000000 0.000000 1721419376.049750
7757697.857222 -363597.839636 -0.280649 0.507552 0.033428 0 -0.280649 0.000000 0.000000 0.000000 0.000000 1721419376.249770
7757697.966375 -363597.862645 -0.271345 0.491722 0.082840 0 -0.271345 0.000000 0.000000 0.000000 0.000000 1721419376.449723
7757698.082089 -363597.895666 -0.248876 0.497659 0.104119 0 -0.248876 0.000000 0.000000 0.000000 0.000000 1721419376.699468
7757698.205448 -363597.916638 -0.232337 0.517446 0.069466 0 -0.232337 0.000000 0.000000 0.000000 0.000000 1721419376.949217
7757698.311845 -363597.941162 -0.228088 0.485786 0.020297 0 -0.228088 0.000000 0.000000 0.000000 0.000000 1721419377.149033
7757698.431568 -363597.964381 -0.235857 0.499637 -0.005926 0 -0.235857 0.000000 0.000000 0.000000 0.000000 1721419377.398777
7757698.532248 -363597.991980 -0.240978 0.485786 -0.006413 0 -0.240978 0.000000 0.000000 0.000000 0.000000 1721419377.648491
7757698.630391 -363598.012323 -0.244206 0.491722 -0.006620 0 -0.244206 0.000000 0.000000 0.000000 0.000000 1721419377.848206
7757698.744549 -363598.033756 -0.244194 0.493701 0.013287 0 -0.244194 0.000000 0.000000 0.000000 0.000000 1721419378.047878
7757698.849039 -363598.063946 -0.245873 0.481829 -0.000795 0 -0.245873 0.000000 0.000000 0.000000 0.000000 1721419378.297452
7757698.952493 -363598.084404 -0.248349 0.489744 0.021236 0 -0.248349 0.000000 0.000000 0.000000 0.000000 1721419378.497057
7757699.078268 -363598.116336 -0.241393 0.485786 0.069462 0 -0.241393 0.000000 0.000000 0.000000 0.000000 1721419378.746592
7757699.189721 -363598.138942 -0.222443 0.515468 0.118656 0 -0.222443 0.000000 0.000000 0.000000 0.000000 1721419378.996117
7757699.298078 -363598.160603 -0.196914 0.489744 0.149806 0 -0.196914 0.000000 0.000000 0.000000 0.000000 1721419379.195644
7757699.411827 -363598.177576 -0.160927 0.489744 0.156127 0 -0.160927 0.000000 0.000000 0.000000 0.000000 1721419379.445254
7757699.526880 -363598.188628 -0.135291 0.505574 0.124259 0 -0.135291 0.000000 0.000000 0.000000 0.000000 1721419379.645157
7757699.626020 -363598.208192 -0.117544 0.505574 0.064328 0 -0.117544 0.000000 0.000000 0.000000 0.000000 1721419379.895186
7757699.735696 -363598.217523 -0.115666 0.485786 0.019118 0 -0.115666 0.000000 0.000000 0.000000 0.000000 1721419380.095268
7757699.850098 -363598.228492 -0.120928 0.491722 -0.006169 0 -0.120928 0.000000 0.000000 0.000000 0.000000 1721419380.345334
7757699.967632 -363598.238485 -0.124168 0.499637 -0.005476 0 -0.124168 0.000000 0.000000 0.000000 0.000000 1721419380.545278
7757700.083786 -363598.255801 -0.129323 0.507552 -0.003360 0 -0.129323 0.000000 0.000000 0.000000 0.000000 1721419380.795087
7757700.184425 -363598.267249 -0.128540 0.491722 0.016549 0 -0.128540 0.000000 0.000000 0.000000 0.000000 1721419380.994751
7757700.308091 -363598.282695 -0.127928 0.513489 0.005310 0 -0.127928 0.000000 0.000000 0.000000 0.000000 1721419381.244276
7757700.424302 -363598.290377 -0.130748 0.523383 -0.005476 0 -0.130748 0.000000 0.000000 0.000000 0.000000 1721419381.443949
7757700.563669 -363598.315116 -0.128523 0.513489 0.032942 0 -0.128523 0.000000 0.000000 0.000000 0.000000 1721419381.743511
7757700.684157 -363598.328390 -0.114240 0.499637 0.087754 0 -0.114240 0.000000 0.000000 0.000000 0.000000 1721419381.993033
7757700.801360 -363598.338378 -0.088091 0.509531 0.143005 0 -0.088091 0.000000 0.000000 0.000000 0.000000 1721419382.242557
7757700.913368 -363598.342720 -0.058387 0.509531 0.176980 0 -0.058387 0.000000 0.000000 0.000000 0.000000 1721419382.442275
7757701.024166 -363598.343905 -0.010828 0.501616 0.223797 0 -0.010828 0.000000 0.000000 0.000000 0.000000 1721419382.692072
7757701.130845 -363598.347869 0.033589 0.499637 0.238791 0 0.033589 0.000000 0.000000 0.000000 0.000000 1721419382.892020
7757701.243195 -363598.338284 0.087097 0.499637 0.212811 0 0.087097 0.000000 0.000000 0.000000 0.000000 1721419383.142053
7757701.356515 -363598.327956 0.121498 0.499637 0.168751 0 0.121498 0.000000 0.000000 0.000000 0.000000 1721419383.342218
7757701.471380 -363598.309080 0.154307 0.501616 0.126141 0 0.154307 0.000000 0.000000 0.000000 0.000000 1721419383.592157
7757701.593073 -363598.285122 0.174055 0.519425 0.068522 0 0.174055 0.000000 0.000000 0.000000 0.000000 1721419383.842245
7757701.692365 -363598.263822 0.180337 0.513489 0.026376 0 0.180337 0.000000 0.000000 0.000000 0.000000 1721419384.042322
7757701.793153 -363598.244851 0.176440 0.513489 -0.002875 0 0.176440 0.000000 0.000000 0.000000 0.000000 1721419384.242397
7757701.892103 -363598.224716 0.169968 0.499637 -0.010608 0 0.169968 0.000000 0.000000 0.000000 0.000000 1721419384.442377
7757701.994622 -363598.199538 0.165476 0.523383 0.009750 0 0.165476 0.000000 0.000000 0.000000 0.000000 1721419384.642295
7757702.096514 -363598.184148 0.164697 0.505574 0.012352 0 0.164697 0.000000 0.000000 0.000000 0.000000 1721419384.842182
7757702.206793 -363598.167353 0.160494 0.460062 -0.006413 0 0.160494 0.000000 0.000000 0.000000 0.000000 1721419385.091985
7757702.336415 -363598.147215 0.154073 0.473913 -0.006863 0 0.154073 0.000000 0.000000 0.000000 0.000000 1721419385.341692
7757702.452140 -363598.123151 0.150525 0.515468 0.006488 0 0.150525 0.000000 0.000000 0.000000 0.000000 1721419385.591441
7757702.556579 -363598.108353 0.150212 0.517446 0.009750 0 0.150212 0.000000 0.000000 0.000000 0.000000 1721419385.791160
7757702.681211 -363598.086880 0.147194 0.471935 -0.014353 0 0.147194 0.000000 0.000000 0.000000 0.000000 1721419386.040822
7757702.781259 -363598.067656 0.143078 0.499637 -0.010850 0 0.143078 0.000000 0.000000 0.000000 0.000000 1721419386.240539
7757702.898082 -363598.052045 0.142051 0.489744 0.013045 0 0.142051 0.000000 0.000000 0.000000 0.000000 1721419386.490156
7757703.015339 -363598.037139 0.138704 0.471935 -0.005926 0 0.138704 0.000000 0.000000 0.000000 0.000000 1721419386.739814
7757703.119404 -363598.016001 0.134392 0.483807 -0.006413 0 0.134392 0.000000 0.000000 0.000000 0.000000 1721419386.939613
7757703.236282 -363597.999487 0.129555 0.477871 0.006731 0 0.129555 0.000000 0.000000 0.000000 0.000000 1721419387.189318
7757703.361056 -363597.981610 0.129676 0.517446 0.008120 0 0.129676 0.000000 0.000000 0.000000 0.000000 1721419387.439026
7757703.477985 -363597.962751 0.126169 0.475892 -0.015775 0 0.126169 0.000000 0.000000 0.000000 0.000000 1721419387.688790
7757703.599389 -363597.947530 0.119267 0.485786 0.004615 0 0.119267 0.000000 0.000000 0.000000 0.000000 1721419387.938685
7757703.716089 -363597.931026 0.117276 0.469956 0.008361 0 0.117276 0.000000 0.000000 0.000000 0.000000 1721419388.188490
7757703.819362 -363597.916383 0.115051 0.473913 0.007875 0 0.115051 0.000000 0.000000 0.000000 0.000000 1721419388.388233
7757703.939779 -363597.901788 0.107679 0.509531 -0.007106 0 0.107679 0.000000 0.000000 0.000000 0.000000 1721419388.637906
7757704.043406 -363597.887846 0.103137 0.541191 -0.008492 0 0.103137 0.000000 0.000000 0.000000 0.000000 1721419388.837664
7757704.155841 -363597.871615 0.098626 0.513489 0.007425 0 0.098626 0.000000 0.000000 0.000000 0.000000 1721419389.037367
7757704.272612 -363597.861265 0.099478 0.491722 0.014919 0 0.099478 0.000000 0.000000 0.000000 0.000000 1721419389.286985
7757704.392565 -363597.847379 0.096098 0.509531 -0.005926 0 0.096098 0.000000 0.000000 0.000000 0.000000 1721419389.486660
7757704.503535 -363597.831247 0.091441 0.533276 -0.005926 0 0.091441 0.000000 0.000000 0.000000 0.000000 1721419389.736369
7757704.619752 -363597.824244 0.088388 0.509531 -0.005684 0 0.088388 0.000000 0.000000 0.000000 0.000000 1721419389.936077
7757704.748086 -363597.812750 0.085983 0.507552 0.009749 0 0.085983 0.000000 0.000000 0.000000 0.000000 1721419390.185868
7757704.853173 -363597.800615 0.087763 0.507552 0.009542 0 0.087763 0.000000 0.000000 0.000000 0.000000 1721419390.385548
7757704.968433 -363597.788577 0.083796 0.509531 -0.010365 0 0.083796 0.000000 0.000000 0.000000 0.000000 1721419390.635293
7757705.077187 -363597.780551 0.078739 0.503595 -0.005233 0 0.078739 0.000000 0.000000 0.000000 0.000000 1721419390.835148
7757705.178641 -363597.768151 0.076780 0.481829 0.006939 0 0.076780 0.000000 0.000000 0.000000 0.000000 1721419391.034851
7757705.289023 -363597.758095 0.074393 0.501616 0.008605 0 0.074393 0.000000 0.000000 0.000000 0.000000 1721419391.284518
7757705.389912 -363597.745251 0.069668 0.460062 -0.008492 0 0.069668 0.000000 0.000000 0.000000 0.000000 1721419391.484229
7757705.509213 -363597.742919 0.064490 0.481829 -0.009914 0 0.064490 0.000000 0.000000 0.000000 0.000000 1721419391.733881
7757705.634718 -363597.729934 0.061703 0.507552 0.008813 0 0.061703 0.000000 0.000000 0.000000 0.000000 1721419391.983517
7757705.739653 -363597.720897 0.060744 0.517446 0.010235 0 0.060744 0.000000 0.000000 0.000000 0.000000 1721419392.183231
7757705.861479 -363597.715471 0.059258 0.487765 -0.006169 0 0.059258 0.000000 0.000000 0.000000 0.000000 1721419392.433072
7757705.996145 -363597.705915 0.054063 0.503595 -0.006863 0 0.054063 0.000000 0.000000 0.000000 0.000000 1721419392.683060
7757706.096146 -363597.700146 0.050310 0.523383 0.000385 0 0.050310 0.000000 0.000000 0.000000 0.000000 1721419392.883007
7757706.209728 -363597.695579 0.049892 0.523383 0.013046 0 0.049892 0.000000 0.000000 0.000000 0.000000 1721419393.082814
7757706.309210 -363597.683381 0.047438 0.509531 -0.012238 0 0.047438 0.000000 0.000000 0.000000 0.000000 1721419393.332515
7757706.410810 -363597.674980 0.041921 0.521404 -0.012238 0 0.041921 0.000000 0.000000 0.000000 0.000000 1721419393.532275
7757706.541830 -363597.669313 0.040470 0.525361 0.006940 0 0.040470 0.000000 0.000000 0.000000 0.000000 1721419393.731947
7757706.660702 -363597.664567 0.038870 0.517446 0.006003 0 0.038870 0.000000 0.000000 0.000000 0.000000 1721419393.981597
7757706.774452 -363597.655606 0.035148 0.499637 -0.004540 0 0.035148 0.000000 0.000000 0.000000 0.000000 1721419394.231263
7757706.900709 -363597.649436 0.028642 0.460062 -0.009914 0 0.028642 0.000000 0.000000 0.000000 0.000000 1721419394.481176
7757707.003010 -363597.648498 0.023483 0.424444 0.009539 0 0.023483 0.000000 0.000000 0.000000 0.000000 1721419394.731019
7757707.110093 -363597.646068 0.023372 0.392784 0.008359 0 0.023372 0.000000 0.000000 0.000000 0.000000 1721419394.980853
7757707.219028 -363597.637406 0.019450 0.386848 -0.010157 0 0.019450 0.000000 0.000000 0.000000 0.000000 1721419395.280573
7757707.326954 -363597.630810 0.015120 0.396742 0.001562 0 0.015120 0.000000 0.000000 0.000000 0.000000 1721419395.580220
7757707.431254 -363597.631451 0.014880 0.388827 0.007665 0 0.014880 0.000000 0.000000 0.000000 0.000000 1721419395.829888
7757707.542647 -363597.625218 0.013915 0.394763 0.003192 0 0.013915 0.000000 0.000000 0.000000 0.000000 1721419396.179544
7757707.645528 -363597.626731 0.008168 0.422466 -0.006170 0 0.008168 0.000000 0.000000 0.000000 0.000000 1721419396.379344
7757707.751985 -363597.615521 0.001725 0.465998 -0.007106 0 0.001725 0.000000 0.000000 0.000000 0.000000 1721419396.629244
7757707.886603 -363597.618031 -0.001517 0.458083 0.004858 0 -0.001517 0.000000 0.000000 0.000000 0.000000 1721419396.879181
7757707.989804 -363597.615995 -0.003289 0.485786 0.005795 0 -0.003289 0.000000 0.000000 0.000000 0.000000 1721419397.128925
7757708.109749 -363597.613952 -0.006334 0.483807 0.006246 0 -0.006334 0.000000 0.000000 0.000000 0.000000 1721419397.378682
7757708.230978 -363597.615189 -0.009146 0.487765 -0.005476 0 -0.009146 0.000000 0.000000 0.000000 0.000000 1721419397.628626
7757708.343185 -363597.614577 -0.014600 0.487765 -0.008979 0 -0.014600 0.000000 0.000000 0.000000 0.000000 1721419397.878476
7757708.473757 -363597.611666 -0.016474 0.501616 0.008118 0 -0.016474 0.000000 0.000000 0.000000 0.000000 1721419398.128275
7757708.594236 -363597.612955 -0.016591 0.489744 0.007668 0 -0.016591 0.000000 0.000000 0.000000 0.000000 1721419398.377987
7757708.717082 -363597.610116 -0.019686 0.467977 -0.010608 0 -0.019686 0.000000 0.000000 0.000000 0.000000 1721419398.627698
7757708.822456 -363597.614846 -0.024905 0.483807 -0.003811 0 -0.024905 0.000000 0.000000 0.000000 0.000000 1721419398.877459
7757708.927673 -363597.616384 -0.026411 0.505574 0.009055 0 -0.026411 0.000000 0.000000 0.000000 0.000000 1721419399.077247
7757709.048736 -363597.618148 -0.030447 0.531298 0.006732 0 -0.030447 0.000000 0.000000 0.000000 0.000000 1721419399.326960
7757709.172127 -363597.615475 -0.035982 0.523383 -0.009914 0 -0.035982 0.000000 0.000000 0.000000 0.000000 1721419399.526724
7757709.305922 -363597.616058 -0.039282 0.541191 0.004859 0 -0.039282 0.000000 0.000000 0.000000 0.000000 1721419399.776436
7757709.414872 -363597.617596 -0.041469 0.529319 0.004615 0 -0.041469 0.000000 0.000000 0.000000 0.000000 1721419399.976145
7757709.543096 -363597.622544 -0.046093 0.519425 -0.005476 0 -0.046093 0.000000 0.000000 0.000000 0.000000 1721419400.225950
7757709.648698 -363597.620067 -0.051319 0.525361 -0.008284 0 -0.051319 0.000000 0.000000 0.000000 0.000000 1721419400.425936
7757709.748776 -363597.628965 -0.056682 0.497659 -0.006863 0 -0.056682 0.000000 0.000000 0.000000 0.000000 1721419400.625828
7757709.876575 -363597.636052 -0.056913 0.509531 0.013045 0 -0.056913 0.000000 0.000000 0.000000 0.000000 1721419400.875581
7757709.992887 -363597.639151 -0.057448 0.489744 0.006246 0 -0.057448 0.000000 0.000000 0.000000 0.000000 1721419401.125295
7757710.115311 -363597.647304 -0.062063 0.477871 -0.007106 0 -0.062063 0.000000 0.000000 0.000000 0.000000 1721419401.375053
7757710.226646 -363597.652145 -0.066508 0.477871 -0.006863 0 -0.066508 0.000000 0.000000 0.000000 0.000000 1721419401.624811
7757710.330649 -363597.655711 -0.069481 0.501616 0.006488 0 -0.069481 0.000000 0.000000 0.000000 0.000000 1721419401.824605
7757710.452635 -363597.662720 -0.070680 0.509531 0.009992 0 -0.070680 0.000000 0.000000 0.000000 0.000000 1721419402.024369
7757710.566854 -363597.672266 -0.071737 0.515468 0.023111 0 -0.071737 0.000000 0.000000 0.000000 0.000000 1721419402.274175
7757710.669063 -363597.679744 -0.064774 0.523383 0.057313 0 -0.064774 0.000000 0.000000 0.000000 0.000000 1721419402.474117
7757710.775079 -363597.681212 -0.048163 0.521404 0.094294 0 -0.048163 0.000000 0.000000 0.000000 0.000000 1721419402.673961
7757710.878644 -363597.682921 -0.024567 0.529319 0.144656 0 -0.024567 0.000000 0.000000 0.000000 0.000000 1721419402.873710
7757710.984305 -363597.685449 0.005392 0.515468 0.144867 0 0.005392 0.000000 0.000000 0.000000 0.000000 1721419403.073480
7757711.092218 -363597.680957 0.026894 0.521404 0.096864 0 0.026894 0.000000 0.000000 0.000000 0.000000 1721419403.273502
7757711.200267 -363597.674575 0.037484 0.513489 0.056580 0 0.037484 0.000000 0.000000 0.000000 0.000000 1721419403.473731
7757711.320396 -363597.672817 0.037469 0.515468 0.003193 0 0.037469 0.000000 0.000000 0.000000 0.000000 1721419403.723937
7757711.426595 -363597.669995 0.031806 0.501616 -0.005476 0 0.031806 0.000000 0.000000 0.000000 0.000000 1721419403.923981
7757711.544529 -363597.662433 0.026708 0.501616 -0.009672 0 0.026708 0.000000 0.000000 0.000000 0.000000 1721419404.173909
7757711.667757 -363597.658522 0.023125 0.489744 0.016098 0 0.023125 0.000000 0.000000 0.000000 0.000000 1721419404.423725
7757711.784592 -363597.654357 0.021212 0.491722 -0.005233 0 0.021212 0.000000 0.000000 0.000000 0.000000 1721419404.673392
7757711.908777 -363597.645303 0.016414 0.477871 -0.008042 0 0.016414 0.000000 0.000000 0.000000 0.000000 1721419404.923048
7757712.026655 -363597.637787 0.012232 0.456105 0.002741 0 0.012232 0.000000 0.000000 0.000000 0.000000 1721419405.172663
7757712.150457 -363597.642236 0.009574 0.481829 0.008603 0 0.009574 0.000000 0.000000 0.000000 0.000000 1721419405.422328
7757712.266361 -363597.640040 0.006725 0.485786 0.003193 0 0.006725 0.000000 0.000000 0.000000 0.000000 1721419405.672040
7757712.380965 -363597.637267 0.001908 0.473913 -0.022329 0 0.001908 0.000000 0.000000 0.000000 0.000000 1721419405.921739
7757712.486375 -363597.636439 -0.000978 0.477871 0.007668 0 -0.000978 0.000000 0.000000 0.000000 0.000000 1721419406.171404
7757712.594336 -363597.622291 -0.002311 0.491722 0.008605 0 -0.002311 0.000000 0.000000 0.000000 0.000000 1721419406.371247
7757712.703856 -363597.623217 -0.004184 0.491722 -0.005926 0 -0.004184 0.000000 0.000000 0.000000 0.000000 1721419406.571019
7757712.822408 -363597.631783 -0.010710 0.497659 -0.008735 0 -0.010710 0.000000 0.000000 0.000000 0.000000 1721419406.820820
7757712.950756 -363597.629384 -0.015113 0.493701 0.006731 0 -0.015113 0.000000 0.000000 0.000000 0.000000 1721419407.070590
7757713.074289 -363597.627790 -0.017892 0.523383 0.011414 0 -0.017892 0.000000 0.000000 0.000000 0.000000 1721419407.320271
7757713.196780 -363597.620062 -0.020335 0.517446 -0.019971 0 -0.020335 0.000000 0.000000 0.000000 0.000000 1721419407.569991
7757713.299192 -363597.624609 -0.025049 0.513489 0.010686 0 -0.025049 0.000000 0.000000 0.000000 0.000000 1721419407.769832
7757713.428291 -363597.627669 -0.025599 0.519425 0.010477 0 -0.025599 0.000000 0.000000 0.000000 0.000000 1721419408.019542
7757713.554469 -363597.629218 -0.031372 0.497659 -0.010157 0 -0.031372 0.000000 0.000000 0.000000 0.000000 1721419408.269205
7757713.675102 -363597.631153 -0.036415 0.493701 0.004129 0 -0.036415 0.000000 0.000000 0.000000 0.000000 1721419408.518883
7757713.799880 -363597.634806 -0.037452 0.509531 0.011172 0 -0.037452 0.000000 0.000000 0.000000 0.000000 1721419408.768542
7757713.927779 -363597.637851 -0.039686 0.519425 -0.006413 0 -0.039686 0.000000 0.000000 0.000000 0.000000 1721419409.018255
7757714.045551 -363597.643518 -0.044529 0.499637 -0.008284 0 -0.044529 0.000000 0.000000 0.000000 0.000000 1721419409.267999
7757714.150221 -363597.643643 -0.044419 0.497659 0.009749 0 -0.044419 0.000000 0.000000 0.000000 0.000000 1721419409.467752
7757714.264280 -363597.646696 -0.045482 0.487765 0.003436 0 -0.045482 0.000000 0.000000 0.000000 0.000000 1721419409.717560
7757714.382441 -363597.647381 -0.051387 0.477871 -0.012723 0 -0.051387 0.000000 0.000000 0.000000 0.000000 1721419409.967559
7757714.496678 -363597.652981 -0.056103 0.471935 0.007875 0 -0.056103 0.000000 0.000000 0.000000 0.000000 1721419410.217392
7757714.616772 -363597.656903 -0.058444 0.473913 0.008118 0 -0.058444 0.000000 0.000000 0.000000 0.000000 1721419410.467112
7757714.739717 -363597.663561 -0.061487 0.485786 -0.009914 0 -0.061487 0.000000 0.000000 0.000000 0.000000 1721419410.716768
7757714.863804 -363597.666176 -0.068188 0.501616 -0.011787 0 -0.068188 0.000000 0.000000 0.000000 0.000000 1721419410.966532
7757714.965631 -363597.670586 -0.070219 0.503595 0.011172 0 -0.070219 0.000000 0.000000 0.000000 0.000000 1721419411.166237
7757715.089934 -363597.684865 -0.070193 0.519425 0.009750 0 -0.070193 0.000000 0.000000 0.000000 0.000000 1721419411.416051
7757715.191530 -363597.692012 -0.076499 0.497659 -0.012030 0 -0.076499 0.000000 0.000000 0.000000 0.000000 1721419411.615984
7757715.292541 -363597.697453 -0.079944 0.523383 0.000627 0 -0.079944 0.000000 0.000000 0.000000 0.000000 1721419411.815924
7757715.399966 -363597.699524 -0.079264 0.519425 0.027106 0 -0.079264 0.000000 0.000000 0.000000 0.000000 1721419412.015813
7757715.499996 -363597.708614 -0.073196 0.531298 0.060351 0 -0.073196 0.000000 0.000000 0.000000 0.000000 1721419412.215631
7757715.600334 -363597.714629 -0.056390 0.515468 0.097109 0 -0.056390 0.000000 0.000000 0.000000 0.000000 1721419412.415334
7757715.707112 -363597.713574 -0.032158 0.491722 0.146295 0 -0.032158 0.000000 0.000000 0.000000 0.000000 1721419412.615049
7757715.830466 -363597.720626 0.006825 0.519425 0.173935 0 0.006825 0.000000 0.000000 0.000000 0.000000 1721419412.864800
7757715.932834 -363597.718891 0.039465 0.513489 0.175312 0 0.039465 0.000000 0.000000 0.000000 0.000000 1721419413.064692
7757716.034936 -363597.710754 0.065616 0.529319 0.131768 0 0.065616 0.000000 0.000000 0.000000 0.000000 1721419413.264640
7757716.140970 -363597.698845 0.084574 0.501616 0.094538 0 0.084574 0.000000 0.000000 0.000000 0.000000 1721419413.464587
7757716.241179 -363597.693005 0.095268 0.533276 0.054246 0 0.095268 0.000000 0.000000 0.000000 0.000000 1721419413.664518
7757716.347020 -363597.675896 0.097027 0.525361 0.007425 0 0.097027 0.000000 0.000000 0.000000 0.000000 1721419413.864461
7757716.451034 -363597.666111 0.092223 0.521404 -0.017161 0 0.092223 0.000000 0.000000 0.000000 0.000000 1721419414.064409
7757716.556402 -363597.653134 0.088953 0.539213 0.008813 0 0.088953 0.000000 0.000000 0.000000 0.000000 1721419414.264264
7757716.662004 -363597.641537 0.087869 0.531298 0.008120 0 0.087869 0.000000 0.000000 0.000000 0.000000 1721419414.464110
7757716.769768 -363597.631917 0.083283 0.513489 -0.008492 0 0.083283 0.000000 0.000000 0.000000 0.000000 1721419414.663923
7757716.869455 -363597.623126 0.078367 0.503595 -0.008492 0 0.078367 0.000000 0.000000 0.000000 0.000000 1721419414.863671
7757716.991289 -363597.609125 0.075059 0.487765 0.009749 0 0.075059 0.000000 0.000000 0.000000 0.000000 1721419415.113322
7757717.114914 -363597.599992 0.073816 0.501616 0.009992 0 0.073816 0.000000 0.000000 0.000000 0.000000 1721419415.362988
7757717.238576 -363597.589228 0.069015 0.501616 -0.022573 0 0.069015 0.000000 0.000000 0.000000 0.000000 1721419415.612733
7757717.358208 -363597.580053 0.064659 0.499637 0.004130 0 0.064659 0.000000 0.000000 0.000000 0.000000 1721419415.862422
7757717.476632 -363597.568599 0.062772 0.475892 0.005066 0 0.062772 0.000000 0.000000 0.000000 0.000000 1721419416.112128
7757717.592207 -363597.559019 0.059558 0.465998 -0.008492 0 0.059558 0.000000 0.000000 0.000000 0.000000 1721419416.361835
7757717.707551 -363597.548911 0.054389 0.458083 -0.008284 0 0.054389 0.000000 0.000000 0.000000 0.000000 1721419416.611543
7757717.827349 -363597.544383 0.051781 0.473913 0.009054 0 0.051781 0.000000 0.000000 0.000000 0.000000 1721419416.861195
7757717.945214 -363597.533445 0.050553 0.489744 0.010235 0 0.050553 0.000000 0.000000 0.000000 0.000000 1721419417.110828
7757718.065654 -363597.531292 0.046290 0.487765 -0.015531 0 0.046290 0.000000 0.000000 0.000000 0.000000 1721419417.360565
7757718.172045 -363597.523755 0.043717 0.493701 0.004129 0 0.043717 0.000000 0.000000 0.000000 0.000000 1721419417.560239
7757718.294703 -363597.515071 0.041762 0.503595 0.005309 0 0.041762 0.000000 0.000000 0.000000 0.000000 1721419417.811882
7757718.421725 -363597.506570 0.038737 0.491722 0.002256 0 0.038737 0.000000 0.000000 0.000000 0.000000 1721419418.059612
7757718.543657 -363597.501812 0.032888 0.489744 -0.007799 0 0.032888 0.000000 0.000000 0.000000 0.000000 1721419418.309320
7757718.663724 -363597.498350 0.026434 0.489744 -0.006863 0 0.026434 0.000000 0.000000 0.000000 0.000000 1721419418.559116
7757718.768283 -363597.493566 0.025490 0.515468 0.010930 0 0.025490 0.000000 0.000000 0.000000 0.000000 1721419418.759030
7757718.889846 -363597.489173 0.025996 0.509531 0.008813 0 0.025996 0.000000 0.000000 0.000000 0.000000 1721419419.008812
7757718.997320 -363597.481068 0.022003 0.517446 -0.009914 0 0.022003 0.000000 0.000000 0.000000 0.000000 1721419419.208622
7757719.120466 -363597.477551 0.016196 0.517446 -0.010365 0 0.016196 0.000000 0.000000 0.000000 0.000000 1721419419.458290
7757719.247286 -363597.476454 0.013193 0.505574 0.007876 0 0.013193 0.000000 0.000000 0.000000 0.000000 1721419419.708085
7757719.350079 -363597.473088 0.011007 0.503595 0.007876 0 0.011007 0.000000 0.000000 0.000000 0.000000 1721419419.908081
7757719.476803 -363597.467834 0.007439 0.505574 -0.002667 0 0.007439 0.000000 0.000000 0.000000 0.000000 1721419420.158014
7757719.598484 -363597.467890 0.001202 0.505574 -0.010608 0 0.001202 0.000000 0.000000 0.000000 0.000000 1721419420.407902
7757719.699412 -363597.464189 -0.002313 0.519425 -0.004748 0 -0.002313 0.000000 0.000000 0.000000 0.000000 1721419420.607758
7757719.804749 -363597.466056 -0.002340 0.517446 0.014919 0 -0.002340 0.000000 0.000000 0.000000 0.000000 1721419420.807618
7757719.909152 -363597.466216 -0.003958 0.509531 -0.007106 0 -0.003958 0.000000 0.000000 0.000000 0.000000 1721419421.007418
7757720.031649 -363597.458924 -0.008782 0.487765 -0.008042 0 -0.008782 0.000000 0.000000 0.000000 0.000000 1721419421.257177
7757720.158373 -363597.463216 -0.013194 0.501616 0.006246 0 -0.013194 0.000000 0.000000 0.000000 0.000000 1721419421.506835
7757720.275615 -363597.464570 -0.014136 0.485786 0.008361 0 -0.014136 0.000000 0.000000 0.000000 0.000000 1721419421.756589
7757720.399625 -363597.463552 -0.017038 0.491722 -0.002425 0 -0.017038 0.000000 0.000000 0.000000 0.000000 1721419422.006248
7757720.522799 -363597.465513 -0.023131 0.491722 -0.008735 0 -0.023131 0.000000 0.000000 0.000000 0.000000 1721419422.256000
7757720.648260 -363597.464321 -0.024875 0.487765 0.012802 0 -0.024875 0.000000 0.000000 0.000000 0.000000 1721419422.505718
7757720.767281 -363597.467882 -0.029097 0.487765 -0.007557 0 -0.029097 0.000000 0.000000 0.000000 0.000000 1721419422.755425
7757720.867530 -363597.467863 -0.034355 0.481829 -0.007799 0 -0.034355 0.000000 0.000000 0.000000 0.000000 1721419422.955318
7757720.988937 -363597.466763 -0.038789 0.491722 0.009055 0 -0.038789 0.000000 0.000000 0.000000 0.000000 1721419423.205209
7757721.116104 -363597.475581 -0.040541 0.507552 0.009055 0 -0.040541 0.000000 0.000000 0.000000 0.000000 1721419423.454980
7757721.236102 -363597.480270 -0.042027 0.491722 -0.015289 0 -0.042027 0.000000 0.000000 0.000000 0.000000 1721419423.704727
7757721.340227 -363597.477940 -0.046672 0.519425 -0.009429 0 -0.046672 0.000000 0.000000 0.000000 0.000000 1721419423.904479
7757721.465892 -363597.483144 -0.046998 0.505574 0.013289 0 -0.046998 0.000000 0.000000 0.000000 0.000000 1721419424.154188
7757721.588300 -363597.488971 -0.052820 0.489744 -0.005476 0 -0.052820 0.000000 0.000000 0.000000 0.000000 1721419424.403902
7757721.696445 -363597.491131 -0.057245 0.491722 -0.006413 0 -0.057245 0.000000 0.000000 0.000000 0.000000 1721419424.603701
7757721.814431 -363597.494315 -0.061633 0.497659 0.008605 0 -0.061633 0.000000 0.000000 0.000000 0.000000 1721419424.853412
7757721.919402 -363597.503695 -0.061829 0.509531 0.009055 0 -0.061829 0.000000 0.000000 0.000000 0.000000 1721419425.053208
7757722.026253 -363597.511795 -0.064097 0.517446 0.003922 0 -0.064097 0.000000 0.000000 0.000000 0.000000 1721419425.253032
7757722.153894 -363597.511704 -0.070497 0.533276 -0.012480 0 -0.070497 0.000000 0.000000 0.000000 0.000000 1721419425.502680
7757722.255214 -363597.521044 -0.070333 0.507552 0.010686 0 -0.070333 0.000000 0.000000 0.000000 0.000000 1721419425.702438
7757722.375120 -363597.529604 -0.072724 0.483807 0.007668 0 -0.072724 0.000000 0.000000 0.000000 0.000000 1721419425.952327
7757722.503387 -363597.535162 -0.079377 0.509531 -0.010157 0 -0.079377 0.000000 0.000000 0.000000 0.000000 1721419426.202276
7757722.628312 -363597.540969 -0.083490 0.491722 0.007668 0 -0.083490 0.000000 0.000000 0.000000 0.000000 1721419426.452219
7757722.728094 -363597.549315 -0.084951 0.507552 0.009298 0 -0.084951 0.000000 0.000000 0.000000 0.000000 1721419426.652107
7757722.828618 -363597.549800 -0.087785 0.501616 0.003436 0 -0.087785 0.000000 0.000000 0.000000 0.000000 1721419426.851912
7757722.929363 -363597.560481 -0.091270 0.505574 -0.015775 0 -0.091270 0.000000 0.000000 0.000000 0.000000 1721419427.051767
7757723.051534 -363597.572436 -0.094385 0.497659 0.015161 0 -0.094385 0.000000 0.000000 0.000000 0.000000 1721419427.301660
7757723.168956 -363597.575002 -0.096521 0.446211 -0.009429 0 -0.096521 0.000000 0.000000 0.000000 0.000000 1721419427.551508
7757723.281117 -363597.588024 -0.102483 0.408614 -0.010850 0 -0.102483 0.000000 0.000000 0.000000 0.000000 1721419427.801414
7757723.392099 -363597.597279 -0.105970 0.359145 0.009053 0 -0.105970 0.000000 0.000000 0.000000 0.000000 1721419428.051201
7757723.508754 -363597.608840 -0.106870 0.234483 0.018659 0 -0.106870 0.000000 0.000000 0.000000 0.000000 1721419428.400710
7757723.612326 -363597.614684 -0.097411 0.092012 0.141590 0 -0.097411 0.000000 0.000000 0.000000 0.000000 1721419429.049670
7757723.720966 -363597.628340 -0.031813 0.252292 0.315374 0 -0.031813 0.000000 0.000000 0.000000 0.000000 1721419430.298385
7757723.834627 -363597.622572 0.033419 0.384869 0.291711 0 0.033419 0.000000 0.000000 0.000000 0.000000 1721419430.647913
7757723.938149 -363597.618239 0.090983 0.454126 0.290531 0 0.090983 0.000000 0.000000 0.000000 0.000000 1721419430.897812
7757724.062617 -363597.602408 0.151049 0.515468 0.223317 0 0.151049 0.000000 0.000000 0.000000 0.000000 1721419431.147755
7757724.172107 -363597.583769 0.192571 0.560979 0.181175 0 0.192571 0.000000 0.000000 0.000000 0.000000 1721419431.347647
7757724.283635 -363597.561166 0.225340 0.557022 0.140908 0 0.225340 0.000000 0.000000 0.000000 0.000000 1721419431.547490
7757724.393492 -363597.532694 0.251742 0.580767 0.106958 0 0.251742 0.000000 0.000000 0.000000 0.000000 1721419431.747392
7757724.513561 -363597.497603 0.266998 0.560979 0.064788 0 0.266998 0.000000 0.000000 0.000000 0.000000 1721419431.947281
7757724.627311 -363597.470192 0.274974 0.505574 0.018181 0 0.274974 0.000000 0.000000 0.000000 0.000000 1721419432.147226
7757724.726255 -363597.434742 0.270377 0.465998 -0.000552 0 0.270377 0.000000 0.000000 0.000000 0.000000 1721419432.347218
7757724.839295 -363597.405378 0.264390 0.372997 -0.004748 0 0.264390 0.000000 0.000000 0.000000 0.000000 1721419432.597070
7757724.943968 -363597.373740 0.259807 0.483807 -0.004748 0 0.259807 0.000000 0.000000 0.000000 0.000000 1721419432.896944
