7757799.040000	-363521.959000	-0.021156	2.777778	0.000000	1607174003.672650	
7757799.749000	-363521.973000	-0.032923	2.777778	-0.043528	1607174003.927940	
7757800.150000	-363521.993000	-0.060630	2.777778	-0.179207	1607174004.072479	
7757800.541000	-363522.017000	-0.053587	2.777778	0.047157	1607174004.213504	
7757800.983000	-363522.036000	-0.037660	2.777778	0.094223	1607174004.372771	
7757801.415000	-363522.053000	-0.047861	2.777778	-0.061854	1607174004.528411	
7757801.846000	-363522.081000	-0.082857	2.777778	-0.209573	1607174004.683898	
7757802.534000	-363522.132000	-0.088330	2.777778	-0.020820	1607174004.932258	
7757802.924000	-363522.173000	-0.113737	2.777778	-0.168462	1607174005.073432	
7757803.304000	-363522.215000	-0.102776	2.777778	0.075120	1607174005.211065	
7757803.754000	-363522.272000	-0.138348	2.777778	-0.203027	1607174005.374359	
7757804.194000	-363522.331000	-0.119227	2.777778	0.112589	1607174005.534177	
7757804.594000	-363522.377000	-0.116142	2.777778	0.020110	1607174005.679126	
7757804.982000	-363522.427000	-0.140205	2.777778	-0.160084	1607174005.819961	
7757805.388000	-363522.503000	-0.211204	2.777778	-0.423858	1607174005.968660	
7757805.773000	-363522.579000	-0.155985	2.777778	0.353822	1607174006.109934	
7757806.170000	-363522.640000	-0.153020	2.777778	0.019376	1607174006.254532	
7757806.557000	-363522.703000	-0.175136	2.777778	-0.146993	1607174006.395686	
7757807.072000	-363522.806000	-0.187317	2.777778	-0.060807	1607174006.584757	
7757807.485000	-363522.888000	-0.202779	2.777778	-0.096098	1607174006.736340	
7757807.886000	-363522.971000	-0.204673	2.777778	-0.012144	1607174006.883759	
7757808.541000	-363523.096000	-0.217277	2.777778	-0.049573	1607174007.123815	
7757808.995000	-363523.198000	-0.226567	2.777778	-0.052360	1607174007.291329	
7757809.437000	-363523.302000	-0.235361	2.777778	-0.050797	1607174007.454794	
7757809.847000	-363523.407000	-0.260091	2.777778	-0.152200	1607174007.607158	
7757810.237000	-363523.511000	-0.254225	2.777778	0.038137	1607174007.752464	
7757810.619000	-363523.598000	-0.211099	2.777778	0.281287	1607174007.893506	
7757810.990000	-363523.685000	-0.268309	2.777778	-0.375408	1607174008.030689	
7757811.427000	-363523.807000	-0.274892	2.777778	-0.038068	1607174008.194025	
7757811.862000	-363523.932000	-0.286913	2.777778	-0.069605	1607174008.356962	
7757812.280000	-363524.074000	-0.348655	2.777778	-0.351852	1607174008.515888	
7757812.678000	-363524.213000	-0.307337	2.777778	0.251815	1607174008.667655	
7757813.055000	-363524.325000	-0.280812	2.777778	0.175227	1607174008.809237	
7757813.430000	-363524.439000	-0.323329	2.777778	-0.277414	1607174008.950337	
7757813.932000	-363524.609000	-0.336075	2.777778	-0.063042	1607174009.141139	
7757814.591000	-363524.849000	-0.349203	2.777778	-0.049097	1607174009.393622	
7757815.025000	-363525.009000	-0.358943	2.777778	-0.055216	1607174009.560141	
7757815.448000	-363525.170000	-0.367353	2.777778	-0.048740	1607174009.723079	
7757815.859000	-363525.340000	-0.404754	2.777778	-0.217252	1607174009.883196	
7757816.250000	-363525.504000	-0.380882	2.777778	0.146730	1607174010.035836	
7757816.659000	-363525.673000	-0.399867	2.777778	-0.112140	1607174010.195151	
7757817.049000	-363525.838000	-0.398103	2.777778	0.010932	1607174010.347600	
7757817.472000	-363526.024000	-0.421940	2.777778	-0.134590	1607174010.513951	
7757817.876000	-363526.204000	-0.415622	2.777778	0.037480	1607174010.673174	
7757818.269000	-363526.389000	-0.451500	2.777778	-0.213516	1607174010.829545	
7757818.652000	-363526.572000	-0.431968	2.777778	0.120201	1607174010.982356	
7757819.065000	-363526.753000	-0.405431	2.777778	0.153273	1607174011.144688	
7757819.468000	-363526.933000	-0.449040	2.777778	-0.253767	1607174011.303581	
7757819.858000	-363527.139000	-0.504355	2.777778	-0.318032	1607174011.462364	
7757820.239000	-363527.343000	-0.463526	2.777778	0.243083	1607174011.617948	
7757820.673000	-363527.548000	-0.431584	2.777778	0.172946	1607174011.790740	
7757821.097000	-363527.752000	-0.481625	2.777778	-0.272242	1607174011.960129	
7757821.454000	-363527.942000	-0.493199	2.777778	-0.074983	1607174012.105717	
7757821.802000	-363528.130000	-0.497431	2.777778	-0.028078	1607174012.248110	
7757822.217000	-363528.357000	-0.502866	2.777778	-0.030150	1607174012.418399	
7757822.630000	-363528.587000	-0.514094	2.777778	-0.062269	1607174012.588580	
7757823.073000	-363528.851000	-0.524309	2.777778	-0.051949	1607174012.774232	
7757823.726000	-363529.211000	-0.543248	2.777778	-0.066573	1607174013.042670	
7757824.138000	-363529.461000	-0.550091	2.777778	-0.037256	1607174013.216160	
7757824.547000	-363529.715000	-0.560417	2.777778	-0.056244	1607174013.389483	
7757824.945000	-363529.968000	-0.574374	2.777778	-0.077527	1607174013.559261	
7757825.344000	-363530.237000	-0.604568	2.777778	-0.163243	1607174013.732496	
7757825.731000	-363530.507000	-0.613250	2.777778	-0.048261	1607174013.902372	
7757826.118000	-363530.777000	-0.600740	2.777778	0.069481	1607174014.072248	
7757826.631000	-363531.129000	-0.606908	2.777778	-0.026021	1607174014.296223	
7757827.130000	-363531.484000	-0.632551	2.777778	-0.109478	1607174014.516685	
7757827.538000	-363531.810000	-0.636441	2.777778	-0.019549	1607174014.704693	
7757827.890000	-363532.074000	-0.647701	2.777778	-0.067074	1607174014.863093	
7757828.225000	-363532.328000	-0.652726	2.777778	-0.031368	1607174015.014439	
7757828.628000	-363532.637000	-0.659538	2.777778	-0.035198	1607174015.197258	
7757828.981000	-363532.923000	-0.694213	2.777778	-0.197729	1607174015.360812	
7757829.325000	-363533.206000	-0.670615	2.777778	0.138179	1607174015.521174	
7757829.811000	-363533.612000	-0.681544	2.777778	-0.045272	1607174015.749151	
7757830.268000	-363533.974000	-0.667080	2.777778	0.065030	1607174015.959033	
7757830.722000	-363534.339000	-0.693448	2.777778	-0.118265	1607174016.168743	
7757831.088000	-363534.654000	-0.720589	2.777778	-0.146482	1607174016.342583	
7757831.444000	-363534.963000	-0.701485	2.777778	0.105984	1607174016.512287	
7757831.860000	-363535.323000	-0.719710	2.777778	-0.086741	1607174016.710338	
7757832.261000	-363535.671000	-0.706603	2.777778	0.064708	1607174016.901479	
7757832.600000	-363535.982000	-0.758684	2.777778	-0.288860	1607174017.067096	
7757832.939000	-363536.292000	-0.705972	2.777778	0.292568	1607174017.232469	
7757833.308000	-363536.618000	-0.731782	2.777778	-0.136739	1607174017.409725	
7757833.669000	-363536.936000	-0.705363	2.777778	0.143167	1607174017.582917	
7757833.992000	-363537.219000	-0.726000	2.777778	-0.125485	1607174017.737515	
7757834.308000	-363537.496000	-0.704816	2.777778	0.131569	1607174017.888794	
7757834.726000	-363537.843000	-0.704908	2.777778	-0.000447	1607174018.084368	
7757835.084000	-363538.164000	-0.745295	2.777778	-0.217010	1607174018.257470	
7757835.435000	-363538.479000	-0.704958	2.777778	0.220850	1607174018.427253	
7757835.878000	-363538.874000	-0.705362	2.777778	-0.001784	1607174018.640923	
7757836.426000	-363539.336000	-0.706022	2.777778	-0.002419	1607174018.898957	
7757836.818000	-363539.683000	-0.733838	2.777778	-0.138579	1607174019.087424	
7757837.203000	-363540.024000	-0.707410	2.777778	0.134078	1607174019.272573	
7757837.544000	-363540.333000	-0.749566	2.777778	-0.235990	1607174019.438236	
7757837.871000	-363540.629000	-0.708788	2.777778	0.238082	1607174019.597022	
7757838.258000	-363540.957000	-0.709275	2.777778	-0.002516	1607174019.779650	
7757838.585000	-363541.243000	-0.720737	2.777778	-0.069153	1607174019.936043	
7757838.897000	-363541.515000	-0.710818	2.777778	0.062822	1607174020.085053	
7757839.320000	-363541.890000	-0.712325	2.777778	-0.006995	1607174020.288558	
7757839.772000	-363542.295000	-0.713382	2.777778	-0.004571	1607174020.507043	
7757840.095000	-363542.585000	-0.739819	2.777778	-0.158530	1607174020.663313	
7757840.412000	-363542.869000	-0.714942	2.777778	0.152242	1607174020.816533	
7757840.941000	-363543.320000	-0.715363	2.777778	-0.001587	1607174021.066789	
7757841.281000	-363543.618000	-0.723784	2.777778	-0.048856	1607174021.229549	
7757841.605000	-363543.903000	-0.715680	2.777778	0.049258	1607174021.384893	
7757841.990000	-363544.240000	-0.716286	2.777778	-0.003110	1607174021.569090	
7757842.439000	-363544.647000	-0.716668	2.777778	-0.001653	1607174021.787254	
7757842.777000	-363544.945000	-0.727203	2.777778	-0.061297	1607174021.949473	
7757843.100000	-363545.231000	-0.717057	2.777778	0.061657	1607174022.104785	
7757843.499000	-363545.592000	-0.717210	2.777778	-0.000744	1607174022.298491	
7757843.938000	-363545.968000	-0.717283	2.777778	-0.000333	1607174022.506575	
7757844.316000	-363546.300000	-0.716794	2.777778	0.002551	1607174022.687690	
7757844.718000	-363546.649000	-0.716008	2.777778	0.003875	1607174022.879339	
7757845.109000	-363546.981000	-0.698119	2.777778	0.091295	1607174023.063997	
7757845.485000	-363547.300000	-0.714384	2.777778	-0.086373	1607174023.241509	
7757845.851000	-363547.613000	-0.702361	2.777778	0.065440	1607174023.414880	
7757846.210000	-363547.918000	-0.712738	2.777778	-0.057759	1607174023.584465	
7757846.639000	-363548.284000	-0.711341	2.777778	0.006502	1607174023.787473	
7757847.084000	-363548.655000	-0.709617	2.777778	0.007811	1607174023.996045	
7757847.407000	-363548.927000	-0.693853	2.777778	0.097684	1607174024.148063	
7757847.723000	-363549.192000	-0.708022	2.777778	-0.089941	1607174024.296530	
7757848.153000	-363549.553000	-0.693382	2.777778	0.068342	1607174024.498650	
7757848.576000	-363549.908000	-0.706577	2.777778	-0.062643	1607174024.697452	
7757848.960000	-363550.246000	-0.728936	2.777778	-0.114230	1607174024.881616	
7757849.345000	-363550.583000	-0.704482	2.777778	0.124808	1607174025.065813	
7757849.781000	-363550.965000	-0.724497	2.777778	-0.090389	1607174025.274495	
7757850.211000	-363551.340000	-0.704135	2.777778	0.093406	1607174025.479892	
7757850.637000	-363551.682000	-0.703954	2.777778	0.000874	1607174025.676559	
7757851.106000	-363552.075000	-0.703683	2.777778	0.001161	1607174025.896839	
7757851.498000	-363552.404000	-0.695513	2.777778	0.041881	1607174026.081075	
7757851.882000	-363552.726000	-0.701316	2.777778	-0.030389	1607174026.261485	
7757852.316000	-363553.098000	-0.700406	2.777778	0.004180	1607174026.467266	
7757852.702000	-363553.449000	-0.700030	2.777778	0.001891	1607174026.655087	
7757853.119000	-363553.793000	-0.684043	2.777778	0.077475	1607174026.849695	
7757853.530000	-363554.131000	-0.697755	2.777778	-0.067534	1607174027.041262	
7757853.910000	-363554.463000	-0.729489	2.777778	-0.163612	1607174027.222919	
7757854.282000	-363554.789000	-0.695875	2.777778	0.176533	1607174027.400987	
7757854.703000	-363555.118000	-0.694562	2.777778	0.006453	1607174027.593337	
7757855.104000	-363555.449000	-0.693487	2.777778	0.005424	1607174027.780524	
7757855.459000	-363555.745000	-0.696903	2.777778	-0.019396	1607174027.946920	
7757855.806000	-363556.035000	-0.692572	2.777778	0.025136	1607174028.109722	
7757856.315000	-363556.458000	-0.692654	2.777778	-0.000327	1607174028.347978	
7757856.715000	-363556.810000	-0.735757	2.777778	-0.209242	1607174028.539796	
7757857.100000	-363557.149000	-0.693182	2.777778	0.214512	1607174028.724468	
7757857.503000	-363557.485000	-0.695810	2.777778	-0.013146	1607174028.913358	
7757857.891000	-363557.808000	-0.694236	2.777778	0.008187	1607174029.095104	
7757858.317000	-363558.191000	-0.749549	2.777778	-0.248236	1607174029.301332	
7757858.728000	-363558.559000	-0.694964	2.777778	0.254115	1607174029.499935	
7757859.022000	-363558.803000	-0.690959	2.777778	0.027511	1607174029.637478	
7757859.317000	-363559.047000	-0.695611	2.777778	-0.031890	1607174029.775297	
7757859.770000	-363559.440000	-0.696177	2.777778	-0.002478	1607174029.991195	
7757860.232000	-363559.825000	-0.696150	2.777778	0.000119	1607174030.207695	
7757860.627000	-363560.144000	-0.696670	2.777778	-0.002690	1607174030.390476	
7757861.013000	-363560.502000	-0.696952	2.777778	-0.001407	1607174030.580002	
7757861.446000	-363560.903000	-0.697012	2.777778	-0.000266	1607174030.792460	
7757861.858000	-363561.272000	-0.697202	2.777778	-0.000901	1607174030.991571	
7757862.233000	-363561.595000	-0.715348	2.777778	-0.095946	1607174031.169745	
7757862.601000	-363561.910000	-0.698048	2.777778	0.093474	1607174031.344131	
7757862.935000	-363562.198000	-0.717976	2.777778	-0.118061	1607174031.502899	
7757863.260000	-363562.478000	-0.698105	2.777778	0.121000	1607174031.657332	
7757863.704000	-363562.862000	-0.698705	2.777778	-0.002681	1607174031.868659	
7757864.105000	-363563.228000	-0.699265	2.777778	-0.002708	1607174032.064109	
7757864.566000	-363563.635000	-0.699916	2.777778	-0.002782	1607174032.285493	
7757864.978000	-363564.009000	-0.700840	2.777778	-0.004354	1607174032.485809	
7757865.366000	-363564.361000	-0.755305	2.777778	-0.266423	1607174032.674405	
7757865.740000	-363564.701000	-0.702852	2.777778	0.265956	1607174032.856366	
7757866.110000	-363565.023000	-0.724229	2.777778	-0.113906	1607174033.032944	
7757866.464000	-363565.333000	-0.705297	2.777778	0.105222	1607174033.202341	
7757866.949000	-363565.765000	-0.706759	2.777778	-0.005911	1607174033.436161	
7757867.328000	-363566.119000	-0.708093	2.777778	-0.006752	1607174033.622861	
7757867.702000	-363566.456000	-0.709586	2.777778	-0.007782	1607174033.804097	
7757868.131000	-363566.861000	-0.710877	2.777778	-0.005744	1607174034.016487	
7757868.517000	-363567.213000	-0.712158	2.777778	-0.006436	1607174034.204550	
7757868.920000	-363567.574000	-0.712906	2.777778	-0.003630	1607174034.399326	
7757869.291000	-363567.929000	-0.788572	2.777778	-0.369091	1607174034.584181	
7757869.654000	-363568.277000	-0.715753	2.777778	0.363252	1607174034.765212	
7757870.094000	-363568.683000	-0.717290	2.777778	-0.006736	1607174034.980742	
7757870.496000	-363569.048000	-0.748482	2.777778	-0.149668	1607174035.176216	
7757870.890000	-363569.407000	-0.719885	2.777778	0.139909	1607174035.368105	
7757871.390000	-363569.882000	-0.721830	2.777778	-0.007400	1607174035.616381	
7757871.866000	-363570.330000	-0.723532	2.777778	-0.006836	1607174035.851701	
7757872.241000	-363570.664000	-0.732271	2.777778	-0.045652	1607174036.032485	
7757872.600000	-363570.986000	-0.725800	2.777778	0.035209	1607174036.206095	
7757873.003000	-363571.361000	-0.762668	2.777778	-0.174028	1607174036.404269	
7757873.391000	-363571.724000	-0.728300	2.777778	0.168189	1607174036.595548	
7757873.794000	-363572.105000	-0.771453	2.777778	-0.201481	1607174036.795201	
7757874.183000	-363572.472000	-0.730927	2.777778	0.196355	1607174036.987728	
7757874.587000	-363572.847000	-0.732160	2.777778	-0.005872	1607174037.186167	
7757874.976000	-363573.212000	-0.764570	2.777778	-0.158159	1607174037.378201	
7757875.357000	-363573.570000	-0.734701	2.777778	0.148865	1607174037.566411	
7757875.791000	-363573.985000	-0.735612	2.777778	-0.003985	1607174037.782585	
7757876.293000	-363574.424000	-0.736524	2.777778	-0.003590	1607174038.022661	
7757876.704000	-363574.796000	-0.737393	2.777778	-0.004116	1607174038.222227	
7757877.058000	-363575.126000	-0.757178	2.777778	-0.106903	1607174038.396452	
7757877.397000	-363575.442000	-0.738653	2.777778	0.104546	1607174038.563291	
7757877.833000	-363575.844000	-0.739791	2.777778	-0.005035	1607174038.776786	
7757878.297000	-363576.258000	-0.740467	2.777778	-0.002854	1607174039.000651	
7757878.719000	-363576.654000	-0.740617	2.777778	-0.000681	1607174039.208985	
7757879.103000	-363577.004000	-0.740910	2.777778	-0.001481	1607174039.396031	
7757879.475000	-363577.342000	-0.740835	2.777778	0.000393	1607174039.576974	
7757879.906000	-363577.726000	-0.740796	2.777778	0.000176	1607174039.784784	
7757880.285000	-363578.067000	-0.740711	2.777778	0.000435	1607174039.968322	
7757880.713000	-363578.455000	-0.740538	2.777778	0.000787	1607174040.176291	
7757881.110000	-363578.815000	-0.740452	2.777778	0.000421	1607174040.369221	
7757881.537000	-363579.210000	-0.740215	2.777778	0.001071	1607174040.578627	
7757881.981000	-363579.608000	-0.740361	2.777778	-0.000641	1607174040.793285	
7757882.416000	-363580.018000	-0.740118	2.777778	0.001064	1607174041.008481	
7757882.862000	-363580.418000	-0.740190	2.777778	-0.000315	1607174041.224155	
7757883.267000	-363580.746000	-0.740071	2.777778	0.000600	1607174041.411773	
7757883.677000	-363581.105000	-0.739404	2.777778	0.003215	1607174041.607959	
7757884.107000	-363581.498000	-0.738776	2.777778	0.002827	1607174041.817672	
7757884.549000	-363581.886000	-0.737748	2.777778	0.004590	1607174042.029402	
7757885.005000	-363582.297000	-0.736991	2.777778	0.003237	1607174042.250401	
7757885.401000	-363582.644000	-0.736440	2.777778	0.002748	1607174042.439949	
7757885.847000	-363583.038000	-0.735512	2.777778	0.004092	1607174042.654187	
7757886.234000	-363583.378000	-0.734576	2.777778	0.004768	1607174042.839638	
7757886.730000	-363583.805000	-0.733294	2.777778	0.005143	1607174043.075251	
7757887.127000	-363584.141000	-0.732443	2.777778	0.004292	1607174043.262487	
7757887.550000	-363584.503000	-0.731519	2.777778	0.004358	1607174043.462918	
7757887.980000	-363584.890000	-0.730646	2.777778	0.003961	1607174043.671180	
7757888.401000	-363585.264000	-0.724424	2.777778	0.028998	1607174043.873908	
7757888.815000	-363585.630000	-0.723761	2.777778	0.003148	1607174044.072839	
7757889.221000	-363585.991000	-0.727980	2.777778	-0.020385	1607174044.268421	
7757889.565000	-363586.297000	-0.726155	2.777778	0.010405	1607174044.434166	
7757889.910000	-363586.602000	-0.724661	2.777778	0.008518	1607174044.599942	
7757890.247000	-363586.900000	-0.723997	2.777778	0.003876	1607174044.761892	
7757890.592000	-363587.205000	-0.723560	2.777778	0.002489	1607174044.927668	
7757890.930000	-363587.503000	-0.723054	2.777778	0.002946	1607174045.089887	
7757891.384000	-363587.898000	-0.719973	2.777778	0.013441	1607174045.306528	
7757891.834000	-363588.284000	-0.718006	2.777778	0.008709	1607174045.519962	
7757892.394000	-363588.775000	-0.716041	2.777778	0.006926	1607174045.788079	
7757892.880000	-363589.220000	-0.714159	2.777778	0.007497	1607174046.025302	
7757893.333000	-363589.620000	-0.712156	2.777778	0.008700	1607174046.242859	
7757893.724000	-363589.964000	-0.726558	2.777778	-0.072466	1607174046.430342	
7757894.107000	-363590.300000	-0.709808	2.777778	0.086087	1607174046.613760	
7757894.514000	-363590.641000	-0.690884	2.777778	0.093285	1607174046.804909	
7757894.906000	-363590.969000	-0.707356	2.777778	-0.084399	1607174046.988914	
7757895.371000	-363591.368000	-0.710668	2.777778	-0.014188	1607174047.209493	
7757895.836000	-363591.767000	-0.705175	2.777778	0.023531	1607174047.430073	
7757896.279000	-363592.145000	-0.704044	2.777778	0.005097	1607174047.639719	
7757896.696000	-363592.505000	-0.714917	2.777778	-0.051761	1607174047.838042	
7757897.106000	-363592.857000	-0.702376	2.777778	0.060844	1607174048.032577	
7757897.484000	-363593.185000	-0.720007	2.777778	-0.092214	1607174048.212745	
7757897.856000	-363593.507000	-0.701133	2.777778	0.100359	1607174048.389867	
7757898.298000	-363593.882000	-0.704732	2.777778	-0.016297	1607174048.598539	
7757898.734000	-363594.251000	-0.700839	2.777778	0.017892	1607174048.804168	
7757899.212000	-363594.662000	-0.700965	2.777778	-0.000527	1607174049.031112	
7757899.610000	-363595.002000	-0.710353	2.777778	-0.047045	1607174049.219555	
7757899.999000	-363595.335000	-0.701115	2.777778	0.047323	1607174049.403898	
7757900.335000	-363595.636000	-0.746487	2.777778	-0.258129	1607174049.566297	
7757900.663000	-363595.931000	-0.701713	2.777778	0.260376	1607174049.725109	
7757901.130000	-363596.348000	-0.702121	2.777778	-0.001711	1607174049.950498	
7757901.571000	-363596.745000	-0.702466	2.777778	-0.001524	1607174050.164112	
7757902.015000	-363597.124000	-0.703556	2.777778	-0.004901	1607174050.374266	
7757902.391000	-363597.456000	-0.735190	2.777778	-0.164062	1607174050.554841	
7757902.760000	-363597.783000	-0.704026	2.777778	0.164418	1607174050.732336	
7757903.171000	-363598.156000	-0.704100	2.777778	-0.000349	1607174050.932144	
7757903.719000	-363598.638000	-0.704144	2.777778	-0.000156	1607174051.194877	
7757904.148000	-363599.024000	-0.704298	2.777778	-0.000705	1607174051.402631	
7757904.530000	-363599.378000	-0.767334	2.777778	-0.307630	1607174051.590121	
7757904.906000	-363599.725000	-0.704744	2.777778	0.310716	1607174051.774315	
7757905.366000	-363600.130000	-0.705107	2.777778	-0.001555	1607174051.994953	
7757905.858000	-363600.555000	-0.706461	2.777778	-0.005468	1607174052.229005	
7757906.268000	-363600.942000	-0.707195	2.777778	-0.003415	1607174052.431973	
7757906.759000	-363601.365000	-0.708810	2.777778	-0.006544	1607174052.665282	
7757907.185000	-363601.749000	-0.710063	2.777778	-0.005735	1607174052.871752	
7757907.662000	-363602.177000	-0.712012	2.777778	-0.007983	1607174053.102465	
7757908.067000	-363602.532000	-0.713893	2.777778	-0.009169	1607174053.296347	
7757908.464000	-363602.884000	-0.732685	2.777778	-0.092704	1607174053.487355	
7757908.845000	-363603.224000	-0.717286	2.777778	0.078992	1607174053.671189	
7757909.236000	-363603.545000	-0.718967	2.777778	-0.008719	1607174053.853308	
7757909.694000	-363603.955000	-0.721026	2.777778	-0.008794	1607174054.074602	
7757910.087000	-363604.313000	-0.722485	2.777778	-0.007202	1607174054.265983	
7757910.549000	-363604.714000	-0.724362	2.777778	-0.008053	1607174054.486215	
7757910.960000	-363605.082000	-0.725851	2.777778	-0.007086	1607174054.684818	
7757911.374000	-363605.449000	-0.725217	2.777778	0.003007	1607174054.883988	
7757911.788000	-363605.816000	-0.728142	2.777778	-0.013879	1607174055.083158	
7757912.278000	-363606.279000	-0.729159	2.777778	-0.003959	1607174055.325850	
7757912.685000	-363606.640000	-0.725469	2.777778	0.017804	1607174055.521701	
7757913.083000	-363606.995000	-0.730700	2.777778	-0.025743	1607174055.713696	
7757913.523000	-363607.361000	-0.732671	2.777778	-0.009040	1607174055.919733	
7757913.811000	-363607.627000	-0.753544	2.777778	-0.138855	1607174056.060869	
7757914.084000	-363607.879000	-0.733514	2.777778	0.140584	1607174056.194619	
7757914.531000	-363608.286000	-0.735377	2.777778	-0.008087	1607174056.412251	
7757914.970000	-363608.676000	-0.736743	2.777778	-0.006110	1607174056.623648	
7757915.355000	-363609.033000	-0.753882	2.777778	-0.085474	1607174056.812665	
7757915.732000	-363609.383000	-0.739332	2.777778	0.074107	1607174056.997856	
7757916.130000	-363609.751000	-0.740583	2.777778	-0.006057	1607174057.192998	
7757916.511000	-363610.097000	-0.741631	2.777778	-0.005343	1607174057.378276	
7757916.938000	-363610.483000	-0.742888	2.777778	-0.005736	1607174057.585495	
7757917.318000	-363610.822000	-0.743831	2.777778	-0.004856	1607174057.768820	
7757917.726000	-363611.178000	-0.744203	2.777778	-0.001806	1607174057.963753	
7757918.139000	-363611.531000	-0.744379	2.777778	-0.000848	1607174058.159342	
7757918.581000	-363611.917000	-0.744902	2.777778	-0.002340	1607174058.370598	
7757919.018000	-363612.322000	-0.745205	2.777778	-0.001338	1607174058.585091	
7757919.366000	-363612.683000	-0.745570	2.777778	-0.001907	1607174058.765603	
7757919.869000	-363613.144000	-0.745756	2.777778	-0.000717	1607174059.011230	
7757920.293000	-363613.536000	-0.745721	2.777778	0.000160	1607174059.219109	
7757920.686000	-363613.894000	-0.745519	2.777778	0.000997	1607174059.410490	
7757921.118000	-363614.283000	-0.745168	2.777778	0.001586	1607174059.619769	
7757921.520000	-363614.659000	-0.754353	2.777778	-0.043777	1607174059.817926	
7757921.923000	-363615.035000	-0.743305	2.777778	0.052568	1607174060.016346	
7757922.330000	-363615.402000	-0.742216	2.777778	0.005219	1607174060.213637	
7757922.710000	-363615.766000	-0.741074	2.777778	0.005696	1607174060.403073	
7757923.199000	-363616.208000	-0.739083	2.777778	0.007929	1607174060.640368	
7757923.627000	-363616.572000	-0.737500	2.777778	0.007395	1607174060.842636	
7757924.095000	-363616.999000	-0.735257	2.777778	0.009293	1607174061.070704	
7757924.526000	-363617.358000	-0.677035	2.777778	0.266005	1607174061.272639	
7757924.949000	-363617.711000	-0.731845	2.777778	-0.255438	1607174061.470978	
7757925.276000	-363617.994000	-0.704151	2.777778	0.166543	1607174061.626662	
7757925.587000	-363618.264000	-0.728793	2.777778	-0.155789	1607174061.774929	
7757925.975000	-363618.580000	-0.727182	2.777778	0.008453	1607174061.955073	
7757926.428000	-363618.961000	-0.724940	2.777778	0.009945	1607174062.168164	
7757926.928000	-363619.374000	-0.722754	2.777778	0.008844	1607174062.401629	
7757927.337000	-363619.723000	-0.720627	2.777778	0.010387	1607174062.595188	
7757927.779000	-363620.058000	-0.718936	2.777778	0.008000	1607174062.794846	
7757928.204000	-363620.425000	-0.707728	2.777778	0.052350	1607174062.996996	
7757928.615000	-363620.779000	-0.715053	2.777778	-0.035433	1607174063.192273	
7757929.046000	-363621.145000	-0.712971	2.777778	0.009664	1607174063.395830	
7757929.480000	-363621.512000	-0.711193	2.777778	0.008212	1607174063.600444	
7757929.944000	-363621.902000	-0.709330	2.777778	0.008068	1607174063.818651	
7757930.342000	-363622.260000	-0.708141	2.777778	0.005829	1607174064.011367	
7757930.758000	-363622.609000	-0.706513	2.777778	0.007868	1607174064.206849	
7757931.240000	-363623.017000	-0.704936	2.777778	0.006555	1607174064.434188	
7757931.652000	-363623.366000	-0.703641	2.777778	0.006298	1607174064.628570	
7757932.061000	-363623.726000	-0.702354	2.777778	0.006201	1607174064.824722	
7757932.474000	-363624.081000	-0.701252	2.777778	0.005311	1607174065.020780	
7757932.907000	-363624.446000	-0.699815	2.777778	0.006661	1607174065.224654	
7757933.298000	-363624.776000	-0.699055	2.777778	0.003897	1607174065.408846	
7757933.694000	-363625.097000	-0.698502	2.777778	0.002848	1607174065.592360	
7757934.102000	-363625.450000	-0.697517	2.777778	0.004795	1607174065.786585	
7757934.518000	-363625.819000	-0.696758	2.777778	0.003583	1607174065.986771	
7757935.054000	-363626.252000	-0.696218	2.777778	0.002057	1607174066.234828	
7757935.505000	-363626.634000	-0.695635	2.777778	0.002589	1607174066.447601	
7757935.969000	-363627.016000	-0.695511	2.777778	0.000542	1607174066.663966	
7757936.330000	-363627.336000	-0.739130	2.777778	-0.233035	1607174066.837635	
7757936.683000	-363627.648000	-0.694909	2.777778	0.241580	1607174067.007237	
7757937.107000	-363628.015000	-0.695269	2.777778	-0.001686	1607174067.209115	
7757937.502000	-363628.346000	-0.698903	2.777778	-0.018509	1607174067.394641	
7757937.888000	-363628.671000	-0.696099	2.777778	0.014587	1607174067.576297	
7757938.192000	-363628.963000	-0.799600	2.777778	-0.572531	1607174067.728045	
7757938.489000	-363629.248000	-0.696073	2.777778	0.583519	1607174067.876229	
7757938.907000	-363629.606000	-0.696629	2.777778	-0.002651	1607174068.074356	
7757939.329000	-363629.985000	-0.697428	2.777778	-0.003700	1607174068.278551	
7757939.649000	-363630.279000	-0.765850	2.777778	-0.391931	1607174068.434990	
7757939.962000	-363630.566000	-0.698677	2.777778	0.393556	1607174068.587869	
7757940.373000	-363630.928000	-0.700335	2.777778	-0.007947	1607174068.785037	
7757940.693000	-363631.223000	-0.765391	2.777778	-0.373911	1607174068.941720	
7757941.005000	-363631.511000	-0.702817	2.777778	0.369117	1607174069.094577	
7757941.380000	-363631.845000	-0.741392	2.777778	-0.198976	1607174069.275361	
7757941.738000	-363632.166000	-0.706802	2.777778	0.186642	1607174069.448462	
7757942.101000	-363632.471000	-0.695736	2.777778	0.061188	1607174069.619147	
7757942.456000	-363632.770000	-0.710589	2.777778	-0.083809	1607174069.786238	
7757942.796000	-363633.073000	-0.737294	2.777778	-0.152725	1607174069.950190	
7757943.120000	-363633.363000	-0.712895	2.777778	0.146245	1607174070.106728	
7757943.525000	-363633.713000	-0.715037	2.777778	-0.010504	1607174070.299429	
7757943.852000	-363634.009000	-0.746032	2.777778	-0.182411	1607174070.458215	
7757944.164000	-363634.292000	-0.717639	2.777778	0.175127	1607174070.609857	
7757944.503000	-363634.607000	-0.764162	2.777778	-0.258024	1607174070.776450	
7757944.835000	-363634.916000	-0.721739	2.777778	0.240771	1607174070.939727	
7757945.166000	-363635.197000	-0.695057	2.777778	0.159937	1607174071.096036	
7757945.497000	-363635.478000	-0.723874	2.777778	-0.172490	1607174071.252345	
7757945.857000	-363635.843000	-0.725351	2.777778	-0.007564	1607174071.436904	
7757946.167000	-363636.112000	-0.709879	2.777778	0.098630	1607174071.584663	
7757946.469000	-363636.374000	-0.727913	2.777778	-0.117852	1607174071.728594	
7757946.909000	-363636.755000	-0.730119	2.777778	-0.009949	1607174071.938126	
7757947.208000	-363637.021000	-0.727534	2.777778	0.016952	1607174072.082196	
7757947.499000	-363637.280000	-0.730333	2.777778	-0.018861	1607174072.222440	
7757947.821000	-363637.582000	-0.765393	2.777778	-0.205524	1607174072.381366	
7757948.135000	-363637.878000	-0.732686	2.777778	0.196394	1607174072.536715	
7757948.443000	-363638.151000	-0.724266	2.777778	0.053651	1607174072.684881	
7757948.743000	-363638.419000	-0.734011	2.777778	-0.063504	1607174072.829700	
7757949.079000	-363638.733000	-0.761991	2.777778	-0.158375	1607174072.995258	
7757949.400000	-363639.034000	-0.736359	2.777778	0.151730	1607174073.153675	
7757949.779000	-363639.379000	-0.737914	2.777778	-0.007967	1607174073.338178	
7757950.150000	-363639.717000	-0.736389	2.777778	0.007977	1607174073.518856	
7757950.430000	-363639.973000	-0.744329	2.777778	-0.054885	1607174073.655436	
7757950.703000	-363640.224000	-0.739641	2.777778	0.033173	1607174073.788942	
7757951.003000	-363640.493000	-0.728521	2.777778	0.072316	1607174073.934000	
7757951.302000	-363640.762000	-0.741159	2.777778	-0.082299	1607174074.078791	
7757951.609000	-363641.053000	-0.767749	2.777778	-0.163536	1607174074.231071	
7757951.907000	-363641.338000	-0.748847	2.777778	0.119757	1607174074.379516	
7757952.389000	-363641.806000	-0.755324	2.777778	-0.025303	1607174074.621372	
7757952.662000	-363642.074000	-0.785947	2.777778	-0.207108	1607174074.759094	
7757952.926000	-363642.336000	-0.766087	2.777778	0.139254	1607174074.892993	
7757953.217000	-363642.611000	-0.755676	2.777778	0.068151	1607174075.037131	
7757953.507000	-363642.888000	-0.776269	2.777778	-0.133985	1607174075.181503	
7757953.809000	-363643.183000	-0.772257	2.777778	0.024941	1607174075.333485	
7757954.110000	-363643.479000	-0.785526	2.777778	-0.082321	1607174075.485462	
7757954.383000	-363643.750000	-0.781345	2.777778	0.028522	1607174075.623943	
7757954.655000	-363644.023000	-0.798684	2.777778	-0.117561	1607174075.762677	
7757954.921000	-363644.298000	-0.804321	2.777778	-0.038654	1607174075.900412	
7757955.179000	-363644.567000	-0.813649	2.777778	-0.065598	1607174076.034594	
7757955.455000	-363644.848000	-0.786367	2.777778	0.179856	1607174076.176389	
7757955.729000	-363645.131000	-0.827146	2.777778	-0.265342	1607174076.318196	
7757955.989000	-363645.423000	-0.855242	2.777778	-0.186440	1607174076.458948	
7757956.240000	-363645.710000	-0.845329	2.777778	0.068140	1607174076.596207	
7757956.511000	-363646.022000	-0.863459	2.777778	-0.114655	1607174076.744981	
7757956.772000	-363646.328000	-0.862425	2.777778	0.006748	1607174076.889770	
7757957.026000	-363646.625000	-0.865917	2.777778	-0.023452	1607174077.030458	
7757957.277000	-363646.924000	-0.883015	2.777778	-0.114463	1607174077.170997	
7757957.513000	-363647.226000	-0.925434	2.777778	-0.282739	1607174077.308976	
7757957.738000	-363647.524000	-0.908513	2.777778	0.118398	1607174077.443401	
7757957.991000	-363647.828000	-0.866281	2.777778	0.273282	1607174077.585783	
7757958.232000	-363648.127000	-0.937287	2.777778	-0.451859	1607174077.724035	
7757958.669000	-363648.728000	-0.962394	2.777778	-0.088461	1607174077.991544	
7757958.889000	-363649.044000	-0.966497	2.777778	-0.027963	1607174078.130159	
7757959.098000	-363649.354000	-0.985046	2.777778	-0.129505	1607174078.264753	
7757959.329000	-363649.706000	-0.996586	2.777778	-0.071829	1607174078.416323	
7757959.555000	-363650.062000	-1.017916	2.777778	-0.132009	1607174078.568127	
7757959.901000	-363650.671000	-1.041449	2.777778	-0.087968	1607174078.820281	
7757960.111000	-363651.037000	-1.060538	2.777778	-0.118196	1607174078.972189	
7757960.305000	-363651.388000	-1.071626	2.777778	-0.072446	1607174079.116565	
7757960.665000	-363652.043000	-1.092909	2.777778	-0.074610	1607174079.385633	
7757960.840000	-363652.383000	-1.101652	2.777778	-0.059943	1607174079.523295	
7757961.006000	-363652.717000	-1.121317	2.777778	-0.137532	1607174079.657567	
7757961.174000	-363653.072000	-1.132150	2.777778	-0.072276	1607174079.798955	
7757961.330000	-363653.411000	-1.144269	2.777778	-0.085042	1607174079.933297	
7757961.497000	-363653.797000	-1.175194	2.777778	-0.190675	1607174080.084705	
7757961.654000	-363654.176000	-1.170644	2.777778	0.029107	1607174080.232388	
7757961.806000	-363654.530000	-1.168812	2.777778	0.012481	1607174080.371079	
7757961.952000	-363654.886000	-1.201764	2.777778	-0.221126	1607174080.509598	
7757962.130000	-363655.343000	-1.201553	2.777778	0.001132	1607174080.686157	
7757962.300000	-363655.793000	-1.220351	2.777778	-0.102222	1607174080.859332	
7757962.457000	-363656.247000	-1.255228	2.777778	-0.188325	1607174081.032269	
7757962.600000	-363656.678000	-1.249668	2.777778	0.032126	1607174081.195746	
7757962.735000	-363657.101000	-1.280584	2.777778	-0.180775	1607174081.355593	
7757962.917000	-363657.804000	-1.306343	2.777778	-0.092847	1607174081.617017	
7757963.036000	-363658.198000	-1.268712	2.777778	0.235555	1607174081.765186	
7757963.145000	-363658.584000	-1.334217	2.777778	-0.405004	1607174081.909580	
7757963.235000	-363658.984000	-1.359515	2.777778	-0.160576	1607174082.057180	
7757963.315000	-363659.366000	-1.360420	2.777778	-0.006088	1607174082.197683	
7757963.419000	-363659.796000	-1.326251	2.777778	0.200036	1607174082.356946	
7757963.515000	-363660.218000	-1.385187	2.777778	-0.343316	1607174082.512748	
7757963.632000	-363660.908000	-1.406478	2.777778	-0.079690	1607174082.764693	
7757963.726000	-363661.521000	-1.428913	2.777778	-0.094678	1607174082.987953	
7757963.806000	-363662.126000	-1.449331	2.777778	-0.087602	1607174083.207649	
7757963.851000	-363662.534000	-1.466953	2.777778	-0.112220	1607174083.355419	
7757963.891000	-363662.932000	-1.473609	2.777778	-0.043654	1607174083.499421	
7757963.911000	-363663.366000	-1.560442	2.777778	-0.483163	1607174083.655827	
7757963.926000	-363663.780000	-1.515208	2.777778	0.279134	1607174083.804965	
7757963.962000	-363664.179000	-1.475968	2.777778	0.251664	1607174083.949188	
7757963.991000	-363664.569000	-1.511274	2.777778	-0.232689	1607174084.089976	
7757964.001000	-363664.980000	-1.568496	2.777778	-0.350291	1607174084.237980	
7757964.001000	-363665.371000	-1.572331	2.777778	-0.025741	1607174084.378740	
7757964.011000	-363665.784000	-1.570796	2.777778	0.009748	1607174084.527463	
7757964.011000	-363666.188000	-1.571507	2.777778	-0.004617	1607174084.672903	
7757964.011000	-363666.610000	-1.569375	2.777778	0.013259	1607174084.824823	
7757964.001000	-363667.033000	-1.606221	2.777778	-0.224726	1607174084.977146	
7757963.988000	-363667.473000	-1.616616	2.777778	-0.061911	1607174085.135615	
7757963.971000	-363667.894000	-1.628738	2.777778	-0.075376	1607174085.287299	
7757963.946000	-363668.303000	-1.645930	2.777778	-0.109697	1607174085.434813	
7757963.917000	-363668.692000	-1.640732	2.777778	0.034968	1607174085.575242	
7757963.900000	-363669.117000	-1.584902	2.777778	0.331817	1607174085.728364	
7757963.878000	-363669.541000	-1.657255	2.777778	-0.420639	1607174085.881210	
7757963.840000	-363669.983000	-1.656333	2.777778	0.005454	1607174086.040917	
7757963.798000	-363670.415000	-1.684936	2.777778	-0.171291	1607174086.197170	
7757963.746000	-363670.822000	-1.708156	2.777778	-0.147474	1607174086.344881	
7757963.691000	-363671.218000	-1.709674	2.777778	-0.009963	1607174086.488810	
7757963.627000	-363671.658000	-1.719974	2.777778	-0.060734	1607174086.648877	
7757963.557000	-363672.096000	-1.740450	2.777778	-0.120590	1607174086.808558	
7757963.490000	-363672.481000	-1.750637	2.777778	-0.068326	1607174086.949241	
7757963.418000	-363672.855000	-1.768032	2.777778	-0.119319	1607174087.086353	
7757963.318000	-363673.306000	-1.801993	2.777778	-0.190638	1607174087.252656	
7757963.217000	-363673.736000	-1.795140	2.777778	0.040708	1607174087.411669	
7757963.118000	-363674.159000	-1.807649	2.777778	-0.075441	1607174087.568064	
7757963.012000	-363674.581000	-1.825065	2.777778	-0.104688	1607174087.724704	
7757962.895000	-363675.008000	-1.851690	2.777778	-0.156569	1607174087.884090	
7757962.778000	-363675.414000	-1.852070	2.777778	-0.002358	1607174088.036198	
7757962.658000	-363675.827000	-1.853314	2.777778	-0.007592	1607174088.191026	
7757962.533000	-363676.239000	-1.875594	2.777778	-0.135018	1607174088.346023	
7757962.395000	-363676.679000	-1.875554	2.777778	0.000228	1607174088.512031	
7757962.251000	-363677.117000	-1.905912	2.777778	-0.171144	1607174088.678014	
7757962.117000	-363677.516000	-1.889926	2.777778	0.099368	1607174088.829538	
7757961.982000	-363677.905000	-1.927064	2.777778	-0.232476	1607174088.977771	
7757961.833000	-363678.320000	-1.909215	2.777778	0.105858	1607174089.136509	
7757961.681000	-363678.733000	-1.949627	2.777778	-0.236533	1607174089.294939	
7757961.494000	-363679.158000	-2.004369	2.777778	-0.300131	1607174089.462094	
7757961.309000	-363679.562000	-1.979396	2.777778	0.146473	1607174089.622058	
7757961.157000	-363679.924000	-1.969504	2.777778	0.066044	1607174089.763400	
7757961.000000	-363680.285000	-2.004326	2.777778	-0.228158	1607174089.905118	
7757960.806000	-363680.705000	-2.005083	2.777778	-0.004296	1607174090.071669	
7757960.608000	-363681.123000	-2.026445	2.777778	-0.120651	1607174090.238177	
7757960.414000	-363681.509000	-2.043388	2.777778	-0.102587	1607174090.393700	
7757960.220000	-363681.883000	-2.055705	2.777778	-0.076588	1607174090.545376	
7757959.982000	-363682.323000	-2.067204	2.777778	-0.060268	1607174090.725464	
7757959.773000	-363682.711000	-2.067149	2.777778	0.000326	1607174090.884120	
7757959.559000	-363683.096000	-2.091476	2.777778	-0.143969	1607174091.042692	
7757959.276000	-363683.587000	-2.107489	2.777778	-0.074038	1607174091.246710	
7757959.083000	-363683.916000	-2.099309	2.777778	0.056234	1607174091.384026	
7757958.886000	-363684.243000	-2.135588	2.777778	-0.244467	1607174091.521458	
7757958.650000	-363684.615000	-2.137837	2.777778	-0.013401	1607174091.680054	
7757958.416000	-363684.977000	-2.150684	2.777778	-0.078075	1607174091.835231	
7757958.145000	-363685.389000	-2.156572	2.777778	-0.031332	1607174092.012760	
7757957.870000	-363685.798000	-2.176792	2.777778	-0.107281	1607174092.190188	
7757957.616000	-363686.147000	-2.212179	2.777778	-0.211965	1607174092.345580	
7757957.370000	-363686.478000	-2.199482	2.777778	0.080641	1607174092.494045	
7757957.092000	-363686.861000	-2.200208	2.777778	-0.004028	1607174092.664418	
7757956.816000	-363687.233000	-2.222769	2.777778	-0.127163	1607174092.831172	
7757956.499000	-363687.620000	-2.234092	2.777778	-0.059345	1607174093.011265	
7757956.241000	-363687.954000	-2.229894	2.777778	0.026105	1607174093.163200	
7757955.980000	-363688.287000	-2.239729	2.777778	-0.060943	1607174093.315515	
7757955.721000	-363688.607000	-2.261328	2.777778	-0.136865	1607174093.463720	
7757955.385000	-363688.992000	-2.276658	2.777778	-0.078588	1607174093.647680	
7757955.085000	-363689.346000	-2.274902	2.777778	0.009933	1607174093.814728	
7757954.788000	-363689.690000	-2.294423	2.777778	-0.112278	1607174093.978338	
7757954.467000	-363690.024000	-2.358509	2.777778	-0.348337	1607174094.145106	
7757954.157000	-363690.341000	-2.313723	2.777778	0.259187	1607174094.304724	
7757953.848000	-363690.682000	-2.308546	2.777778	0.029526	1607174094.470388	
7757953.535000	-363691.019000	-2.336028	2.777778	-0.155584	1607174094.635963	
7757953.193000	-363691.374000	-2.340275	2.777778	-0.022615	1607174094.813421	
7757952.854000	-363691.719000	-2.356600	2.777778	-0.088363	1607174094.987546	
7757952.524000	-363692.039000	-2.381805	2.777778	-0.142953	1607174095.153029	
7757952.205000	-363692.342000	-2.379296	2.777778	0.014967	1607174095.311416	
7757951.815000	-363692.700000	-2.386159	2.777778	-0.034018	1607174095.502000	
7757951.499000	-363692.996000	-2.393060	2.777778	-0.041815	1607174095.657873	
7757951.188000	-363693.282000	-2.403013	2.777778	-0.061753	1607174095.809978	
7757950.822000	-363693.623000	-2.385619	2.777778	0.091020	1607174095.990063	
7757950.462000	-363693.955000	-2.418821	2.777778	-0.176125	1607174096.166362	
7757950.086000	-363694.275000	-2.447192	2.777778	-0.149710	1607174096.344107	
7757949.716000	-363694.586000	-2.430020	2.777778	0.092993	1607174096.518111	
7757949.355000	-363694.889000	-2.450555	2.777778	-0.113879	1607174096.687781	
7757949.009000	-363695.177000	-2.438641	2.777778	0.069361	1607174096.849845	
7757948.626000	-363695.500000	-2.444674	2.777778	-0.031598	1607174097.030211	
7757948.257000	-363695.807000	-2.447514	2.777778	-0.015533	1607174097.203015	
7757947.898000	-363696.102000	-2.457961	2.777778	-0.058947	1607174097.370291	
7757947.546000	-363696.390000	-2.453939	2.777778	0.023210	1607174097.534021	
7757947.136000	-363696.700000	-2.456144	2.777778	-0.011264	1607174097.719062	
7757946.757000	-363697.018000	-2.437801	2.777778	0.097023	1607174097.897168	
7757946.386000	-363697.328000	-2.460930	2.777778	-0.124928	1607174098.071216	
7757946.008000	-363697.614000	-2.507913	2.777778	-0.254543	1607174098.241858	
7757945.647000	-363697.888000	-2.462185	2.777778	0.258912	1607174098.405012	
7757945.248000	-363698.213000	-2.456019	2.777778	0.031443	1607174098.590273	
7757944.849000	-363698.538000	-2.463334	2.777778	-0.037299	1607174098.775533	
7757944.451000	-363698.858000	-2.464260	2.777778	-0.004757	1607174098.959382	
7757944.053000	-363699.178000	-2.465490	2.777778	-0.006321	1607174099.143230	
7757943.683000	-363699.473000	-2.471536	2.777778	-0.033530	1607174099.313585	
7757943.329000	-363699.755000	-2.466392	2.777778	0.029829	1607174099.476518	
7757942.920000	-363700.059000	-2.467488	2.777778	-0.005647	1607174099.659976	
7757942.474000	-363700.389000	-2.467650	2.777778	-0.000763	1607174099.859708	
7757942.080000	-363700.705000	-2.464976	2.777778	0.013894	1607174100.041532	
7757941.695000	-363701.014000	-2.468471	2.777778	-0.018583	1607174100.219252	
7757941.299000	-363701.325000	-2.477386	2.777778	-0.046442	1607174100.400521	
7757940.912000	-363701.630000	-2.469720	2.777778	0.040819	1607174100.577907	
7757940.492000	-363701.937000	-2.471049	2.777778	-0.006708	1607174100.765193	
7757940.090000	-363702.254000	-2.477430	2.777778	-0.032706	1607174100.949496	
7757939.694000	-363702.563000	-2.478606	2.777778	-0.006144	1607174101.130321	
7757939.299000	-363702.873000	-2.474319	2.777778	0.022405	1607174101.311084	
7757938.892000	-363703.197000	-2.465760	2.777778	0.043166	1607174101.498362	
7757938.493000	-363703.515000	-2.475845	2.777778	-0.051841	1607174101.682041	
7757938.040000	-363703.867000	-2.476578	2.777778	-0.003357	1607174101.888567	
7757937.657000	-363704.164000	-2.485333	2.777778	-0.047383	1607174102.063046	
7757937.281000	-363704.454000	-2.477150	2.777778	0.045210	1607174102.233989	
7757936.872000	-363704.763000	-2.477767	2.777778	-0.003159	1607174102.418526	
7757936.451000	-363705.075000	-2.516590	2.777778	-0.192086	1607174102.607169	
7757936.038000	-363705.381000	-2.478589	2.777778	0.191684	1607174102.792212	
7757935.597000	-363705.693000	-2.479047	2.777778	-0.002227	1607174102.986687	
7757935.156000	-363706.039000	-2.479520	2.777778	-0.002212	1607174103.188479	
7757934.746000	-363706.349000	-2.502645	2.777778	-0.117553	1607174103.373521	
7757934.344000	-363706.652000	-2.479892	2.777778	0.118091	1607174103.554745	
7757933.904000	-363706.983000	-2.480164	2.777778	-0.001298	1607174103.752961	
7757933.454000	-363707.313000	-2.480457	2.777778	-0.001375	1607174103.953853	
7757933.067000	-363707.615000	-2.475991	2.777778	0.023877	1607174104.130573	
7757932.681000	-363707.918000	-2.481121	2.777778	-0.027436	1607174104.307232	
7757932.253000	-363708.242000	-2.481417	2.777778	-0.001446	1607174104.500482	
7757931.772000	-363708.622000	-2.481886	2.777778	-0.002010	1607174104.721160	
7757931.367000	-363708.936000	-2.482261	2.777778	-0.001922	1607174104.905647	
7757930.969000	-363709.244000	-2.481554	2.777778	0.003688	1607174105.086820	
7757930.502000	-363709.595000	-2.481941	2.777778	-0.001737	1607174105.297132	
7757930.073000	-363709.925000	-2.488204	2.777778	-0.030369	1607174105.491978	
7757929.652000	-363710.248000	-2.482266	2.777778	0.029366	1607174105.683006	
7757929.245000	-363710.561000	-2.482185	2.777778	0.000414	1607174105.867843	
7757928.810000	-363710.900000	-2.476603	2.777778	0.026564	1607174106.066381	
7757928.383000	-363711.233000	-2.482466	2.777778	-0.028415	1607174106.261320	
7757927.906000	-363711.600000	-2.482314	2.777778	0.000664	1607174106.477984	
7757927.507000	-363711.908000	-2.487168	2.777778	-0.025273	1607174106.659442	
7757927.116000	-363712.209000	-2.482340	2.777778	0.025678	1607174106.837080	
7757926.657000	-363712.544000	-2.482675	2.777778	-0.001548	1607174107.041649	
7757926.215000	-363712.890000	-2.483127	2.777778	-0.002114	1607174107.243725	
