7757879.253     -363573.728     2.656914 -2.777778 0        1607147411.71172
7757879.701375  -363573.988448  2.656914 -2.777778 0.153678 1607147411.89839
7757880.151474  -363574.237573  2.677053 -2.777778 0.092471 1607147412.08359
7757880.598323  -363574.474732  2.691025 -2.777778 0.089682 1607147412.26571
7757881.062581  -363574.710572  2.707089 -2.777778 0.093779 1607147412.45317
7757881.521016  -363574.93248   2.726916 -2.777778 0.10212  1607147412.63653
7757881.992712  -363575.148569  2.754301 -2.777778 0.114563 1607147412.82331
7757882.456165  -363575.347549  2.797222 -2.777778 0.131853 1607147413.00488
7757882.940362  -363575.539467  2.880967 -2.777778 0.155933 1607147413.19238
7757883.426196  -363575.712992  2.883422 -2.777778 0.190308 1607147413.37811
7757883.906581  -363575.862135  2.915997 -2.777778 0.239373 1607147413.55919
7757884.409702  -363575.988619  2.978201 -2.777778 0.313624 1607147413.74595
7757884.91155   -363576.075202  3.075556 -2.777778 0.430335 1607147413.92928
7757885.418     -363576.106    -3.069876 -2.777778 0.611758 1607147414.11194
7757885.937469  -363576.057889 -2.894144 -2.777778 0.668587 1607147414.29975
7757886.449733  -363575.933349 -2.746115 -2.777778 0.591756 1607147414.48954
7757886.938973  -363575.747962 -2.6211   -2.777778 0.516544 1607147414.67788
7757887.400277  -363575.515746 -2.525448 -2.777778 0.453714 1607147414.86381
7757887.846345  -363575.237884 -2.456065 -2.777778 0.40673  1607147415.053
7757888.262     -363574.929    -2.40868  -2.777778 0.377218 1607147415.23943
7757888.648196  -363574.585908 -2.381453 -2.777778 0.434125 1607147415.4254
7757889.007795  -363574.214486 -2.375175 -2.777778 0.304499 1607147415.61151
7757889.352551  -363573.818236 -2.3148   -2.777778 0.225427 1607147415.80059
7757889.671641  -363573.420663 -2.276353 -2.777778 0.175129 1607147415.98412
7757889.978944  -363573.012603 -2.249491 -2.777778 0.141627 1607147416.16802
7757890.280278  -363572.590543 -2.228903 -2.777778 0.117762 1607147416.35471
7757890.573454  -363572.160595 -2.212648 -2.777778 0.100234 1607147416.54205
7757890.856284  -363571.728873 -2.199189 -2.777778 0.087232 1607147416.72785
7757891.133325  -363571.290645 -2.1876   -2.777778 0.077471 1607147416.9145
7757891.401135  -363570.853101 -2.177301 -2.777778 0.070179 1607147417.09918
7757891.661682  -363570.414569 -2.16812  -2.777778 0.064958 1607147417.28281
7757891.919253  -363569.968598 -2.159252 -2.777778 0.061665 1607147417.46821
7757892.175269  -363569.512704 -2.150182 -2.777778 0.060781 1607147417.65644
7757892.418927  -363569.066127 -2.134964 -2.777778 0.064609 1607147417.83958
7757892.659     -363568.61     -2.134964 -2.777778 0.111954 1607147418.02514
