7757919.734000	-363721.151000	0.649536	2.777778	0.000000	1607174002.820280	
7757920.155000	-363720.831000	0.649446	2.777778	-0.000448	1607174003.010652	
7757920.576000	-363720.511000	0.649446	2.777778	0.000000	1607174003.201024	
7757920.997000	-363720.191000	0.649500	2.777778	0.000267	1607174003.391396	
7757921.417000	-363719.872000	0.649481	2.777778	-0.000092	1607174003.581264	
7757921.838000	-363719.553000	0.649416	2.777778	-0.000322	1607174003.771418	
7757922.256000	-363719.236000	0.649288	2.777778	-0.000644	1607174003.960277	
7757922.674000	-363718.919000	0.649215	2.777778	-0.000362	1607174004.149135	
7757923.093000	-363718.602000	0.649124	2.777778	-0.000455	1607174004.338281	
7757923.511000	-363718.285000	0.648925	2.777778	-0.000996	1607174004.527140	
7757923.927000	-363717.970000	0.648737	2.777778	-0.000947	1607174004.714990	
7757924.344000	-363717.654000	0.648668	2.777778	-0.000344	1607174004.903344	
7757924.760000	-363717.339000	0.648508	2.777778	-0.000805	1607174005.091194	
7757925.177000	-363717.023000	0.648417	2.777778	-0.000459	1607174005.279548	
7757925.593000	-363716.708000	0.648394	2.777778	-0.000112	1607174005.467398	
7757926.008000	-363716.394000	0.648706	2.777778	0.001573	1607174005.654744	
7757926.424000	-363716.079000	0.648890	2.777778	0.000923	1607174005.842594	
7757926.839000	-363715.765000	0.649043	2.777778	0.000774	1607174006.029940	
7757927.252000	-363715.451000	0.649063	2.777778	0.000103	1607174006.216712	
7757927.664000	-363715.139000	0.648881	2.777778	-0.000928	1607174006.402762	
7757928.075000	-363714.827000	0.648454	2.777778	-0.002170	1607174006.588525	
7757928.486000	-363714.515000	0.648053	2.777778	-0.002039	1607174006.774288	
7757928.896000	-363714.204000	0.647751	2.777778	-0.001542	1607174006.959547	
7757929.305000	-363713.894000	0.647632	2.777778	-0.000611	1607174007.144301	
7757929.716000	-363713.583000	0.647559	2.777778	-0.000371	1607174007.329847	
7757930.125000	-363713.272000	0.647467	2.777778	-0.000468	1607174007.514819	
7757930.533000	-363712.963000	0.647937	2.777778	0.002408	1607174007.699069	
7757930.940000	-363712.654000	0.648231	2.777778	0.001513	1607174007.883032	
7757931.345000	-363712.346000	0.648567	2.777778	0.001731	1607174008.066204	
7757931.751000	-363712.038000	0.649091	2.777778	0.002701	1607174008.249663	
7757932.155000	-363711.730000	0.649213	2.777778	0.000629	1607174008.432548	
7757932.560000	-363711.422000	0.649397	2.777778	0.000951	1607174008.615720	
7757932.966000	-363711.112000	0.649543	2.777778	0.000749	1607174008.799615	
7757933.371000	-363710.802000	0.649542	2.777778	-0.000003	1607174008.983224	
7757933.776000	-363710.494000	0.649899	2.777778	0.001838	1607174009.166396	
7757934.180000	-363710.186000	0.649927	2.777778	0.000146	1607174009.349282	
7757934.584000	-363709.878000	0.650083	2.777778	0.000804	1607174009.532167	
7757934.986000	-363709.571000	0.650305	2.777778	0.001152	1607174009.714262	
7757935.389000	-363709.264000	0.650585	2.777778	0.001454	1607174009.896643	
7757935.789000	-363708.959000	0.650743	2.777778	0.000823	1607174010.077729	
7757936.190000	-363708.653000	0.650656	2.777778	-0.000454	1607174010.259319	
7757936.592000	-363708.347000	0.650459	2.777778	-0.001025	1607174010.441196	
7757936.991000	-363708.042000	0.650004	2.777778	-0.002377	1607174010.621995	
7757937.390000	-363707.738000	0.649894	2.777778	-0.000573	1607174010.802577	
7757937.788000	-363707.434000	0.649746	2.777778	-0.000775	1607174010.982872	
7757938.186000	-363707.131000	0.649652	2.777778	-0.000498	1607174011.162948	
7757938.587000	-363706.826000	0.651597	2.777778	0.010135	1607174011.344320	
7757938.981000	-363706.526000	0.649520	2.777778	-0.011008	1607174011.522597	
7757939.379000	-363706.223000	0.649450	2.777778	-0.000366	1607174011.702674	
7757939.777000	-363705.920000	0.649427	2.777778	-0.000121	1607174011.882750	
7757940.177000	-363705.616000	0.651012	2.777778	0.008282	1607174012.063618	
7757940.568000	-363705.318000	0.649197	2.777778	-0.009692	1607174012.240599	
7757940.966000	-363705.015000	0.650936	2.777778	0.009125	1607174012.420676	
7757941.357000	-363704.718000	0.648774	2.777778	-0.011557	1607174012.597439	
7757941.751000	-363704.419000	0.650349	2.777778	0.008359	1607174012.775498	
7757942.144000	-363704.120000	0.648281	2.777778	-0.010990	1607174012.953270	
7757942.538000	-363703.821000	0.650619	2.777778	0.012403	1607174013.131329	
7757942.932000	-363703.521000	0.647880	2.777778	-0.014516	1607174013.309606	
7757943.324000	-363703.224000	0.650647	2.777778	0.014769	1607174013.486656	
7757943.716000	-363702.926000	0.647815	2.777778	-0.015096	1607174013.663924	
7757944.114000	-363702.623000	0.650887	2.777778	0.016121	1607174013.844000	
7757944.497000	-363702.332000	0.648282	2.777778	-0.014218	1607174014.017164	
7757944.890000	-363702.034000	0.651215	2.777778	0.015609	1607174014.194718	
7757945.275000	-363701.741000	0.649120	2.777778	-0.011364	1607174014.368891	
7757945.666000	-363701.442000	0.652820	2.777778	0.019725	1607174014.546090	
7757946.050000	-363701.150000	0.650194	2.777778	-0.014286	1607174014.719758	
7757946.440000	-363700.851000	0.654661	2.777778	0.023854	1607174014.896672	
7757946.821000	-363700.558000	0.652433	2.777778	-0.012167	1607174015.069701	
7757947.213000	-363700.257000	0.657670	2.777778	0.027810	1607174015.247624	
7757947.589000	-363699.967000	0.655300	2.777778	-0.013103	1607174015.418568	
7757947.978000	-363699.666000	0.660474	2.777778	0.027608	1607174015.595636	
7757948.351000	-363699.377000	0.658623	2.777778	-0.010296	1607174015.765505	
7757948.738000	-363699.076000	0.663290	2.777778	0.024980	1607174015.942004	
7757949.109000	-363698.786000	0.663210	2.777778	-0.000445	1607174016.111526	
7757949.488000	-363698.488000	0.666916	2.777778	0.020176	1607174016.285091	
7757949.859000	-363698.195000	0.669367	2.777778	0.013607	1607174016.455280	
7757950.237000	-363697.895000	0.671893	2.777778	0.013744	1607174016.629009	
7757950.606000	-363697.601000	0.675855	2.777778	0.022037	1607174016.798858	
7757950.976000	-363697.304000	0.678196	2.777778	0.012952	1607174016.969662	
7757951.345000	-363697.005000	0.683931	2.777778	0.031688	1607174017.140638	
7757951.712000	-363696.705000	0.686754	2.777778	0.015632	1607174017.311283	
7757952.077000	-363696.403000	0.695322	2.777778	0.047441	1607174017.481829	
7757952.440000	-363696.100000	0.697505	2.777778	0.012116	1607174017.652052	
7757952.802000	-363695.794000	0.709294	2.777778	0.065194	1607174017.822693	
7757953.160000	-363695.487000	0.710367	2.777778	0.005975	1607174017.992472	
7757953.516000	-363695.177000	0.725371	2.777778	0.083241	1607174018.162411	
7757953.871000	-363694.862000	0.726167	2.777778	0.004399	1607174018.333269	
7757954.216000	-363694.551000	0.743307	2.777778	0.096565	1607174018.500484	
7757954.565000	-363694.232000	0.743662	2.777778	0.001970	1607174018.670700	
7757954.903000	-363693.916000	0.761721	2.777778	0.102097	1607174018.837276	
7757955.240000	-363693.596000	0.761752	2.777778	0.000172	1607174019.004576	
7757955.574000	-363693.273000	0.781696	2.777778	0.112204	1607174019.171845	
7757955.903000	-363692.946000	0.782217	2.777778	0.002951	1607174019.338836	
7757956.229000	-363692.617000	0.802976	2.777778	0.117110	1607174019.505573	
7757956.551000	-363692.284000	0.803770	2.777778	0.004503	1607174019.672333	
7757956.870000	-363691.947000	0.825897	2.777778	0.124521	1607174019.839386	
7757957.184000	-363691.608000	0.826826	2.777778	0.005276	1607174020.005734	
7757957.494000	-363691.265000	0.849295	2.777778	0.126891	1607174020.172173	
7757957.800000	-363690.917000	0.849571	2.777778	0.001560	1607174020.338997	
7757958.097000	-363690.573000	0.872844	2.777778	0.133625	1607174020.502607	
7757958.395000	-363690.219000	0.872412	2.777778	-0.002453	1607174020.669190	
7757958.683000	-363689.869000	0.896328	2.777778	0.137633	1607174020.832364	
7757958.973000	-363689.509000	0.896704	2.777778	0.002133	1607174020.998783	
7757959.251000	-363689.153000	0.919883	2.777778	0.133900	1607174021.161390	
7757959.527000	-363688.792000	0.920470	2.777778	0.003391	1607174021.324981	
7757959.798000	-363688.427000	0.947220	2.777778	0.153251	1607174021.488639	
7757960.063000	-363688.060000	0.947055	2.777778	-0.000954	1607174021.651602	
7757960.323000	-363687.691000	0.971523	2.777778	0.141338	1607174021.814106	
7757960.578000	-363687.319000	0.971198	2.777778	-0.001893	1607174021.976469	
7757960.829000	-363686.944000	0.996980	2.777778	0.148868	1607174022.138919	
7757961.077000	-363686.562000	0.995948	2.777778	-0.005948	1607174022.302878	
7757961.315000	-363686.186000	1.019592	2.777778	0.138583	1607174022.463076	
7757961.552000	-363685.800000	1.021624	2.777778	0.011776	1607174022.626138	
7757961.780000	-363685.420000	1.043102	2.777778	0.126541	1607174022.785673	
7757962.008000	-363685.029000	1.044921	2.777778	0.010549	1607174022.948617	
7757962.227000	-363684.645000	1.065374	2.777778	0.120862	1607174023.107758	
7757962.445000	-363684.251000	1.067516	2.777778	0.012484	1607174023.269862	
7757962.654000	-363683.862000	1.088231	2.777778	0.122524	1607174023.428835	
7757962.861000	-363683.468000	1.088816	2.777778	0.003451	1607174023.589059	
7757963.062000	-363683.072000	1.114881	2.777778	0.152865	1607174023.748932	
7757963.259000	-363682.674000	1.114340	2.777778	-0.003194	1607174023.908803	
7757963.451000	-363682.273000	1.137575	2.777778	0.136334	1607174024.068857	
7757963.638000	-363681.872000	1.137451	2.777778	-0.000735	1607174024.228142	
7757963.819000	-363681.468000	1.160939	2.777778	0.138385	1607174024.387512	
7757963.996000	-363681.063000	1.160710	2.777778	-0.001359	1607174024.546628	
7757964.167000	-363680.655000	1.187285	2.777778	0.156399	1607174024.705887	
7757964.333000	-363680.247000	1.187089	2.777778	-0.001166	1607174024.864458	
7757964.493000	-363679.837000	1.212050	2.777778	0.147791	1607174025.022899	
7757964.650000	-363679.422000	1.211146	2.777778	-0.005351	1607174025.182633	
7757964.798000	-363679.014000	1.237251	2.777778	0.156595	1607174025.338878	
7757964.944000	-363678.597000	1.236856	2.777778	-0.002348	1607174025.497933	
7757965.082000	-363678.188000	1.261064	2.777778	0.146166	1607174025.653328	
7757965.218000	-363677.769000	1.258905	2.777778	-0.012864	1607174025.811915	
7757965.346000	-363677.358000	1.283057	2.777778	0.146228	1607174025.966885	
7757965.470000	-363676.941000	1.283285	2.777778	0.001378	1607174026.123501	
7757965.589000	-363676.523000	1.307897	2.777778	0.147572	1607174026.279960	
7757965.705000	-363676.098000	1.309469	2.777778	0.009370	1607174026.438557	
7757965.813000	-363675.681000	1.332123	2.777778	0.137180	1607174026.593630	
7757965.917000	-363675.261000	1.331221	2.777778	-0.005473	1607174026.749397	
7757966.015000	-363674.839000	1.350629	2.777778	0.117063	1607174026.905360	
7757966.109000	-363674.417000	1.357143	2.777778	0.039528	1607174027.061003	
7757966.197000	-363673.995000	1.374785	2.777778	0.107018	1607174027.216191	
7757966.281000	-363673.572000	1.378041	2.777778	0.019814	1607174027.371444	
7757966.359000	-363673.149000	1.403253	2.777778	0.152668	1607174027.526292	
7757966.431000	-363672.722000	1.401902	2.777778	-0.008190	1607174027.682182	
7757966.498000	-363672.304000	1.422980	2.777778	0.129960	1607174027.834582	
7757966.560000	-363671.877000	1.429634	2.777778	0.040464	1607174027.989914	
7757966.616000	-363671.459000	1.450970	2.777778	0.132028	1607174028.141739	
7757966.668000	-363671.030000	1.454564	2.777778	0.021827	1607174028.297309	
7757966.712000	-363670.611000	1.478407	2.777778	0.147480	1607174028.448979	
7757966.752000	-363670.189000	1.478728	2.777778	0.001986	1607174028.601580	
7757966.787000	-363669.766000	1.499852	2.777778	0.129909	1607174028.754380	
7757966.816000	-363669.345000	1.499727	2.777778	-0.000781	1607174028.906299	
7757966.840000	-363668.923000	1.513972	2.777778	0.088239	1607174029.058465	
7757966.860000	-363668.501000	1.513996	2.777778	0.000147	1607174029.210555	
7757966.873000	-363668.079000	1.560147	2.777778	0.279434	1607174029.362547	
7757966.884000	-363667.658000	1.570796	2.777778	0.066282	1607174029.514159	
7757966.884000	-363667.237000	1.573974	2.777778	0.019811	1607174029.665719	
7757966.884000	-363666.812000	1.569433	2.777778	-0.028039	1607174029.818719	
7757966.873000	-363666.397000	1.606879	2.777778	0.232491	1607174029.968172	
7757966.861000	-363665.973000	1.577875	2.777778	-0.177599	1607174030.120873	
7757966.844000	-363665.559000	1.631742	2.777778	0.328866	1607174030.270039	
7757966.821000	-363665.138000	1.635761	2.777778	0.025014	1607174030.421825	
7757966.793000	-363664.728000	1.650220	2.777778	0.092096	1607174030.569768	
7757966.760000	-363664.308000	1.650331	2.777778	0.000693	1607174030.721434	
7757966.723000	-363663.900000	1.680033	2.777778	0.188065	1607174030.868917	
7757966.679000	-363663.487000	1.679411	2.777778	-0.003932	1607174031.018438	
7757966.629000	-363663.075000	1.701454	2.777778	0.138532	1607174031.167847	
7757966.576000	-363662.665000	1.705292	2.777778	0.024364	1607174031.316675	
7757966.516000	-363662.255000	1.724088	2.777778	0.118517	1607174031.465847	
7757966.453000	-363661.849000	1.728280	2.777778	0.026774	1607174031.613756	
7757966.384000	-363661.443000	1.750637	2.777778	0.141555	1607174031.762012	
7757966.311000	-363661.039000	1.754479	2.777778	0.024560	1607174031.909807	
7757966.234000	-363660.636000	1.775707	2.777778	0.134988	1607174032.057511	
7757966.150000	-363660.230000	1.773548	2.777778	-0.013671	1607174032.206767	
7757966.064000	-363659.834000	1.796265	2.777778	0.146110	1607174032.352650	
7757965.970000	-363659.431000	1.800208	2.777778	0.025009	1607174032.501624	
7757965.876000	-363659.038000	1.820265	2.777778	0.129563	1607174032.647095	
7757965.774000	-363658.641000	1.822623	2.777778	0.015099	1607174032.794657	
7757965.672000	-363658.254000	1.842123	2.777778	0.127205	1607174032.938735	
7757965.563000	-363657.866000	1.843775	2.777778	0.010765	1607174033.083822	
7757965.452000	-363657.479000	1.864198	2.777778	0.132380	1607174033.228760	
7757965.335000	-363657.094000	1.867569	2.777778	0.021982	1607174033.373618	
7757965.214000	-363656.710000	1.886720	2.777778	0.124221	1607174033.518559	
7757965.090000	-363656.326000	1.887910	2.777778	0.007743	1607174033.663828	
7757964.962000	-363655.943000	1.908379	2.777778	0.132278	1607174033.809204	
7757964.829000	-363655.563000	1.905533	2.777778	-0.018551	1607174033.954141	
7757964.692000	-363655.185000	1.929458	2.777778	0.154951	1607174034.098883	
7757964.552000	-363654.809000	1.930385	2.777778	0.006066	1607174034.243322	
7757964.407000	-363654.435000	1.953902	2.777778	0.152697	1607174034.387727	
7757964.259000	-363654.063000	1.953531	2.777778	-0.002435	1607174034.531856	
7757964.105000	-363653.694000	1.976836	2.777778	0.151824	1607174034.675801	
7757963.948000	-363653.324000	1.977619	2.777778	0.005116	1607174034.820496	
7757963.786000	-363652.957000	1.997761	2.777778	0.131043	1607174034.964915	
7757963.620000	-363652.593000	2.001188	2.777778	0.022479	1607174035.108939	
7757963.451000	-363652.230000	2.022843	2.777778	0.141021	1607174035.253087	
7757963.275000	-363651.867000	2.021183	2.777778	-0.010801	1607174035.398317	
7757963.100000	-363651.514000	2.043094	2.777778	0.144957	1607174035.540156	
7757962.918000	-363651.155000	2.045157	2.777778	0.013456	1607174035.685055	
7757962.736000	-363650.808000	2.066401	2.777778	0.141370	1607174035.826115	
7757962.546000	-363650.453000	2.064631	2.777778	-0.011538	1607174035.971068	
7757962.355000	-363650.109000	2.088349	2.777778	0.156935	1607174036.112717	
7757962.158000	-363649.760000	2.085528	2.777778	-0.018475	1607174036.256991	
7757961.962000	-363649.421000	2.113015	2.777778	0.182217	1607174036.397961	
7757961.756000	-363649.077000	2.110516	2.777778	-0.016358	1607174036.542308	
7757961.552000	-363648.744000	2.134506	2.777778	0.159878	1607174036.682895	
7757961.342000	-363648.410000	2.132820	2.777778	-0.011218	1607174036.824926	
7757961.128000	-363648.078000	2.158272	2.777778	0.167559	1607174036.967124	
7757960.910000	-363647.749000	2.156607	2.777778	-0.011071	1607174037.109205	
7757960.689000	-363647.422000	2.179393	2.777778	0.150404	1607174037.251289	
7757960.465000	-363647.097000	2.177385	2.777778	-0.013355	1607174037.393387	
7757960.236000	-363646.776000	2.203241	2.777778	0.170456	1607174037.535339	
7757960.005000	-363646.456000	2.197411	2.777778	-0.038753	1607174037.677419	
7757959.770000	-363646.139000	2.225425	2.777778	0.184240	1607174037.819477	
7757959.532000	-363645.825000	2.221995	2.777778	-0.022850	1607174037.961319	
7757959.289000	-363645.514000	2.247106	2.777778	0.165486	1607174038.103403	
7757959.045000	-363645.206000	2.243622	2.777778	-0.023269	1607174038.244860	
7757958.797000	-363644.900000	2.268758	2.777778	0.165979	1607174038.386656	
7757958.545000	-363644.598000	2.266488	2.777778	-0.015154	1607174038.528255	
7757958.291000	-363644.299000	2.289878	2.777778	0.155247	1607174038.669491	
7757958.033000	-363644.004000	2.289807	2.777778	-0.000482	1607174038.810576	
7757957.772000	-363643.711000	2.308791	2.777778	0.126328	1607174038.951837	
7757957.509000	-363643.421000	2.309976	2.777778	0.007944	1607174039.092775	
7757957.242000	-363643.133000	2.324616	2.777778	0.097544	1607174039.234156	
7757956.973000	-363642.846000	2.326491	2.777778	0.012512	1607174039.375765	
7757956.702000	-363642.560000	2.337657	2.777778	0.074255	1607174039.517606	
7757956.429000	-363642.278000	2.339856	2.777778	0.014702	1607174039.658904	
7757956.155000	-363641.996000	2.346279	2.777778	0.042858	1607174039.800453	
7757955.872000	-363641.709000	2.351046	2.777778	0.031038	1607174039.945555	
7757955.601000	-363641.437000	2.354148	2.777778	0.021203	1607174040.083781	
7757955.315000	-363641.152000	2.359962	2.777778	0.037781	1607174040.229134	
7757955.043000	-363640.881000	2.362076	2.777778	0.014452	1607174040.367359	
7757954.757000	-363640.600000	2.366195	2.777778	0.026958	1607174040.511699	
7757954.478000	-363640.327000	2.367732	2.777778	0.010333	1607174040.652224	
7757954.195000	-363640.052000	2.372176	2.777778	0.029558	1607174040.794282	
7757953.911000	-363639.777000	2.372747	2.777778	0.003788	1607174040.936599	
7757953.628000	-363639.504000	2.376626	2.777778	0.025888	1607174041.078156	
7757953.344000	-363639.231000	2.377686	2.777778	0.007067	1607174041.219973	
7757953.051000	-363638.953000	2.379839	2.777778	0.013989	1607174041.365376	
7757952.774000	-363638.689000	2.382496	2.777778	0.018227	1607174041.503132	
7757952.479000	-363638.411000	2.384766	2.777778	0.014702	1607174041.649058	
7757952.198000	-363638.147000	2.384847	2.777778	0.000548	1607174041.787860	
7757951.906000	-363637.872000	2.388466	2.777778	0.023680	1607174041.932259	
7757951.621000	-363637.605000	2.388655	2.777778	0.001270	1607174042.072850	
7757951.327000	-363637.330000	2.392940	2.777778	0.027937	1607174042.217774	
7757951.039000	-363637.063000	2.391293	2.777778	-0.011013	1607174042.359155	
7757950.745000	-363636.790000	2.395691	2.777778	0.028768	1607174042.503589	
7757950.457000	-363636.524000	2.396797	2.777778	0.007407	1607174042.644726	
7757950.160000	-363636.251000	2.401932	2.777778	0.033400	1607174042.789953	
7757949.871000	-363635.986000	2.400085	2.777778	-0.012363	1607174042.931110	
7757949.567000	-363635.710000	2.407337	2.777778	0.046334	1607174043.078926	
7757949.277000	-363635.448000	2.404160	2.777778	-0.021338	1607174043.219623	
7757948.972000	-363635.173000	2.409157	2.777778	0.031930	1607174043.367464	
7757948.680000	-363634.911000	2.408608	2.777778	-0.003672	1607174043.508696	
7757948.374000	-363634.636000	2.413531	2.777778	0.031398	1607174043.656805	
7757948.081000	-363634.374000	2.411739	2.777778	-0.011963	1607174043.798305	
7757947.772000	-363634.100000	2.415978	2.777778	0.026936	1607174043.946980	
7757947.479000	-363633.839000	2.413205	2.777778	-0.018552	1607174044.088240	
7757947.170000	-363633.564000	2.415771	2.777778	0.016282	1607174044.237154	
7757946.877000	-363633.303000	2.413694	2.777778	-0.013893	1607174044.378415	
7757946.570000	-363633.031000	2.416434	2.777778	0.017532	1607174044.526073	
7757946.271000	-363632.765000	2.414491	2.777778	-0.012740	1607174044.670144	
7757945.963000	-363632.492000	2.416089	2.777778	0.010192	1607174044.818310	
7757945.662000	-363632.225000	2.415097	2.777778	-0.006472	1607174044.963158	
7757945.354000	-363631.951000	2.416051	2.777778	0.006070	1607174045.111564	
7757945.053000	-363631.684000	2.415525	2.777778	-0.003432	1607174045.256412	
7757944.743000	-363631.410000	2.417465	2.777778	0.012313	1607174045.405356	
7757944.441000	-363631.142000	2.415272	2.777778	-0.014257	1607174045.550713	
7757944.131000	-363630.868000	2.417849	2.777778	0.016349	1607174045.699657	
7757943.828000	-363630.600000	2.415264	2.777778	-0.016775	1607174045.845283	
7757943.513000	-363630.321000	2.418142	2.777778	0.017952	1607174045.996768	
7757943.213000	-363630.055000	2.415228	2.777778	-0.019075	1607174046.141108	
7757942.897000	-363629.775000	2.416654	2.777778	0.008864	1607174046.293101	
7757942.595000	-363629.508000	2.415857	2.777778	-0.005190	1607174046.438218	
7757942.279000	-363629.228000	2.417539	2.777778	0.010456	1607174046.590212	
7757941.978000	-363628.961000	2.416164	2.777778	-0.008972	1607174046.735060	
7757941.660000	-363628.680000	2.417953	2.777778	0.011066	1607174046.887831	
7757941.356000	-363628.412000	2.416634	2.777778	-0.008541	1607174047.033726	
7757941.041000	-363628.133000	2.418837	2.777778	0.013745	1607174047.185212	
7757940.732000	-363627.860000	2.417461	2.777778	-0.008761	1607174047.333648	
7757940.415000	-363627.581000	2.419325	2.777778	0.011584	1607174047.485673	
7757940.105000	-363627.308000	2.418381	2.777778	-0.005999	1607174047.634379	
7757939.788000	-363627.028000	2.420609	2.777778	0.013825	1607174047.786642	
7757939.478000	-363626.755000	2.418533	2.777778	-0.013187	1607174047.935348	
7757939.154000	-363626.471000	2.421013	2.777778	0.015108	1607174048.090454	
7757938.845000	-363626.199000	2.418707	2.777778	-0.014702	1607174048.238652	
7757938.529000	-363625.920000	2.420685	2.777778	0.012311	1607174048.390407	
7757938.212000	-363625.641000	2.418315	2.777778	-0.014730	1607174048.542432	
7757937.893000	-363625.361000	2.419874	2.777778	0.009643	1607174048.695235	
7757937.576000	-363625.080000	2.418042	2.777778	-0.011353	1607174048.847737	
7757937.252000	-363624.796000	2.419298	2.777778	0.007653	1607174049.002843	
7757936.938000	-363624.518000	2.417767	2.777778	-0.009582	1607174049.153820	
7757936.614000	-363624.233000	2.418868	2.777778	0.006699	1607174049.309164	
7757936.299000	-363623.955000	2.416795	2.777778	-0.012953	1607174049.460410	
7757935.976000	-363623.670000	2.419423	2.777778	0.016011	1607174049.615484	
7757935.661000	-363623.391000	2.416638	2.777778	-0.017368	1607174049.766969	
7757935.336000	-363623.105000	2.419661	2.777778	0.018326	1607174049.922821	
7757935.019000	-363622.824000	2.416908	2.777778	-0.017057	1607174050.075323	
7757934.688000	-363622.533000	2.419447	2.777778	0.015122	1607174050.233985	
7757934.372000	-363622.255000	2.417181	2.777778	-0.014131	1607174050.385502	
7757934.049000	-363621.970000	2.419692	2.777778	0.015300	1607174050.540576	
7757933.725000	-363621.685000	2.417281	2.777778	-0.014670	1607174050.695919	
7757933.402000	-363621.399000	2.418744	2.777778	0.008902	1607174050.851231	
7757933.078000	-363621.113000	2.416893	2.777778	-0.011238	1607174051.006813	
7757932.754000	-363620.826000	2.417470	2.777778	0.003499	1607174051.162633	
7757932.429000	-363620.539000	2.416403	2.777778	-0.006459	1607174051.318723	
7757932.099000	-363620.246000	2.416076	2.777778	-0.001947	1607174051.477592	
7757931.777000	-363619.961000	2.416485	2.777778	0.002495	1607174051.632396	
7757931.448000	-363619.668000	2.415020	2.777778	-0.008727	1607174051.790996	
7757931.126000	-363619.383000	2.417395	2.777778	0.014494	1607174051.945800	
7757930.795000	-363619.089000	2.414903	2.777778	-0.014776	1607174052.105177	
7757930.473000	-363618.803000	2.418905	2.777778	0.024392	1607174052.260220	
7757930.142000	-363618.512000	2.417919	2.777778	-0.005871	1607174052.418882	
7757929.820000	-363618.227000	2.420257	2.777778	0.014268	1607174052.573686	
7757929.487000	-363617.933000	2.418413	2.777778	-0.010899	1607174052.733603	
7757929.162000	-363617.647000	2.420858	2.777778	0.014828	1607174052.889455	
7757928.828000	-363617.353000	2.418127	2.777778	-0.016113	1607174053.049641	
7757928.502000	-363617.065000	2.421716	2.777778	0.021659	1607174053.206239	
7757928.168000	-363616.772000	2.419007	2.777778	-0.016007	1607174053.366188	
7757927.842000	-363616.485000	2.423241	2.777778	0.025583	1607174053.522548	
7757927.510000	-363616.194000	2.420530	2.777778	-0.016117	1607174053.681481	
7757927.179000	-363615.903000	2.425020	2.777778	0.026734	1607174053.840143	
7757926.846000	-363615.613000	2.422628	2.777778	-0.014214	1607174053.999111	
7757926.514000	-363615.323000	2.425850	2.777778	0.019183	1607174054.157807	
7757926.180000	-363615.032000	2.424785	2.777778	-0.006310	1607174054.317282	
7757925.846000	-363614.742000	2.426085	2.777778	0.007715	1607174054.476521	
7757925.504000	-363614.445000	2.425780	2.777778	-0.001771	1607174054.639586	
7757925.178000	-363614.160000	2.426290	2.777778	0.003093	1607174054.795471	
7757924.836000	-363613.864000	2.426528	2.777778	0.001379	1607174054.958301	
7757924.503000	-363613.574000	2.425966	2.777778	-0.003338	1607174055.117268	
7757924.161000	-363613.277000	2.427243	2.777778	0.007402	1607174055.280334	
7757923.826000	-363612.986000	2.424907	2.777778	-0.013821	1607174055.440081	
7757923.483000	-363612.689000	2.427293	2.777778	0.013807	1607174055.603418	
7757923.147000	-363612.398000	2.424274	2.777778	-0.017826	1607174055.763437	
7757922.806000	-363612.101000	2.426909	2.777778	0.015292	1607174055.926231	
7757922.473000	-363611.810000	2.423553	2.777778	-0.019919	1607174056.085435	
7757922.132000	-363611.514000	2.425624	2.777778	0.012041	1607174056.247993	
7757921.793000	-363611.218000	2.423282	2.777778	-0.013662	1607174056.410007	
7757921.452000	-363610.921000	2.424299	2.777778	0.005907	1607174056.572802	
7757921.111000	-363610.624000	2.422956	2.777778	-0.007796	1607174056.735596	
7757920.771000	-363610.326000	2.423018	2.777778	0.000360	1607174056.898355	
7757920.430000	-363610.028000	2.422088	2.777778	-0.005394	1607174057.061386	
7757920.092000	-363609.731000	2.421517	2.777778	-0.003331	1607174057.223367	
7757919.753000	-363609.434000	2.422494	2.777778	0.005690	1607174057.385619	
7757919.412000	-363609.135000	2.421230	2.777778	-0.007312	1607174057.548887	
7757919.071000	-363608.836000	2.422949	2.777778	0.009949	1607174057.712155	
7757918.730000	-363608.536000	2.421310	2.777778	-0.009473	1607174057.875660	
7757918.388000	-363608.237000	2.423583	2.777778	0.013132	1607174058.039199	
7757918.041000	-363607.933000	2.420921	2.777778	-0.015142	1607174058.205277	
7757917.702000	-363607.635000	2.423697	2.777778	0.016138	1607174058.367766	
7757917.355000	-363607.332000	2.421408	2.777778	-0.013038	1607174058.533608	
7757917.015000	-363607.035000	2.423654	2.777778	0.013057	1607174058.696131	
7757916.669000	-363606.731000	2.421379	2.777778	-0.012964	1607174058.861939	
7757916.331000	-363606.434000	2.424048	2.777778	0.015568	1607174059.023920	
7757915.983000	-363606.130000	2.422025	2.777778	-0.011493	1607174059.190269	
7757915.643000	-363605.832000	2.425008	2.777778	0.017318	1607174059.353029	
7757915.294000	-363605.528000	2.423783	2.777778	-0.006944	1607174059.519650	
7757914.952000	-363605.230000	2.425339	2.777778	0.009003	1607174059.682952	
7757914.604000	-363604.926000	2.424620	2.777778	-0.004084	1607174059.849302	
7757914.263000	-363604.629000	2.425483	2.777778	0.005008	1607174060.012096	
7757913.912000	-363604.324000	2.425163	2.777778	-0.001808	1607174060.179496	
7757913.570000	-363604.026000	2.425651	2.777778	0.002826	1607174060.342798	
7757913.222000	-363603.724000	2.426410	2.777778	0.004325	1607174060.508675	
7757912.874000	-363603.422000	2.425412	2.777778	-0.005686	1607174060.674552	
7757912.526000	-363603.119000	2.427085	2.777778	0.009517	1607174060.840665	
7757912.177000	-363602.816000	2.424810	2.777778	-0.012921	1607174061.007050	
7757911.828000	-363602.513000	2.427395	2.777778	0.014683	1607174061.173434	
7757911.480000	-363602.211000	2.424096	2.777778	-0.018795	1607174061.339311	
7757911.132000	-363601.908000	2.426430	2.777778	0.013278	1607174061.505424	
7757910.783000	-363601.605000	2.423520	2.777778	-0.016526	1607174061.671809	
7757910.435000	-363601.301000	2.426015	2.777778	0.014173	1607174061.838158	
7757910.087000	-363600.997000	2.421922	2.777778	-0.023249	1607174062.004508	
7757909.737000	-363600.692000	2.423706	2.777778	0.010087	1607174062.171637	
7757909.389000	-363600.386000	2.420142	2.777778	-0.020186	1607174062.338461	
7757909.039000	-363600.080000	2.422373	2.777778	0.012600	1607174062.505826	
7757908.690000	-363599.774000	2.418196	2.777778	-0.023623	1607174062.672921	
7757908.342000	-363599.467000	2.420884	2.777778	0.015206	1607174062.839983	
7757907.993000	-363599.161000	2.417279	2.777778	-0.020383	1607174063.007078	
7757907.645000	-363598.853000	2.418551	2.777778	0.007181	1607174063.174378	
7757907.298000	-363598.546000	2.416433	2.777778	-0.011997	1607174063.341171	
7757906.950000	-363598.238000	2.417103	2.777778	0.003783	1607174063.508471	
7757906.601000	-363597.930000	2.415455	2.777778	-0.009294	1607174063.676042	
7757906.255000	-363597.622000	2.415464	2.777778	0.000050	1607174063.842804	
7757905.908000	-363597.314000	2.414649	2.777778	-0.004606	1607174064.009835	
7757905.556000	-363597.001000	2.414621	2.777778	-0.000161	1607174064.179407	
7757905.213000	-363596.695000	2.413807	2.777778	-0.004648	1607174064.344884	
7757904.861000	-363596.381000	2.412558	2.777778	-0.006950	1607174064.514695	
7757904.518000	-363596.074000	2.412872	2.777778	0.001791	1607174064.680412	
7757904.167000	-363595.761000	2.410818	2.777778	-0.011463	1607174064.849715	
7757903.825000	-363595.454000	2.412468	2.777778	0.009422	1607174065.015164	
7757903.474000	-363595.139000	2.408373	2.777778	-0.022788	1607174065.184947	
7757903.132000	-363594.832000	2.412460	2.777778	0.023341	1607174065.350396	
7757902.781000	-363594.516000	2.406728	2.777778	-0.031848	1607174065.520420	
7757902.436000	-363594.206000	2.412332	2.777778	0.031704	1607174065.687393	
7757902.086000	-363593.890000	2.406579	2.777778	-0.032011	1607174065.857150	
7757901.742000	-363593.581000	2.412169	2.777778	0.031723	1607174066.023615	
7757901.392000	-363593.266000	2.408112	2.777778	-0.022612	1607174066.193131	
7757901.048000	-363592.957000	2.412267	2.777778	0.023582	1607174066.359596	
7757900.698000	-363592.643000	2.409398	2.777778	-0.016015	1607174066.528871	
7757900.355000	-363592.335000	2.412100	2.777778	0.015384	1607174066.694828	
7757900.003000	-363592.020000	2.409472	2.777778	-0.014605	1607174066.864880	
7757899.660000	-363591.712000	2.412698	2.777778	0.018368	1607174067.030837	
7757899.309000	-363591.398000	2.411693	2.777778	-0.005601	1607174067.200380	
7757898.964000	-363591.090000	2.413466	2.777778	0.010064	1607174067.366873	
7757898.613000	-363590.777000	2.413421	2.777778	-0.000254	1607174067.536177	
7757898.270000	-363590.470000	2.414238	2.777778	0.004658	1607174067.701893	
7757897.918000	-363590.158000	2.415029	2.777778	0.004417	1607174067.871227	
7757897.573000	-363589.852000	2.415738	2.777778	0.004037	1607174068.037241	
7757897.220000	-363589.539000	2.416706	2.777778	0.005386	1607174068.207083	
7757896.874000	-363589.233000	2.416854	2.777778	0.000842	1607174068.373367	
7757896.519000	-363588.919000	2.417855	2.777778	0.005545	1607174068.543986	
7757896.172000	-363588.612000	2.417566	2.777778	-0.001642	1607174068.710778	
7757895.816000	-363588.297000	2.419081	2.777778	0.008366	1607174068.881906	
7757895.468000	-363587.990000	2.418493	2.777778	-0.003323	1607174069.048968	
7757895.112000	-363587.676000	2.419140	2.777778	0.003576	1607174069.219857	
7757894.764000	-363587.370000	2.420015	2.777778	0.004955	1607174069.386681	
7757894.407000	-363587.056000	2.419909	2.777778	-0.000586	1607174069.557840	
7757894.059000	-363586.749000	2.421171	2.777778	0.007143	1607174069.724902	
7757893.698000	-363586.433000	2.421715	2.777778	0.002973	1607174069.897618	
7757893.351000	-363586.130000	2.421540	2.777778	-0.000995	1607174070.063460	
7757892.995000	-363585.817000	2.422367	2.777778	0.004580	1607174070.234111	
7757892.645000	-363585.510000	2.421895	2.777778	-0.002663	1607174070.401713	
7757892.288000	-363585.199000	2.423427	2.777778	0.008492	1607174070.572161	
7757891.940000	-363584.894000	2.421899	2.777778	-0.008666	1607174070.738748	
7757891.585000	-363584.583000	2.423865	2.777778	0.010936	1607174070.908653	
7757891.237000	-363584.280000	2.422200	2.777778	-0.009474	1607174071.074766	
7757890.883000	-363583.970000	2.424357	2.777778	0.012032	1607174071.244164	
7757890.536000	-363583.667000	2.423368	2.777778	-0.005634	1607174071.410005	
7757890.179000	-363583.356000	2.424950	2.777778	0.008770	1607174071.580453	
7757889.829000	-363583.052000	2.423923	2.777778	-0.005815	1607174071.747346	
7757889.472000	-363582.740000	2.424549	2.777778	0.003470	1607174071.918030	
7757889.122000	-363582.434000	2.423454	2.777778	-0.006185	1607174072.085396	
7757888.765000	-363582.122000	2.423822	2.777778	0.002040	1607174072.256080	
7757888.416000	-363581.817000	2.422799	2.777778	-0.005794	1607174072.422937	
7757888.060000	-363581.506000	2.422987	2.777778	0.001042	1607174072.593114	
7757887.712000	-363581.201000	2.422201	2.777778	-0.004458	1607174072.759701	
7757887.356000	-363580.890000	2.422245	2.777778	0.000241	1607174072.929877	
7757887.008000	-363580.585000	2.421588	2.777778	-0.003724	1607174073.096464	
7757886.651000	-363580.273000	2.422736	2.777778	0.006357	1607174073.267148	
7757886.303000	-363579.967000	2.421134	2.777778	-0.009077	1607174073.433972	
7757885.946000	-363579.654000	2.422651	2.777778	0.008388	1607174073.604894	
7757885.596000	-363579.348000	2.420293	2.777778	-0.013311	1607174073.772259	
7757885.239000	-363579.035000	2.423560	2.777778	0.018061	1607174073.943181	
7757884.889000	-363578.729000	2.419053	2.777778	-0.025444	1607174074.110546	
7757884.532000	-363578.416000	2.422626	2.777778	0.019749	1607174074.281468	
7757884.183000	-363578.109000	2.417025	2.777778	-0.031618	1607174074.448800	
7757883.830000	-363577.798000	2.420225	2.777778	0.017852	1607174074.618165	
7757883.478000	-363577.486000	2.415757	2.777778	-0.024932	1607174074.787498	
7757883.123000	-363577.174000	2.420677	2.777778	0.027322	1607174074.957641	
7757882.769000	-363576.862000	2.415014	2.777778	-0.031495	1607174075.127514	
7757882.415000	-363576.550000	2.421332	2.777778	0.035136	1607174075.297386	
7757882.061000	-363576.238000	2.413736	2.777778	-0.042231	1607174075.467259	
7757881.707000	-363575.925000	2.418962	2.777778	0.029019	1607174075.637370	
7757881.354000	-363575.611000	2.412086	2.777778	-0.038184	1607174075.807451	
7757881.002000	-363575.298000	2.416897	2.777778	0.026804	1607174075.977023	
7757880.650000	-363574.985000	2.411262	2.777778	-0.031390	1607174076.146595	
7757880.298000	-363574.671000	2.410956	2.777778	-0.001705	1607174076.316406	
7757879.947000	-363574.357000	2.410464	2.777778	-0.002742	1607174076.485950	
7757879.591000	-363574.036000	2.408895	2.777778	-0.008594	1607174076.658516	
7757879.248000	-363573.728000	2.409660	2.777778	0.004356	1607174076.824473	
7757878.896000	-363573.410000	2.406234	2.777778	-0.018953	1607174076.995246	
7757878.553000	-363573.099000	2.408609	2.777778	0.013465	1607174077.161927	
7757878.201000	-363572.781000	2.403737	2.777778	-0.026954	1607174077.332700	
7757877.857000	-363572.469000	2.407848	2.777778	0.023232	1607174077.499889	
7757877.507000	-363572.151000	2.402998	2.777778	-0.026919	1607174077.670129	
7757877.163000	-363571.839000	2.407776	2.777778	0.027005	1607174077.837318	
7757876.814000	-363571.522000	2.403741	2.777778	-0.022465	1607174078.007050	
7757876.471000	-363571.212000	2.408014	2.777778	0.024260	1607174078.173488	
7757876.121000	-363570.895000	2.405369	2.777778	-0.014706	1607174078.343487	
7757875.777000	-363570.585000	2.408467	2.777778	0.017562	1607174078.510193	
7757875.427000	-363570.268000	2.406558	2.777778	-0.010612	1607174078.680191	
7757875.083000	-363569.959000	2.409113	2.777778	0.014500	1607174078.846656	
7757874.733000	-363569.642000	2.408518	2.777778	-0.003305	1607174079.016654	
7757874.389000	-363569.333000	2.409995	2.777778	0.008383	1607174079.183120	
7757874.037000	-363569.018000	2.410638	2.777778	0.003574	1607174079.353171	
7757873.692000	-363568.709000	2.410950	2.777778	0.001771	1607174079.519904	
7757873.342000	-363568.394000	2.410310	2.777778	-0.003570	1607174079.689420	
7757872.998000	-363568.086000	2.411602	2.777778	0.007346	1607174079.855645	
7757872.648000	-363567.772000	2.411003	2.777778	-0.003343	1607174080.024920	
7757872.304000	-363567.465000	2.411544	2.777778	0.003080	1607174080.190905	
7757871.951000	-363567.149000	2.410673	2.777778	-0.004828	1607174080.361465	
7757871.613000	-363566.846000	2.411159	2.777778	0.002812	1607174080.524880	
7757871.261000	-363566.530000	2.409713	2.777778	-0.008025	1607174080.695172	
7757870.924000	-363566.227000	2.411287	2.777778	0.009115	1607174080.858319	
7757870.581000	-363565.918000	2.408488	2.777778	-0.015911	1607174081.024516	
7757870.236000	-363565.609000	2.411769	2.777778	0.018595	1607174081.191250	
7757869.893000	-363565.300000	2.408367	2.777778	-0.019344	1607174081.357447	
7757869.549000	-363564.992000	2.412006	2.777778	0.020683	1607174081.523672	
7757869.200000	-363564.677000	2.407636	2.777778	-0.024395	1607174081.692920	
7757868.865000	-363564.375000	2.411433	2.777778	0.022096	1607174081.855292	
7757868.519000	-363564.065000	2.408608	2.777778	-0.015958	1607174082.022533	
7757868.180000	-363563.761000	2.411384	2.777778	0.016000	1607174082.186456	
7757867.838000	-363563.453000	2.410423	2.777778	-0.005479	1607174082.352146	
7757867.495000	-363563.146000	2.411800	2.777778	0.007850	1607174082.517862	
7757867.151000	-363562.838000	2.411508	2.777778	-0.001661	1607174082.684087	
7757866.806000	-363562.531000	2.412690	2.777778	0.006717	1607174082.850341	
7757866.462000	-363562.223000	2.413023	2.777778	0.001897	1607174083.016566	
7757866.117000	-363561.915000	2.413526	2.777778	0.002851	1607174083.183059	
7757865.771000	-363561.607000	2.413783	2.777778	0.001461	1607174083.349821	
7757865.425000	-363561.299000	2.414098	2.777778	0.001781	1607174083.516583	
7757865.080000	-363560.991000	2.414410	2.777778	0.001771	1607174083.683077	
7757864.734000	-363560.683000	2.414913	2.777778	0.002850	1607174083.849839	
7757864.387000	-363560.375000	2.415103	2.777778	0.001080	1607174084.016870	
7757864.041000	-363560.067000	2.415530	2.777778	0.002417	1607174084.183632	
7757863.688000	-363559.754000	2.415651	2.777778	0.000673	1607174084.353473	
7757863.350000	-363559.455000	2.415546	2.777778	-0.000611	1607174084.515931	
7757862.998000	-363559.142000	2.415627	2.777778	0.000455	1607174084.685503	
7757862.660000	-363558.842000	2.415766	2.777778	0.000806	1607174084.848199	
7757862.306000	-363558.528000	2.416095	2.777778	0.001825	1607174085.018549	
7757861.967000	-363558.227000	2.415732	2.777778	-0.002101	1607174085.181753	
7757861.612000	-363557.913000	2.416260	2.777778	0.002924	1607174085.352372	
7757861.274000	-363557.612000	2.416079	2.777778	-0.001052	1607174085.515307	
7757860.920000	-363557.299000	2.416470	2.777778	0.002172	1607174085.685418	
7757860.582000	-363556.999000	2.416636	2.777778	0.000963	1607174085.848114	
7757860.230000	-363556.687000	2.416910	2.777778	0.001533	1607174086.017448	
7757859.893000	-363556.389000	2.416722	2.777778	-0.001100	1607174086.179397	
7757859.544000	-363556.081000	2.417750	2.777778	0.005799	1607174086.346967	
7757859.203000	-363555.780000	2.417153	2.777778	-0.003449	1607174086.510711	
7757858.850000	-363555.467000	2.418216	2.777778	0.005918	1607174086.680552	
7757858.512000	-363555.168000	2.418114	2.777778	-0.000596	1607174086.843010	
7757858.157000	-363554.856000	2.418569	2.777778	0.002530	1607174087.013153	
7757857.819000	-363554.556000	2.419039	2.777778	0.002728	1607174087.175849	
7757857.469000	-363554.249000	2.419139	2.777778	0.000564	1607174087.343451	
7757857.128000	-363553.949000	2.419215	2.777778	0.000438	1607174087.506957	
7757856.782000	-363553.643000	2.419237	2.777778	0.000125	1607174087.673241	
7757856.442000	-363553.344000	2.419146	2.777778	-0.000525	1607174087.836238	
7757856.096000	-363553.039000	2.419266	2.777778	0.000680	1607174088.002284	
7757855.757000	-363552.740000	2.418958	2.777778	-0.001785	1607174088.165011	
7757855.409000	-363552.433000	2.419247	2.777778	0.001632	1607174088.332073	
7757855.070000	-363552.134000	2.418806	2.777778	-0.002561	1607174088.494800	
7757854.722000	-363551.828000	2.419193	2.777778	0.002195	1607174088.661624	
7757854.383000	-363551.528000	2.418898	2.777778	-0.001712	1607174088.824590	
7757854.036000	-363551.223000	2.418788	2.777778	-0.000628	1607174088.990906	
7757853.697000	-363550.924000	2.418799	2.777778	0.000063	1607174089.153633	
7757853.357000	-363550.624000	2.418624	2.777778	-0.001013	1607174089.316868	
7757853.016000	-363550.323000	2.418822	2.777778	0.001143	1607174089.480612	
7757852.676000	-363550.023000	2.418343	2.777778	-0.002769	1607174089.643847	
7757852.337000	-363549.723000	2.418177	2.777778	-0.000963	1607174089.806813	
7757851.995000	-363549.422000	2.417840	2.777778	-0.001943	1607174089.970826	
7757851.655000	-363549.120000	2.417219	2.777778	-0.003585	1607174090.134538	
7757851.307000	-363548.812000	2.416956	2.777778	-0.001483	1607174090.301839	
7757850.974000	-363548.518000	2.416608	2.777778	-0.002061	1607174090.461756	
7757850.635000	-363548.218000	2.416535	2.777778	-0.000420	1607174090.624721	
7757850.297000	-363547.917000	2.415975	2.777778	-0.003250	1607174090.787656	
7757849.951000	-363547.611000	2.415821	2.777778	-0.000876	1607174090.953940	
7757849.622000	-363547.318000	2.415624	2.777778	-0.001174	1607174091.112541	
7757849.277000	-363547.012000	2.415509	2.777778	-0.000652	1607174091.278555	
7757848.947000	-363546.720000	2.415500	2.777778	-0.000055	1607174091.437186	
7757848.607000	-363546.418000	2.415390	2.777778	-0.000635	1607174091.600899	
7757848.275000	-363546.122000	2.415382	2.777778	-0.000046	1607174091.761024	
7757847.931000	-363545.817000	2.414813	2.777778	-0.003246	1607174091.926530	
7757847.601000	-363545.524000	2.415214	2.777778	0.002380	1607174092.085399	
7757847.263000	-363545.223000	2.414691	2.777778	-0.003033	1607174092.248335	
7757846.930000	-363544.928000	2.415358	2.777778	0.003940	1607174092.408490	
7757846.594000	-363544.629000	2.415559	2.777778	0.001170	1607174092.570409	
7757846.264000	-363544.336000	2.415435	2.777778	-0.000734	1607174092.729278	
7757845.925000	-363544.035000	2.417663	2.777778	0.012897	1607174092.892482	
7757845.599000	-363543.748000	2.415604	2.777778	-0.012441	1607174093.048842	
7757845.262000	-363543.448000	2.417888	2.777778	0.013286	1607174093.211269	
7757844.938000	-363543.162000	2.416108	2.777778	-0.010811	1607174093.366851	
7757844.600000	-363542.864000	2.419088	2.777778	0.017358	1607174093.529070	
7757844.277000	-363542.579000	2.416512	2.777778	-0.015694	1607174093.684144	
7757843.946000	-363542.286000	2.420162	2.777778	0.021667	1607174093.843282	
7757843.621000	-363542.000000	2.416659	2.777778	-0.021236	1607174093.999134	
7757843.290000	-363541.708000	2.418852	2.777778	0.013042	1607174094.158034	
7757842.968000	-363541.422000	2.416399	2.777778	-0.014948	1607174094.313077	
7757842.637000	-363541.130000	2.418760	2.777778	0.014037	1607174094.471977	
7757842.315000	-363540.845000	2.416333	2.777778	-0.014812	1607174094.626781	
7757841.989000	-363540.558000	2.418662	2.777778	0.014074	1607174094.783141	
7757841.663000	-363540.270000	2.416167	2.777778	-0.015053	1607174094.939739	
7757841.333000	-363539.978000	2.417544	2.777778	0.008198	1607174095.098369	
7757841.019000	-363539.699000	2.416288	2.777778	-0.007849	1607174095.249585	
7757840.688000	-363539.407000	2.418712	2.777778	0.014418	1607174095.408485	
7757840.373000	-363539.129000	2.416385	2.777778	-0.014539	1607174095.559732	
7757840.049000	-363538.842000	2.418712	2.777778	0.014112	1607174095.715552	
7757839.731000	-363538.562000	2.416850	2.777778	-0.011537	1607174095.868085	
7757839.408000	-363538.277000	2.419385	2.777778	0.015448	1607174096.023159	
7757839.093000	-363537.998000	2.417907	2.777778	-0.009222	1607174096.174644	
7757838.766000	-363537.711000	2.419976	2.777778	0.012485	1607174096.331275	
7757838.454000	-363537.437000	2.418985	2.777778	-0.006266	1607174096.480759	
7757838.132000	-363537.152000	2.418854	2.777778	-0.000800	1607174096.635563	
7757837.816000	-363536.874000	2.420946	2.777778	0.013050	1607174096.787080	
7757837.499000	-363536.595000	2.420516	2.777778	-0.002678	1607174096.939105	
7757837.180000	-363536.316000	2.422893	2.777778	0.014724	1607174097.091671	
7757836.864000	-363536.039000	2.422023	2.777778	-0.005431	1607174097.242950	
7757836.548000	-363535.762000	2.425371	2.777778	0.020908	1607174097.394229	
7757836.228000	-363535.483000	2.423934	2.777778	-0.008883	1607174097.547067	
7757835.916000	-363535.211000	2.428154	2.777778	0.026755	1607174097.696077	
7757835.596000	-363534.934000	2.426256	2.777778	-0.011772	1607174097.848442	
7757835.283000	-363534.663000	2.430941	2.777778	0.029699	1607174097.997488	
7757834.964000	-363534.388000	2.429705	2.777778	-0.007707	1607174098.149110	
7757834.652000	-363534.120000	2.434570	2.777778	0.031037	1607174098.297179	
7757834.337000	-363533.850000	2.433399	2.777778	-0.007405	1607174098.446535	
7757834.021000	-363533.581000	2.440032	2.777778	0.041932	1607174098.595932	
7757833.707000	-363533.314000	2.439000	2.777778	-0.006574	1607174098.744313	
7757833.390000	-363533.048000	2.446568	2.777778	0.047968	1607174098.893287	
7757833.074000	-363532.784000	2.446736	2.777778	0.001070	1607174099.041523	
7757832.757000	-363532.521000	2.453369	2.777778	0.042250	1607174099.189806	
7757832.439000	-363532.260000	2.453646	2.777778	0.001768	1607174099.337908	
7757832.121000	-363532.000000	2.460946	2.777778	0.046613	1607174099.485781	
7757831.802000	-363531.741000	2.461247	2.777778	0.001923	1607174099.633707	
7757831.481000	-363531.484000	2.469266	2.777778	0.051148	1607174099.781741	
7757831.158000	-363531.226000	2.469468	2.777778	0.001285	1607174099.930562	
7757830.840000	-363530.975000	2.478316	2.777778	0.057265	1607174100.076406	
7757830.517000	-363530.722000	2.477972	2.777778	-0.002199	1607174100.224111	
7757830.200000	-363530.476000	2.488960	2.777778	0.071761	1607174100.368562	
7757829.879000	-363530.230000	2.487391	2.777778	-0.010184	1607174100.514154	
7757829.556000	-363529.985000	2.500444	2.777778	0.084320	1607174100.660100	
7757829.234000	-363529.743000	2.498282	2.777778	-0.014091	1607174100.805109	
7757828.910000	-363529.503000	2.512933	2.777778	0.095095	1607174100.950263	
7757828.585000	-363529.265000	2.510497	2.777778	-0.015872	1607174101.095280	
7757828.259000	-363529.030000	2.526695	2.777778	0.105410	1607174101.239954	
7757827.931000	-363528.798000	2.523666	2.777778	-0.019788	1607174101.384586	
7757827.603000	-363528.567000	2.541451	2.777778	0.115853	1607174101.529011	
7757827.270000	-363528.338000	2.539271	2.777778	-0.014163	1607174101.674502	
7757826.942000	-363528.117000	2.556280	2.777778	0.112414	1607174101.816884	
7757826.607000	-363527.894000	2.556352	2.777778	0.000471	1607174101.961761	
7757826.279000	-363527.679000	2.572258	2.777778	0.106064	1607174102.102947	
7757825.940000	-363527.462000	2.573864	2.777778	0.010477	1607174102.247849	
7757825.609000	-363527.253000	2.588638	2.777778	0.098744	1607174102.388775	
7757825.266000	-363527.043000	2.591857	2.777778	0.021004	1607174102.533560	
7757824.931000	-363526.840000	2.604758	2.777778	0.086246	1607174102.674574	
7757824.586000	-363526.635000	2.608993	2.777778	0.027690	1607174102.819046	
7757824.248000	-363526.439000	2.621318	2.777778	0.082617	1607174102.959704	
7757823.900000	-363526.240000	2.624690	2.777778	0.022075	1607174103.104021	
7757823.560000	-363526.049000	2.637664	2.777778	0.087113	1607174103.244412	
7757823.214000	-363525.858000	2.640213	2.777778	0.016927	1607174103.386691	
7757822.867000	-363525.671000	2.653422	2.777778	0.087737	1607174103.528596	
7757822.522000	-363525.487000	2.653409	2.777778	-0.000088	1607174103.669356	
7757822.174000	-363525.305000	2.668260	2.777778	0.098946	1607174103.810734	
7757821.827000	-363525.126000	2.666234	2.777778	-0.013623	1607174103.951296	
7757821.479000	-363524.949000	2.682473	2.777778	0.108755	1607174104.091849	
7757821.126000	-363524.774000	2.679382	2.777778	-0.020592	1607174104.233688	
7757820.781000	-363524.605000	2.697104	2.777778	0.120508	1607174104.371989	
7757820.427000	-363524.434000	2.692201	2.777778	-0.032730	1607174104.513519	
7757820.081000	-363524.271000	2.712199	2.777778	0.136401	1607174104.651209	
7757819.723000	-363524.105000	2.707309	2.777778	-0.032517	1607174104.793270	
7757819.374000	-363523.946000	2.726433	2.777778	0.130152	1607174104.931334	
7757819.016000	-363523.786000	2.720061	2.777778	-0.042627	1607174105.072500	
7757818.666000	-363523.632000	2.740888	2.777778	0.142010	1607174105.210158	
7757818.305000	-363523.477000	2.735148	2.777778	-0.038333	1607174105.351591	
7757817.952000	-363523.329000	2.755598	2.777778	0.139339	1607174105.489388	
7757817.590000	-363523.180000	2.751778	2.777778	-0.025616	1607174105.630316	
7757817.236000	-363523.038000	2.770077	2.777778	0.125280	1607174105.767626	
7757816.872000	-363522.897000	2.776328	2.777778	0.042011	1607174105.908154	
7757816.515000	-363522.763000	2.784568	2.777778	0.056662	1607174106.045429	
7757816.150000	-363522.627000	2.789548	2.777778	0.033548	1607174106.185654	
7757815.793000	-363522.498000	2.799055	2.777778	0.065654	1607174106.322307	
7757815.433000	-363522.370000	2.802514	2.777778	0.023758	1607174106.459856	
7757815.073000	-363522.245000	2.813442	2.777778	0.075131	1607174106.597046	
7757814.710000	-363522.122000	2.816743	2.777778	0.022603	1607174106.735024	
7757814.355000	-363522.004000	2.827237	2.777778	0.073502	1607174106.869699	
7757813.994000	-363521.887000	2.831004	2.777778	0.026054	1607174107.006314	
7757813.630000	-363521.772000	2.841258	2.777778	0.070396	1607174107.143738	
7757813.267000	-363521.660000	2.845095	2.777778	0.026507	1607174107.280497	
7757812.902000	-363521.551000	2.855667	2.777778	0.072723	1607174107.417631	
7757812.537000	-363521.444000	2.859275	2.777778	0.024893	1607174107.554561	
7757812.172000	-363521.340000	2.870004	2.777778	0.074074	1607174107.691191	
7757811.805000	-363521.238000	2.873021	2.777778	0.020789	1607174107.828319	
7757811.438000	-363521.139000	2.884410	2.777778	0.078488	1607174107.965161	
7757811.065000	-363521.041000	2.888630	2.777778	0.028713	1607174108.103999	
7757810.702000	-363520.949000	2.899659	2.777778	0.077161	1607174108.238810	
7757810.328000	-363520.858000	2.904761	2.777778	0.034781	1607174108.377378	
7757809.963000	-363520.772000	2.915466	2.777778	0.074796	1607174108.512377	
7757809.589000	-363520.686000	2.920615	2.777778	0.035202	1607174108.650530	
7757809.224000	-363520.606000	2.931384	2.777778	0.075512	1607174108.785049	
7757808.848000	-363520.527000	2.937091	2.777778	0.038973	1607174108.923365	
7757808.481000	-363520.453000	2.947891	2.777778	0.075574	1607174109.058144	
7757808.106000	-363520.380000	2.954286	2.777778	0.043912	1607174109.195678	
7757807.740000	-363520.313000	2.963946	2.777778	0.068049	1607174109.329628	
7757807.365000	-363520.246000	2.969929	2.777778	0.041205	1607174109.466765	
7757806.998000	-363520.184000	2.978216	2.777778	0.058382	1607174109.600758	
7757806.623000	-363520.124000	2.984270	2.777778	0.041816	1607174109.737475	
7757806.257000	-363520.067000	2.990811	2.777778	0.046327	1607174109.870823	
7757805.878000	-363520.010000	2.995239	2.777778	0.030317	1607174110.008797	
7757805.510000	-363519.957000	3.004398	2.777778	0.064572	1607174110.142644	
7757805.132000	-363519.905000	3.005932	2.777778	0.010556	1607174110.280006	
7757804.764000	-363519.857000	3.018921	2.777778	0.091616	1607174110.413608	
7757804.387000	-363519.810000	3.020918	2.777778	0.013794	1607174110.550379	
7757804.020000	-363519.768000	3.032826	2.777778	0.084425	1607174110.683361	
7757803.640000	-363519.726000	3.032018	2.777778	-0.005553	1607174110.820994	
7757803.270000	-363519.687000	3.046839	2.777778	0.104194	1607174110.954932	
7757802.891000	-363519.651000	3.046522	2.777778	-0.002188	1607174111.091986	
7757802.520000	-363519.617000	3.060589	2.777778	0.098797	1607174111.226106	
7757802.141589	-363519.586347	3.062727	2.777778	0.014781	1607174111.362780	
7757801.772000	-363519.559000	3.074030	2.777778	0.079887	1607174111.496196	
7757801.391000	-363519.533000	3.077180	2.777778	0.021649	1607174111.633675	
7757801.020000	-363519.511000	3.086938	2.777778	0.068815	1607174111.767469	
7757800.637000	-363519.491000	3.090127	2.777778	0.021823	1607174111.905537	
7757800.264000	-363519.473000	3.100151	2.777778	0.070346	1607174112.039974	
