7757523.427758 -363647.945207
7757523.760760 -363647.520189
7757524.129638 -363646.891614
7757525.164054 -363645.734447
7757526.156142 -363644.510082
7757526.473007 -363644.043925
7757527.196867 -363643.158718
7757527.560487 -363642.714983
7757528.200982 -363641.937945
7757528.900572 -363641.130631
7757529.551405 -363640.200508
7757530.209531 -363639.246122
7757530.537266 -363638.819296
7757531.225636 -363638.138441
7757531.601574 -363637.704258
7757532.336380 -363636.888885
7757533.945776 -363635.407442
7757534.737854 -363634.649924
7757535.623375 -363633.853245
7757536.555502 -363633.060192
7757537.017355 -363632.667796
7757537.945355 -363631.835522
7757538.903990 -363631.173651
7757539.376423 -363630.860308
7757539.869295 -363630.533987
7757540.365823 -363630.212086
7757541.931047 -363629.139245
7757543.109674 -363628.474654
7757546.950995 -363626.850490
7757550.503358 -363625.606008
7757552.069559 -363625.180166
7757552.862106 -363624.915376
7757553.674527 -363624.673592
7757557.969617 -363624.011365
7757559.757075 -363623.627016
7757561.603041 -363623.235238
7757564.554016 -363623.002174
7757566.554308 -363622.842912
7757567.586220 -363622.750668
7757568.646877 -363622.692073
7757580.930682 -363622.859567
7757588.573118 -363622.996434
7757600.118078 -363622.383646
7757601.806289 -363622.775038
7757603.357581 -363623.135763
7757609.552950 -363624.472382
7757614.451676 -363625.573183
7757626.876932 -363630.843276
7757631.633525 -363632.463067
7757633.232615 -363633.033641
7757636.474982 -363634.185403
7757652.330486 -363642.462999
7757665.761336 -363648.275446
7757667.844284 -363649.121224
7757679.560221 -363654.411863
7757685.394409 -363657.146527
7757694.410208 -363661.607840
7757699.778236 -363664.454503
7757701.418675 -363665.278587
7757709.219242 -363670.005778
7757717.456285 -363674.539510
7757719.150782 -363675.421514
7757724.087584 -363678.055931
7757727.311320 -363679.861491
7757733.089771 -363682.789053
7757738.425729 -363685.734604
7757740.797065 -363687.084793
7757749.243483 -363691.555644
7757755.417469 -363694.645186
7757761.487685 -363697.880750
7757764.680997 -363699.508071
7757766.239635 -363700.337505
7757767.763706 -363701.120716
7757770.831225 -363702.748983
7757772.373622 -363703.566429
7757775.431324 -363705.136009
7757782.907640 -363708.993184
7757784.506310 -363709.856196
7757789.181656 -363712.177060
7757794.740128 -363714.827332
7757798.040964 -363715.025484
7757799.530116 -363715.916802
7757800.929401 -363716.846592
7757805.113226 -363719.403605
7757810.579177 -363722.729413
7757813.331274 -363724.471910
7757819.997625 -363728.862154
7757822.781069 -363730.545213
7757826.940713 -363733.154321
7757832.422654 -363736.497658
7757835.232684 -363738.162478
7757838.091671 -363739.833529
7757840.898835 -363741.538241
7757846.546705 -363745.135814
7757848.025924 -363746.082868
7757853.638027 -363749.432776
7757855.395777 -363750.482023
7757862.323455 -363754.952512
7757866.333573 -363757.335099
7757868.311535 -363758.180001
7757869.931581 -363759.179424
7757870.412293 -363758.927450
7757870.652691 -363758.746856
7757872.074302 -363759.767926
7757874.812391 -363761.421959
7757878.727395 -363764.319507
7757881.677927 -363766.392735
7757884.768938 -363768.386948
7757887.735815 -363770.215584
7757890.765087 -363771.991092
7757891.577438 -363773.282911
7757893.609436 -363774.591993
7757894.789790 -363775.289651
7757895.992139 -363775.950103
7757897.161573 -363776.725152
7757898.196149 -363777.371927
7757899.259693 -363777.894014
7757901.321065 -363779.001251
7757902.943369 -363779.660912
7757904.961702 -363780.810165
7757905.623138 -363781.035856
7757906.628697 -363781.565018
7757911.231692 -363784.277550
7757912.266958 -363784.945106
7757913.245096 -363785.373573
7757914.157328 -363785.834165
7757916.226237 -363787.124487
7757921.256607 -363789.838917
7757923.341011 -363791.044256
7757926.805596 -363792.897291
7757930.937692 -363795.766110
7757931.975588 -363796.354468
7757933.965022 -363797.622770
7757935.856959 -363798.979442
7757938.920452 -363800.616777
7757941.143691 -363802.032257
7757942.674851 -363802.979527
7757943.715849 -363803.577607
7757946.459137 -363805.283841
7757948.558670 -363806.488818
7757951.876439 -363808.771951
7757955.393525 -363811.106970
7757957.377909 -363812.185685
7757959.992822 -363813.980159
7757962.482231 -363815.201871
7757965.083113 -363817.121712
7757966.402271 -363818.031165
7757968.185999 -363819.382084
7757969.879074 -363820.593923
7757970.866891 -363821.308326
7757973.517646 -363823.248964
7757974.516883 -363824.007792
7757975.506151 -363824.763375
7757975.691278 -363824.946794
7757978.239483 -363826.931039
7757979.056586 -363827.546726
7757979.358509 -363827.783108
7757980.449625 -363828.716564
7757981.860171 -363829.843528
7757983.290041 -363831.159562
7757984.193229 -363832.071084
7757985.047535 -363832.913581
7757985.556150 -363833.401203
7757986.028130 -363833.884030
7757986.332976 -363834.207327
7757988.036506 -363835.828999
7757988.312337 -363836.186185
7757988.812357 -363836.863531
7757989.036845 -363837.184801
7757990.344078 -363839.045540
7757990.531975 -363839.354093
7757990.949321 -363840.213987
7757991.163435 -363840.586242
7757991.376779 -363841.096671
7757991.449295 -363841.451686
7757991.355690 -363841.927989
7757992.053568 -363842.104003
7757992.133810 -363842.495880
7757991.855548 -363842.395902
7757991.685113 -363842.781756
7757991.603343 -363843.050958
7757992.000897 -363843.229382
7757991.585271 -363843.872586
7757991.997367 -363844.023062
7757992.369344 -363843.990390
7757992.353455 -363844.225438
7757992.712443 -363844.424203
7757992.596099 -363843.162961
7757992.901703 -363843.194776
7757993.210544 -363843.275147
7757993.423271 -363843.333563
7757993.244533 -363843.554501
7757994.182512 -363844.019738
7757994.255996 -363844.271418
7757994.549551 -363844.846828
7757994.710110 -363844.747421
7757994.434184 -363845.096339
7757994.714333 -363844.955884
7757994.594657 -363845.150948
7757994.807855 -363845.742925
7757995.190809 -363846.507870
7757994.914836 -363846.806442
7757994.706374 -363846.962710
7757994.751714 -363847.186799
7757994.337995 -363847.610801
7757994.212144 -363847.784819
7757994.289598 -363847.893083
7757993.976782 -363848.089926
7757994.726293 -363847.916114
7757994.560736 -363848.088789
7757994.068562 -363848.742540
7757994.761278 -363848.725663
7757995.576281 -363848.119210
7757995.360173 -363848.321751
7757995.621354 -363848.504913
7757995.293174 -363848.888739
7757995.729738 -363849.235064
7757995.560885 -363849.461420
7757995.386011 -363849.854187
7757995.587083 -363849.631575
7757995.551063 -363849.466315
7757995.754887 -363849.511924
7757995.716709 -363848.866601
7757995.406995 -363849.230292
7757995.641067 -363848.212792
7757995.494988 -363848.405629
7757995.620403 -363848.827341
7757995.662085 -363848.758409
7757995.515294 -363848.942710
7757995.702535 -363849.030512
7757995.507192 -363849.236275
7757995.134685 -363849.691615
7757994.866090 -363849.908018
7757995.385852 -363850.706327
7757994.804198 -363851.148519
7757994.390275 -363849.680537
7757994.129338 -363849.800155
7757993.701383 -363850.199800
7757993.439932 -363850.409015
7757993.095321 -363849.897066
7757993.020407 -363848.119468
7757992.884365 -363848.225747
7757992.236318 -363848.656437
7757991.804633 -363848.927830
7757991.237606 -363849.636972
7757990.627094 -363850.988604
7757990.264604 -363851.247210
7757990.103647 -363851.275064
7757989.362426 -363849.939210
7757988.969371 -363850.212603
7757988.600561 -363850.516874
7757987.065503 -363850.697563
7757986.727140 -363850.897890
7757985.632274 -363851.733610
7757984.406730 -363853.236505
7757984.034103 -363853.511748
7757983.121643 -363854.132384
7757982.732315 -363854.354635
7757981.961539 -363854.959372
7757981.584405 -363855.195661
7757981.204032 -363855.465371
7757980.468495 -363856.082945
7757980.117394 -363856.412221
7757979.762902 -363856.719381
7757979.414759 -363857.026539
7757979.062612 -363857.317191
7757977.689959 -363858.729187
7757977.348201 -363859.036898
7757977.002424 -363859.343248
7757975.943799 -363860.242838
7757974.950209 -363861.146141
7757974.595311 -363861.455555
7757974.238520 -363861.760206
7757973.554331 -363862.391471
7757972.878437 -363863.013908
7757972.537858 -363863.331451
7757971.850665 -363863.979956
7757971.505793 -363864.257819
7757970.824400 -363864.912919
7757969.789046 -363865.785017
7757969.468128 -363866.111553
7757969.131561 -363866.399987
7757968.814318 -363866.656309
7757967.839064 -363867.549324
7757966.534933 -363868.790187
7757966.100015 -363869.028050
7757964.887566 -363870.595989
7757964.440860 -363870.900757
7757963.598557 -363871.615213
7757962.037124 -363873.114390
7757961.636410 -363873.450648
7757960.458200 -363874.505810
7757959.299907 -363875.599083
7757957.955662 -363876.892184
7757957.440057 -363878.267036
7757956.393408 -363879.277963
7757955.888687 -363879.725112
7757955.376101 -363880.172121
7757953.881061 -363881.734304
7757952.393985 -363883.060945
7757950.841372 -363884.054561
7757949.904487 -363884.806722
7757947.663872 -363887.137892
7757946.211720 -363888.458471
7757943.574393 -363891.675291
7757941.694879 -363893.967876
7757940.242107 -363895.046384
7757939.786553 -363895.354369
7757938.827041 -363896.083611
7757937.489261 -363897.093193
7757936.572684 -363897.814895
7757934.580945 -363899.045702
7757932.940050 -363900.142827
7757931.499155 -363900.578099
7757931.185976 -363900.857297
7757930.233379 -363901.666834
7757929.922700 -363901.890770
7757928.963610 -363902.697368
7757927.739407 -363903.460434
7757927.459678 -363903.697132
7757927.188431 -363903.983591
7757926.633865 -363904.541640
7757926.379130 -363904.728516
7757925.193290 -363905.942733
7757924.616683 -363906.428289
7757924.335529 -363906.645431
7757924.067980 -363906.921570
7757923.517370 -363907.407585
7757923.235575 -363907.516516
7757922.976316 -363907.741680
7757922.730808 -363907.971633
7757922.224571 -363908.434733
7757920.838934 -363909.364791
7757920.327980 -363909.835785
7757919.823239 -363910.237595
7757919.087195 -363910.951663
7757918.125918 -363911.727635
7757917.892168 -363911.936524
7757916.451921 -363912.827967
7757915.946072 -363913.284134
7757916.389525 -363913.716542
7757916.153229 -363913.920002
7757915.475781 -363914.679240
7757915.073701 -363914.995046
7757914.338701 -363915.704532
7757914.160740 -363915.764321
7757914.008886 -363915.748240
7757913.669854 -363916.101033
7757913.495265 -363916.294629
7757912.927434 -363916.217195
7757912.603253 -363916.444700
7757912.467193 -363916.496050
7757912.220395 -363916.602251
7757911.810903 -363916.728474
7757911.517403 -363916.970807
7757910.934646 -363917.497161
7757910.641510 -363917.459599
7757910.494610 -363917.494010
7757909.909765 -363918.288890
7757909.504615 -363918.739334
7757908.984568 -363919.434040
7757908.145618 -363920.618958
7757907.845259 -363920.872381
7757907.716641 -363921.007160
7757907.260606 -363921.425710
7757906.809079 -363921.866873
7757906.147007 -363922.485410
7757905.995601 -363922.621070
7757905.686736 -363922.933513
7757905.528578 -363923.082917
7757905.217019 -363923.392115
7757904.903083 -363923.687047
7757904.747009 -363923.781625
7757904.225072 -363924.300090
7757904.049933 -363924.455839
7757903.347312 -363925.167895
7757902.834660 -363925.696122
7757902.663858 -363925.794666
7757902.491644 -363925.937265
7757902.131187 -363926.230027
7757901.812694 -363926.487455
7757901.658961 -363926.627193
7757901.502148 -363926.785670
7757901.365403 -363927.006398
7757901.052928 -363927.407123
7757900.729666 -363927.718229
7757900.258703 -363928.084882
7757900.113340 -363928.167037
7757899.818542 -363928.549154
7757899.196688 -363929.290337
7757898.879208 -363929.558402
7757898.601605 -363929.751513
7757898.333110 -363929.939298
7757898.206668 -363930.052623
7757897.924817 -363930.342876
7757897.655135 -363930.664731
7757897.388278 -363930.962846
7757896.748021 -363931.508777
7757896.359497 -363931.599517
7757896.116070 -363931.925521
7757895.900402 -363932.174123
7757895.762040 -363932.294661
7757895.612194 -363932.409244
7757895.369596 -363932.584629
7757895.106179 -363932.795063
7757894.981747 -363932.903293
7757894.867164 -363933.017154
7757894.749985 -363933.138150
7757894.564593 -363933.411356
7757894.458562 -363933.527882
7757894.350475 -363933.615219
7757894.234416 -363933.698981
7757893.997683 -363933.853803
7757893.871979 -363933.922357
7757893.627417 -363934.112996
7757893.311542 -363934.436741
7757893.181721 -363934.560895
7757893.069892 -363934.664751
7757892.970806 -363934.794110
7757892.752063 -363934.976399
7757892.643575 -363935.065145
7757892.315460 -363935.284295
7757892.207885 -363935.346438
7757891.999095 -363935.547382
7757891.773422 -363935.753740
7757891.549004 -363935.934244
7757891.411668 -363936.024159
7757891.011620 -363936.317593
7757890.940621 -363936.450538
7757890.598012 -363936.801238
7757889.976419 -363937.425652
7757889.877443 -363937.492526
7757889.680382 -363937.643309
7757889.395082 -363937.914353
7757889.300896 -363938.006547
7757889.023058 -363938.160080
7757888.413191 -363938.674590
7757888.259038 -363938.805028
7757888.193683 -363938.869500
7757887.470099 -363939.480227
7757887.307850 -363939.451716
7757887.123620 -363939.647139
7757887.046385 -363939.749692
7757886.829264 -363940.069769
7757886.757634 -363940.171980
7757886.576230 -363940.320517
7757886.475233 -363940.378119
7757886.061202 -363940.734398
7757885.609209 -363941.123732
7757885.411826 -363941.300471
7757885.313366 -363941.407900
7757885.216800 -363941.478839
7757884.757590 -363941.953190
7757884.540693 -363942.106494
7757884.406626 -363942.213897
7757884.265289 -363942.319918
7757884.128916 -363942.463410
7757883.996347 -363942.570834
7757883.741905 -363942.831341
7757883.616265 -363942.884044
7757883.361161 -363943.192834
7757883.211600 -363943.346022
7757883.067481 -363943.482960
7757882.924365 -363943.601085
7757882.339106 -363944.128951
7757882.081268 -363944.348336
7757881.969538 -363944.514320
7757881.720840 -363944.781278
7757881.479362 -363945.076232
7757881.232264 -363945.352751
7757881.121713 -363945.491874
7757880.932350 -363945.642594
7757880.688607 -363945.889401
7757880.313236 -363946.289849
7757880.201148 -363946.397558
7757880.110518 -363946.551587
7757879.972041 -363946.630666
7757879.855453 -363946.758563
7757879.729381 -363946.845964
7757879.608680 -363946.969330
7757879.347337 -363947.264872
7757879.219065 -363947.307365
7757879.099138 -363947.380704
7757878.694575 -363947.683589
7757878.438302 -363947.951929
7757878.296286 -363948.072391
7757878.170285 -363948.222736
7757878.074558 -363948.382118
7757877.673082 -363948.820184
7757877.284989 -363948.927532
7757877.158131 -363949.016911
7757876.898616 -363949.265732
7757876.822565 -363949.558978
7757876.699519 -363949.689531
7757876.580126 -363949.811133
7757876.429785 -363949.935000
7757876.290741 -363950.034865
7757876.006504 -363950.267771
7757875.858255 -363950.374885
7757875.306723 -363950.937216
7757875.193946 -363950.960030
7757874.856936 -363951.196404
7757874.421766 -363951.657912
7757874.293940 -363951.816732
7757874.156505 -363951.880210
7757873.642414 -363951.982001
7757873.375387 -363952.403613
7757873.121550 -363953.397095
7757872.849305 -363953.716900
7757872.712619 -363953.804758
7757872.331590 -363954.194520
7757872.225781 -363954.426789
7757871.663416 -363955.448812
7757871.199466 -363955.540444
7757870.620202 -363956.175115
7757870.107507 -363956.586569
7757869.930393 -363956.693418
7757869.447431 -363957.066829
7757869.116436 -363957.365615
7757868.940539 -363957.506199
7757868.778326 -363957.619232
7757868.465010 -363957.907912
7757867.988155 -363958.303718
7757867.821435 -363958.451675
7757867.641551 -363958.579174
7757867.274333 -363958.859969
7757867.165619 -363959.203515
7757866.998080 -363959.330464
7757866.835704 -363959.457292
7757866.304200 -363959.915788
7757865.395807 -363960.608725
7757864.480976 -363961.264202
7757864.325153 -363961.267853
7757863.211963 -363962.311941
7757862.997754 -363962.465827
7757862.785753 -363962.619731
7757861.618072 -363963.291582
7757861.122494 -363963.675679
7757859.977113 -363964.654382
7757859.729704 -363964.851102
7757858.901151 -363964.475079
7757857.835417 -363965.026808
7757857.127841 -363965.686631
7757855.374307 -363967.454312
7757854.994135 -363967.747683
7757853.305745 -363967.812879
7757852.901969 -363968.256240
7757851.638079 -363969.565009
7757850.423638 -363971.034631
7757850.013213 -363971.435163
7757849.162703 -363972.207493
7757848.740210 -363972.641290
7757848.321295 -363973.053536
7757847.042654 -363974.437086
7757846.601852 -363974.872832
7757846.144467 -363975.309551
7757844.479276 -363978.646856
7757843.617347 -363979.527049
7757843.165294 -363979.934151
7757840.866088 -363982.898128
7757839.942294 -363983.813438
7757839.521203 -363984.206919
7757837.711621 -363986.166500
7757835.494558 -363987.724937
7757833.337283 -363989.233569
7757832.852859 -363989.683648
7757832.379553 -363990.135879
7757831.886375 -363990.497864
7757829.946969 -363992.187826
7757828.970501 -363993.127739
7757828.469398 -363993.540496
7757827.473265 -363994.380008
7757826.467026 -363995.176507
7757825.958219 -363995.572605
7757823.971215 -363997.767292
7757822.443375 -363999.195991
7757821.927502 -363999.604997
7757820.851630 -364000.554902
7757819.795522 -364001.506729
7757817.584064 -364002.905970
7757817.015808 -364003.402180
7757816.464609 -364003.896085
7757815.872268 -364004.381648
7757813.227143 -364006.381806
7757812.661742 -364006.880328
7757810.980583 -364008.322440
7757809.288040 -364009.680236
7757806.979400 -364011.725576
7757805.866797 -364012.840462
7757804.778702 -364013.978504
7757803.681130 -364014.957766
7757802.601227 -364015.873355
7757800.990400 -364017.261070
7757799.925266 -364018.275926
7757798.860630 -364019.280926
7757797.832904 -364020.212559
7757796.746013 -364021.038587
7757794.141463 -364022.595695
7757791.818780 -364024.211578
7757791.312339 -364024.692892
7757789.819369 -364026.266589
7757789.292602 -364026.700186
7757788.796960 -364027.122326
7757786.765642 -364028.950921
7757786.267734 -364029.414046
7757785.775286 -364029.882906
7757784.304941 -364031.465739
7757782.352380 -364033.569173
7757781.416714 -364034.462588
7757779.997992 -364035.938220
7757779.552573 -364036.369686
7757778.621102 -364037.333182
7757778.133094 -364037.765430
7757777.658308 -364038.207042
7757775.767765 -364040.284810
7757774.802682 -364041.070236
7757774.331076 -364041.462217
7757772.902300 -364042.687921
7757772.401783 -364043.079023
7757771.913399 -364043.495144
7757770.941276 -364044.413461
7757769.961243 -364045.320728
7757767.179345 -364046.787267
7757766.221057 -364047.742853
7757765.736581 -364048.231029
7757765.243005 -364048.635945
7757764.743650 -364049.081227
7757763.249573 -364050.483606
7757762.759675 -364050.886053
7757761.762463 -364051.713207
7757759.991621 -364053.787683
7757759.491630 -364054.184210
7757757.580862 -364056.010868
7757757.097669 -364056.373021
7757756.622475 -364056.773146
7757756.100712 -364057.086353
7757755.212398 -364057.702541
7757753.933833 -364058.777016
7757752.692851 -364059.723361
7757751.910361 -364060.416746
7757751.230245 -364060.916182
7757750.651578 -364061.267479
7757750.573370 -364061.024350
7757750.365322 -364061.197212
7757749.635505 -364061.834867
7757748.942555 -364062.418368
7757748.636943 -364062.693820
7757748.341986 -364062.906179
7757747.744860 -364063.364403
7757747.193685 -364063.703159
7757747.267478 -364063.652361
7757746.724659 -364064.030774
7757746.472451 -364064.233402
7757745.961243 -364064.590079
7757745.690581 -364064.697094
7757745.229613 -364064.776213
7757744.750424 -364065.120776
7757744.637835 -364065.290641
7757744.386977 -364065.424120
7757743.856667 -364065.671190
7757743.569873 -364065.796165
7757743.421917 -364066.046060
7757743.182577 -364066.052107
7757743.192442 -364065.842648
7757743.102802 -364065.992159
7757742.739321 -364066.186082
7757742.482148 -364066.277802
7757742.198608 -364066.333718
7757742.245111 -364066.633818
7757741.935990 -364066.661529
7757741.743907 -364067.025944
7757741.985483 -364066.996957
7757741.648801 -364066.869136
7757741.304555 -364067.018944
7757740.870679 -364067.176918
7757740.604310 -364067.258085
7757740.302740 -364067.355218
7757740.159694 -364067.148029
7757739.722285 -364067.399145
7757739.132931 -364067.679627
7757739.032746 -364067.583734
7757738.916171 -364067.237232
7757738.659183 -364067.338401
7757738.589962 -364067.356285
7757738.160398 -364067.649239
7757738.383540 -364066.372293
7757738.409075 -364066.390942
7757738.081794 -364067.030219
7757737.738324 -364067.779172
7757737.220854 -364068.115732
7757736.994517 -364068.867039
7757736.921212 -364069.258492
7757736.543360 -364069.322500
7757736.346443 -364069.607917
7757736.143297 -364069.948798
7757735.653454 -364069.848351
7757735.291052 -364070.230885
7757734.554784 -364071.118617
7757733.641214 -364071.542496
7757733.763768 -364071.604847
7757733.329354 -364071.600703
7757732.810966 -364072.017876
7757732.623616 -364072.462423
7757732.549087 -364071.572492
7757732.672774 -364071.830119
7757732.242205 -364072.061189
7757731.853836 -364072.077835
7757731.795329 -364072.112370
7757731.501571 -364072.353771
7757731.053448 -364072.846910
7757730.781334 -364073.096904
7757730.667937 -364073.156438
7757730.469159 -364073.407899
7757730.189046 -364073.653096
7757729.809364 -364073.987159
7757729.348399 -364074.452514
7757728.818135 -364074.977938
7757728.212205 -364075.300413
7757728.076468 -364075.491942
7757727.209554 -364075.542249
7757726.869720 -364075.760456
7757726.520395 -364076.091418
7757726.348516 -364076.204400
7757726.203984 -364076.450259
7757725.841353 -364076.673093
7757725.385468 -364076.871383
7757724.848290 -364077.056921
7757724.594865 -364075.852348
7757724.342653 -364076.000012
7757724.197817 -364075.273362
7757723.520714 -364075.394925
7757723.038757 -364075.616101
7757722.796313 -364075.810501
7757722.491431 -364076.181796
7757721.637563 -364076.590561
7757721.792212 -364076.656633
7757721.264687 -364076.945533
7757720.566229 -364077.477030
7757719.693751 -364078.106078
7757719.067464 -364078.441389
7757717.959957 -364078.442059
7757718.234271 -364078.979214
7757717.079895 -364078.944496
7757716.317693 -364079.237545
7757716.057665 -364078.605940
7757715.714396 -364078.759247
7757715.370940 -364078.957915
7757715.038076 -364079.190450
7757714.351807 -364079.421639
7757714.258361 -364079.509458
7757713.527168 -364079.770121
7757712.077374 -364080.014321
7757711.746690 -364080.181904
7757712.031390 -364079.347481
7757711.240385 -364079.312213
7757710.768496 -364079.725040
7757710.332921 -364079.831892
7757710.395279 -364079.912194
7757710.277078 -364079.799837
7757709.788110 -364079.862639
7757710.503033 -364079.786974
7757710.793057 -364079.797899
7757710.545095 -364080.104781
7757710.378236 -364080.769857
7757710.360832 -364080.335348
7757710.005325 -364080.734424
7757710.298696 -364081.941386
7757710.303380 -364081.471698
7757709.488791 -364081.471976
7757709.630676 -364084.430033
7757709.044256 -364083.611229
7757708.667238 -364081.251974
7757707.293005 -364081.316289
7757706.812414 -364081.358420
7757705.924866 -364081.805692
7757703.848408 -364082.094703
7757702.012852 -364082.181606
7757701.337276 -364082.168303
7757700.177921 -364082.144423
7757700.396978 -364082.305258
7757699.787394 -364082.277300
7757698.079982 -364082.425918
7757695.575193 -364082.617739
7757694.864947 -364082.617383
7757693.212342 -364082.692645
7757693.190309 -364082.648355
7757692.569840 -364082.633578
7757691.939755 -364082.659065
7757691.457583 -364082.656771
7757690.479348 -364082.665246
7757689.622524 -364082.652833
7757688.463755 -364082.737922
7757687.536767 -364082.715647
7757686.416151 -364082.745047
7757684.590713 -364082.853927
7757684.061530 -364082.838171
7757682.773633 -364083.183152
7757681.886860 -364083.153036
7757681.380998 -364083.160438
7757680.587870 -364083.125314
7757680.169437 -364083.106990
7757679.766797 -364083.095783
7757678.967601 -364083.074724
7757678.550902 -364083.041122
7757678.109861 -364083.034573
7757677.285085 -364083.103572
7757676.022867 -364083.515827
7757677.226842 -364085.513691
7757674.708387 -364085.251944
7757674.313461 -364085.246401
7757673.989941 -364085.500297
7757673.605798 -364085.560072
7757673.233026 -364085.601996
7757672.859368 -364085.656377
7757672.209847 -364085.512559
7757671.504562 -364085.286641
7757670.714009 -364085.263416
7757669.803612 -364085.688738
7757670.255726 -364085.631339
7757669.472169 -364085.410077
7757669.114833 -364085.438455
7757668.720713 -364085.380511
7757667.840803 -364085.311238
7757667.007994 -364085.379364
7757666.662850 -364085.073331
7757666.010097 -364084.879968
7757664.364418 -364084.655487
7757663.234080 -364084.547102
7757662.927967 -364084.912540
7757662.460426 -364084.864527
7757661.631021 -364084.770589
7757661.192007 -364084.613097
7757660.707260 -364084.526914
7757659.636430 -364084.311834
7757658.993352 -364084.367365
7757657.083673 -364084.261207
7757655.924376 -364084.203081
7757656.747427 -364085.311392
7757653.184781 -364085.210127
7757652.475263 -364085.243277
7757651.356186 -364085.188623
7757649.621364 -364085.086222
7757648.398860 -364085.014863
7757647.878671 -364085.029466
7757647.284092 -364084.973511
7757646.399123 -364084.737132
7757645.176887 -364084.654648
7757643.304090 -364084.526982
7757642.721088 -364084.470181
7757642.135173 -364084.411461
7757641.110042 -364084.161382
7757639.459440 -364083.944566
7757638.787572 -364083.890195
7757638.130691 -364083.828229
7757636.751174 -364083.701215
7757636.042905 -364083.579763
7757634.696530 -364083.524041
7757633.465572 -364083.427507
7757632.841061 -364083.344323
7757630.945738 -364083.169525
7757629.598261 -364082.735202
7757626.695934 -364082.065684
7757625.328066 -364081.920736
7757624.654098 -364081.822713
7757623.991493 -364081.722060
7757622.712831 -364081.587684
7757620.214877 -364081.450192
7757619.594418 -364081.363389
7757618.987469 -364081.288072
7757617.787955 -364081.140573
7757617.179000 -364080.984100
7757616.588953 -364080.869583
7757615.603437 -364080.939928
7757613.871685 -364080.819478
7757613.322125 -364080.717170
7757612.791941 -364080.610737
7757612.225355 -364080.503600
7757610.622317 -364080.480196
7757610.119350 -364080.429732
7757609.625602 -364080.353211
7757608.664335 -364080.221938
7757608.114810 -364080.180003
7757607.615211 -364080.090482
7757606.125647 -364079.866302
7757604.248578 -364079.387764
7757604.844199 -364079.767986
7757603.631116 -364079.521546
7757603.065308 -364079.477053
7757601.699527 -364079.243580
7757600.331546 -364078.838433
7757599.086842 -364078.505777
7757598.601955 -364078.381608
7757596.375218 -364078.455922
7757596.301546 -364077.632070
7757595.748121 -364077.517650
7757595.219400 -364077.309734
7757594.362333 -364077.022462
7757593.804086 -364076.929729
7757593.285902 -364076.852486
7757592.751034 -364076.784082
7757590.519672 -364076.474526
7757589.592625 -364076.383985
7757588.398376 -364076.160583
7757587.915599 -364075.898659
7757587.295169 -364075.778460
7757586.216671 -364075.532360
7757585.588734 -364075.415224
7757583.132711 -364074.806253
7757582.482240 -364074.669136
7757581.841612 -364074.549181
7757580.520315 -364074.153266
7757578.446941 -364073.863945
7757577.791010 -364073.738084
7757575.738785 -364073.460485
7757575.933087 -364073.648575
7757573.788615 -364073.062746
7757572.285752 -364072.710776
7757569.455127 -364071.758796
7757567.280909 -364071.148159
7757566.269341 -364071.036298
7757563.719003 -364070.568083
7757561.148313 -364070.199639
7757559.333466 -364069.480344
7757557.625695 -364069.254096
7757554.224300 -364068.659671
7757553.316283 -364068.455310
7757550.604704 -364067.869405
7757549.369512 -364067.577989
7757547.508937 -364067.133480
7757546.430316 -364067.016352
7757544.437125 -364066.551710
7757542.435364 -364066.017212
7757540.466561 -364065.597144
7757538.748083 -364065.273204
7757537.910576 -364065.041429
7757535.103439 -364064.317702
7757533.055337 -364064.504768
7757529.612960 -364063.640568
7757527.916381 -364063.303594
7757527.748639 -364063.431155
7757527.168311 -364063.108346
7757525.650666 -364062.866000
7757524.836935 -364062.673817
7757524.182755 -364062.540913
7757523.318545 -364062.354728
7757522.550940 -364062.154482
7757521.256508 -364061.332083
7757519.750355 -364060.783826
7757518.174368 -364060.350868
7757517.394946 -364060.896967
7757514.303587 -364060.274411
7757513.325218 -364060.019015
7757511.553150 -364059.699269
7757509.982824 -364059.176342
7757509.063181 -364058.903290
7757508.031027 -364058.652268
7757507.028770 -364058.444513
7757505.704770 -364058.132209
7757504.573372 -364057.982176
7757502.679319 -364057.583231
7757501.777806 -364057.359563
7757498.708082 -364057.714155
7757497.703002 -364057.511842
7757495.745254 -364057.148035
7757493.712935 -364056.811930
7757491.044794 -364056.510242
7757490.191715 -364056.279297
7757489.064619 -364056.036666
7757487.686968 -364055.981635
7757486.468856 -364055.772645
7757484.536049 -364055.348666
7757483.965985 -364055.639177
7757479.021881 -364054.449713
7757474.185817 -364053.503643
7757473.277354 -364053.596773
7757469.871533 -364052.843943
7757468.393876 -364052.582774
7757466.995398 -364052.233856
7757465.691310 -364051.922406
7757464.366132 -364051.602293
7757462.926315 -364051.234410
7757460.257315 -364050.521656
7757457.347176 -364049.822305
7757453.271743 -364048.894759
7757450.522526 -364048.068778
7757449.167035 -364047.659916
7757447.865615 -364047.309727
7757445.008181 -364046.511678
7757443.603375 -364046.141786
7757436.500743 -364034.884066
7757430.239625 -364033.940176
7757429.596186 -364033.359798
7757426.857446 -364032.673448
7757423.359166 -364031.917558
7757420.512490 -364031.160481
7757418.884471 -364030.782068
7757415.730395 -364030.028252
7757414.222711 -364029.695213
7757413.090354 -364029.328752
7757412.016542 -364028.979745
7757410.824906 -364028.621136
7757409.866866 -364028.322814
7757409.728172 -364029.283015
7757406.576683 -364027.771304
7757405.294671 -364027.426732
7757402.977559 -364026.737899
7757400.517492 -364026.056398
7757397.786137 -364025.385231
7757394.069957 -364024.475069
7757393.692489 -364024.445208
7757393.239578 -364024.306815
7757392.442307 -364023.980717
7757395.927739 -364027.086276
7757394.165899 -364026.648297
7757394.376563 -364026.715076
7757392.664900 -364026.256145
7757392.520774 -364026.865749
7757391.736452 -364026.672141
7757390.814772 -364026.219885
7757389.474777 -364025.915867
7757389.111755 -364025.867826
7757388.189449 -364025.887095
7757390.206826 -364034.839478
7757388.579124 -364034.537461
7757385.726824 -364033.726073
7757384.404555 -364033.301454
7757382.301997 -364033.062633
7757380.865793 -364032.656610
7757379.611174 -364032.374942
7757378.507666 -364032.197443
7757377.999884 -364032.041164
7757376.573522 -364031.694704
7757374.824604 -364031.330719
7757373.342825 -364031.041537
7757371.886990 -364030.740034
7757370.958540 -364030.491345
7757369.516917 -364030.254910
7757368.843150 -364030.093800
7757367.780502 -364029.837480
7757366.958127 -364029.672474
7757364.484407 -364029.163169
7757363.413396 -364028.893927
7757362.503115 -364028.732006
7757359.718488 -364027.901766
7757357.701233 -364027.457524
7757355.795104 -364027.022118
7757354.653035 -364026.690951
7757353.457068 -364026.518183
7757350.128024 -364026.083794
7757347.179013 -364025.365318
7757344.126020 -364024.969095
7757342.839870 -364024.709284
7757341.796254 -364024.432687
7757339.887657 -364024.206986
7757337.760018 -364023.659288
7757335.598760 -364023.063187
7757332.783730 -364022.567231
7757330.266311 -364021.901400
7757327.842995 -364021.227956
7757326.312444 -364020.840924
7757325.594846 -364020.674181
7757321.236058 -364019.878643
7757319.120069 -364019.364783
7757318.260455 -364019.163194
7757316.146843 -364018.688232
7757312.830159 -364017.883568
7757310.261428 -364017.340562
7757309.666837 -364017.167171
7757307.797362 -364016.802549
7757305.068431 -364016.188983
7757303.756107 -364015.840973
7757303.108205 -364015.681682
7757301.737367 -364015.368319
7757299.758763 -364015.061397
7757298.853608 -364014.730653
7757297.450037 -364014.388034
7757296.757797 -364014.276373
7757292.366398 -364012.976185
7757289.324998 -364012.136388
7757288.686546 -364012.033862
7757285.738411 -364011.720285
7757284.469562 -364011.353807
7757281.541254 -364010.820213
7757278.817590 -364010.147135
7757276.514673 -364009.680026
7757275.056004 -364009.425065
7757273.522369 -364009.070414
7757271.824198 -364008.675969
7757266.867160 -364007.902385
7757265.674822 -364007.426573
7757261.781916 -364006.376517
7757256.158575 -364005.170202
7757254.105528 -364004.690407
7757253.082808 -364004.496866
7757252.042437 -364004.242506
7757249.975218 -364003.786318
7757248.971176 -364003.542321
7757247.989833 -364003.337652
7757244.390726 -364002.702351
7757243.408263 -364002.446461
7757240.530953 -364001.755552
7757238.522561 -364001.296758
7757235.528267 -364000.583266
7757234.373933 -364000.612461
7757233.329421 -364000.303839
7757230.443831 -363999.548095
7757227.986238 -363998.576876
7757225.382107 -363998.091068
7757223.463677 -363997.558833
7757220.720443 -363997.047109
7757217.016581 -363996.324386
7757215.837010 -363995.955309
7757214.649433 -363995.605434
7757213.452241 -363995.228702
7757212.299180 -363994.882358
7757207.568512 -363993.868774
7757206.407624 -363993.527021
7757205.315618 -363993.160081
7757204.205663 -363992.822160
7757200.828998 -363992.028376
7757196.928795 -363991.160942
7757194.919578 -363990.640556
7757191.494331 -363990.107560
7757188.605960 -363989.292767
7757186.285700 -363987.469905
7757184.394230 -363987.048484
7757183.142683 -363987.031240
7757181.584571 -363986.652319
7757180.031561 -363986.259392
7757176.997105 -363985.757185
7757175.394709 -363985.329831
7757173.854866 -363984.989461
7757170.789914 -363984.334310
7757168.248373 -363983.920193
7757164.153190 -363983.127173
7757162.304939 -363982.717490
7757161.064499 -363982.286387
7757159.575323 -363981.903824
7757155.468891 -363981.221353
7757153.392302 -363980.970226
7757151.860555 -363980.670184
7757150.364718 -363980.399361
7757146.313954 -363979.094151
7757144.614775 -363978.775220
7757140.259148 -363977.573309
7757137.851049 -363976.987739
7757134.273379 -363976.104621
7757129.124027 -363975.231785
7757125.698701 -363974.616931
7757120.073980 -363973.676689
7757117.870828 -363973.266824
7757116.797562 -363973.040205
7757114.662309 -363972.654759
7757113.404539 -363972.209251
7757112.307075 -363972.002116
7757110.121866 -363971.530683
7757108.010339 -363971.164261
7757102.969499 -363970.367599
7757100.836206 -363969.988102
7757097.796598 -363969.470231
7757096.779999 -363969.305360
7757094.812061 -363969.009502
7757092.877100 -363968.654641
7757088.387928 -363967.889104
7757087.173586 -363967.706534
7757084.358562 -363967.235611
7757082.742381 -363966.819175
7757080.912065 -363966.506934
7757079.130681 -363966.224014
7757076.827403 -363965.821852
7757075.360830 -363965.586590
7757073.922126 -363965.387380
7757070.611958 -363964.741772
7757069.919144 -363964.590212
7757067.227997 -363964.098933
7757065.066227 -363963.394327
7757062.739873 -363962.919072
7757060.240265 -363962.322970
7757058.368344 -363961.914772
7757056.217686 -363961.659797
7757055.673924 -363961.677772
7757052.844162 -363961.836820
7757052.253703 -363961.674661
7757051.658157 -363961.477947
7757049.924928 -363961.024626
7757048.785780 -363960.897527
7757048.290037 -363960.884497
7757047.717898 -363960.785508
7757045.936189 -363960.439164
7757045.360123 -363960.316368
7757044.758811 -363960.169433
7757042.962737 -363959.830426
7757042.355283 -363959.699008
7757041.751764 -363959.574642
7757041.141154 -363959.462949
7757040.518916 -363959.315491
7757039.895717 -363959.183032
7757039.276012 -363959.058828
7757037.386478 -363958.759442
7757037.328489 -363958.850530
7757036.047918 -363958.619042
7757034.756109 -363958.433017
7757033.456558 -363958.192127
7757030.822741 -363957.558447
7757025.850425 -363956.997522
7757025.029588 -363956.841269
7757024.274360 -363956.695461
7757023.509459 -363956.549570
7757022.758234 -363956.407453
7757021.989721 -363956.248102
7757021.227511 -363956.084138
7757020.466694 -363955.927293
7757019.697496 -363955.785018
7757018.918839 -363955.646979
7757018.193410 -363955.529673
7757013.715731 -363954.989065
7757011.356926 -363954.473946
7757010.807149 -363954.446592
7757008.358548 -363954.034310
7757006.756954 -363953.632293
7757004.340115 -363953.157890
7757001.885021 -363952.743915
7756997.822733 -363951.968890
7756995.461937 -363951.591201
7756991.814372 -363950.898070
7756989.365710 -363950.466880
7756988.557327 -363950.346642
7756984.621174 -363949.807196
7756982.900951 -363949.459883
7756982.063184 -363949.266723
7756981.207648 -363949.068358
7756980.314877 -363948.856978
7756978.642161 -363948.497839
7756977.935722 -363948.408331
7756975.393863 -363947.945719
7756974.539327 -363947.674777
7756972.897939 -363947.345060
7756972.097904 -363947.207891
7756968.856207 -363946.540704
7756968.051426 -363946.365754
7756967.259898 -363946.189906
7756963.796429 -363945.887613
7756961.234723 -363945.398589
7756959.514934 -363945.084404
7756956.510252 -363944.694131
7756954.950769 -363944.338850
7756953.432725 -363944.031012
7756951.943922 -363943.730544
7756951.186635 -363943.509360
7756947.757534 -363942.909900
7756945.719844 -363942.451369
7756945.256310 -363942.520711
7756944.611649 -363942.333967
7756942.761547 -363941.771405
7756942.154573 -363941.596796
7756941.556836 -363941.441459
7756941.014360 -363941.427949
7756939.812736 -363941.077624
7756939.246470 -363940.885511
7756938.704050 -363940.685420
7756938.165868 -363940.496956
7756937.636230 -363940.312310
7756937.092464 -363940.110703
7756936.556492 -363939.919217
7756936.072158 -363939.768856
7756935.575614 -363939.609835
7756935.113720 -363939.348122
7756933.105814 -363938.676116
7756932.525210 -363938.483779
7756931.907906 -363938.303510
7756930.621268 -363937.966904
7756929.997204 -363937.807314
7756929.448672 -363937.668379
7756928.920490 -363937.510204
7756928.405739 -363937.343568
7756927.365981 -363937.151971
7756926.316448 -363937.220684
7756925.405806 -363937.048309
7756924.149324 -363936.147041
7756925.031540 -363937.064961
7756924.382936 -363936.956779
7756923.719348 -363936.876209
7756922.295541 -363936.635515
7756920.586661 -363936.146133
7756920.209898 -363935.974953
7756919.575631 -363935.796134
7756918.558355 -363935.631585
7756917.298519 -363935.277221
7756916.564222 -363935.045396
7756915.703313 -363934.777942
7756914.763324 -363934.553035
7756914.071872 -363933.881894
7756913.515151 -363933.677329
7756912.611045 -363933.412289
7756911.676403 -363933.151930
7756910.733802 -363932.917395
7756909.611494 -363932.513813
7756908.192776 -363932.084925
7756907.486597 -363931.853555
7756906.008940 -363931.391298
7756905.257210 -363931.171230
7756904.558407 -363930.914504
7756903.355016 -363930.205548
7756902.816243 -363929.975510
7756902.190932 -363929.716457
7756901.565377 -363929.495391
7756901.067169 -363929.375346
7756897.698540 -363928.481325
7756897.601856 -363924.912812
7756897.011263 -363924.674886
7756896.483828 -363925.427827
7756896.004435 -363925.314917
7756894.485583 -363924.762684
7756893.828506 -363924.462271
7756892.747010 -363923.450504
7756891.920453 -363923.264218
7756890.827616 -363922.906686
7756890.014630 -363922.528698
7756888.433554 -363921.888996
7756887.635420 -363921.540288
7756887.113238 -363921.263364
7756885.307966 -363920.583124
7756883.401050 -363919.651583
7756882.475769 -363919.393956
7756881.557428 -363919.093479
7756880.021659 -363918.318625
7756878.832614 -363917.888719
7756877.776302 -363917.471830
7756875.706287 -363916.768381
7756874.462538 -363916.327375
7756873.447892 -363915.740806
7756872.368638 -363915.388893
7756871.299225 -363914.947781
7756869.894792 -363914.426180
7756867.965394 -363913.751605
7756867.031023 -363913.263222
7756866.312253 -363912.962328
7756864.582771 -363912.296114
7756863.223358 -363912.051696
7756862.237205 -363911.514953
7756860.987542 -363910.934624
7756859.812243 -363910.536798
7756856.958195 -363909.705704
7756855.710889 -363909.197365
7756854.324899 -363908.791295
7756852.770731 -363908.341867
7756851.535366 -363907.948557
7756850.631161 -363907.686999
7756848.811746 -363907.006675
7756848.069400 -363906.864284
7756847.078598 -363906.611574
7756846.002369 -363906.298317
7756844.889860 -363905.939557
7756842.243208 -363904.968786
7756841.158511 -363904.645183
7756838.430068 -363903.606237
7756837.339512 -363903.244281
7756836.356749 -363902.933011
7756834.179353 -363902.231045
7756832.234757 -363901.337017
7756830.218739 -363900.737095
7756828.064405 -363900.075834
7756825.850214 -363899.094265
7756824.263845 -363898.600041
7756823.285350 -363898.264619
7756819.889783 -363896.434957
7756816.916508 -363895.328099
7756816.504736 -363895.191307
7756815.570994 -363894.774409
7756814.523355 -363894.304985
7756813.481239 -363893.833324
7756811.547593 -363893.293094
7756810.331554 -363892.761083
7756809.531764 -363892.626594
7756808.458885 -363892.251074
7756806.950764 -363892.140425
7756804.507281 -363891.015599
7756803.065302 -363890.215689
7756802.230026 -363889.874713
7756800.717581 -363889.315309
7756798.346831 -363888.366559
7756797.460776 -363887.982538
7756796.431273 -363887.589970
7756795.584421 -363887.204159
7756793.651056 -363886.455286
7756792.897243 -363886.508669
7756791.876687 -363886.088837
7756790.742773 -363885.631946
7756789.737002 -363885.291970
7756788.656253 -363884.861072
7756787.467202 -363884.417734
7756786.625741 -363884.124786
7756785.705355 -363883.702420
7756784.469113 -363883.662738
7756784.379498 -363883.830851
7756782.011600 -363882.858836
7756780.614474 -363882.288614
7756780.028716 -363882.094748
7756779.290150 -363881.770462
7756777.777575 -363881.086456
7756776.306439 -363880.609254
7756775.257207 -363880.154274
7756774.424392 -363879.814863
7756774.111765 -363879.779278
7756772.492750 -363879.118846
7756770.927433 -363878.458798
7756770.277470 -363876.526708
7756769.256561 -363875.827843
7756768.430843 -363875.379641
7756767.643863 -363874.859931
7756766.816990 -363874.464744
7756764.508611 -363873.450256
7756763.598761 -363872.879192
7756761.692437 -363871.675059
7756759.149251 -363870.593280
7756757.246191 -363869.653300
7756756.673777 -363869.323996
7756755.253605 -363868.697701
7756752.243373 -363865.946187
7756750.792542 -363865.290312
7756749.230937 -363864.567342
7756747.310939 -363863.764533
7756744.349479 -363862.544477
7756743.675216 -363861.801050
7756740.903139 -363860.392164
7756738.610567 -363859.393070
7756736.553046 -363858.504185
7756734.316338 -363857.535973
7756732.770756 -363856.755773
7756731.653021 -363856.256144
7756730.404932 -363855.280247
7756728.944860 -363854.618755
7756725.584580 -363853.432316
7756723.073385 -363852.241185
7756721.993086 -363851.754136
7756720.879507 -363851.222529
7756719.227414 -363850.376828
7756717.712354 -363849.726429
7756715.002240 -363848.425252
7756711.028224 -363846.461644
7756707.775686 -363845.102213
7756706.275780 -363844.431391
7756704.584801 -363843.481159
7756703.023221 -363842.840642
7756701.391752 -363841.753635
7756697.851511 -363839.891479
7756696.312737 -363839.135868
7756694.192342 -363837.966270
7756694.621110 -363835.760568
7756692.883196 -363834.806823
7756690.591764 -363834.032471
7756688.054504 -363832.944017
7756686.317836 -363832.190794
7756683.745163 -363830.780792
7756681.853978 -363829.922457
7756680.443033 -363829.426707
7756679.490910 -363829.120756
7756675.730501 -363827.820943
7756674.709673 -363827.209947
7756669.807864 -363825.788903
7756666.693141 -363824.687723
7756664.938141 -363824.254597
7756662.592917 -363822.766475
7756660.963773 -363821.909417
7756659.493311 -363821.142400
7756656.348780 -363819.469012
7756653.701962 -363818.257738
7756650.527332 -363816.220966
7756649.115923 -363815.404147
7756646.423680 -363814.230331
7756643.454925 -363812.827908
7756642.104864 -363812.028433
7756638.864835 -363810.137438
7756635.558563 -363808.756745
7756633.386776 -363807.531585
7756630.945729 -363807.029614
7756629.832149 -363807.110255
7756627.518557 -363805.956173
7756624.591430 -363804.549221
7756622.115568 -363803.548491
7756618.866307 -363802.145321
7756617.247342 -363801.338127
7756616.171392 -363800.860018
7756612.229911 -363798.575194
7756609.091280 -363796.945885
7756606.199545 -363795.522094
7756603.204884 -363793.321975
7756600.286618 -363792.309660
7756597.619902 -363790.967924
7756594.919899 -363788.670917
7756593.680096 -363788.141263
7756593.166488 -363788.221430
7756592.743461 -363787.940965
7756591.705241 -363787.173029
7756591.126691 -363786.765624
7756589.926735 -363786.477268
7756588.464130 -363785.797555
7756586.222914 -363784.727052
7756584.007597 -363782.710684
7756582.637969 -363782.048137
7756580.396813 -363780.978469
7756577.132969 -363779.188829
7756575.728063 -363778.555449
7756574.586230 -363777.902427
7756572.232195 -363773.097693
7756571.547804 -363772.699992
7756569.746404 -363771.808904
7756567.329481 -363770.124249
7756567.410113 -363771.147780
7756563.724568 -363767.035777
7756562.006937 -363765.826864
7756560.194897 -363760.677707
7756559.479982 -363760.008499
7756557.924262 -363757.967703
7756558.311912 -363758.340122
7756557.219888 -363757.762916
7756556.213028 -363757.141897
7756555.183087 -363756.514213
7756554.112691 -363756.373554
7756553.045969 -363755.577076
7756551.579106 -363754.808197
7756550.633390 -363754.484527
7756547.472239 -363751.980427
7756546.998030 -363751.659352
7756545.738027 -363750.874004
7756544.123471 -363749.846858
7756544.448519 -363750.213159
7756543.726631 -363749.706576
7756542.814373 -363749.073585
7756544.913665 -363751.336428
7756544.345107 -363750.932823
7756543.338564 -363750.298485
7756542.722417 -363749.848494
7756541.913238 -363749.359489
7756541.891042 -363749.814365
7756540.941186 -363749.112172
7756540.294319 -363748.656954
7756538.774778 -363747.558401
7756538.282928 -363747.168235
7756537.267877 -363746.362986
7756536.023399 -363745.547352
7756534.648271 -363744.465866
7756533.967799 -363743.890576
7756532.995494 -363743.153645
7756531.654374 -363742.128463
7756530.673090 -363741.367687
7756531.610732 -363742.085413
7756528.971300 -363739.956870
7756533.786656 -363742.047431
7756532.524258 -363741.061171
7756531.657464 -363740.372330
7756532.425349 -363741.348881
7756532.018279 -363740.983316
7756528.547220 -363738.244543
7756532.865873 -363741.874699
7756530.994539 -363740.411358
7756530.081577 -363739.648533
7756528.677179 -363738.449161
7756526.396857 -363736.528527
7756532.941245 -363744.794836
7756530.920873 -363743.118922
7756529.484993 -363741.875088
7756530.041939 -363742.966447
7756528.566326 -363741.684622
7756527.500659 -363740.779307
7756527.186040 -363740.531797
7756526.840563 -363740.166172
7756525.806071 -363739.225925
7756524.125982 -363737.601749
7756523.888821 -363737.383028
7756523.755841 -363737.533746
7756523.930572 -363738.930774
7756522.863278 -363738.438179
7756521.454074 -363736.929276
7756523.670105 -363738.548493
7756523.425770 -363738.453132
7756523.178926 -363738.387330
7756522.940661 -363738.312594
7756522.155404 -363737.898026
7756522.087383 -363738.471661
7756521.663883 -363737.715989
7756521.703301 -363738.397576
7756521.837341 -363739.065316
7756521.205495 -363738.412824
7756520.475008 -363737.442067
7756520.924487 -363738.850769
7756519.593535 -363736.801483
7756521.149548 -363740.223820
7756521.095502 -363740.653087
7756520.418535 -363739.702306
7756520.190803 -363739.260764
7756519.312929 -363737.828130
7756519.318147 -363738.317986
7756519.117199 -363737.896776
7756518.353633 -363736.712600
7756518.464179 -363735.876898
7756518.351467 -363735.775284
7756518.194706 -363736.399697
7756517.745226 -363735.737982
7756517.352231 -363735.433633
7756517.129729 -363735.242955
7756516.530091 -363734.349635
7756516.034414 -363733.592876
7756515.260913 -363732.245937
7756515.064085 -363731.915581
7756514.750296 -363731.525989
7756514.037155 -363730.213442
7756513.987736 -363730.200258
7756513.266436 -363729.093936
7756512.967742 -363728.544821
7756512.881074 -363728.415348
7756512.162002 -363728.097319
7756511.477436 -363727.078778
7756511.211527 -363726.621737
7756510.910584 -363726.145799
7756510.266120 -363725.108677
7756509.983368 -363725.203631
7756509.352248 -363724.329683
7756509.102625 -363723.871513
7756509.095380 -363723.253884
7756508.766407 -363723.036125
7756508.733715 -363722.770814
7756508.514307 -363722.271590
7756508.163474 -363721.613363
7756507.993223 -363721.212913
7756508.066094 -363720.964003
7756508.807662 -363721.096184
7756509.017209 -363720.887273
7756509.212900 -363720.804332
7756509.574564 -363720.425856
7756509.564851 -363719.378023
7756510.283880 -363719.424446
7756510.632706 -363719.408633
7756510.557264 -363719.687312
7756510.137164 -363716.859726
7756510.284985 -363716.382597
7756510.494669 -363715.897042
7756511.625266 -363716.170252
7756512.069296 -363715.668102
7756512.780163 -363715.186932
7756513.010371 -363714.662109
7756513.724421 -363714.472804
7756512.912038 -363714.081392
7756512.367370 -363713.862453
7756512.932238 -363713.039202
7756513.623834 -363712.716746
7756513.122923 -363710.996921
7756513.863201 -363709.980918
7756514.524295 -363709.021563
7756514.460734 -363708.818301
7756515.286801 -363707.247447
7756515.822742 -363706.537777
7756516.083246 -363706.373431
7756516.581424 -363705.809965
7756516.813870 -363705.393671
7756517.510604 -363704.669429
7756517.928988 -363704.044532
7756518.327916 -363703.493030
7756518.722207 -363701.863604
7756519.182258 -363701.231864
7756519.587886 -363700.509571
7756519.730891 -363700.356461
7756520.295555 -363698.864180
7756520.379804 -363698.412704
7756520.988349 -363697.599155
7756521.286904 -363694.407202
7756521.726484 -363693.791550
7756521.551508 -363694.179307
7756521.557406 -363693.708206
7756521.624470 -363693.335950
7756522.374463 -363691.323905
7756523.311877 -363690.994072
7756523.089031 -363690.810199
7756523.362098 -363690.491720
7756523.859608 -363689.747443
7756524.308129 -363688.980483
7756524.630309 -363688.584237
7756525.295818 -363688.022066
7756525.984327 -363686.466359
7756526.346992 -363685.915764
7756527.072312 -363684.979133
7756527.425306 -363684.600343
7756527.775854 -363684.203104
7756528.656278 -363683.681695
7756530.303241 -363682.300094
7756531.419127 -363681.449489
7756531.741567 -363680.917887
7756532.474627 -363680.036677
7756533.630382 -363679.212804
7756534.066569 -363678.530115
7756534.747656 -363677.548558
7756535.801852 -363676.189201
7756536.493322 -363675.149938
7756536.814468 -363674.678639
7756538.220169 -363672.938294
7756538.882514 -363671.880292
7756539.528351 -363671.134947
7756540.522695 -363669.606493
7756540.366899 -363669.617675
7756541.350743 -363668.151258
7756541.690166 -363667.588660
7756542.375031 -363666.651450
7756542.685596 -363666.264917
7756543.618759 -363664.915358
7756543.879687 -363664.424443
7756544.784330 -363663.609184
7756545.117524 -363663.075875
7756545.987941 -363661.773828
7756547.631295 -363660.124879
7756548.470746 -363658.743026
7756549.646699 -363657.344986
7756549.919065 -363656.955943
7756550.791837 -363656.008914
7756551.052357 -363655.654248
7756552.205557 -363654.370244
7756553.096086 -363653.457325
7756553.345346 -363653.158646
7756554.565476 -363651.921739
7756555.177970 -363651.355763
7756556.167545 -363650.359005
7756557.204401 -363649.571550
7756557.556148 -363649.261184
7756558.293116 -363648.674595
7756557.650752 -363649.337130
7756558.409953 -363648.842355
7756559.242208 -363648.418750
7756560.723497 -363647.398140
7756561.932118 -363646.597122
7756562.341157 -363646.376833
7756563.200539 -363645.974289
7756563.636725 -363645.768648
7756565.459790 -363645.185908
7756566.052156 -363645.859729
7756566.948753 -363645.555575
7756565.653761 -363646.351436
7756566.141590 -363646.119457
7756567.641841 -363645.758535
7756566.404672 -363646.990853
7756567.964942 -363646.747974
7756570.332552 -363646.189582
7756571.021296 -363646.071857
7756573.093215 -363645.879561
7756573.754947 -363645.816919
7756574.446671 -363645.741740
7756575.855404 -363645.582086
7756577.102087 -363644.963222
7756577.881603 -363644.873657
7756578.683699 -363644.818230
7756580.121285 -363642.406624
7756583.185521 -363642.656214
7756584.128791 -363642.789053
7756583.970497 -363642.815469
7756583.387272 -363642.690095
7756585.477652 -363642.797954
7756587.230647 -363643.398946
7756585.808865 -363643.442382
7756586.936036 -363643.688384
7756589.693832 -363643.786984
7756592.499385 -363644.086481
7756595.645812 -363644.717015
7756596.879041 -363644.865577
7756598.696800 -363644.180278
7756601.492898 -363644.583946
7756602.799120 -363644.692804
7756605.383074 -363644.980287
7756609.246394 -363645.470328
7756613.938990 -363645.787222
7756617.452121 -363646.272813
7756618.574977 -363646.453942
7756622.013579 -363646.920658
7756623.524861 -363647.077821
7756627.040205 -363647.685487
7756628.241167 -363647.913697
7756631.166571 -363648.417290
7756634.940822 -363649.817119
7756637.531881 -363650.195708
7756639.669959 -363650.459881
7756642.468465 -363650.835505
7756645.730176 -363651.168419
7756649.074307 -363651.461529
7756650.973653 -363651.709987
7756653.150551 -363651.746224
7756658.538593 -363651.450837
7756663.993925 -363652.438549
7756667.037055 -363652.909317
7756668.207685 -363653.112041
7756671.121811 -363653.053177
7756672.264116 -363653.208290
7756674.573950 -363653.548563
7756679.690554 -363654.893592
7756681.311074 -363655.247747
7756684.527879 -363655.790337
7756687.849334 -363656.279393
7756689.783871 -363656.640141
7756690.814649 -363656.821976
7756692.846734 -363657.267272
7756696.097738 -363658.019683
7756697.240703 -363658.226057
7756698.663947 -363658.456799
7756700.623196 -363658.831108
7756702.720029 -363659.162135
7756703.764284 -363659.402952
7756704.790215 -363659.615889
7756707.403140 -363660.089504
7756710.109843 -363660.684574
7756711.332950 -363660.863574
7756713.814937 -363661.429410
7756714.649896 -363661.576100
7756717.030440 -363662.042500
7756718.301344 -363662.175784
7756719.777643 -363662.343199
7756721.949042 -363662.687328
7756722.991867 -363663.054483
7756724.390240 -363663.418545
7756726.371244 -363663.851886
7756727.270380 -363664.096661
7756730.140248 -363664.679989
7756731.402887 -363664.943183
7756732.230170 -363665.093494
7756733.548417 -363665.378067
7756734.635715 -363665.656711
7756737.778124 -363666.831738
7756739.973033 -363667.298678
7756741.953236 -363667.467393
7756743.281001 -363667.705836
7756746.725222 -363668.333795
7756748.117399 -363668.616900
7756750.400777 -363669.152050
7756751.441570 -363669.408118
7756755.819393 -363670.470810
7756756.999512 -363670.740074
7756760.305071 -363671.602573
7756764.239274 -363672.772254
7756766.380655 -363673.281212
7756767.524770 -363673.528660
7756770.515262 -363674.883896
7756773.104890 -363675.311908
7756774.773124 -363674.988655
7756777.191891 -363675.379672
7756778.337349 -363675.628694
7756779.537083 -363675.898299
7756781.981280 -363676.405289
7756783.170512 -363676.618871
7756785.596278 -363677.076439
7756786.786244 -363677.298599
7756789.106002 -363677.732495
7756790.076239 -363677.699555
7756796.655893 -363679.210816
7756800.128443 -363680.597090
7756801.903423 -363680.920278
7756805.694897 -363681.843527
7756809.542152 -363682.756062
7756811.983986 -363683.322899
7756812.978772 -363683.484184
7756817.290477 -363684.504807
7756818.285484 -363684.705460
7756820.267819 -363685.079805
7756821.644960 -363685.273440
7756822.723412 -363685.467315
7756825.507900 -363686.405866
7756826.863822 -363686.660581
7756828.981060 -363687.126102
7756832.051292 -363687.709420
7756834.252473 -363688.178402
7756838.219490 -363688.650884
7756840.344496 -363689.128547
7756842.551220 -363689.661246
7756846.614043 -363690.706662
7756849.386716 -363691.189921
7756853.961062 -363692.022512
7756856.788360 -363692.417403
7756858.113685 -363692.754909
7756861.074257 -363693.286807
7756862.636547 -363693.556397
7756864.399812 -363693.837996
7756866.104337 -363694.195899
7756868.648736 -363694.558482
7756869.932239 -363694.717875
7756871.572689 -363695.075705
7756873.442280 -363695.506404
7756874.838101 -363696.349234
7756877.355626 -363696.640498
7756878.339021 -363696.842250
7756879.286928 -363697.004958
7756880.252465 -363697.171083
7756886.429844 -363698.399341
7756888.560691 -363698.711127
7756894.587568 -363701.002375
7756895.782328 -363701.300069
7756896.802903 -363701.505892
7756898.843944 -363701.934779
7756899.848861 -363702.135838
7756900.865160 -363702.313701
7756903.796524 -363702.919500
7756905.790095 -363703.335357
7756907.800763 -363703.700860
7756910.776706 -363704.317590
7756911.938281 -363704.551756
7756913.000643 -363704.745367
7756915.125425 -363705.216898
7756916.190260 -363705.465120
7756917.306632 -363705.698655
7756919.346346 -363706.142746
7756921.330583 -363706.573437
7756924.234687 -363707.157781
7756927.819359 -363707.963158
7756932.007385 -363708.902175
7756935.128502 -363709.618964
7756936.001388 -363709.776042
7756936.917749 -363709.896544
7756937.675418 -363710.037789
7756939.906326 -363710.445701
7756941.314849 -363710.623970
7756942.696737 -363710.929262
7756945.251652 -363711.466245
7756946.096729 -363711.588105
7756946.691512 -363711.666701
7756948.444653 -363712.056688
7756950.100380 -363712.381596
7756951.610474 -363712.639172
7756952.125218 -363712.764218
7756952.639705 -363712.856646
7756953.148918 -363712.943880
7756953.651778 -363713.015603
7756954.128532 -363713.067664
7756954.587940 -363713.113189
7756955.054152 -363713.152199
7756955.513205 -363713.198203
7756955.961619 -363713.240135
7756956.410517 -363713.281528
7756956.860432 -363713.396793
7756957.763123 -363713.648116
7756959.182922 -363713.898269
7756960.082624 -363713.989584
7756961.293007 -363714.176610
7756964.603706 -363715.265119
7756965.029973 -363715.251239
7756966.237041 -363715.374691
7756967.047171 -363715.613672
7756967.864334 -363715.841131
7756970.013135 -363716.190164
7756975.041083 -363717.432982
7756975.968110 -363717.542461
7756976.881305 -363717.674855
7756977.304907 -363717.749918
7756978.725700 -363718.012577
7756979.355144 -363718.136558
7756980.745699 -363718.356775
7756981.266887 -363718.730768
7756982.184635 -363718.873586
7756984.571964 -363719.395200
7756986.046946 -363719.656051
7756988.722103 -363720.221501
7756989.849075 -363720.460900
7756990.518844 -363720.555864
7756992.363298 -363720.774280
7756993.482044 -363720.998556
7756993.821528 -363721.016816
7756994.167126 -363721.027188
7756994.846534 -363721.032907
7756995.511152 -363720.996585
7756997.773577 -363720.853121
7756999.123265 -363720.616964
7756999.726228 -363720.475342
7757000.015804 -363720.363453
7757001.247856 -363719.956261
7757001.505050 -363719.845374
7757002.204593 -363719.503857
7757002.626029 -363719.251336
7757004.127474 -363718.298278
7757005.705287 -363717.206061
7757005.899163 -363717.029835
7757006.520591 -363716.512732
7757006.564912 -363716.135706
7757006.992368 -363715.784143
7757007.590051 -363715.237829
7757008.422280 -363714.558395
7757008.871510 -363714.176003
7757009.097401 -363713.967355
7757009.570907 -363713.568976
7757009.810382 -363713.333243
7757010.061881 -363713.118924
7757011.315205 -363712.114786
7757011.625517 -363711.874995
7757011.888716 -363711.666873
7757012.701960 -363711.047993
7757013.808098 -363710.107306
7757013.986893 -363709.671113
7757014.259781 -363709.431070
7757014.639283 -363709.247960
7757014.968079 -363709.046482
7757015.276081 -363708.828788
7757015.578162 -363708.600586
7757016.497752 -363707.997701
7757016.811509 -363707.815388
7757017.155058 -363707.592368
7757018.079429 -363706.930536
7757018.755884 -363706.539789
7757019.359953 -363706.105369
7757019.691916 -363705.859303
7757020.123732 -363705.618500
7757020.455681 -363705.343044
7757021.405508 -363704.685097
7757021.734559 -363704.457473
7757022.042312 -363704.223589
7757022.934898 -363703.553462
7757024.080768 -363702.410492
7757024.375478 -363702.123110
7757024.677655 -363701.883463
7757025.276944 -363701.506945
7757025.583986 -363701.173535
7757025.908203 -363700.872177
7757026.827274 -363700.001085
7757027.802839 -363699.579693
7757028.316874 -363699.552379
7757028.626936 -363699.371824
7757029.916427 -363698.125904
7757032.788738 -363696.374774
7757033.161847 -363696.003019
7757033.501380 -363695.660431
7757034.237813 -363695.059805
7757034.615993 -363694.610307
7757037.153874 -363692.916817
7757037.575968 -363692.560786
7757038.418760 -363691.893956
7757038.860591 -363691.512247
7757039.308492 -363691.130026
7757042.967864 -363688.716260
7757044.443936 -363687.599838
7757048.178624 -363685.509565
7757048.739452 -363685.101044
7757049.840049 -363684.366031
7757050.946670 -363683.644976
7757052.057264 -363682.907641
7757052.598729 -363682.506348
7757053.145257 -363682.057636
7757053.722030 -363681.657772
7757054.272500 -363681.250674
7757056.587440 -363679.883378
7757060.443096 -363677.866527
7757061.094044 -363677.457841
7757062.408100 -363676.648122
7757064.953579 -363675.019387
7757065.600409 -363674.547936
7757066.238478 -363674.020168
7757068.806257 -363672.283867
7757071.688866 -363671.110066
7757072.315301 -363670.644150
7757072.911055 -363670.202378
7757074.122327 -363669.313215
7757074.725879 -363668.877966
7757076.467644 -363667.541262
7757078.131004 -363666.212658
7757078.671756 -363665.758120
7757079.186350 -363665.300029
7757080.232708 -363664.409469
7757080.756941 -363663.961179
7757081.243103 -363663.530959
7757081.697738 -363663.111990
7757082.551808 -363662.279749
7757083.278455 -363662.297059
7757083.994707 -363661.596708
7757084.346875 -363661.254370
7757084.983958 -363660.555102
7757085.590444 -363659.639039
7757086.511992 -363658.343428
7757086.800259 -363658.088553
7757087.045843 -363657.621337
7757087.451874 -363656.671901
7757087.639388 -363656.159139
7757087.798040 -363655.600361
7757087.955455 -363655.061019
7757088.578664 -363651.774177
7757088.603738 -363649.845339
7757088.597348 -363649.171573
7757088.402976 -363646.197377
7757088.240134 -363645.098373
7757087.676906 -363642.709332
7757086.881789 -363640.379735
7757086.628650 -363639.714688
7757084.888568 -363636.043243
7757084.567278 -363635.332135
7757084.247347 -363634.620743
7757083.925104 -363633.948100
7757083.273959 -363632.678262
7757082.248683 -363630.749875
7757081.894319 -363630.054946
7757081.241060 -363628.740506
7757080.906137 -363628.070493
7757080.260683 -363626.785058
7757079.326580 -363624.794438
7757078.784014 -363623.464730
7757078.520502 -363622.788341
7757078.269205 -363622.125535
7757078.021757 -363621.464479
7757077.560426 -363620.211931
7757077.327254 -363619.552824
7757076.532684 -363616.951032
7757075.746465 -363613.586786
7757075.635590 -363612.903924
7757075.534836 -363612.227875
7757075.301365 -363609.677639
7757075.265643 -363609.042519
7757075.370422 -363605.212489
7757075.799442 -363603.109874
7757075.939271 -363602.539082
7757076.264986 -363601.463638
7757076.690560 -363600.436537
7757077.149228 -363599.500427
7757077.675337 -363598.586233
7757079.787506 -363595.280065
7757080.598020 -363594.350797
7757082.273130 -363592.944956
7757084.243482 -363591.405056
7757085.285562 -363590.613236
7757085.749919 -363590.098860
7757087.332928 -363588.798742
7757088.361703 -363587.885207
7757089.886785 -363586.896130
7757092.031884 -363585.336944
7757093.612741 -363584.147778
7757096.022022 -363582.541962
7757098.062123 -363580.764689
7757098.590472 -363580.318874
7757100.166082 -363579.138553
7757101.768399 -363577.832273
7757103.295279 -363576.532670
7757104.285775 -363575.728288
7757104.784616 -363575.329145
7757105.277321 -363574.954919
7757105.770341 -363574.556879
7757106.263499 -363574.220934
7757106.763058 -363573.773908
7757108.181710 -363572.541795
7757108.651747 -363572.118078
7757109.569668 -363571.309949
7757111.871108 -363569.483002
7757112.337958 -363569.066547
7757113.770165 -363567.966798
7757114.735696 -363567.173462
7757117.046639 -363565.222782
7757117.979221 -363564.444695
7757118.826413 -363563.630463
7757119.245634 -363563.150827
7757119.664362 -363562.664891
7757120.107923 -363562.173535
7757121.469460 -363560.717135
7757122.829486 -363559.493717
7757123.258336 -363559.043195
7757123.673542 -363558.601318
7757124.113348 -363558.116425
7757124.521012 -363557.646373
7757125.999063 -363556.337980
7757126.400144 -363555.824799
7757126.774851 -363555.383218
7757127.546649 -363554.499373
7757127.934912 -363554.055407
7757129.403985 -363552.311465
7757130.102613 -363551.503492
7757130.437881 -363551.007545
7757131.439629 -363549.516535
7757132.034665 -363548.652662
7757133.140873 -363547.201392
7757133.853306 -363546.078976
7757134.471169 -363545.061909
7757134.840758 -363544.409964
7757134.598272 -363546.179591
7757134.752626 -363545.810924
7757134.871410 -363545.528948
7757135.198467 -363544.583266
7757135.390856 -363546.045003
7757135.580134 -363545.632554
7757135.758037 -363546.044418
7757136.163351 -363546.375866
7757136.614699 -363545.704756
7757137.145555 -363544.524207
7757137.612901 -363543.756649
7757138.023726 -363543.447208
7757138.277720 -363542.942732
7757138.697966 -363539.938077
7757138.818173 -363539.502291
7757139.123868 -363538.451082
7757139.430462 -363537.826452
7757139.872630 -363536.912779
7757140.287729 -363536.030173
7757140.874611 -363533.249175
7757141.161617 -363532.594014
7757141.630020 -363531.707513
7757141.685689 -363531.453210
7757141.983559 -363530.938926
7757142.459690 -363530.119126
7757142.842060 -363529.226290
7757143.151024 -363528.484373
7757142.972792 -363529.757924
7757142.751320 -363529.301057
7757143.092762 -363528.511018
7757143.167167 -363528.195544
7757143.358147 -363527.722282
7757143.654636 -363526.983970
7757143.415132 -363527.701830
7757143.519433 -363527.339555
7757143.833028 -363524.727074
7757144.467669 -363523.607651
7757144.618527 -363523.144318
7757144.966236 -363522.449381
7757145.041726 -363521.761586
7757145.151977 -363521.330321
7757145.614927 -363521.003645
7757145.797577 -363520.470031
7757146.237440 -363519.669843
7757146.509387 -363519.073452
7757146.048744 -363519.284604
7757146.781407 -363517.512506
7757146.205256 -363517.688446
7757145.682073 -363518.019957
7757145.896958 -363517.909999
7757146.034335 -363517.629012
7757145.831795 -363517.638410
7757146.007631 -363517.371371
7757145.984934 -363517.435036
7757146.380708 -363516.956006
7757145.958214 -363517.264158
7757146.178882 -363517.092525
7757147.152485 -363516.273637
7757147.681539 -363515.898822
7757148.243903 -363515.495600
7757147.557299 -363516.105299
7757148.131985 -363515.740183
7757149.369875 -363514.823363
7757149.700095 -363514.596207
7757150.486321 -363514.293407
7757150.826890 -363514.066529
7757152.187723 -363513.462997
7757153.331915 -363513.182136
7757156.230619 -363512.510151
7757156.752541 -363512.477557
7757157.283524 -363512.458630
7757158.814371 -363512.416580
7757159.879379 -363512.415066
7757160.456981 -363512.411972
7757161.089209 -363512.399420
7757161.697087 -363512.448562
7757162.344098 -363512.439999
7757164.827097 -363512.642502
7757165.431402 -363512.677401
7757168.318321 -363513.036372
7757168.662054 -363513.172611
7757170.447868 -363513.423138
7757171.584957 -363513.687505
7757172.729734 -363513.887681
7757171.731360 -363514.372442
7757172.181167 -363514.496384
7757172.996227 -363514.561364
7757174.081373 -363514.780591
7757175.180058 -363514.922348
7757175.638840 -363514.979235
7757176.763230 -363515.149102
7757177.382956 -363515.257301
7757175.751445 -363516.045561
7757178.236808 -363516.552624
7757176.784909 -363516.961406
7757178.090312 -363517.229229
7757179.938858 -363517.583826
7757181.253995 -363517.801756
7757182.626745 -363518.086849
7757183.280569 -363518.223913
7757186.778719 -363519.091448
7757188.497794 -363519.535379
7757189.969686 -363519.982030
7757192.044567 -363523.882602
7757195.462801 -363524.993212
7757194.498976 -363525.111886
7757196.374750 -363525.730847
7757197.383315 -363526.027078
7757200.921744 -363527.130910
7757203.801292 -363528.085137
7757208.555596 -363529.518641
7757210.561657 -363530.135673
7757211.488743 -363530.405314
7757212.435152 -363530.678081
7757213.377126 -363530.970272
7757214.306774 -363531.258578
7757216.297066 -363531.916264
7757217.229760 -363532.233766
7757218.174676 -363532.524529
7757219.083752 -363532.816864
7757223.733663 -363534.348032
7757220.696504 -363533.456970
7757222.651996 -363534.297730
7757223.592340 -363534.644788
7757226.476585 -363535.952409
7757223.186737 -363534.360771
7757224.221725 -363534.745304
7757225.232600 -363535.122985
7757226.243899 -363535.536032
7757227.234520 -363535.950650
7757228.196083 -363536.302506
7757229.205758 -363536.596897
7757231.230692 -363537.425001
7757232.153362 -363537.774502
7757234.107989 -363538.511231
7757238.099143 -363540.346764
7757239.113149 -363540.712772
7757240.105564 -363541.087359
7757244.932435 -363543.318477
7757245.963667 -363543.681333
7757247.124602 -363544.218193
7757248.278472 -363544.735524
7757250.359565 -363545.662054
7757249.947973 -363546.907036
7757252.004738 -363547.837525
7757252.974358 -363548.267184
7757255.059721 -363549.247943
7757256.085311 -363549.691800
7757258.154733 -363550.719628
7757259.187018 -363551.131023
7757261.297145 -363551.915727
7757264.413767 -363553.310079
7757265.521721 -363553.802962
7757267.646629 -363554.763356
7757268.702252 -363555.228071
7757269.773815 -363555.748786
7757271.950773 -363556.717783
7757275.086856 -363558.053701
7757276.607853 -363558.710257
7757279.822432 -363560.225288
7757280.866422 -363560.699080
7757283.952078 -363562.141306
7757286.186903 -363563.220152
7757289.303216 -363564.548254
7757290.644343 -363565.138238
7757292.798984 -363566.084722
7757293.788787 -363566.495428
7757294.961122 -363567.014763
7757300.141935 -363569.549027
7757301.304987 -363570.069610
7757302.421096 -363570.530032
7757305.880876 -363572.138868
7757306.889632 -363572.594696
7757309.316099 -363573.730566
7757314.550449 -363576.319155
7757317.964940 -363577.755174
7757322.456494 -363579.829732
7757323.558636 -363580.339631
7757324.687015 -363580.843487
7757325.774082 -363581.247852
7757328.085412 -363582.262246
7757331.577194 -363583.779087
7757332.780644 -363584.291824
7757336.351438 -363585.908208
7757337.916289 -363586.730803
7757339.080164 -363587.259227
7757341.397811 -363588.380328
7757342.663392 -363588.891907
7757347.403599 -363591.131186
7757348.950894 -363591.812393
7757351.618578 -363593.062092
7757352.918581 -363593.682866
7757354.281982 -363594.332917
7757356.935555 -363595.446692
7757361.886102 -363597.972600
7757366.596195 -363600.605304
7757369.638601 -363602.023350
7757372.787692 -363603.505465
7757375.056985 -363604.555107
7757378.249964 -363605.857762
7757379.088871 -363606.098730
7757380.156235 -363606.501475
7757382.642562 -363607.456930
7757383.792567 -363607.971352
7757388.082802 -363609.779819
7757391.321742 -363611.265119
7757392.432417 -363611.721993
7757393.690818 -363612.234937
7757397.161428 -363613.700802
7757400.751072 -363615.351782
7757401.915425 -363615.816460
7757404.279560 -363616.831791
7757407.823983 -363618.492074
7757410.156986 -363619.576660
7757411.346828 -363620.090299
7757413.624966 -363621.167468
7757414.911646 -363621.711359
7757420.753232 -363624.598190
7757422.020061 -363625.156509
7757424.437587 -363626.228097
7757425.620580 -363626.778625
7757426.799732 -363627.284876
7757428.061000 -363627.793063
7757429.245629 -363628.355831
7757430.439760 -363628.845326
7757432.871274 -363629.912320
7757435.983657 -363631.183277
7757439.137461 -363632.516203
7757441.224696 -363633.378780
7757443.392346 -363634.251006
7757445.178500 -363634.915236
7757447.254551 -363636.113510
7757448.395166 -363636.568413
7757450.994658 -363637.448936
7757451.925237 -363637.791527
7757452.880526 -363638.106385
7757455.798192 -363639.070563
7757456.853610 -363639.326412
7757457.823738 -363639.630125
7757459.684712 -363640.301628
7757460.616223 -363640.577572
7757461.580536 -363640.866301
7757462.539129 -363641.149898
7757467.118931 -363642.760412
7757470.280672 -363643.853059
7757471.981922 -363644.433435
7757472.816006 -363644.740682
7757474.324975 -363645.283935
7757475.051392 -363645.558978
7757475.828350 -363645.731147
7757479.179278 -363646.775069
7757480.978466 -363647.462124
7757482.845707 -363647.995664
7757483.756078 -363648.815857
7757485.816882 -363649.446294
7757488.157432 -363649.888264
7757489.002404 -363650.165112
7757489.754644 -363650.321865
7757491.146113 -363650.259790
7757491.013346 -363650.323859
7757491.914859 -363650.729183
7757493.137134 -363650.878618
7757494.914253 -363651.182403
7757496.568069 -363651.480279
7757498.237139 -363651.724071
7757496.738688 -363652.364041
7757499.011366 -363652.556508
7757501.723609 -363653.034649
7757496.038482 -363655.002759
7757497.906543 -363655.165946
7757499.146728 -363655.350868
7757500.936110 -363655.415105
7757502.042953 -363655.481025
7757502.917896 -363655.502877
7757503.694085 -363655.746057
7757505.416370 -363655.727343
7757505.133334 -363655.940170
7757505.197087 -363655.703685
7757506.363597 -363655.679810
7757507.770172 -363655.755373
7757509.732192 -363655.715451
7757510.434279 -363655.688771
7757510.988386 -363655.661486
7757508.961197 -363656.977183
7757511.171547 -363656.897349
7757509.976526 -363657.121760
7757510.598763 -363657.052390
7757510.965537 -363657.002520
7757511.042361 -363657.090117
7757513.488239 -363656.882838
7757511.796687 -363655.839703
7757512.540065 -363655.730762
7757512.864901 -363655.828873
7757514.214198 -363655.603418
7757515.880586 -363655.621625
7757512.344599 -363656.873899
7757512.847145 -363656.776993
7757513.979800 -363656.567842
7757512.105127 -363658.008805
7757513.219095 -363657.797442
7757513.724987 -363658.026806
7757515.192774 -363657.594523
7757514.538849 -363659.939957
7757515.057633 -363659.868288
7757515.944042 -363659.586060
7757516.004504 -363659.371132
7757516.610964 -363659.145742
7757517.218199 -363659.076013
7757517.204662 -363659.096117
7757517.813450 -363658.903973
7757518.766800 -363658.486438
7757519.277163 -363658.293487
7757519.871947 -363658.092937
7757520.407654 -363657.433949
7757520.876700 -363656.598856
7757521.313835 -363655.623442
7757520.998177 -363655.783449
7757521.393554 -363654.986767
7757522.143829 -363654.730969
7757522.923916 -363654.436457
7757523.851658 -363653.852694
7757524.348831 -363653.375307
7757524.142945 -363653.787461
7757524.865860 -363653.384159
7757526.649168 -363652.362984
7757526.642561 -363653.275732
7757527.324996 -363652.881801
7757528.042892 -363652.428553
7757528.678153 -363652.009721
7757529.360271 -363651.621019
7757530.017929 -363651.199559
7757531.247386 -363650.489687
7757531.970919 -363650.097374
7757532.626998 -363649.684659
7757533.265833 -363649.279763
7757533.925399 -363648.865793
7757535.204363 -363648.067463
7757537.063175 -363646.783836
7757537.711460 -363646.324205
7757538.881215 -363645.474738
7757539.473868 -363645.035973
7757540.646399 -363644.214238
7757541.201535 -363643.761698
7757542.295661 -363642.956298
7757543.930975 -363641.671647
7757544.925996 -363640.848104
7757545.406003 -363640.394786
7757546.350083 -363639.466807
7757547.291337 -363638.568997
7757547.749635 -363638.101443
7757549.095266 -363636.744826
7757549.976869 -363635.806153
7757550.395298 -363635.327113
7757550.814498 -363634.859482
7757551.225381 -363634.360205
7757552.027796 -363633.416798
7757552.436029 -363632.978970
7757553.842366 -363631.068493
7757555.142108 -363629.206044
7757556.638595 -363626.732601
7757557.454959 -363625.261447
7757557.732016 -363624.738533
7757558.916280 -363622.945990
7757560.274188 -363620.626369
7757561.108519 -363619.179272
7757561.384371 -363618.698626
7757562.855815 -363616.199496
7757563.375451 -363615.283728
7757563.866312 -363614.377085
7757564.582691 -363613.062597
7757564.846985 -363612.656614
7757565.094568 -363612.182751
7757565.595185 -363611.317233
7757565.848113 -363610.888182
7757566.635783 -363609.643726
7757566.870346 -363609.185476
7757567.639838 -363607.938795
7757568.114654 -363607.136484
7757569.118504 -363605.622082
7757569.821311 -363604.447659
7757570.784570 -363602.924997
7757571.070657 -363602.544523
7757571.733007 -363601.503666
7757572.181637 -363600.781985
7757573.273178 -363599.091992
7757573.478627 -363598.727300
7757574.124864 -363597.748543
7757574.324154 -363597.410188
7757574.936029 -363596.361983
7757575.339128 -363595.670877
7757575.943209 -363594.586432
7757576.708282 -363593.275007
7757577.226188 -363592.385084
7757577.426423 -363591.942131
7757577.882952 -363591.046642
7757578.679994 -363589.670558
7757579.041716 -363589.105006
7757580.038523 -363587.290142
7757581.139160 -363585.861274
7757581.295713 -363585.494112
7757581.714472 -363584.765475
7757581.903882 -363584.416557
7757582.293363 -363583.749386
7757582.474570 -363583.417499
7757583.000527 -363582.821746
7757583.156942 -363582.462997
7757583.336966 -363582.149745
7757583.542007 -363581.754281
7757584.244817 -363580.431613
7757584.731100 -363579.442303
7757585.612369 -363577.810634
7757586.273804 -363576.547782
7757586.923687 -363575.332989
7757588.851661 -363571.964552
7757589.187752 -363571.406758
7757589.336078 -363571.105669
7757590.120988 -363569.714156
7757590.287745 -363569.419554
7757590.759598 -363568.538352
7757591.667120 -363567.152998
7757591.984317 -363566.617853
7757592.425493 -363565.736538
7757593.001647 -363564.683632
7757593.749431 -363563.613629
7757595.304377 -363563.237699
7757596.206247 -363561.496134
7757596.465057 -363561.169141
7757596.593147 -363560.890403
7757597.096542 -363559.950904
7757597.331570 -363559.361964
7757597.450280 -363559.097277
7757597.946894 -363558.191173
7757598.133324 -363558.050167
7757598.496372 -363557.345893
7757599.260106 -363555.908295
7757599.761303 -363554.553933
7757600.360298 -363553.449760
7757600.939787 -363552.333802
7757601.218604 -363551.787605
7757601.311625 -363551.621214
7757601.711204 -363550.955454
7757601.994527 -363550.340273
7757602.387553 -363549.629256
7757602.530063 -363549.343020
7757602.699671 -363548.966061
7757602.875221 -363548.537945
7757603.105170 -363548.019802
7757603.587179 -363547.096963
7757603.718713 -363546.843830
7757603.874639 -363546.458114
7757604.189655 -363545.686702
7757604.312233 -363545.531556
7757604.505660 -363545.150298
7757604.672728 -363544.918448
7757604.833589 -363544.545177
7757604.982362 -363544.188094
7757605.349690 -363543.288215
7757605.716933 -363542.646274
7757605.821095 -363542.418378
7757605.902573 -363542.231458
7757606.050099 -363541.927502
7757606.280503 -363541.425288
7757606.351352 -363541.270092
7757606.623145 -363540.744383
7757606.734089 -363540.354869
7757607.222840 -363539.284726
7757607.302261 -363539.055900
7757607.609602 -363538.376141
7757608.270983 -363537.073193
7757608.433786 -363536.773354
7757608.524253 -363536.574132
7757608.831631 -363536.022665
7757609.005286 -363535.648192
7757609.340354 -363535.055448
7757609.438916 -363534.949618
7757609.630413 -363534.623560
7757609.866731 -363534.050955
7757609.946477 -363533.860195
7757610.172148 -363533.392301
7757610.617922 -363532.648051
7757610.821176 -363532.301210
7757610.943759 -363531.998944
7757611.030107 -363531.826104
7757611.174281 -363531.496361
7757611.259316 -363531.310122
7757611.349555 -363531.134538
7757611.998384 -363529.807639
7757612.332374 -363529.158578
7757612.646089 -363528.376958
7757613.242850 -363527.246164
7757613.698595 -363526.205165
7757613.761870 -363526.057768
7757614.469304 -363524.684810
7757614.972352 -363523.476183
7757615.417342 -363522.486834
7757615.503298 -363522.284029
7757615.669521 -363521.835706
7757615.835840 -363521.403387
7757616.666177 -363519.628884
7757617.028364 -363518.768423
7757617.370799 -363518.073057
7757617.418686 -363517.928847
7757617.558230 -363517.524391
7757617.964780 -363516.530591
7757618.322369 -363515.776610
7757618.571945 -363515.167941
7757618.655856 -363514.953905
7757618.801603 -363514.556384
7757619.060728 -363514.018386
7757619.254127 -363513.632556
7757619.723564 -363512.602508
7757619.803348 -363512.378819
7757619.963799 -363512.002633
7757620.042829 -363511.808945
7757620.782187 -363510.262371
7757620.874035 -363510.062168
7757621.044938 -363509.676854
7757621.136306 -363509.447511
7757621.336865 -363509.059934
7757621.451311 -363508.850211
7757621.562434 -363508.620684
7757621.879967 -363507.926565
7757621.974105 -363507.701151
7757622.068092 -363507.486225
7757622.249439 -363507.062761
7757622.342801 -363506.836259
7757622.650992 -363506.248987
7757622.709612 -363506.038471
7757622.988414 -363505.355682
7757623.169055 -363504.908908
7757623.141966 -363504.749719
7757623.620617 -363503.742370
7757624.293122 -363502.132767
7757624.396899 -363501.905535
7757624.813378 -363500.978894
7757625.019287 -363500.552260
7757625.127833 -363500.312285
7757626.707092 -363497.307277
7757627.674115 -363495.586313
7757628.143846 -363494.625246
7757628.337354 -363494.217503
7757628.460184 -363493.969467
7757629.384671 -363492.255415
7757629.502270 -363491.998765
7757629.641660 -363491.777044
7757629.759163 -363491.513339
7757629.874263 -363491.261686
7757630.502122 -363489.742206
7757630.615589 -363489.473125
7757631.132860 -363488.595852
7757631.259245 -363488.316429
7757631.477135 -363487.773296
7757631.705273 -363487.227334
7757631.968444 -363486.740428
7757632.105154 -363486.489325
7757632.640580 -363485.590669
7757632.780949 -363485.316070
7757632.921142 -363485.050003
7757633.392908 -363484.255225
7757633.865775 -363483.537900
7757634.021481 -363483.265957
7757634.358456 -363482.831579
7757635.338598 -363481.680747
7757635.734430 -363481.163445
7757636.576864 -363480.239179
7757637.366183 -363479.496892
7757638.178381 -363478.801435
7757641.029801 -363476.896319
7757642.062980 -363476.237414
7757642.429635 -363476.029433
7757645.290686 -363474.456488
7757645.695556 -363474.207606
7757646.547132 -363473.829386
7757647.902683 -363473.181065
7757649.347861 -363472.481864
7757650.848179 -363471.906298
7757651.881610 -363471.565946
7757652.397259 -363471.360567
7757652.915841 -363471.094988
7757654.014642 -363470.748889
7757654.565095 -363470.558975
7757655.113947 -363470.374104
7757657.477771 -363469.677907
7757658.651203 -363469.335032
7757659.883978 -363469.033908
7757661.145002 -363468.752038
7757661.777134 -363468.567565
7757664.393564 -363467.892351
7757665.761373 -363467.609495
7757673.128975 -363467.460581
7757673.865975 -363467.377428
7757676.148930 -363467.199175
7757680.150536 -363466.899831
7757686.273106 -363466.556465
7757691.047619 -363466.218395
7757698.522190 -363466.066890
7757700.320311 -363465.910072
7757704.649107 -363466.362926
7757711.623199 -363466.792336
7757717.129819 -363466.949005
7757723.684593 -363467.968976
7757724.620919 -363468.033747
7757731.335417 -363467.864981
7757732.501073 -363468.072662
7757734.780262 -363468.478219
7757740.423793 -363469.766350
7757742.648293 -363470.278982
7757744.855540 -363470.683190
7757748.144555 -363471.330544
7757750.322762 -363471.819094
7757753.542119 -363472.514238
7757754.594777 -363472.730012
7757756.708282 -363473.196373
7757762.786429 -363474.771142
7757765.629648 -363475.409912
7757769.266783 -363476.258376
7757775.327603 -363478.077717
7757776.186723 -363478.246370
7757777.919473 -363478.595071
7757786.162319 -363480.617115
7757791.720316 -363481.745781
7757794.164192 -363482.262594
7757794.742264 -363482.379225
7757796.359616 -363482.669170
7757797.933786 -363482.974460
7757803.364877 -363484.222631
7757806.720344 -363485.192661
7757808.400298 -363485.602317
7757810.919595 -363486.052287
7757813.397845 -363486.545608
7757814.250152 -363486.760177
7757815.965335 -363487.240551
7757822.081197 -363488.381906
7757823.783677 -363488.791613
7757824.626445 -363488.982138
7757825.483151 -363489.175838
7757827.267034 -363489.561086
7757829.961025 -363490.105666
7757833.574883 -363490.878793
7757836.227571 -363491.531805
7757842.508556 -363493.185894
7757844.313657 -363493.510602
7757845.221525 -363493.638345
7757847.907707 -363494.149477
7757850.534517 -363494.682567
7757858.829854 -363496.401790
7757862.108028 -363497.098516
7757863.678737 -363497.419121
7757868.849129 -363498.452595
7757870.276440 -363498.734282
7757873.679536 -363499.383215
7757874.990877 -363499.626512
7757876.889083 -363499.979952
7757877.470579 -363500.054602
7757878.679424 -363500.266051
7757883.769132 -363501.353700
7757884.680017 -363501.515245
7757885.557267 -363501.667890
7757886.768044 -363501.879793
7757887.151679 -363501.956187
7757887.510248 -363502.013445
7757888.487096 -363502.176377
7757889.547157 -363502.352197
7757889.770411 -363502.324919
7757889.988331 -363502.369537
7757890.185925 -363502.420824
7757890.806685 -363502.539996
7757891.122420 -363502.634444
7757891.329891 -363502.698375
7757891.322917 -363502.715252
7757891.259424 -363502.657426
7757891.244559 -363502.652034
7757891.229885 -363502.643871
7757891.238404 -363502.653717
7757891.244865 -363502.665077
7757891.248135 -363502.687329
7757891.261052 -363502.686514
7757891.269602 -363502.700270
7757891.273361 -363502.707309
7757891.282917 -363502.720241
7757891.292375 -363502.731621
7757891.309603 -363502.779200
7757891.311311 -363502.796665
7757891.308847 -363502.815776
7757891.311286 -363502.820279
7757891.304868 -363502.831193
7757891.307013 -363502.828456
7757891.300330 -363502.810930
7757891.302856 -363502.809683
7757891.295031 -363502.801706
7757891.277421 -363502.778759
7757891.283506 -363502.781986
7757891.287687 -363502.794235
7757891.290529 -363502.790764
7757891.294842 -363502.788355
7757891.300772 -363502.784582
7757891.301886 -363502.782149
7757891.302992 -363502.785881
7757891.314557 -363502.788723
7757891.321470 -363502.789632
7757891.328655 -363502.787184
7757891.332709 -363502.780837
7757891.339662 -363502.765374
7757891.348410 -363502.757602
7757891.354313 -363502.751870
7757891.360794 -363502.747253
7757891.364650 -363502.747847
7757891.366831 -363502.749423
7757891.368253 -363502.729306
7757891.370289 -363502.730242
7757891.369247 -363502.727729
7757891.375868 -363502.735928
7757891.383134 -363502.730862
7757891.386963 -363502.739017
7757891.397004 -363502.769517
7757891.396832 -363502.778450
7757891.406924 -363502.776755
7757891.412507 -363502.777347
7757891.419566 -363502.789444
7757891.428835 -363502.792491
7757891.446814 -363502.807630
7757891.458768 -363502.813827
