7472005.939652 -681310.316229 -3.048703 1628771753.248495
7472005.765477 -681310.332523 -3.052019 1628771753.297777
7472005.590109 -681310.344751 -3.055711 1628771753.347735
7472005.413745 -681310.349886 -3.059818 1628771753.398147
7472005.241905 -681310.350434 -3.064162 1628771753.447739
7472005.053609 -681310.357152 -3.068904 1628771753.497688
7472004.861902 -681310.362605 -3.074089 1628771753.547688
7472004.666347 -681310.366065 -3.079725 1628771753.597686
7472004.466403 -681310.369078 -3.085840 1628771753.647640
7472004.259583 -681310.365768 -3.092500 1628771753.697659
7472004.046866 -681310.361888 -3.099708 1628771753.747600
7472003.825677 -681310.358877 -3.107576 1628771753.797590
7472003.595668 -681310.354415 -3.116123 1628771753.847596
7472003.358152 -681310.345144 -3.125253 1628771753.897606
7472003.111878 -681310.331518 -3.135025 1628771753.947603
7472002.854028 -681310.319570 3.137773 1628771753.997594
7472002.585483 -681310.301591 3.126823 1628771754.047592
7472002.319345 -681310.283649 3.115419 1628771754.097597
7472002.053620 -681310.264351 3.103521 1628771754.147588
7472001.787220 -681310.245700 3.091165 1628771754.197604
7472001.519575 -681310.226179 3.078385 1628771754.247561
7472001.254710 -681310.207500 3.065252 1628771754.297561
7472000.991929 -681310.186899 3.051757 1628771754.347546
7472000.731825 -681310.166524 3.038068 1628771754.397504
7472000.474978 -681310.145769 3.024334 1628771754.447516
7472000.213688 -681310.113698 3.010436 1628771754.497519
7471999.951387 -681310.078953 2.996272 1628771754.547458
7471999.686738 -681310.040935 2.981786 1628771754.597463
7471999.421239 -681309.999702 2.967164 1628771754.647436
7471999.156000 -681309.961924 2.952374 1628771754.697359
7471998.890795 -681309.924215 2.937443 1628771754.747316
7471998.625311 -681309.886474 2.922343 1628771754.797270
7471998.358623 -681309.848641 2.907063 1628771754.847283
7471998.092805 -681309.810978 2.891620 1628771754.897222
7471997.827281 -681309.774193 2.876007 1628771754.947172
7471997.562112 -681309.738155 2.860252 1628771754.997131
7471997.296169 -681309.702871 2.844390 1628771755.047087
7471997.033545 -681309.659049 2.828387 1628771755.097085
7471996.774814 -681309.612777 2.812368 1628771755.147033
7471996.519074 -681309.563662 2.796320 1628771755.196990
7471996.265181 -681309.511975 2.780222 1628771755.246964
7471996.016619 -681309.453777 2.764084 1628771755.296993
7471995.773225 -681309.392962 2.747998 1628771755.346915
7471995.533076 -681309.329236 2.731839 1628771755.396899
7471995.296499 -681309.262743 2.715705 1628771755.446858
7471995.065733 -681309.190296 2.699568 1628771755.496898
7471994.838757 -681309.116289 2.683417 1628771755.546914
7471994.615716 -681309.039695 2.667260 1628771755.596896
7471994.394972 -681308.960252 2.651005 1628771755.646945
7471994.179069 -681308.876478 2.634695 1628771755.696961
7471993.968176 -681308.791539 2.618488 1628771755.746953
7471993.759385 -681308.703797 2.602114 1628771755.797417
7471993.556007 -681308.616222 2.586035 1628771755.846942
7471993.356798 -681308.522843 2.569823 1628771755.896938
7471993.160827 -681308.427156 2.553533 1628771755.946898
7471992.969019 -681308.329985 2.537294 1628771755.996894
7471992.780687 -681308.231435 2.521098 1628771756.046846
7471992.597279 -681308.128393 2.504884 1628771756.096806
7471992.417411 -681308.023592 2.488645 1628771756.146812
7471992.240117 -681307.916750 2.472310 1628771756.196820
7471992.065990 -681307.808936 2.456010 1628771756.246810
7471991.896698 -681307.696880 2.439696 1628771756.296805
7471991.730977 -681307.583710 2.423413 1628771756.346803
7471991.568041 -681307.469333 2.407116 1628771756.396807
7471991.407422 -681307.353809 2.390793 1628771756.446863
7471991.252008 -681307.234513 2.374512 1628771756.496857
7471991.099071 -681307.113787 2.358188 1628771756.546847
7471990.948165 -681306.991621 2.341791 1628771756.596905
7471990.799622 -681306.869262 2.325446 1628771756.646894
7471990.654368 -681306.740297 2.308806 1628771756.698008
7471990.517104 -681306.615941 2.292860 1628771756.746895
7471990.380663 -681306.488939 2.276651 1628771756.796848
7471990.246632 -681306.361011 2.260410 1628771756.846867
7471990.117815 -681306.228554 2.244105 1628771756.896799
7471989.991830 -681306.095456 2.227769 1628771756.946797
7471989.867107 -681305.960543 2.211249 1628771756.997624
7471989.748961 -681305.830092 2.195330 1628771757.046757
7471989.635089 -681305.693958 2.179179 1628771757.096709
7471989.524342 -681305.557541 2.163050 1628771757.146705
7471989.416225 -681305.420926 2.146924 1628771757.196671
7471989.310467 -681305.284903 2.130860 1628771757.246660
7471989.210467 -681305.145252 2.114777 1628771757.296659
7471989.113345 -681305.006292 2.098767 1628771757.346659
7471989.019238 -681304.867769 2.082823 1628771757.396661
7471988.926652 -681304.728270 2.066764 1628771757.447026
7471988.841045 -681304.587853 2.050944 1628771757.496611
7471988.757651 -681304.447183 2.035081 1628771757.546570
7471988.676461 -681304.306411 2.019197 1628771757.596586
7471988.597633 -681304.165693 2.003308 1628771757.646736
7471988.526586 -681304.022235 1.987616 1628771757.696486
7471988.458754 -681303.877615 1.971860 1628771757.746427
7471988.393735 -681303.733185 1.956137 1628771757.796387
7471988.331792 -681303.589507 1.940506 1628771757.846413
7471988.277118 -681303.442749 1.924957 1628771757.896302
7471988.225677 -681303.295348 1.909423 1628771757.946257
7471988.176485 -681303.147652 1.893954 1628771757.996149
7471988.129379 -681302.999051 1.878564 1628771758.046329
7471988.089140 -681302.849796 1.863593 1628771758.096062
7471988.052424 -681302.700649 1.849032 1628771758.146039
7471988.018816 -681302.551422 1.834962 1628771758.195964
7471987.987711 -681302.400463 1.821337 1628771758.246169
7471987.963288 -681302.250166 1.808282 1628771758.295825
7471987.941673 -681302.099324 1.795887 1628771758.345781
7471987.922415 -681301.948623 1.784261 1628771758.395704
7471987.905890 -681301.797319 1.772977 1628771758.445825
7471987.886968 -681301.646758 1.762970 1628771758.495550
7471987.870521 -681301.495982 1.753668 1628771758.545476
7471987.856212 -681301.344873 1.745014 1628771758.595384
7471987.843390 -681301.193337 1.736949 1628771758.645376
7471987.827947 -681301.042704 1.729530 1628771758.695185
7471987.813622 -681300.891097 1.722580 1628771758.745089
7471987.800446 -681300.739341 1.715884 1628771758.794994
7471987.788625 -681300.587680 1.709901 1628771758.845082
7471987.773779 -681300.436142 1.704387 1628771758.894856
7471987.759236 -681300.284169 1.699268 1628771758.944857
7471987.745295 -681300.132748 1.694355 1628771758.994766
7471987.731824 -681299.981526 1.689980 1628771759.044721
7471987.714769 -681299.829250 1.685914 1628771759.094678
7471987.697129 -681299.677413 1.682000 1628771759.144627
7471987.679372 -681299.525975 1.678356 1628771759.194580
7471987.661591 -681299.374160 1.675102 1628771759.244511
7471987.646149 -681299.221747 1.671965 1628771759.294441
7471987.630870 -681299.070518 1.669076 1628771759.344350
7471987.615447 -681298.919050 1.666438 1628771759.394447
7471987.599895 -681298.768589 1.664111 1628771759.444210
7471987.587496 -681298.614741 1.662245 1628771759.494167
7471987.575095 -681298.461098 1.660547 1628771759.544140
7471987.562948 -681298.308180 1.659183 1628771759.594068
7471987.550832 -681298.155979 1.658142 1628771759.643986
7471987.542162 -681298.001837 1.657434 1628771759.693938
7471987.533620 -681297.847280 1.657029 1628771759.743898
7471987.524878 -681297.691459 1.656947 1628771759.794132
7471987.515980 -681297.536675 1.657173 1628771759.843791
7471987.509528 -681297.380817 1.657692 1628771759.893755
7471987.503417 -681297.224787 1.658469 1628771759.943704
7471987.496948 -681297.066522 1.659527 1628771759.993658
7471987.490273 -681296.907415 1.660830 1628771760.043634
7471987.484861 -681296.748977 1.662319 1628771760.093562
7471987.479080 -681296.587025 1.663929 1628771760.144637
7471987.474320 -681296.431997 1.665629 1628771760.193428
7471987.469312 -681296.272514 1.667596 1628771760.243392
7471987.464796 -681296.112202 1.669755 1628771760.293385
7471987.460819 -681295.950763 1.672134 1628771760.343334
7471987.457226 -681295.788386 1.674712 1628771760.393288
7471987.454387 -681295.625910 1.677439 1628771760.443241
7471987.451009 -681295.463116 1.680272 1628771760.493237
7471987.448043 -681295.299781 1.683128 1628771760.543193
7471987.445353 -681295.136119 1.685995 1628771760.593279
7471987.442960 -681294.972908 1.688853 1628771760.643145
7471987.436381 -681294.808438 1.691726 1628771760.693099
7471987.429861 -681294.643149 1.694620 1628771760.743055
7471987.423780 -681294.478183 1.697513 1628771760.793012
7471987.417749 -681294.313507 1.700391 1628771760.842959
7471987.407284 -681294.146940 1.703253 1628771760.892916
7471987.396500 -681293.978343 1.706079 1628771760.943273
7471987.385729 -681293.812453 1.708751 1628771760.992837
7471987.374901 -681293.646647 1.711304 1628771761.042784
7471987.360330 -681293.479754 1.713781 1628771761.092731
7471987.345642 -681293.313938 1.716165 1628771761.142658
7471987.329298 -681293.138458 1.718634 1628771761.195242
7471987.314564 -681292.979548 1.720730 1628771761.242544
7471987.298228 -681292.813545 1.722843 1628771761.292451
7471987.281506 -681292.647311 1.724879 1628771761.342405
7471987.264529 -681292.481164 1.726872 1628771761.392314
7471987.247247 -681292.314235 1.728864 1628771761.442286
7471987.229758 -681292.148547 1.730844 1628771761.492266
7471987.211933 -681291.983072 1.732828 1628771761.542261
7471987.193613 -681291.817405 1.734825 1628771761.592173
7471987.175073 -681291.651403 1.736833 1628771761.642132
7471987.153371 -681291.486551 1.738828 1628771761.692081
7471987.131644 -681291.321788 1.740835 1628771761.742051
7471987.109719 -681291.156491 1.742855 1628771761.791996
7471987.087332 -681290.991947 1.744862 1628771761.842001
7471987.061923 -681290.827233 1.746876 1628771761.891950
7471987.035984 -681290.662723 1.748891 1628771761.941897
7471987.008617 -681290.498046 1.750914 1628771761.991845
7471986.980492 -681290.333720 1.752936 1628771762.041878
7471986.949578 -681290.170492 1.754935 1628771762.091760
7471986.916872 -681290.005390 1.756971 1628771762.142284
7471986.883493 -681289.844137 1.758953 1628771762.191665
7471986.848826 -681289.682409 1.760943 1628771762.241617
7471986.815648 -681289.519770 1.762937 1628771762.291589
7471986.782255 -681289.358468 1.764919 1628771762.341527
7471986.748238 -681289.196757 1.766904 1628771762.391498
7471986.712604 -681289.035855 1.768895 1628771762.441430
7471986.678680 -681288.875266 1.770877 1628771762.491389
7471986.644258 -681288.716431 1.772847 1628771762.541305
7471986.607915 -681288.553947 1.774881 1628771762.592662
7471986.573172 -681288.401469 1.776814 1628771762.641201
7471986.536766 -681288.245119 1.778851 1628771762.691154
7471986.500445 -681288.088970 1.780946 1628771762.741105
7471986.464135 -681287.934771 1.783097 1628771762.791064
7471986.426956 -681287.781548 1.785378 1628771762.840968
7471986.390251 -681287.628522 1.787843 1628771762.890927
7471986.353062 -681287.476380 1.790552 1628771762.940891
7471986.314828 -681287.323618 1.793610 1628771762.991629
7471986.277289 -681287.177536 1.796926 1628771763.040739
7471986.238859 -681287.028915 1.800722 1628771763.090689
7471986.199210 -681286.881296 1.804948 1628771763.140651
7471986.158198 -681286.732533 1.809682 1628771763.191081
7471986.116842 -681286.588030 1.814769 1628771763.240510
7471986.074280 -681286.443192 1.820102 1628771763.290480
7471986.030234 -681286.299165 1.825910 1628771763.340495
7471985.985192 -681286.157543 1.832128 1628771763.390321
7471985.938398 -681286.017040 1.838797 1628771763.440274
7471985.890904 -681285.877351 1.845869 1628771763.490242
7471985.840852 -681285.736420 1.853451 1628771763.540647
7471985.789448 -681285.598656 1.861300 1628771763.590178
7471985.735630 -681285.461499 1.869492 1628771763.640001
7471985.675891 -681285.324041 1.878024 1628771763.689918
7471985.613103 -681285.187499 1.886798 1628771763.739864
7471985.547735 -681285.052908 1.895733 1628771763.789922
7471985.480180 -681284.919961 1.904825 1628771763.839734
7471985.407298 -681284.788877 1.914005 1628771763.889692
7471985.329878 -681284.659300 1.923222 1628771763.939631
7471985.249174 -681284.529544 1.932593 1628771763.989601
7471985.164571 -681284.400988 1.941994 1628771764.039545
7471985.073669 -681284.273853 1.951413 1628771764.089491
7471984.978316 -681284.148922 1.960791 1628771764.139447
7471984.876623 -681284.022920 1.970366 1628771764.190361
7471984.771719 -681283.904390 1.979570 1628771764.239492
7471984.657940 -681283.786210 1.988912 1628771764.289305
7471984.537259 -681283.670488 1.998259 1628771764.339257
7471984.410248 -681283.557996 2.007552 1628771764.389221
7471984.276482 -681283.448965 2.016787 1628771764.439174
7471984.133192 -681283.343224 2.026012 1628771764.489105
7471984.004768 -681283.218264 2.035347 1628771764.539472
7471983.884260 -681283.092668 2.044622 1628771764.589906
7471983.764915 -681282.972217 2.053598 1628771764.638952
7471983.656069 -681282.841217 2.062781 1628771764.688840
7471983.554700 -681282.708021 2.072003 1628771764.738818
7471983.451169 -681282.575421 2.081354 1628771764.789539
7471983.361333 -681282.440632 2.090415 1628771764.838697
7471983.260474 -681282.304775 2.099742 1628771764.888609
7471983.170018 -681282.161766 2.109151 1628771764.938569
7471983.080979 -681282.019565 2.118757 1628771764.989021
7471982.999856 -681281.876996 2.128367 1628771765.038519
7471982.919127 -681281.733262 2.138234 1628771765.088471
7471982.843275 -681281.589447 2.148138 1628771765.138469
7471982.771935 -681281.441625 2.158455 1628771765.189331
7471982.708629 -681281.298974 2.168402 1628771765.238431
7471982.648547 -681281.152942 2.178648 1628771765.288471
7471982.590102 -681281.007336 2.188994 1628771765.338378
7471982.537915 -681280.860514 2.199398 1628771765.388379
7471982.489189 -681280.712903 2.209932 1628771765.438680
7471982.446914 -681280.565997 2.220377 1628771765.488335
7471982.415237 -681280.414343 2.230905 1628771765.538303
7471982.391392 -681280.259964 2.241554 1628771765.588550
7471982.350509 -681280.107720 2.252077 1628771765.638192
7471982.302281 -681279.956933 2.262781 1628771765.688169
7471982.246263 -681279.805960 2.273831 1628771765.739359
7471982.188427 -681279.663231 2.284509 1628771765.788429
7471982.123380 -681279.522170 2.295434 1628771765.838063
7471982.053311 -681279.382993 2.306529 1628771765.888028
7471981.978472 -681279.246469 2.317766 1628771765.937967
7471981.898178 -681279.111489 2.329240 1628771765.988523
7471981.816556 -681278.982101 2.340503 1628771766.037935
7471981.730711 -681278.854861 2.351875 1628771766.087936
7471981.639943 -681278.730057 2.363381 1628771766.137884
7471981.542917 -681278.606053 2.375160 1628771766.188337
7471981.444266 -681278.486463 2.386760 1628771766.237820
7471981.340386 -681278.367895 2.398518 1628771766.287779
7471981.233935 -681278.251908 2.410241 1628771766.337778
7471981.125524 -681278.139609 2.421832 1628771766.387727
7471981.013638 -681278.029840 2.433428 1628771766.437680
7471980.897228 -681277.921155 2.445159 1628771766.487640
7471980.778840 -681277.814462 2.456859 1628771766.537591
7471980.656743 -681277.709111 2.468662 1628771766.587948
7471980.534434 -681277.606643 2.480285 1628771766.637451
7471980.406107 -681277.502184 2.492335 1628771766.688431
7471980.280855 -681277.404811 2.503850 1628771766.737364
7471980.150712 -681277.307565 2.515643 1628771766.787787
7471980.020336 -681277.213488 2.527285 1628771766.837237
7471979.887039 -681277.118455 2.539131 1628771766.887364
7471979.752761 -681277.025607 2.550940 1628771766.937235
7471979.617014 -681276.934734 2.562761 1628771766.987154
7471979.479079 -681276.847164 2.574550 1628771767.036993
7471979.339485 -681276.759560 2.586407 1628771767.086942
7471979.198323 -681276.674032 2.598283 1628771767.136863
7471979.054795 -681276.590100 2.610261 1628771767.187281
7471978.912419 -681276.510183 2.622011 1628771767.236765
7471978.766849 -681276.432487 2.633839 1628771767.286712
7471978.618716 -681276.356096 2.645772 1628771767.336617
7471978.468608 -681276.281032 2.657778 1628771767.386574
7471978.317906 -681276.208718 2.669720 1628771767.436533
7471978.164662 -681276.138927 2.681698 1628771767.486529
7471978.009856 -681276.071131 2.693695 1628771767.536346
7471977.844517 -681276.000671 2.706473 1628771767.589324
7471977.695321 -681275.941192 2.717768 1628771767.636159
7471977.534581 -681275.879805 2.729859 1628771767.686067
7471977.372167 -681275.819993 2.741989 1628771767.736020
7471977.207414 -681275.761944 2.754192 1628771767.786059
7471977.041454 -681275.706921 2.766349 1628771767.835830
7471976.872674 -681275.653004 2.778615 1628771767.885797
7471976.693041 -681275.597339 2.791654 1628771767.938836
7471976.531575 -681275.552041 2.803098 1628771767.985607
7471976.357236 -681275.505499 2.815405 1628771768.035512
7471976.181120 -681275.460430 2.827671 1628771768.085369
7471976.004420 -681275.416895 2.839888 1628771768.135280
7471975.827072 -681275.372596 2.852138 1628771768.185146
7471975.648841 -681275.332274 2.864329 1628771768.235004
7471975.469895 -681275.294175 2.876496 1628771768.284910
7471975.285842 -681275.257684 2.888956 1628771768.335824
7471975.107970 -681275.224764 2.900849 1628771768.384676
7471974.925210 -681275.193273 2.912984 1628771768.434599
7471974.740777 -681275.164005 2.925105 1628771768.484494
7471974.555569 -681275.137184 2.937119 1628771768.534402
7471974.370683 -681275.113759 2.948854 1628771768.584355
7471974.184642 -681275.093133 2.960337 1628771768.634310
7471973.996695 -681275.074880 2.971578 1628771768.684264
7471973.806704 -681275.058793 2.982543 1628771768.734218
7471973.614600 -681275.045213 2.993181 1628771768.784184
7471973.415360 -681275.033314 3.003981 1628771768.835670
7471973.224001 -681275.024271 3.013580 1628771768.884094
7471973.026528 -681275.017212 3.023108 1628771768.934074
7471972.828047 -681275.012334 3.032321 1628771768.984031
7471972.627127 -681275.009669 3.041328 1628771769.033985
7471972.425443 -681275.005624 3.050140 1628771769.083887
7471972.223738 -681275.003775 3.058764 1628771769.133849
7471972.022474 -681275.003922 3.067259 1628771769.183844
7471971.819405 -681275.005736 3.075610 1628771769.233774
7471971.615700 -681275.007040 3.083746 1628771769.283720
7471971.411635 -681275.009899 3.091621 1628771769.333660
7471971.208329 -681275.014402 3.099096 1628771769.383621
7471971.003675 -681275.020471 3.106432 1628771769.433571
7471970.799006 -681275.028174 3.113319 1628771769.483519
7471970.593152 -681275.037129 3.119790 1628771769.533474
7471970.387136 -681275.047591 3.125542 1628771769.583472
7471970.180547 -681275.059563 3.131057 1628771769.633449
7471969.973847 -681275.068817 3.136085 1628771769.683404
7471969.743075 -681275.078315 3.141057 1628771769.739775
7471969.560224 -681275.088631 -3.138645 1628771769.783291
7471969.354925 -681275.099457 -3.134962 1628771769.833247
7471969.149461 -681275.107469 -3.131613 1628771769.883204
7471968.945234 -681275.115153 -3.128567 1628771769.933150
7471968.741219 -681275.122624 -3.125737 1628771769.983101
7471968.538037 -681275.130306 -3.123067 1628771770.033058
7471968.336713 -681275.138560 -3.120541 1628771770.083009
7471968.136263 -681275.146992 -3.118146 1628771770.133026
7471967.935358 -681275.155891 -3.115855 1628771770.182965
7471967.736327 -681275.165028 -3.113768 1628771770.232870
7471967.537741 -681275.173921 -3.111876 1628771770.282837
7471967.339805 -681275.183092 -3.110214 1628771770.332736
7471967.141995 -681275.192603 -3.108731 1628771770.382689
7471966.942831 -681275.202268 -3.107412 1628771770.432600
7471966.744229 -681275.210103 -3.106266 1628771770.482506
7471966.547265 -681275.218058 -3.105304 1628771770.532415
7471966.349952 -681275.225498 -3.104549 1628771770.582362
7471966.154081 -681275.232958 -3.103951 1628771770.632268
7471965.958327 -681275.240438 -3.103456 1628771770.682223
7471965.762767 -681275.248258 -3.103048 1628771770.732132
7471965.567382 -681275.256035 -3.102695 1628771770.782083
7471965.371141 -681275.264016 -3.102347 1628771770.831991
7471965.159664 -681275.273394 -3.101909 1628771770.886022
7471964.977894 -681275.281755 -3.101649 1628771770.931885
7471964.782717 -681275.290874 -3.101294 1628771770.981824
7471964.589611 -681275.300295 -3.100916 1628771771.031673
7471964.393583 -681275.308316 -3.100495 1628771771.081582
7471964.196911 -681275.316627 -3.100055 1628771771.131444
7471963.999550 -681275.325105 -3.099610 1628771771.181349
7471963.801674 -681275.333966 -3.099165 1628771771.231204
7471963.601293 -681275.342134 -3.098695 1628771771.282436
7471963.407584 -681275.350292 -3.098262 1628771771.330991
7471963.209264 -681275.359266 -3.097804 1628771771.380860
7471963.010953 -681275.368782 -3.097338 1628771771.430747
7471962.812509 -681275.377488 -3.096872 1628771771.480656
7471962.612431 -681275.386747 -3.096387 1628771771.530834
7471962.414463 -681275.396206 -3.095883 1628771771.580474
7471962.213622 -681275.406133 -3.095306 1628771771.630350
7471962.013629 -681275.414580 -3.094664 1628771771.680245
7471961.812057 -681275.423206 -3.093909 1628771771.730799
7471961.616381 -681275.431720 -3.092998 1628771771.780061
7471961.416949 -681275.440460 -3.091988 1628771771.829929
7471961.218283 -681275.448026 -3.090875 1628771771.879803
7471961.018637 -681275.455834 -3.089662 1628771771.929882
7471960.818985 -681275.463634 -3.088400 1628771771.979564
7471960.619001 -681275.471455 -3.087108 1628771772.029470
7471960.420628 -681275.479206 -3.085807 1628771772.079358
7471960.219293 -681275.487117 -3.084473 1628771772.130055
7471960.021711 -681275.494932 -3.083173 1628771772.179180
7471959.820593 -681275.502913 -3.081839 1628771772.229127
7471959.618890 -681275.510909 -3.080498 1628771772.278990
7471959.415345 -681275.519033 -3.079128 1628771772.329414
7471959.216779 -681275.526996 -3.077813 1628771772.378790
7471959.015126 -681275.534958 -3.076473 1628771772.428669
7471958.812506 -681275.542775 -3.075125 1628771772.478572
7471958.610586 -681275.550787 -3.073782 1628771772.528498
7471958.409607 -681275.558720 -3.072441 1628771772.578535
7471958.208039 -681275.566672 -3.071111 1628771772.628298
7471958.005080 -681275.574692 -3.069784 1628771772.678300
7471957.801724 -681275.582961 -3.068510 1628771772.728173
7471957.597963 -681275.590950 -3.067291 1628771772.778112
7471957.394329 -681275.598847 -3.066122 1628771772.828029
7471957.190285 -681275.606672 -3.064971 1628771772.877930
7471956.982803 -681275.614784 -3.063802 1628771772.927907
7471956.775021 -681275.622574 -3.062678 1628771772.977834
7471956.567475 -681275.630132 -3.061646 1628771773.027742
7471956.358972 -681275.637503 -3.060750 1628771773.077694
7471956.150762 -681275.644822 -3.060035 1628771773.127619
7471955.932408 -681275.652994 -3.059440 1628771773.180167
7471955.733413 -681275.659661 -3.059169 1628771773.227418
7471955.526483 -681275.667403 -3.059062 1628771773.277373
7471955.319059 -681275.675142 -3.059042 1628771773.327282
7471955.110049 -681275.682746 -3.059286 1628771773.377201
7471954.901871 -681275.690109 -3.059645 1628771773.427113
7471954.694195 -681275.697218 -3.060056 1628771773.477059
7471954.487671 -681275.703729 -3.060470 1628771773.527058
7471954.282034 -681275.709844 -3.060878 1628771773.576924
7471954.076503 -681275.715537 -3.061280 1628771773.626820
7471953.871861 -681275.720689 -3.061676 1628771773.676730
7471953.665702 -681275.726138 -3.062056 1628771773.726895
7471953.459707 -681275.731954 -3.062411 1628771773.777409
7471953.260980 -681275.737049 -3.062777 1628771773.826555
7471953.059545 -681275.742166 -3.063133 1628771773.876495
7471952.858975 -681275.747158 -3.063483 1628771773.926721
7471952.660062 -681275.751827 -3.063819 1628771773.976739
7471952.463566 -681275.755892 -3.064151 1628771774.026222
7471952.265833 -681275.759559 -3.064477 1628771774.076125
7471952.067166 -681275.762978 -3.064794 1628771774.126328
7471951.871194 -681275.765851 -3.065091 1628771774.175939
7471951.673271 -681275.768737 -3.065363 1628771774.225852
7471951.478225 -681275.771227 -3.065623 1628771774.275756
7471951.284295 -681275.773667 -3.065851 1628771774.325928
7471951.092252 -681275.776138 -3.066052 1628771774.375590
7471950.896614 -681275.779408 -3.066232 1628771774.426133
7471950.705317 -681275.782918 -3.066405 1628771774.475390
7471950.512582 -681275.786937 -3.066552 1628771774.525290
7471950.320165 -681275.791140 -3.066675 1628771774.575244
7471950.128780 -681275.795683 -3.066770 1628771774.625172
7471949.934482 -681275.800861 -3.066819 1628771774.676030
7471949.747060 -681275.806104 -3.066867 1628771774.725280
7471949.562151 -681275.811299 -3.066873 1628771774.774930
7471949.371651 -681275.817340 -3.066840 1628771774.824797
7471949.184059 -681275.823591 -3.066785 1628771774.874715
7471948.997960 -681275.830325 -3.066718 1628771774.924598
7471948.812683 -681275.837705 -3.066638 1628771774.974522
7471948.627323 -681275.845647 -3.066540 1628771775.024414
7471948.442467 -681275.854127 -3.066438 1628771775.074370
7471948.257645 -681275.862879 -3.066331 1628771775.124296
7471948.072930 -681275.871821 -3.066220 1628771775.174197
7471947.889504 -681275.880947 -3.066108 1628771775.224092
7471947.707924 -681275.890240 -3.065996 1628771775.274069
7471947.526029 -681275.899701 -3.065878 1628771775.323955
7471947.342881 -681275.909516 -3.065754 1628771775.373911
7471947.159704 -681275.919302 -3.065628 1628771775.423812
7471946.976738 -681275.929504 -3.065499 1628771775.473775
7471946.794184 -681275.939634 -3.065369 1628771775.523717
7471946.612239 -681275.949628 -3.065253 1628771775.573627
7471946.430661 -681275.959764 -3.065210 1628771775.623592
7471946.248815 -681275.970099 -3.065255 1628771775.673800
7471946.069581 -681275.979895 -3.065353 1628771775.723443
7471945.890068 -681275.989734 -3.065471 1628771775.773409
7471945.709590 -681275.999979 -3.065602 1628771775.823301
7471945.525134 -681276.010943 -3.065725 1628771775.874130
7471945.348074 -681276.021614 -3.065858 1628771775.923165
7471945.168232 -681276.032623 -3.065983 1628771775.973138
7471944.989612 -681276.043574 -3.066109 1628771776.023026
7471944.810229 -681276.054618 -3.066230 1628771776.072935
7471944.631296 -681276.066118 -3.066351 1628771776.122797
7471944.452010 -681276.077890 -3.066471 1628771776.172675
7471944.273084 -681276.089899 -3.066590 1628771776.222531
7471944.079874 -681276.103663 -3.066685 1628771776.276448
7471943.920343 -681276.115883 -3.066835 1628771776.322290
7471943.746878 -681276.130201 -3.066963 1628771776.372156
7471943.574193 -681276.145660 -3.067093 1628771776.422012
7471943.403001 -681276.162256 -3.067224 1628771776.471938
7471943.233631 -681276.177599 -3.067368 1628771776.521775
7471943.062311 -681276.192257 -3.067513 1628771776.571638
7471942.891504 -681276.205970 -3.067660 1628771776.621733
7471942.721397 -681276.218938 -3.067810 1628771776.671413
7471942.550444 -681276.231583 -3.067951 1628771776.721315
7471942.379299 -681276.243713 -3.068086 1628771776.771287
7471942.208311 -681276.255485 -3.068214 1628771776.821179
7471942.036159 -681276.266717 -3.068340 1628771776.871100
7471941.864675 -681276.277160 -3.068467 1628771776.921036
7471941.694101 -681276.287206 -3.068594 1628771776.970950
7471941.524395 -681276.296780 -3.068722 1628771777.020901
7471941.354930 -681276.306210 -3.068840 1628771777.070809
7471941.185863 -681276.315320 -3.068936 1628771777.120764
7471941.018247 -681276.324244 -3.069017 1628771777.170695
7471940.850470 -681276.333248 -3.069082 1628771777.220641
7471940.683443 -681276.342434 -3.069115 1628771777.270583
7471940.515684 -681276.351782 -3.069140 1628771777.320486
7471940.349008 -681276.361373 -3.069167 1628771777.370392
7471940.183986 -681276.371058 -3.069193 1628771777.420346
7471940.016660 -681276.381486 -3.069214 1628771777.471190
7471939.855766 -681276.392004 -3.069248 1628771777.520256
7471939.692658 -681276.403415 -3.069284 1628771777.570219
7471939.530823 -681276.415259 -3.069322 1628771777.620208
7471939.368856 -681276.427864 -3.069361 1628771777.670291
7471939.208768 -681276.439744 -3.069397 1628771777.720116
7471939.049839 -681276.451016 -3.069433 1628771777.770042
7471938.892492 -681276.461713 -3.069471 1628771777.819975
7471938.733098 -681276.472078 -3.069456 1628771777.870623
7471938.579840 -681276.481693 -3.069365 1628771777.919884
7471938.426735 -681276.491101 -3.069126 1628771777.969786
7471938.274747 -681276.500243 -3.068714 1628771778.019763
7471938.122582 -681276.509308 -3.068069 1628771778.070276
7471937.973418 -681276.517945 -3.067185 1628771778.119872
7471937.826015 -681276.526591 -3.066033 1628771778.169577
7471937.678710 -681276.535552 -3.064557 1628771778.219464
7471937.530083 -681276.544560 -3.062739 1628771778.270039
7471937.385801 -681276.553246 -3.060661 1628771778.319337
7471937.241603 -681276.561894 -3.058217 1628771778.369255
7471937.097502 -681276.570677 -3.055444 1628771778.419145
7471936.954955 -681276.579662 -3.052366 1628771778.469097
7471936.810900 -681276.589117 -3.048927 1628771778.519684
7471936.671148 -681276.598675 -3.045274 1628771778.568913
7471936.530180 -681276.608889 -3.041419 1628771778.618814
7471936.390081 -681276.619594 -3.037232 1628771778.668742
7471936.250602 -681276.631003 -3.032522 1628771778.719369
7471936.115229 -681276.642649 -3.027596 1628771778.768608
7471935.977813 -681276.655279 -3.022386 1628771778.818500
7471935.840433 -681276.668641 -3.016826 1628771778.868409
7471935.702171 -681276.682680 -3.010702 1628771778.918941
7471935.567642 -681276.696947 -3.004587 1628771778.968267
7471935.431204 -681276.712041 -2.997882 1628771779.018223
7471935.294775 -681276.727971 -2.990833 1628771779.068168
7471935.156783 -681276.745163 -2.983363 1628771779.118697
7471935.022065 -681276.762915 -2.975723 1628771779.168031
7471934.886098 -681276.781833 -2.967677 1628771779.217983
7471934.751871 -681276.801823 -2.959434 1628771779.267933
7471934.614905 -681276.823442 -2.950929 1628771779.318523
7471934.481635 -681276.845387 -2.942207 1628771779.367758
7471934.346743 -681276.868820 -2.933063 1628771779.417662
7471934.208285 -681276.894336 -2.923289 1628771779.468865
7471934.078075 -681276.919581 -2.913899 1628771779.517522
7471933.945543 -681276.946714 -2.903853 1628771779.567497
7471933.813595 -681276.975178 -2.893334 1628771779.617451
7471933.683009 -681277.004999 -2.882337 1628771779.667458
7471933.553364 -681277.035982 -2.870824 1628771779.717351
7471933.424734 -681277.067866 -2.858775 1628771779.767332
7471933.296599 -681277.101036 -2.846109 1628771779.817301
7471933.169463 -681277.135584 -2.832867 1628771779.867473
7471933.043868 -681277.171057 -2.819193 1628771779.917245
7471932.918644 -681277.208214 -2.804909 1628771779.967192
7471932.794304 -681277.246886 -2.790128 1628771780.017125
7471932.670139 -681277.287246 -2.774832 1628771780.067283
7471932.547093 -681277.328822 -2.759277 1628771780.117016
7471932.424602 -681277.371915 -2.743299 1628771780.166917
7471932.302825 -681277.416388 -2.726893 1628771780.216908
7471932.181624 -681277.463601 -2.709993 1628771780.267025
7471932.061830 -681277.513050 -2.692772 1628771780.316779
7471931.942864 -681277.565075 -2.675125 1628771780.366740
7471931.825491 -681277.619582 -2.657151 1628771780.416682
7471931.709386 -681277.676937 -2.638801 1628771780.466640
7471931.592619 -681277.738135 -2.619919 1628771780.516992
7471931.478137 -681277.801647 -2.600994 1628771780.566596
7471931.363748 -681277.868657 -2.581689 1628771780.616616
7471931.251244 -681277.938144 -2.562403 1628771780.666595
7471931.139061 -681278.011049 -2.542976 1628771780.716614
7471931.028627 -681278.086884 -2.523565 1628771780.766594
7471930.919374 -681278.166296 -2.504021 1628771780.816747
7471930.812132 -681278.248669 -2.484512 1628771780.866679
7471930.704805 -681278.335249 -2.464744 1628771780.916791
7471930.599249 -681278.425201 -2.444925 1628771780.966729
7471930.496240 -681278.518388 -2.425121 1628771781.016775
7471930.395011 -681278.615769 -2.405165 1628771781.067041
7471930.296489 -681278.716776 -2.385295 1628771781.116816
7471930.199599 -681278.822637 -2.365151 1628771781.166863
7471930.105776 -681278.932505 -2.344970 1628771781.216880
7471930.012999 -681279.043043 -2.324692 1628771781.266863
7471929.921216 -681279.154320 -2.304354 1628771781.316871
7471929.830572 -681279.267001 -2.283897 1628771781.366866
7471929.741418 -681279.381650 -2.263287 1628771781.417221
7471929.655550 -681279.496285 -2.242930 1628771781.466822
7471929.570413 -681279.613729 -2.222286 1628771781.516818
7471929.487564 -681279.732731 -2.201576 1628771781.566821
7471929.407389 -681279.852786 -2.180898 1628771781.616772
7471929.329641 -681279.974100 -2.160196 1628771781.666769
7471929.247563 -681280.106002 -2.137896 1628771781.720300
7471929.178917 -681280.223219 -2.118574 1628771781.766799
7471929.107030 -681280.349941 -2.097777 1628771781.816789
7471929.037207 -681280.478022 -2.076982 1628771781.866776
7471928.969051 -681280.607501 -2.056200 1628771781.916740
7471928.903660 -681280.738833 -2.035407 1628771781.966732
7471928.839543 -681280.874969 -2.014092 1628771782.016783
7471928.778540 -681281.012580 -1.992782 1628771782.066826
7471928.719642 -681281.152674 -1.971372 1628771782.116813
7471928.663813 -681281.294025 -1.949925 1628771782.166876
7471928.610812 -681281.437096 -1.928385 1628771782.216904
7471928.559903 -681281.581710 -1.906688 1628771782.267146
7471928.511730 -681281.726195 -1.885153 1628771782.317019
7471928.466392 -681281.871949 -1.863539 1628771782.367072
7471928.423441 -681282.018903 -1.841843 1628771782.417043
7471928.382882 -681282.167108 -1.820054 1628771782.467111
7471928.345302 -681282.315586 -1.798358 1628771782.517086
7471928.310582 -681282.465214 -1.776598 1628771782.567132
7471928.278566 -681282.616616 -1.754795 1628771782.617133
7471928.249443 -681282.768050 -1.733287 1628771782.667139
7471928.223141 -681282.918159 -1.712420 1628771782.717158
7471928.198843 -681283.070585 -1.691739 1628771782.767129
7471928.176383 -681283.224798 -1.671330 1628771782.817148
7471928.155822 -681283.378353 -1.651586 1628771782.867188
7471928.137388 -681283.531628 -1.632576 1628771782.917133
7471928.121289 -681283.684188 -1.614354 1628771782.967177
7471928.107663 -681283.835993 -1.597001 1628771783.017182
7471928.096647 -681283.987876 -1.580486 1628771783.067172
7471928.088485 -681284.139567 -1.564869 1628771783.117197
7471928.083435 -681284.292082 -1.550069 1628771783.167223
7471928.081837 -681284.443294 -1.536276 1628771783.217291
7471928.083899 -681284.591394 -1.523616 1628771783.267316
7471928.089992 -681284.740595 -1.511701 1628771783.317362
7471928.100482 -681284.887660 -1.500725 1628771783.367442
7471928.115768 -681285.033080 -1.490596 1628771783.417481
7471928.131247 -681285.173561 -1.481449 1628771783.467450
7471928.146159 -681285.308097 -1.473268 1628771783.517505
7471928.162520 -681285.450516 -1.465213 1628771783.567498
7471928.178378 -681285.591371 -1.457719 1628771783.617498
7471928.193331 -681285.726439 -1.450952 1628771783.667589
7471928.204044 -681285.862470 -1.444592 1628771783.717543
7471928.221644 -681285.998543 -1.438702 1628771783.767572
7471928.243661 -681286.130739 -1.433412 1628771783.817566
7471928.261917 -681286.260004 -1.428670 1628771783.867499
7471928.286910 -681286.390994 -1.424381 1628771783.917491
7471928.323860 -681286.524127 -1.420612 1628771783.967453
7471928.353237 -681286.655535 -1.417341 1628771784.017382
7471928.379190 -681286.783923 -1.414527 1628771784.067323
7471928.404602 -681286.909657 -1.412118 1628771784.117291
7471928.444426 -681287.041896 -1.410064 1628771784.167216
7471928.479333 -681287.171437 -1.408322 1628771784.217183
7471928.514205 -681287.296824 -1.406859 1628771784.267125
7471928.549616 -681287.418345 -1.405666 1628771784.317081
7471928.579319 -681287.537082 -1.404713 1628771784.366985
7471928.612965 -681287.650471 -1.403962 1628771784.416939
7471928.647264 -681287.758727 -1.403363 1628771784.466892
7471928.678022 -681287.882768 -1.402822 1628771784.516892
7471928.707849 -681288.007887 -1.402295 1628771784.566844
7471928.736909 -681288.133681 -1.401772 1628771784.616807
7471928.765619 -681288.259101 -1.401258 1628771784.666750
7471928.791958 -681288.384433 -1.400756 1628771784.716709
7471928.817766 -681288.509568 -1.400260 1628771784.766664
7471928.843506 -681288.634268 -1.399772 1628771784.816609
7471928.869442 -681288.759406 -1.399286 1628771784.866565
7471928.895733 -681288.885261 -1.398800 1628771784.916563
7471928.921968 -681289.011269 -1.398317 1628771784.966487
7471928.948451 -681289.136674 -1.397841 1628771785.016424
7471928.975445 -681289.261525 -1.397371 1628771785.066377
7471929.002516 -681289.386385 -1.396907 1628771785.116354
7471929.030293 -681289.512089 -1.396438 1628771785.166293
7471929.059111 -681289.639975 -1.395958 1628771785.216202
7471929.090185 -681289.771846 -1.395452 1628771785.266143
7471929.116406 -681289.895920 -1.395016 1628771785.316107
7471929.144080 -681290.019937 -1.394584 1628771785.366078
7471929.173559 -681290.147133 -1.394127 1628771785.416006
7471929.204364 -681290.274344 -1.393672 1628771785.465961
7471929.232451 -681290.399291 -1.393249 1628771785.515916
7471929.261626 -681290.524054 -1.392822 1628771785.565844
7471929.292172 -681290.649187 -1.392393 1628771785.615823
7471929.324367 -681290.775496 -1.391957 1628771785.665732
7471929.354238 -681290.901910 -1.391532 1628771785.715688
7471929.384643 -681291.028965 -1.391103 1628771785.765661
7471929.416179 -681291.155962 -1.390673 1628771785.815615
7471929.448419 -681291.283573 -1.390247 1628771785.865544
7471929.476952 -681291.412282 -1.389820 1628771785.915509
7471929.505632 -681291.540023 -1.389399 1628771785.965465
7471929.534468 -681291.668095 -1.388974 1628771786.015403
7471929.563550 -681291.796330 -1.388556 1628771786.065361
7471929.589831 -681291.925903 -1.388182 1628771786.115337
7471929.615891 -681292.055574 -1.387890 1628771786.165334
7471929.642161 -681292.185124 -1.387708 1628771786.215225
7471929.669077 -681292.316078 -1.387651 1628771786.265954
7471929.692409 -681292.444328 -1.387756 1628771786.315195
7471929.716306 -681292.574234 -1.387966 1628771786.365270
7471929.740402 -681292.702771 -1.388271 1628771786.415101
7471929.764112 -681292.830564 -1.388612 1628771786.465077
7471929.787316 -681292.957721 -1.389054 1628771786.515034
7471929.810007 -681293.083974 -1.389532 1628771786.565042
7471929.832474 -681293.209486 -1.390017 1628771786.615033
7471929.853134 -681293.333699 -1.390502 1628771786.664986
7471929.867405 -681293.462219 -1.390988 1628771786.714996
7471929.880277 -681293.590730 -1.391472 1628771786.765040
7471929.891716 -681293.718103 -1.391951 1628771786.815056
7471929.901436 -681293.845258 -1.392420 1628771786.865054
7471929.908351 -681293.972785 -1.392886 1628771786.915049
7471929.915584 -681294.098786 -1.393343 1628771786.965034
7471929.923736 -681294.223809 -1.393795 1628771787.014985
7471929.930752 -681294.347836 -1.394247 1628771787.064985
7471929.936821 -681294.487286 -1.394699 1628771787.114959
7471929.941277 -681294.626319 -1.395143 1628771787.164959
7471929.944981 -681294.765404 -1.395580 1628771787.214922
7471929.947720 -681294.905531 -1.396001 1628771787.264892
7471929.948008 -681295.046535 -1.396414 1628771787.314920
7471929.942283 -681295.188342 -1.396823 1628771787.364897
7471929.936454 -681295.330613 -1.397221 1628771787.414913
7471929.930610 -681295.473101 -1.397604 1628771787.464938
7471929.922359 -681295.615341 -1.397975 1628771787.514934
7471929.911753 -681295.757470 -1.398338 1628771787.564992
7471929.903095 -681295.899959 -1.398691 1628771787.615053
7471929.894835 -681296.042334 -1.399055 1628771787.665078
7471929.886389 -681296.184996 -1.399431 1628771787.715127
7471929.879955 -681296.327629 -1.399850 1628771787.765131
7471929.875837 -681296.470436 -1.400330 1628771787.815116
7471929.872838 -681296.614176 -1.400877 1628771787.865131
7471929.870620 -681296.757390 -1.401520 1628771787.915143
7471929.869794 -681296.900615 -1.402245 1628771787.965188
7471929.871297 -681297.045003 -1.403038 1628771788.015165
7471929.875550 -681297.189082 -1.403861 1628771788.065191
7471929.882031 -681297.335069 -1.404703 1628771788.115161
7471929.891334 -681297.481204 -1.405535 1628771788.165166
7471929.903770 -681297.628789 -1.406359 1628771788.215167
7471929.919538 -681297.777930 -1.407180 1628771788.265162
7471929.939433 -681297.928788 -1.407993 1628771788.315161
7471929.962871 -681298.080745 -1.408802 1628771788.365159
7471929.986276 -681298.233297 -1.409609 1628771788.415160
7471930.010360 -681298.386848 -1.410418 1628771788.465162
7471930.036942 -681298.540865 -1.411224 1628771788.515162
7471930.060751 -681298.697384 -1.412035 1628771788.565156
7471930.082995 -681298.854510 -1.412817 1628771788.615132
7471930.104625 -681299.011977 -1.413544 1628771788.665112
7471930.127431 -681299.169513 -1.414235 1628771788.715152
7471930.151031 -681299.326845 -1.414910 1628771788.765085
7471930.174969 -681299.486624 -1.415578 1628771788.815061
7471930.198509 -681299.647704 -1.416220 1628771788.864984
7471930.223406 -681299.808597 -1.416850 1628771788.914925
7471930.249736 -681299.967943 -1.417426 1628771788.964898
7471930.274067 -681300.126887 -1.417962 1628771789.014785
7471930.296110 -681300.287213 -1.418448 1628771789.064762
7471930.318933 -681300.446679 -1.418877 1628771789.114654
7471930.338039 -681300.605810 -1.419246 1628771789.164599
7471930.353072 -681300.766833 -1.419577 1628771789.214567
7471930.368228 -681300.926689 -1.419736 1628771789.264461
7471930.380927 -681301.086520 -1.419756 1628771789.314446
7471930.391504 -681301.246696 -1.419651 1628771789.364390
7471930.400406 -681301.408908 -1.419412 1628771789.414324
7471930.410551 -681301.572090 -1.419046 1628771789.464345
7471930.420394 -681301.729328 -1.418598 1628771789.514319
7471930.428801 -681301.887297 -1.418089 1628771789.564325
7471930.433324 -681302.046332 -1.417538 1628771789.614333
7471930.434596 -681302.205610 -1.416941 1628771789.664374
7471930.434889 -681302.364232 -1.416328 1628771789.714425
7471930.435000 -681302.522796 -1.415699 1628771789.764461
7471930.438733 -681302.680921 -1.415060 1628771789.814550
7471930.441308 -681302.838593 -1.414411 1628771789.864745
7471930.442755 -681302.993805 -1.413758 1628771789.914597
7471930.440091 -681303.148819 -1.413098 1628771789.964656
7471930.436359 -681303.304738 -1.412413 1628771790.014678
7471930.434807 -681303.460358 -1.411721 1628771790.064654
7471930.434552 -681303.614539 -1.410975 1628771790.114698
7471930.435940 -681303.768225 -1.410158 1628771790.164686
7471930.441199 -681303.921463 -1.409253 1628771790.214641
7471930.446196 -681304.073663 -1.408263 1628771790.264635
7471930.450220 -681304.225203 -1.407188 1628771790.314594
7471930.455704 -681304.377305 -1.405990 1628771790.364616
7471930.462288 -681304.527469 -1.404688 1628771790.414546
7471930.468511 -681304.674999 -1.403297 1628771790.464526
7471930.477744 -681304.825947 -1.401807 1628771790.514496
7471930.487348 -681304.976226 -1.400276 1628771790.564457
7471930.500422 -681305.123037 -1.398728 1628771790.614456
7471930.516534 -681305.269329 -1.397169 1628771790.664455
7471930.533406 -681305.417206 -1.395588 1628771790.714458
7471930.552133 -681305.564845 -1.394004 1628771790.764467
7471930.572040 -681305.712647 -1.392410 1628771790.814473
7471930.592776 -681305.859913 -1.390819 1628771790.864500
7471930.612996 -681306.007462 -1.389225 1628771790.914496
7471930.633969 -681306.153885 -1.387632 1628771790.964454
7471930.655259 -681306.301617 -1.386034 1628771791.014472
7471930.677427 -681306.449073 -1.384428 1628771791.064473
7471930.695899 -681306.596517 -1.382834 1628771791.114425
7471930.714879 -681306.744383 -1.381237 1628771791.164423
7471930.733397 -681306.891696 -1.379639 1628771791.214432
7471930.753518 -681307.038420 -1.378036 1628771791.264401
7471930.772646 -681307.185666 -1.376428 1628771791.314415
7471930.793017 -681307.333382 -1.374810 1628771791.364360
7471930.813681 -681307.481480 -1.373182 1628771791.414729
7471930.833676 -681307.626178 -1.371586 1628771791.464361
7471930.853389 -681307.773067 -1.369968 1628771791.514310
7471930.873413 -681307.920483 -1.368339 1628771791.564307
7471930.893908 -681308.067511 -1.366717 1628771791.614349
7471930.914525 -681308.214235 -1.365117 1628771791.664309
7471930.934242 -681308.361229 -1.363558 1628771791.714308
7471930.954348 -681308.507962 -1.362058 1628771791.764308
7471930.974850 -681308.654005 -1.360632 1628771791.814332
7471930.996758 -681308.800394 -1.359280 1628771791.864569
7471931.017284 -681308.946218 -1.358031 1628771791.914317
7471931.038512 -681309.092203 -1.356875 1628771791.964325
7471931.060215 -681309.237721 -1.355822 1628771792.014266
7471931.083741 -681309.382443 -1.354856 1628771792.064256
7471931.107615 -681309.526840 -1.353981 1628771792.114215
7471931.132456 -681309.668728 -1.353184 1628771792.164226
7471931.158725 -681309.805049 -1.352482 1628771792.214184
7471931.185758 -681309.935688 -1.351847 1628771792.264142
7471931.215282 -681310.077711 -1.351189 1628771792.314076
7471931.244452 -681310.217024 -1.350535 1628771792.364073
7471931.272713 -681310.351755 -1.349889 1628771792.414041
7471931.299409 -681310.485563 -1.349244 1628771792.463995
7471931.326829 -681310.621062 -1.348588 1628771792.513953
7471931.357349 -681310.754991 -1.347931 1628771792.563886
7471931.389639 -681310.886621 -1.347306 1628771792.613858
7471931.421797 -681311.015625 -1.346724 1628771792.663816
7471931.452214 -681311.143428 -1.346170 1628771792.713797
7471931.482858 -681311.271036 -1.345627 1628771792.763743
7471931.514290 -681311.402187 -1.345076 1628771792.813743
7471931.545937 -681311.533793 -1.344521 1628771792.863746
7471931.570744 -681311.655537 -1.344001 1628771792.913742
7471931.596530 -681311.778993 -1.343473 1628771792.963813
7471931.622208 -681311.901150 -1.342944 1628771793.014641
7471931.647138 -681312.017122 -1.342425 1628771793.063959
7471931.673186 -681312.134154 -1.341899 1628771793.113809
7471931.699747 -681312.248610 -1.341374 1628771793.163807
7471931.727255 -681312.361446 -1.340850 1628771793.213745
7471931.757671 -681312.473142 -1.340325 1628771793.263695
7471931.781731 -681312.587164 -1.339805 1628771793.313693
7471931.805450 -681312.698508 -1.339288 1628771793.363650
7471931.828834 -681312.808712 -1.338776 1628771793.413650
7471931.855958 -681312.919574 -1.338259 1628771793.463622
7471931.878444 -681313.030466 -1.337739 1628771793.513603
7471931.901079 -681313.137980 -1.337222 1628771793.563600
7471931.929489 -681313.246012 -1.336709 1628771793.613615
7471931.965025 -681313.358183 -1.336189 1628771793.663687
7471931.995090 -681313.473556 -1.335669 1628771793.713620
7471932.027265 -681313.587432 -1.335151 1628771793.763645
7471932.059708 -681313.699820 -1.334643 1628771793.813645
7471932.093388 -681313.812316 -1.334128 1628771793.863684
7471932.126082 -681313.924916 -1.333616 1628771793.913691
7471932.159948 -681314.035734 -1.333108 1628771793.963693
7471932.195688 -681314.146047 -1.332601 1628771794.013737
7471932.231740 -681314.257501 -1.332094 1628771794.064297
7471932.269219 -681314.366035 -1.331594 1628771794.113829
7471932.309447 -681314.475233 -1.331094 1628771794.163875
7471932.351364 -681314.583983 -1.330597 1628771794.213926
7471932.394840 -681314.691974 -1.330107 1628771794.263921
7471932.433558 -681314.802252 -1.329625 1628771794.313967
7471932.470931 -681314.912822 -1.329149 1628771794.363988
7471932.506958 -681315.024323 -1.328676 1628771794.413974
7471932.543889 -681315.135995 -1.328206 1628771794.464016
7471932.578158 -681315.249244 -1.327739 1628771794.514009
7471932.613450 -681315.363166 -1.327274 1628771794.564017
7471932.650837 -681315.477244 -1.326810 1628771794.614090
7471932.689429 -681315.592563 -1.326355 1628771794.664061
7471932.725287 -681315.710202 -1.325898 1628771794.714008
7471932.764992 -681315.828618 -1.325441 1628771794.764065
7471932.807682 -681315.947258 -1.324989 1628771794.814010
7471932.852728 -681316.066783 -1.324541 1628771794.863958
7471932.896887 -681316.188636 -1.324098 1628771794.913962
7471932.943039 -681316.311261 -1.323662 1628771794.963914
7471932.991363 -681316.435616 -1.323229 1628771795.013939
7471933.043256 -681316.571098 -1.322782 1628771795.067276
7471933.088940 -681316.690153 -1.322388 1628771795.113890
7471933.137924 -681316.821014 -1.321976 1628771795.163841
7471933.189446 -681316.954668 -1.321568 1628771795.213848
7471933.242750 -681317.089482 -1.321161 1628771795.263789
7471933.296160 -681317.232004 -1.320757 1628771795.315738
7471933.347358 -681317.364382 -1.320387 1628771795.363782
7471933.401975 -681317.505344 -1.320001 1628771795.413780
7471933.458623 -681317.647443 -1.319629 1628771795.463816
7471933.513251 -681317.792905 -1.319268 1628771795.513829
7471933.569761 -681317.940796 -1.318914 1628771795.563886
7471933.624796 -681318.096187 -1.318561 1628771795.614686
7471933.680650 -681318.251227 -1.318223 1628771795.664387
7471933.737190 -681318.405220 -1.317883 1628771795.714000
7471933.794464 -681318.559985 -1.317555 1628771795.764059
7471933.852460 -681318.714077 -1.317227 1628771795.814041
7471933.910089 -681318.868221 -1.316907 1628771795.864124
7471933.967143 -681319.020968 -1.316595 1628771795.914097
7471934.023595 -681319.172664 -1.316297 1628771795.964118
7471934.079165 -681319.323518 -1.316007 1628771796.014093
7471934.134043 -681319.474493 -1.315718 1628771796.064105
7471934.187262 -681319.624804 -1.315434 1628771796.114046
7471934.239537 -681319.774652 -1.315157 1628771796.164068
7471934.290985 -681319.922407 -1.314888 1628771796.213997
7471934.342036 -681320.069743 -1.314623 1628771796.264005
7471934.390028 -681320.218568 -1.314363 1628771796.313968
7471934.437098 -681320.366440 -1.314108 1628771796.363903
7471934.480536 -681320.514439 -1.313859 1628771796.413929
7471934.523296 -681320.662290 -1.313611 1628771796.463856
7471934.560764 -681320.812270 -1.313373 1628771796.513875
7471934.600387 -681320.962106 -1.313133 1628771796.563871
7471934.638576 -681321.111153 -1.312895 1628771796.613871
7471934.677685 -681321.260702 -1.312655 1628771796.663880
7471934.719201 -681321.411288 -1.312407 1628771796.713857
7471934.764748 -681321.562477 -1.312158 1628771796.763854
7471934.807206 -681321.716342 -1.311912 1628771796.813864
7471934.849409 -681321.870934 -1.311666 1628771796.863899
7471934.887285 -681322.028279 -1.311423 1628771796.913850
7471934.924650 -681322.186574 -1.311177 1628771796.963907
7471934.961545 -681322.344969 -1.310932 1628771797.013894
7471934.997332 -681322.504781 -1.310683 1628771797.063950
7471935.030561 -681322.666969 -1.310431 1628771797.113987
7471935.067985 -681322.830125 -1.310174 1628771797.163991
7471935.104626 -681322.994978 -1.309913 1628771797.214044
7471935.148994 -681323.162057 -1.309646 1628771797.264077
7471935.193196 -681323.330066 -1.309378 1628771797.314039
7471935.240996 -681323.498157 -1.309110 1628771797.364033
7471935.293320 -681323.665329 -1.308843 1628771797.413990
7471935.347665 -681323.832514 -1.308578 1628771797.464002
7471935.401315 -681324.000932 -1.308319 1628771797.513991
7471935.457339 -681324.170175 -1.308061 1628771797.563939
7471935.515332 -681324.340327 -1.307806 1628771797.613939
7471935.575726 -681324.509700 -1.307559 1628771797.663954
7471935.635853 -681324.681686 -1.307315 1628771797.713960
7471935.695471 -681324.855187 -1.307075 1628771797.763893
7471935.753802 -681325.028193 -1.306847 1628771797.813896
7471935.813345 -681325.201197 -1.306622 1628771797.863848
7471935.873015 -681325.375473 -1.306402 1628771797.913805
7471935.933338 -681325.549451 -1.306187 1628771797.963796
7471935.995690 -681325.723188 -1.305978 1628771798.013806
7471936.058079 -681325.897683 -1.305777 1628771798.063810
7471936.118242 -681326.073661 -1.305582 1628771798.113817
7471936.179969 -681326.249487 -1.305392 1628771798.163797
7471936.243958 -681326.427610 -1.305200 1628771798.214896
7471936.308375 -681326.599120 -1.305031 1628771798.263841
7471936.373299 -681326.774154 -1.304861 1628771798.313884
7471936.439718 -681326.948544 -1.304651 1628771798.363892
7471936.506723 -681327.121551 -1.304398 1628771798.413936
7471936.574698 -681327.293944 -1.304126 1628771798.463943
7471936.643754 -681327.466167 -1.303856 1628771798.513883
7471936.714190 -681327.638094 -1.303562 1628771798.563884
7471936.785991 -681327.808686 -1.303214 1628771798.613883
7471936.860428 -681327.978653 -1.302810 1628771798.663840
7471936.937373 -681328.147979 -1.302345 1628771798.713863
7471937.017324 -681328.316855 -1.301819 1628771798.763797
7471937.100768 -681328.484789 -1.301243 1628771798.813750
7471937.189547 -681328.655805 -1.300607 1628771798.864880
7471937.278362 -681328.820166 -1.299993 1628771798.913709
7471937.373115 -681328.987768 -1.299365 1628771798.963672
7471937.474404 -681329.155691 -1.298750 1628771799.013958
7471937.581828 -681329.320517 -1.298174 1628771799.063671
7471937.695753 -681329.486179 -1.297615 1628771799.113677
7471937.817796 -681329.650901 -1.297085 1628771799.163694
7471937.947836 -681329.814938 -1.296587 1628771799.213696
7471938.085670 -681329.979138 -1.296115 1628771799.263721
7471938.228800 -681330.143655 -1.295691 1628771799.313708
7471938.381469 -681330.307443 -1.295307 1628771799.363709
7471938.545993 -681330.470688 -1.294958 1628771799.413726
7471938.722836 -681330.632465 -1.294661 1628771799.463646
7471938.887724 -681330.798165 -1.294430 1628771799.513682
7471939.047719 -681330.961170 -1.294254 1628771799.563604
7471939.202702 -681331.122072 -1.294128 1628771799.613605
7471939.355030 -681331.280055 -1.294060 1628771799.663557
7471939.501043 -681331.438239 -1.294035 1628771799.713509
7471939.646057 -681331.595569 -1.294045 1628771799.763510
7471939.791743 -681331.749506 -1.294115 1628771799.813530
7471939.938156 -681331.902538 -1.294222 1628771799.863512
7471940.079353 -681332.058438 -1.294405 1628771799.913469
7471940.221558 -681332.214054 -1.294674 1628771799.963459
7471940.366871 -681332.372207 -1.295006 1628771800.014372
7471940.513421 -681332.522536 -1.295467 1628771800.063396
7471940.647432 -681332.681398 -1.295994 1628771800.113380
7471940.776346 -681332.840300 -1.296595 1628771800.163579
7471940.899110 -681332.996084 -1.297270 1628771800.213278
7471941.016617 -681333.152421 -1.298002 1628771800.263273
7471941.122693 -681333.311296 -1.298793 1628771800.313269
7471941.224535 -681333.469311 -1.299621 1628771800.363271
7471941.321608 -681333.625370 -1.300488 1628771800.413268
7471941.415730 -681333.782654 -1.301373 1628771800.463314
7471941.499790 -681333.944258 -1.302286 1628771800.513351
7471941.580825 -681334.105841 -1.303219 1628771800.563377
7471941.659669 -681334.268283 -1.304169 1628771800.613360
7471941.736330 -681334.431189 -1.305136 1628771800.663378
7471941.804552 -681334.599176 -1.306122 1628771800.713359
7471941.870409 -681334.769041 -1.307119 1628771800.763356
7471941.934297 -681334.941236 -1.308123 1628771800.813749
7471941.995935 -681335.113662 -1.309145 1628771800.863364
7471942.052359 -681335.292402 -1.310167 1628771800.913361
7471942.106024 -681335.472134 -1.311201 1628771800.963312
7471942.158176 -681335.657891 -1.312226 1628771801.014207
7471942.207144 -681335.841718 -1.313274 1628771801.063267
7471942.253711 -681336.026075 -1.314308 1628771801.113287
7471942.297204 -681336.207031 -1.315337 1628771801.163218
7471942.338015 -681336.385380 -1.316370 1628771801.213215
7471942.376509 -681336.561436 -1.317401 1628771801.263264
7471942.409376 -681336.733045 -1.318435 1628771801.313262
7471942.438453 -681336.902357 -1.319455 1628771801.363262
7471942.464927 -681337.069472 -1.320479 1628771801.413265
7471942.488881 -681337.233867 -1.321484 1628771801.463282
7471942.518650 -681337.400582 -1.322485 1628771801.513234
7471942.546116 -681337.564623 -1.323484 1628771801.563247
7471942.571840 -681337.726639 -1.324477 1628771801.613245
7471942.595960 -681337.888465 -1.325457 1628771801.663224
7471942.622444 -681338.048776 -1.326433 1628771801.713216
7471942.647745 -681338.208117 -1.327400 1628771801.763214
7471942.671700 -681338.364983 -1.328366 1628771801.813234
7471942.694927 -681338.521147 -1.329323 1628771801.863265
7471942.714439 -681338.677230 -1.330274 1628771801.913302
7471942.731782 -681338.832205 -1.331218 1628771801.963347
7471942.748835 -681338.987547 -1.332150 1628771802.013403
7471942.765289 -681339.141330 -1.333070 1628771802.063400
7471942.781341 -681339.295326 -1.333985 1628771802.113443
7471942.795484 -681339.449766 -1.334888 1628771802.163453
7471942.808336 -681339.603377 -1.335782 1628771802.213439
7471942.819033 -681339.756709 -1.336667 1628771802.263468
7471942.827345 -681339.908933 -1.337542 1628771802.313453
7471942.834178 -681340.060847 -1.338403 1628771802.363454
7471942.839029 -681340.212536 -1.339257 1628771802.413448
7471942.841557 -681340.363782 -1.340091 1628771802.463446
7471942.846263 -681340.515524 -1.340906 1628771802.513444
7471942.850034 -681340.666583 -1.341709 1628771802.563415
7471942.851976 -681340.816009 -1.342502 1628771802.613392
7471942.852888 -681340.966375 -1.343275 1628771802.663448
7471942.851779 -681341.115759 -1.344036 1628771802.713442
7471942.849235 -681341.264614 -1.344828 1628771802.763436
7471942.845958 -681341.413180 -1.345678 1628771802.813478
7471942.840897 -681341.561248 -1.346620 1628771802.863483
7471942.839712 -681341.711262 -1.347650 1628771802.913482
7471942.837021 -681341.860530 -1.348780 1628771802.963511
7471942.832914 -681342.010399 -1.350015 1628771803.013784
7471942.826677 -681342.158246 -1.351344 1628771803.063436
7471942.822305 -681342.306803 -1.352727 1628771803.113452
7471942.817646 -681342.455338 -1.354148 1628771803.163386
7471942.812367 -681342.603878 -1.355566 1628771803.213406
7471942.805092 -681342.750923 -1.356964 1628771803.263336
7471942.798724 -681342.898601 -1.358344 1628771803.313369
7471942.790761 -681343.046388 -1.359707 1628771803.363383
7471942.786346 -681343.197233 -1.361055 1628771803.413387
7471942.783528 -681343.346843 -1.362381 1628771803.463430
7471942.784439 -681343.497316 -1.363692 1628771803.513483
7471942.785953 -681343.647732 -1.364987 1628771803.563520
7471942.787496 -681343.796963 -1.366267 1628771803.613571
7471942.789432 -681343.946868 -1.367534 1628771803.663674
7471942.793108 -681344.096705 -1.368786 1628771803.713773
7471942.796488 -681344.246451 -1.370025 1628771803.763804
7471942.800245 -681344.396516 -1.371245 1628771803.813886
7471942.803263 -681344.545994 -1.372445 1628771803.863940
7471942.810269 -681344.696709 -1.373625 1628771803.914036
7471942.816640 -681344.848059 -1.374781 1628771803.964099
7471942.823595 -681344.999645 -1.375893 1628771804.014082
7471942.831156 -681345.150791 -1.376946 1628771804.064119
7471942.837577 -681345.303246 -1.377930 1628771804.114115
7471942.844294 -681345.455160 -1.378821 1628771804.164116
7471942.850872 -681345.606834 -1.379649 1628771804.214113
7471942.855416 -681345.759998 -1.380407 1628771804.264121
7471942.858043 -681345.912657 -1.381101 1628771804.314112
7471942.859407 -681346.065780 -1.381736 1628771804.364096
7471942.861299 -681346.219725 -1.382319 1628771804.414067
7471942.861851 -681346.375417 -1.382873 1628771804.464083
7471942.862751 -681346.531367 -1.383414 1628771804.514024
7471942.864193 -681346.687796 -1.383928 1628771804.564019
7471942.866583 -681346.845051 -1.384415 1628771804.613995
7471942.868954 -681347.003255 -1.384888 1628771804.664249
7471942.870581 -681347.160761 -1.385345 1628771804.713878
7471942.873502 -681347.319205 -1.385762 1628771804.763868
7471942.877014 -681347.478711 -1.386103 1628771804.813830
7471942.882638 -681347.639207 -1.386349 1628771804.863791
7471942.888082 -681347.799507 -1.386568 1628771804.913786
7471942.895199 -681347.960085 -1.386700 1628771804.963739
7471942.904411 -681348.122807 -1.386745 1628771805.013821
7471942.915660 -681348.285602 -1.386689 1628771805.063755
7471942.925880 -681348.447481 -1.386589 1628771805.113760
7471942.937249 -681348.608258 -1.386477 1628771805.163699
7471942.950084 -681348.769549 -1.386353 1628771805.213703
7471942.964483 -681348.931705 -1.386202 1628771805.263643
7471942.979068 -681349.097469 -1.385996 1628771805.315026
7471942.992248 -681349.254588 -1.385796 1628771805.363971
7471943.006677 -681349.413595 -1.385538 1628771805.413599
7471943.021822 -681349.571486 -1.385266 1628771805.463645
7471943.038349 -681349.732301 -1.384968 1628771805.513640
7471943.054964 -681349.892754 -1.384668 1628771805.563663
7471943.071699 -681350.052011 -1.384369 1628771805.613709
7471943.088764 -681350.211300 -1.384063 1628771805.663737
7471943.104642 -681350.370162 -1.383755 1628771805.713733
7471943.121843 -681350.529847 -1.383433 1628771805.763827
7471943.139600 -681350.689415 -1.383106 1628771805.813794
7471943.158228 -681350.849205 -1.382764 1628771805.863822
7471943.172898 -681351.004958 -1.382438 1628771805.913824
7471943.186487 -681351.157650 -1.382108 1628771805.963968
7471943.200075 -681351.308620 -1.381758 1628771806.013869
7471943.214791 -681351.457252 -1.381406 1628771806.063869
7471943.231762 -681351.603445 -1.381049 1628771806.113911
7471943.248642 -681351.747520 -1.380685 1628771806.163937
7471943.264730 -681351.888624 -1.380319 1628771806.213915
7471943.280493 -681352.028684 -1.379941 1628771806.263938
7471943.294461 -681352.166822 -1.379552 1628771806.313972
7471943.309783 -681352.301775 -1.379161 1628771806.363957
7471943.325243 -681352.434069 -1.378762 1628771806.413958
7471943.338801 -681352.563242 -1.378354 1628771806.463957
7471943.352613 -681352.689956 -1.377935 1628771806.513954
7471943.366080 -681352.814946 -1.377503 1628771806.563956
7471943.378926 -681352.939074 -1.377040 1628771806.613914
7471943.390586 -681353.061739 -1.376547 1628771806.663931
7471943.403309 -681353.182278 -1.376031 1628771806.714439
7471943.414950 -681353.297750 -1.375510 1628771806.763866
7471943.426943 -681353.411933 -1.374941 1628771806.813818
7471943.439147 -681353.522794 -1.374330 1628771806.863780
7471943.447894 -681353.632522 -1.373645 1628771806.913811
7471943.454890 -681353.739259 -1.372910 1628771806.963735
7471943.460641 -681353.842115 -1.372151 1628771807.013922
7471943.464410 -681353.941070 -1.371386 1628771807.063718
7471943.465776 -681354.036548 -1.370617 1628771807.113720
7471943.465322 -681354.128503 -1.369836 1628771807.163844
7471943.462964 -681354.215692 -1.369047 1628771807.213765
7471943.459544 -681354.298676 -1.368256 1628771807.263811
7471943.457589 -681354.374839 -1.367482 1628771807.313858
7471943.453614 -681354.443146 -1.366731 1628771807.363916
7471943.447074 -681354.501779 -1.366027 1628771807.413917
7471943.440818 -681354.565042 -1.365235 1628771807.463975
7471943.433396 -681354.624760 -1.364423 1628771807.513993
7471943.424002 -681354.675068 -1.363641 1628771807.563995
7471943.413746 -681354.720872 -1.362847 1628771807.613995
7471943.402720 -681354.762706 -1.362034 1628771807.663999
7471943.398217 -681354.804200 -1.361225 1628771807.713995
7471943.393158 -681354.840966 -1.360413 1628771807.763993
7471943.388463 -681354.875111 -1.359567 1628771807.813944
7471943.390846 -681354.913726 -1.358654 1628771807.863969
7471943.395991 -681354.948828 -1.357849 1628771807.913923
7471943.406378 -681354.983595 -1.357013 1628771807.963871
7471943.419844 -681355.012043 -1.356206 1628771808.013861
7471943.437479 -681355.036573 -1.355404 1628771808.063833
7471943.463771 -681355.066757 -1.354599 1628771808.113771
7471943.493481 -681355.089754 -1.353831 1628771808.163719
7471943.521808 -681355.104632 -1.353115 1628771808.213729
7471943.550125 -681355.120807 -1.352355 1628771808.263684
7471943.575280 -681355.149292 -1.351524 1628771808.313700
7471943.596411 -681355.171787 -1.350728 1628771808.363633
7471943.614438 -681355.181884 -1.350011 1628771808.413641
7471943.633073 -681355.191333 -1.349257 1628771808.463572
7471943.649340 -681355.191913 -1.348544 1628771808.513571
7471943.670671 -681355.186413 -1.347846 1628771808.563531
7471943.700726 -681355.183851 -1.347189 1628771808.613475
7471943.740428 -681355.181270 -1.346592 1628771808.663486
7471943.775842 -681355.177212 -1.346087 1628771808.713460
7471943.821316 -681355.173575 -1.345695 1628771808.763428
7471943.877098 -681355.169707 -1.345450 1628771808.813430
7471943.939860 -681355.159607 -1.345377 1628771808.863456
7471944.001190 -681355.145390 -1.345473 1628771808.913444
7471944.060817 -681355.126391 -1.345741 1628771808.963451
7471944.117376 -681355.105212 -1.346177 1628771809.013757
7471944.170569 -681355.083048 -1.346691 1628771809.063525
7471944.216223 -681355.067761 -1.347392 1628771809.113585
7471944.267937 -681355.055604 -1.348199 1628771809.163636
7471944.326067 -681355.047923 -1.349081 1628771809.213943
7471944.386680 -681355.046369 -1.350014 1628771809.263659
7471944.439853 -681355.054193 -1.350995 1628771809.313701
7471944.487539 -681355.072227 -1.352009 1628771809.363698
7471944.527474 -681355.097329 -1.353057 1628771809.413704
7471944.559566 -681355.129161 -1.354138 1628771809.463698
7471944.586656 -681355.171749 -1.355248 1628771809.513654
7471944.606007 -681355.221596 -1.356383 1628771809.563671
7471944.617266 -681355.276553 -1.357549 1628771809.613666
7471944.621707 -681355.342026 -1.358758 1628771809.663650
7471944.628881 -681355.420387 -1.359979 1628771809.713617
7471944.630899 -681355.512229 -1.361249 1628771809.763605
7471944.636817 -681355.606849 -1.362569 1628771809.813604
7471944.645746 -681355.703692 -1.363911 1628771809.863606
7471944.649673 -681355.804497 -1.365273 1628771809.913648
7471944.648008 -681355.908179 -1.366631 1628771809.963651
7471944.646694 -681356.016742 -1.367992 1628771810.013601
7471944.645885 -681356.129472 -1.369345 1628771810.063616
7471944.646695 -681356.245290 -1.370686 1628771810.113610
7471944.650930 -681356.366069 -1.372013 1628771810.163555
7471944.661427 -681356.496459 -1.373337 1628771810.213509
7471944.670589 -681356.632536 -1.374655 1628771810.263506
7471944.682787 -681356.775386 -1.375965 1628771810.313510
7471944.700070 -681356.926692 -1.377262 1628771810.363508
7471944.719066 -681357.085501 -1.378552 1628771810.413503
7471944.736818 -681357.250958 -1.379814 1628771810.463556
7471944.748391 -681357.425863 -1.381054 1628771810.513608
7471944.757428 -681357.608201 -1.382281 1628771810.563641
7471944.771876 -681357.804513 -1.383469 1628771810.613983
7471944.787413 -681358.023491 -1.384606 1628771810.663744
7471944.789246 -681358.257939 -1.385683 1628771810.713736
7471944.787135 -681358.505380 -1.386667 1628771810.763805
7471944.780029 -681358.765385 -1.387545 1628771810.813793
7471944.766301 -681359.038667 -1.388323 1628771810.863778
7471944.752852 -681359.307926 -1.388977 1628771810.913779
7471944.736773 -681359.576538 -1.389555 1628771810.963779
7471944.725302 -681359.849231 -1.389986 1628771811.013912
7471944.718536 -681360.126601 -1.390285 1628771811.063756
7471944.713797 -681360.395943 -1.390489 1628771811.113733
7471944.710664 -681360.658352 -1.390619 1628771811.163690
7471944.714111 -681360.931651 -1.390637 1628771811.213635
7471944.719427 -681361.209549 -1.390603 1628771811.263645
7471944.727121 -681361.474729 -1.390554 1628771811.313592
7471944.735060 -681361.733246 -1.390489 1628771811.363586
7471944.742070 -681361.985996 -1.390411 1628771811.413588
7471944.749838 -681362.234125 -1.390322 1628771811.463634
7471944.761842 -681362.474481 -1.390224 1628771811.513631
7471944.773005 -681362.709734 -1.390116 1628771811.563681
7471944.784840 -681362.940419 -1.389991 1628771811.613704
7471944.795364 -681363.167951 -1.389857 1628771811.663743
7471944.810690 -681363.386886 -1.389713 1628771811.713771
7471944.826303 -681363.599133 -1.389560 1628771811.763815
7471944.843240 -681363.805221 -1.389400 1628771811.813879
7471944.859215 -681364.007724 -1.389233 1628771811.863948
7471944.876333 -681364.204876 -1.389050 1628771811.913953
7471944.893088 -681364.397293 -1.388858 1628771811.963961
7471944.911009 -681364.585484 -1.388662 1628771812.013953
7471944.927698 -681364.770461 -1.388465 1628771812.063953
7471944.941730 -681364.946993 -1.388264 1628771812.113972
7471944.951564 -681365.115967 -1.388056 1628771812.163911
7471944.958295 -681365.277473 -1.387850 1628771812.213923
7471944.960777 -681365.432584 -1.387635 1628771812.263888
7471944.963057 -681365.581270 -1.387411 1628771812.313810
7471944.961497 -681365.723864 -1.387182 1628771812.363821
7471944.953538 -681365.861796 -1.386950 1628771812.413831
7471944.944994 -681365.994867 -1.386709 1628771812.463809
7471944.939309 -681366.124677 -1.386458 1628771812.513834
7471944.932318 -681366.249760 -1.386199 1628771812.563822
7471944.924587 -681366.370430 -1.385932 1628771812.613808
7471944.920018 -681366.489479 -1.385653 1628771812.663880
7471944.915634 -681366.605287 -1.385364 1628771812.714452
7471944.912012 -681366.713077 -1.385086 1628771812.763935
7471944.908138 -681366.815503 -1.384814 1628771812.813947
7471944.902871 -681366.917842 -1.384528 1628771812.864004
7471944.897134 -681367.014616 -1.384247 1628771812.913986
7471944.891310 -681367.107510 -1.383965 1628771812.964010
7471944.885684 -681367.197116 -1.383682 1628771813.013988
7471944.880102 -681367.282065 -1.383402 1628771813.063993
7471944.874872 -681367.362434 -1.383127 1628771813.113990
7471944.873783 -681367.441701 -1.382858 1628771813.163954
7471944.868577 -681367.519755 -1.382590 1628771813.213939
7471944.866064 -681367.596008 -1.382324 1628771813.263897
7471944.863594 -681367.669125 -1.382063 1628771813.313859
7471944.859366 -681367.739327 -1.381813 1628771813.363851
7471944.852801 -681367.809397 -1.381560 1628771813.413801
7471944.844787 -681367.875253 -1.381318 1628771813.463804
7471944.834327 -681367.938699 -1.381081 1628771813.513802
7471944.825004 -681368.000060 -1.380846 1628771813.563801
7471944.814919 -681368.059082 -1.380614 1628771813.613840
7471944.801348 -681368.116290 -1.380385 1628771813.663863
7471944.783265 -681368.175034 -1.380149 1628771813.715295
7471944.762851 -681368.227325 -1.379935 1628771813.763897
7471944.745188 -681368.283499 -1.379707 1628771813.813939
7471944.729479 -681368.341086 -1.379477 1628771813.863932
7471944.713854 -681368.398721 -1.379243 1628771813.913987
7471944.698687 -681368.456100 -1.379010 1628771813.964002
7471944.682867 -681368.509906 -1.378793 1628771814.013982
7471944.667599 -681368.560447 -1.378591 1628771814.063953
7471944.653654 -681368.611577 -1.378387 1628771814.113941
7471944.641400 -681368.663397 -1.378182 1628771814.163961
7471944.629850 -681368.716216 -1.377974 1628771814.213882
7471944.618211 -681368.765575 -1.377780 1628771814.263846
7471944.608707 -681368.814191 -1.377590 1628771814.313813
7471944.599433 -681368.861047 -1.377405 1628771814.363795
7471944.590592 -681368.905695 -1.377229 1628771814.413805
7471944.582136 -681368.948110 -1.377059 1628771814.463790
7471944.573658 -681368.988192 -1.376896 1628771814.513803
7471944.567456 -681369.026725 -1.376737 1628771814.563792
7471944.561938 -681369.063111 -1.376586 1628771814.613791
7471944.556873 -681369.097472 -1.376440 1628771814.663788
7471944.553846 -681369.130228 -1.376303 1628771814.713853
7471944.550768 -681369.161066 -1.376172 1628771814.763835
7471944.547271 -681369.190472 -1.376049 1628771814.813889
7471944.543815 -681369.218393 -1.375935 1628771814.863941
7471944.541332 -681369.244448 -1.375827 1628771814.913978
7471944.539585 -681369.268584 -1.375727 1628771814.964032
7471944.538983 -681369.290973 -1.375635 1628771815.014031
7471944.540242 -681369.313082 -1.375550 1628771815.064020
7471944.541405 -681369.333865 -1.375473 1628771815.114043
7471944.542640 -681369.353059 -1.375405 1628771815.164016
7471944.543280 -681369.370942 -1.375344 1628771815.214017
7471944.544779 -681369.388172 -1.375291 1628771815.263971
7471944.546347 -681369.403848 -1.375246 1628771815.313977
7471944.548455 -681369.419853 -1.375206 1628771815.363921
7471944.550437 -681369.434094 -1.375180 1628771815.413876
7471944.552763 -681369.448135 -1.375158 1628771815.463838
7471944.554850 -681369.460363 -1.375146 1628771815.513825
7471944.556835 -681369.471152 -1.375143 1628771815.563781
7471944.559084 -681369.482222 -1.375143 1628771815.613785
7471944.561781 -681369.494068 -1.375142 1628771815.663780
7471944.564963 -681369.506687 -1.375140 1628771815.713728
7471944.568737 -681369.520498 -1.375136 1628771815.763774
7471944.572969 -681369.534695 -1.375134 1628771815.813780
7471944.577788 -681369.549769 -1.375131 1628771815.863842
7471944.583122 -681369.565732 -1.375126 1628771815.913825
7471944.588830 -681369.581784 -1.375123 1628771815.963888
7471944.595140 -681369.598814 -1.375118 1628771816.013867
7471944.602021 -681369.616051 -1.375113 1628771816.063873
7471944.609205 -681369.633482 -1.375109 1628771816.113878
7471944.616777 -681369.651139 -1.375104 1628771816.163871
7471944.624834 -681369.669079 -1.375099 1628771816.213915
7471944.633485 -681369.687347 -1.375095 1628771816.263940
7471944.642731 -681369.705558 -1.375089 1628771816.313952
7471944.652685 -681369.723802 -1.375082 1628771816.363955
7471944.663479 -681369.742189 -1.375075 1628771816.414050
7471944.675213 -681369.760785 -1.375067 1628771816.463962
7471944.687265 -681369.779093 -1.375059 1628771816.514009
7471944.699781 -681369.797227 -1.375051 1628771816.563959
7471944.712860 -681369.815251 -1.375043 1628771816.613912
7471944.726764 -681369.834084 -1.375029 1628771816.663907
7471944.740575 -681369.851598 -1.375021 1628771816.713869
7471944.754561 -681369.868740 -1.375011 1628771816.763838
7471944.768779 -681369.885587 -1.375001 1628771816.813772
7471944.783345 -681369.902304 -1.374991 1628771816.863731
7471944.798012 -681369.918627 -1.374981 1628771816.913694
7471944.812780 -681369.934677 -1.374970 1628771816.963698
7471944.827733 -681369.950562 -1.374961 1628771817.013647
7471944.842983 -681369.966432 -1.374950 1628771817.063627
7471944.858146 -681369.981916 -1.374939 1628771817.113646
7471944.873269 -681369.997121 -1.374929 1628771817.163632
7471944.888451 -681370.012173 -1.374918 1628771817.213624
7471944.903796 -681370.027213 -1.374908 1628771817.263675
7471944.918902 -681370.041896 -1.374897 1628771817.313721
7471944.934037 -681370.057156 -1.374883 1628771817.363725
7471944.949173 -681370.072378 -1.374869 1628771817.413764
7471944.964208 -681370.086857 -1.374859 1628771817.463831
7471944.978964 -681370.101022 -1.374848 1628771817.513807
7471944.993539 -681370.115017 -1.374838 1628771817.563871
7471945.008097 -681370.129402 -1.374827 1628771817.613871
7471945.022667 -681370.143909 -1.374814 1628771817.663853
7471945.036818 -681370.157739 -1.374804 1628771817.713857
7471945.050715 -681370.171374 -1.374794 1628771817.763875
7471945.064463 -681370.184914 -1.374786 1628771817.813849
7471945.078194 -681370.198504 -1.374776 1628771817.863817
7471945.091580 -681370.211812 -1.374767 1628771817.913798
7471945.104712 -681370.224975 -1.374757 1628771817.963763
7471945.117689 -681370.238097 -1.374748 1628771818.013709
7471945.130773 -681370.252079 -1.374736 1628771818.063758
7471945.143468 -681370.265732 -1.374723 1628771818.113671
7471945.155626 -681370.278409 -1.374716 1628771818.163615
7471945.167541 -681370.291039 -1.374707 1628771818.213572
7471945.179428 -681370.304134 -1.374697 1628771818.263529
7471945.190841 -681370.316546 -1.374689 1628771818.313521
7471945.201961 -681370.328806 -1.374681 1628771818.363478
7471945.212819 -681370.341012 -1.374675 1628771818.413472
7471945.223471 -681370.353242 -1.374667 1628771818.463475
7471945.233676 -681370.365168 -1.374660 1628771818.513469
7471945.243594 -681370.377283 -1.374651 1628771818.563425
7471945.253197 -681370.389219 -1.374644 1628771818.613387
7471945.262531 -681370.400675 -1.374637 1628771818.663379
7471945.271456 -681370.411768 -1.374631 1628771818.713382
7471945.280050 -681370.422583 -1.374625 1628771818.763394
7471945.288503 -681370.434024 -1.374616 1628771818.813400
7471945.296494 -681370.444478 -1.374611 1628771818.863423
7471945.304098 -681370.454534 -1.374605 1628771818.913426
7471945.311333 -681370.464257 -1.374600 1628771818.963422
7471945.318278 -681370.473719 -1.374597 1628771819.013421
7471945.325140 -681370.483446 -1.374590 1628771819.063465
7471945.331660 -681370.492393 -1.374585 1628771819.113470
7471945.337954 -681370.501020 -1.374581 1628771819.163512
7471945.344220 -681370.510206 -1.374574 1628771819.213558
7471945.350406 -681370.519224 -1.374565 1628771819.263563
7471945.356129 -681370.526939 -1.374562 1628771819.313607
7471945.361631 -681370.534244 -1.374559 1628771819.363650
7471945.366929 -681370.541166 -1.374555 1628771819.413677
7471945.372159 -681370.547773 -1.374551 1628771819.463689
7471945.377615 -681370.554014 -1.374547 1628771819.515190
7471945.383344 -681370.559948 -1.374544 1628771819.563646
7471945.389400 -681370.565596 -1.374540 1628771819.613600
7471945.395930 -681370.570965 -1.374535 1628771819.663628
7471945.402870 -681370.576665 -1.374526 1628771819.713559
7471945.409901 -681370.581668 -1.374519 1628771819.763554
7471945.417144 -681370.586018 -1.374514 1628771819.813506
7471945.424835 -681370.590098 -1.374508 1628771819.863463
7471945.432907 -681370.594073 -1.374501 1628771819.913462
7471945.441297 -681370.597597 -1.374493 1628771819.965425
7471945.449868 -681370.600275 -1.374486 1628771820.013463
7471945.458774 -681370.602526 -1.374479 1628771820.063463
7471945.467846 -681370.604257 -1.374472 1628771820.113503
7471945.477264 -681370.605496 -1.374466 1628771820.163511
7471945.487074 -681370.606190 -1.374458 1628771820.213548
7471945.497337 -681370.606404 -1.374450 1628771820.263569
7471945.507879 -681370.606021 -1.374442 1628771820.313573
7471945.518983 -681370.605852 -1.374430 1628771820.363610
7471945.530669 -681370.605025 -1.374417 1628771820.413548
7471945.542782 -681370.602612 -1.374407 1628771820.463547
7471945.555369 -681370.599284 -1.374398 1628771820.513515
7471945.568541 -681370.595052 -1.374388 1628771820.563500
7471945.582370 -681370.589898 -1.374377 1628771820.613509
7471945.596949 -681370.583783 -1.374365 1628771820.663467
7471945.612166 -681370.576488 -1.374352 1628771820.713477
7471945.628174 -681370.567995 -1.374339 1628771820.763479
7471945.645113 -681370.558229 -1.374326 1628771820.813454
7471945.663262 -681370.547949 -1.374307 1628771820.863501
7471945.681514 -681370.536774 -1.374291 1628771820.913639
7471945.700003 -681370.524591 -1.374276 1628771820.963557
7471945.718945 -681370.511755 -1.374261 1628771821.013587
7471945.738539 -681370.498506 -1.374242 1628771821.063656
7471945.757910 -681370.485181 -1.374225 1628771821.113683
7471945.777171 -681370.471379 -1.374210 1628771821.163678
7471945.796519 -681370.457383 -1.374193 1628771821.213758
7471945.816061 -681370.443064 -1.374177 1628771821.263731
7471945.835017 -681370.429057 -1.374162 1628771821.313721
7471945.853627 -681370.415678 -1.374145 1628771821.363720
7471945.871925 -681370.402075 -1.374130 1628771821.413738
7471945.890066 -681370.388485 -1.374115 1628771821.463698
7471945.907554 -681370.376220 -1.374098 1628771821.513671
7471945.924357 -681370.364443 -1.374080 1628771821.563634
7471945.940459 -681370.352332 -1.374067 1628771821.613577
7471945.956101 -681370.340576 -1.374055 1628771821.663535
7471945.970713 -681370.330090 -1.374041 1628771821.713492
7471945.984185 -681370.320006 -1.374030 1628771821.763465
7471945.996726 -681370.310661 -1.374019 1628771821.813759
7471946.008427 -681370.301972 -1.374010 1628771821.863474
7471946.018590 -681370.294411 -1.374002 1628771821.913485
7471946.027253 -681370.287911 -1.373995 1628771821.963563
7471946.034768 -681370.283710 -1.373984 1628771822.013793
7471946.040869 -681370.279795 -1.373977 1628771822.064221
7471946.044910 -681370.276952 -1.373974 1628771822.113482
7471946.046954 -681370.275509 -1.373972 1628771822.163530
