7757957.83518 -363620.333627 -1.700471 /dados/ufes/20210212/1613160998.610909.png
7757958.41585 -363615.362192 -1.698722 /dados/ufes/20210212/1613161012.589603.png
7757957.10584 -363625.280927 -1.79923 /dados/ufes/20210212/1613161038.304692.png
7757955.91131 -363630.14996 -1.803672 /dados/ufes/20210212/1613161054.005718.png
7757954.82077 -363635.097678 -1.731268 /dados/ufes/20210212/1613161057.214522.png
7757954.86019 -363640.099635 -1.383831 /dados/ufes/20210212/1613161059.619361.png
7757956.52681 -363644.928208 -1.145268 /dados/ufes/20210212/1613161061.624849.png
7757958.80527 -363649.529842 -1.124067 /dados/ufes/20210212/1613161063.528213.png
7757960.88912 -363654.230685 -1.190906 /dados/ufes/20210212/1613161065.431437.png
7757962.48044 -363659.033953 -1.310926 /dados/ufes/20210212/1613161067.283988.png
7757963.37695 -363663.985161 -1.458435 /dados/ufes/20210212/1613161069.237097.png
7757963.5371 -363668.993176 -1.611828 /dados/ufes/20210212/1613161071.289130.png
7757962.85261 -363674.034878 -1.774038 /dados/ufes/20210212/1613161073.291456.png
7757961.44623 -363678.835868 -1.923706 /dados/ufes/20210212/1613161075.243769.png
7757959.319 -363683.379701 -2.087937 /dados/ufes/20210212/1613161077.245225.png
7757956.42204 -363687.612457 -2.255824 /dados/ufes/20210212/1613161079.196927.png
7757952.95027 -363691.22168 -2.37675 /dados/ufes/20210212/1613161080.947857.png
7757949.13338 -363694.574199 -2.429878 /dados/ufes/20210212/1613161082.549081.png
7757945.20194 -363697.77023 -2.47092 /dados/ufes/20210212/1613161083.999749.png
7757941.23313 -363700.91277 -2.474997 /dados/ufes/20210212/1613161085.450218.png
7757937.25558 -363703.967774 -2.477226 /dados/ufes/20210212/1613161087.150906.png
7757933.16326 -363706.935569 -2.439425 /dados/ufes/20210131/1612122919.825013.png
7757929.34177 -363710.181549 -2.450393 /dados/ufes/20210131/1612122921.667738.png
7757925.3971 -363713.38484 -2.465782 /dados/ufes/20210131/1612122922.963501.png
7757921.37438 -363716.561749 -2.469865 /dados/ufes/20210131/1612122924.159786.png
7757917.32878 -363719.695802 -2.47729 /dados/ufes/20210131/1612122925.356060.png
7757913.25323 -363722.784447 -2.481564 /dados/ufes/20210131/1612122926.453560.png
7757909.2095 -363725.935765 -2.486485 /dados/ufes/20210131/1612122927.500934.png
7757905.23608 -363729.032502 -2.482539 /dados/ufes/20210131/1612122928.398786.png
7757900.92947 -363732.199022 -2.490351 /dados/ufes/20210131/1612122929.346342.png
7757896.9684 -363735.250733 -2.479995 /dados/ufes/20210131/1612122930.244887.png
7757892.8689 -363738.345879 -2.488401 /dados/ufes/20210131/1612122931.142982.png
7757888.59541 -363741.595237 -2.487568 /dados/ufes/20210131/1612122932.090847.png
7757884.5186 -363744.662195 -2.48727 /dados/ufes/20210131/1612122932.888716.png
7757880.50162 -363747.702534 -2.485098 /dados/ufes/20210131/1612122933.537133.png
7757876.34628 -363750.888643 -2.479861 /dados/ufes/20210131/1612122934.135722.png
7757872.36227 -363754.013561 -2.484495 /dados/ufes/20210131/1612122934.683817.png
7757868.36542 -363757.143939 -2.490416 /dados/ufes/20210131/1612122935.232788.png
7757864.38753 -363760.198563 -2.490356 /dados/ufes/20210131/1612122935.931662.png
7757860.28509 -363763.370158 -2.490538 /dados/ufes/20210131/1612122936.629858.png
7757856.10438 -363766.541203 -2.491424 /dados/ufes/20210131/1612122937.328543.png
7757852.13142 -363769.643542 -2.490489 /dados/ufes/20210131/1612122937.977602.png
7757847.94394 -363772.889914 -2.489566 /dados/ufes/20210131/1612122938.675587.png
7757843.6846 -363776.132602 -2.489658 /dados/ufes/20210131/1612122939.374657.png
7757839.55285 -363779.373258 -2.493629 /dados/ufes/20210131/1612122940.073009.png
7757835.35862 -363782.567812 -2.496866 /dados/ufes/20210131/1612122940.771887.png
7757831.25311 -363785.728968 -2.501911 /dados/ufes/20210131/1612122941.470775.png
7757827.15444 -363788.819273 -2.50743 /dados/ufes/20210131/1612122942.170256.png
7757823.11049 -363791.871907 -2.505705 /dados/ufes/20210131/1612122942.869200.png
7757819.10432 -363794.894755 -2.497944 /dados/ufes/20210131/1612122943.567070.png
7757815.1048 -363797.953119 -2.491928 /dados/ufes/20210131/1612122944.265081.png
7757810.96363 -363801.264979 -2.487847 /dados/ufes/20210131/1612122945.013383.png
7757806.87381 -363804.417862 -2.487865 /dados/ufes/20210131/1612122945.762198.png
7757802.67287 -363807.63918 -2.490929 /dados/ufes/20210131/1612122946.560268.png
7757798.60522 -363810.795964 -2.491473 /dados/ufes/20210131/1612122947.358922.png
7757794.48556 -363813.928012 -2.491143 /dados/ufes/20210131/1612122948.207285.png
7757790.48625 -363817.013733 -2.489913 /dados/ufes/20210131/1612122949.055580.png
7757786.53098 -363820.083691 -2.487364 /dados/ufes/20210131/1612122949.953402.png
7757782.47653 -363823.216618 -2.479608 /dados/ufes/20210131/1612122951.100925.png
7757778.48414 -363826.380893 -2.48267 /dados/ufes/20210131/1612122952.648441.png
7757774.46176 -363829.468141 -2.483647 /dados/ufes/20210131/1612122954.445450.png
7757770.46333 -363832.593535 -2.487404 /dados/ufes/20210131/1612122955.943171.png
7757766.39553 -363835.753144 -2.489975 /dados/ufes/20210131/1612122957.191588.png
7757762.41135 -363838.808337 -2.491347 /dados/ufes/20210131/1612122958.289768.png
7757758.39874 -363841.888327 -2.488281 /dados/ufes/20210131/1612122959.387853.png
7757754.30364 -363845.09861 -2.495657 /dados/ufes/20210131/1612122960.436651.png
7757750.28608 -363848.119273 -2.4978 /dados/ufes/20210131/1612122961.385073.png
7757746.21524 -363851.240824 -2.491576 /dados/ufes/20210131/1612122962.333108.png
7757742.1882 -363854.276066 -2.495267 /dados/ufes/20210131/1612122963.331558.png
7757738.04625 -363857.446823 -2.494724 /dados/ufes/20210131/1612122964.479729.png
7757734.09954 -363860.532982 -2.49153 /dados/ufes/20210131/1612122965.677909.png
7757729.99735 -363863.695903 -2.49187 /dados/ufes/20210131/1612122967.025984.png
7757725.94129 -363866.804791 -2.491611 /dados/ufes/20210131/1612122968.573596.png
7757721.93138 -363869.90318 -2.485963 /dados/ufes/20210131/1612122970.370929.png
7757717.89911 -363873.033201 -2.481941 /dados/ufes/20210131/1612122972.117648.png
7757713.87966 -363876.224687 -2.479304 /dados/ufes/20210131/1612122973.515435.png
7757709.79366 -363879.44765 -2.487588 /dados/ufes/20210131/1612122974.714145.png
7757705.81961 -363882.521144 -2.491828 /dados/ufes/20210131/1612122975.713017.png
7757701.59892 -363885.74296 -2.491138 /dados/ufes/20210131/1612122976.761967.png
7757697.56013 -363888.876387 -2.496831 /dados/ufes/20210131/1612122977.710392.png
7757693.51066 -363891.93327 -2.499064 /dados/ufes/20210131/1612122978.559223.png
7757689.26405 -363895.136733 -2.50042 /dados/ufes/20210131/1612122979.407972.png
7757685.06496 -363898.314682 -2.503324 /dados/ufes/20210131/1612122980.256865.png
7757680.87489 -363901.478887 -2.504844 /dados/ufes/20210131/1612122981.055710.png
7757676.66704 -363904.664373 -2.502714 /dados/ufes/20210131/1612122981.804394.png
7757672.40749 -363907.844556 -2.496925 /dados/ufes/20210131/1612122982.552840.png
7757668.42175 -363910.900331 -2.492367 /dados/ufes/20210131/1612122983.251060.png
7757664.45418 -363913.968445 -2.492236 /dados/ufes/20210131/1612122983.950353.png
7757660.33952 -363917.171893 -2.487454 /dados/ufes/20210131/1612122984.648621.png
7757656.31521 -363920.283101 -2.486393 /dados/ufes/20210131/1612122985.347625.png
7757652.33915 -363923.391279 -2.48543 /dados/ufes/20210131/1612122986.046859.png
7757648.2774 -363926.46401 -2.48739 /dados/ufes/20210131/1612122986.746091.png
7757644.27748 -363929.571254 -2.4867 /dados/ufes/20210131/1612122987.445508.png
7757640.06526 -363932.864588 -2.487901 /dados/ufes/20210131/1612122988.194536.png
7757636.08893 -363935.924211 -2.493353 /dados/ufes/20210131/1612122988.893717.png
7757632.09285 -363938.973613 -2.496783 /dados/ufes/20210131/1612122989.592535.png
7757627.85814 -363942.172125 -2.501149 /dados/ufes/20210131/1612122990.341377.png
7757623.71593 -363945.287779 -2.498449 /dados/ufes/20210131/1612122991.090431.png
7757619.64922 -363948.366429 -2.495563 /dados/ufes/20210131/1612122991.839238.png
7757615.5956 -363951.494523 -2.490377 /dados/ufes/20210131/1612122992.587822.png
7757611.53032 -363954.644219 -2.487921 /dados/ufes/20210131/1612122993.336170.png
7757607.53927 -363957.724217 -2.485637 /dados/ufes/20210131/1612122994.085338.png
7757603.54907 -363960.883467 -2.488739 /dados/ufes/20210131/1612122994.834350.png
7757599.51646 -363963.983402 -2.499094 /dados/ufes/20210131/1612122995.583266.png
7757595.33245 -363967.138227 -2.499399 /dados/ufes/20210131/1612122996.332137.png
7757591.20698 -363970.22899 -2.498056 /dados/ufes/20210131/1612122997.082574.png
7757587.16147 -363973.328844 -2.495693 /dados/ufes/20210131/1612122997.837360.png
7757583.11166 -363976.442975 -2.492514 /dados/ufes/20210131/1612122998.592141.png
7757579.1103 -363979.509074 -2.490082 /dados/ufes/20210131/1612122999.346439.png
7757575.12379 -363982.607544 -2.48899 /dados/ufes/20210131/1612123000.100610.png
7757571.12094 -363985.705988 -2.487549 /dados/ufes/20210131/1612123000.854497.png
7757567.13081 -363988.790035 -2.492819 /dados/ufes/20210131/1612123001.608096.png
7757563.04737 -363991.870727 -2.507354 /dados/ufes/20210131/1612123002.361830.png
7757559.01042 -363994.872999 -2.52867 /dados/ufes/20210131/1612123003.115088.png
7757554.76305 -363997.790075 -2.567633 /dados/ufes/20210131/1612123003.868283.png
7757550.4644 -364000.491694 -2.618139 /dados/ufes/20210131/1612123004.621647.png
7757545.90319 -364003.107804 -2.643861 /dados/ufes/20210131/1612123005.374594.png
7757541.31449 -364005.599689 -2.647859 /dados/ufes/20210131/1612123006.127934.png
7757536.89419 -364007.992371 -2.648309 /dados/ufes/20210131/1612123006.830297.png
7757532.42694 -364010.454882 -2.637343 /dados/ufes/20210131/1612123007.532613.png
7757528.0079 -364012.977245 -2.622912 /dados/ufes/20210131/1612123008.234997.png
7757523.64171 -364015.548383 -2.598609 /dados/ufes/20210131/1612123008.936752.png
7757519.0461 -364018.489509 -2.564559 /dados/ufes/20210131/1612123009.688722.png
7757514.65518 -364021.469553 -2.525019 /dados/ufes/20210131/1612123010.440379.png
7757510.38835 -364024.646633 -2.492082 /dados/ufes/20210131/1612123011.192538.png
7757506.14018 -364027.973715 -2.465165 /dados/ufes/20210131/1612123011.944274.png
7757502.27392 -364031.181476 -2.442739 /dados/ufes/20210131/1612123012.645959.png
7757498.46572 -364034.483451 -2.42539 /dados/ufes/20210131/1612123013.347373.png
7757494.52584 -364037.940217 -2.405966 /dados/ufes/20210131/1612123014.098823.png
7757490.67221 -364041.468716 -2.401815 /dados/ufes/20210131/1612123014.849845.png
7757486.88079 -364044.938529 -2.405574 /dados/ufes/20210131/1612123015.601369.png
7757483.01559 -364048.402197 -2.42566 /dados/ufes/20210131/1612123016.352744.png
7757479.16851 -364051.720596 -2.451378 /dados/ufes/20210131/1612123017.104164.png
7757475.17842 -364055.01773 -2.478679 /dados/ufes/20210131/1612123017.854451.png
7757471.19243 -364058.068729 -2.516044 /dados/ufes/20210131/1612123018.604810.png
7757467.00611 -364061.027837 -2.549015 /dados/ufes/20210131/1612123019.355586.png
7757462.69519 -364063.842284 -2.584734 /dados/ufes/20210131/1612123020.106364.png
7757458.13555 -364066.608742 -2.617659 /dados/ufes/20210131/1612123020.857281.png
7757453.56327 -364069.227478 -2.644621 /dados/ufes/20210131/1612123021.608092.png
7757448.92489 -364071.705035 -2.67044 /dados/ufes/20210131/1612123022.358849.png
7757444.39341 -364073.956921 -2.702585 /dados/ufes/20210131/1612123023.059868.png
7757439.56085 -364076.200609 -2.737107 /dados/ufes/20210131/1612123023.810662.png
7757434.56487 -364078.242374 -2.761539 /dados/ufes/20210131/1612123024.560512.png
7757429.66064 -364080.181973 -2.777914 /dados/ufes/20210131/1612123025.311192.png
7757424.77467 -364082.01589 -2.79638 /dados/ufes/20210131/1612123026.061525.png
7757419.8619 -364083.792637 -2.811206 /dados/ufes/20210131/1612123026.811883.png
7757415.11355 -364085.421611 -2.828547 /dados/ufes/20210131/1612123027.561991.png
7757410.21491 -364087.014621 -2.839989 /dados/ufes/20210131/1612123028.312501.png
7757405.32853 -364088.566881 -2.857572 /dados/ufes/20210131/1612123029.062410.png
7757400.5172 -364089.976285 -2.8762 /dados/ufes/20210131/1612123029.812765.png
7757395.51972 -364091.317805 -2.893972 /dados/ufes/20210131/1612123030.562951.png
7757390.57374 -364092.607072 -2.907551 /dados/ufes/20210131/1612123031.312926.png
7757385.69617 -364093.786362 -2.923971 /dados/ufes/20210131/1612123032.063333.png
7757380.55531 -364094.939082 -2.941911 /dados/ufes/20210131/1612123032.863205.png
7757375.5254 -364095.937087 -2.955805 /dados/ufes/20210131/1612123033.663555.png
7757370.59326 -364096.864117 -2.958077 /dados/ufes/20210131/1612123034.513706.png
7757365.59681 -364097.775199 -2.965746 /dados/ufes/20210131/1612123035.713622.png
7757360.63559 -364098.663929 -2.987139 /dados/ufes/20210131/1612123037.262762.png
7757355.61749 -364099.403376 -3.005302 /dados/ufes/20210131/1612123038.812813.png
7757350.44796 -364100.060813 -3.036352 /dados/ufes/20210131/1612123040.162112.png
7757345.28758 -364100.540178 -3.076881 /dados/ufes/20210131/1612123041.312243.png
7757340.11788 -364100.798054 -3.112002 /dados/ufes/20210131/1612123042.411794.png
7757335.0726 -364100.877497 -3.13999 /dados/ufes/20210131/1612123043.461351.png
7757334.09248 -364100.878172 3.139852 /dados/ufes/20210131/1612123043.661121.png
7757329.03921 -364100.844172 3.116209 /dados/ufes/20210131/1612123044.810940.png
7757323.9635 -364100.684966 3.09608 /dados/ufes/20210131/1612123046.061002.png
7757318.86212 -364100.454571 3.076504 /dados/ufes/20210131/1612123047.460724.png
7757313.7924 -364100.046758 3.058399 /dados/ufes/20210131/1612123049.010279.png
7757308.79692 -364099.630619 3.050132 /dados/ufes/20210131/1612123050.809969.png
7757303.65301 -364099.144213 3.047416 /dados/ufes/20210131/1612123052.509171.png
7757298.52765 -364098.685344 3.033288 /dados/ufes/20210131/1612123053.909003.png
7757293.34698 -364098.145504 3.013191 /dados/ufes/20210131/1612123055.158671.png
7757288.36204 -364097.462048 2.99649 /dados/ufes/20210131/1612123056.308026.png
7757283.19979 -364096.749814 2.988676 /dados/ufes/20210131/1612123057.457781.png
7757278.00338 -364096.015208 2.994165 /dados/ufes/20210131/1612123058.507251.png
7757273.04312 -364095.315371 2.994463 /dados/ufes/20210131/1612123059.457108.png
7757267.85889 -364094.534479 2.993533 /dados/ufes/20210131/1612123060.406435.png
7757262.60457 -364093.806904 2.993659 /dados/ufes/20210131/1612123061.356181.png
7757257.64363 -364093.056369 2.991802 /dados/ufes/20210131/1612123062.253655.png
7757252.43788 -364092.321665 2.986095 /dados/ufes/20210131/1612123063.144323.png
7757247.29469 -364091.506851 2.98408 /dados/ufes/20210131/1612123064.035306.png
7757242.35414 -364090.734717 2.992925 /dados/ufes/20210131/1612123064.877411.png
7757237.08986 -364089.976929 3.000953 /dados/ufes/20210131/1612123065.769167.png
7757232.05037 -364089.277103 2.992769 /dados/ufes/20210131/1612123066.611799.png
7757226.90313 -364088.49117 2.975829 /dados/ufes/20210131/1612123067.453941.png
7757221.67029 -364087.604247 2.960625 /dados/ufes/20210131/1612123068.297596.png
7757216.60462 -364086.694109 2.942379 /dados/ufes/20210131/1612123069.140909.png
7757211.70222 -364085.647531 2.926808 /dados/ufes/20210131/1612123069.935597.png
7757206.56943 -364084.489996 2.889452 /dados/ufes/20210131/1612123070.779345.png
7757201.41759 -364083.085355 2.865752 /dados/ufes/20210131/1612123071.623256.png
7757196.52952 -364081.684973 2.859205 /dados/ufes/20210131/1612123072.418752.png
7757191.62878 -364080.256983 2.872739 /dados/ufes/20210131/1612123073.214024.png
7757186.56433 -364078.948126 2.904083 /dados/ufes/20210131/1612123074.009044.png
7757181.53009 -364077.817487 2.946641 /dados/ufes/20210131/1612123074.804390.png
7757176.40958 -364076.916141 2.99353 /dados/ufes/20210131/1612123075.600422.png
7757171.20379 -364076.240303 3.031823 /dados/ufes/20210131/1612123076.395846.png
7757165.92373 -364075.68972 3.046965 /dados/ufes/20210131/1612123077.192238.png
7757160.64491 -364075.227593 3.059042 /dados/ufes/20210131/1612123077.987936.png
7757155.30535 -364074.855938 3.064443 /dados/ufes/20210131/1612123078.784072.png
7757149.97008 -364074.419468 3.06076 /dados/ufes/20210131/1612123079.579927.png
7757144.88515 -364074.021358 3.057889 /dados/ufes/20210131/1612123080.327042.png
7757139.78089 -364073.589305 3.056301 /dados/ufes/20210131/1612123081.073614.png
7757134.61554 -364073.158444 3.045527 /dados/ufes/20210131/1612123081.820623.png
7757129.56818 -364072.617692 3.029859 /dados/ufes/20210131/1612123082.567571.png
7757124.46252 -364071.977104 3.013818 /dados/ufes/20210131/1612123083.314434.png
7757119.42967 -364071.254491 3.006155 /dados/ufes/20210131/1612123084.061615.png
7757114.11407 -364070.54068 3.005483 /dados/ufes/20210131/1612123084.858479.png
7757108.91017 -364069.841465 3.003925 /dados/ufes/20210131/1612123085.655856.png
7757103.65112 -364069.169328 3.007423 /dados/ufes/20210131/1612123086.452602.png
7757098.38443 -364068.469114 3.017134 /dados/ufes/20210131/1612123087.249552.png
7757093.37076 -364067.837683 3.021814 /dados/ufes/20210131/1612123087.998034.png
7757088.39474 -364067.296534 3.044757 /dados/ufes/20210131/1612123088.745264.png
7757083.28216 -364066.899205 3.07893 /dados/ufes/20210131/1612123089.493344.png
7757078.24709 -364066.682523 3.114664 /dados/ufes/20210131/1612123090.240735.png
7757073.10457 -364066.572 3.127891 /dados/ufes/20210131/1612123090.988395.png
7757067.92769 -364066.525629 3.115491 /dados/ufes/20210131/1612123091.735870.png
7757062.76862 -364066.363353 3.086506 /dados/ufes/20210131/1612123092.483595.png
7757057.61496 -364066.043809 3.057934 /dados/ufes/20210131/1612123093.231774.png
7757052.36166 -364065.554112 3.038404 /dados/ufes/20210131/1612123093.979835.png
7757047.3434 -364065.022852 3.027425 /dados/ufes/20210131/1612123094.677393.png
7757042.03788 -364064.43103 3.018339 /dados/ufes/20210131/1612123095.425471.png
7757036.70599 -364063.745356 3.020016 /dados/ufes/20210131/1612123096.173748.png
7757031.52965 -364063.159251 3.018727 /dados/ufes/20210131/1612123096.872135.png
7757026.5026 -364062.527749 3.010619 /dados/ufes/20210131/1612123097.570245.png
7757021.33745 -364061.809976 3.007146 /dados/ufes/20210131/1612123098.268983.png
7757016.27939 -364061.120786 3.005442 /dados/ufes/20210131/1612123098.967524.png
7757011.13878 -364060.446279 3.007024 /dados/ufes/20210131/1612123099.665826.png
7757006.01397 -364059.768332 3.011023 /dados/ufes/20210131/1612123100.364459.png
7757000.9285 -364059.110894 3.006965 /dados/ufes/20210131/1612123101.063088.png
7756995.93837 -364058.454051 3.005336 /dados/ufes/20210131/1612123101.761109.png
7756990.9728 -364057.795841 3.000998 /dados/ufes/20210131/1612123102.459522.png
7756985.95775 -364057.104626 3.002784 /dados/ufes/20210131/1612123103.157960.png
7756980.69138 -364056.36972 3.00396 /dados/ufes/20210131/1612123103.906648.png
7756975.41212 -364055.642939 3.002616 /dados/ufes/20210131/1612123104.655217.png
7756970.20457 -364054.925317 3.002981 /dados/ufes/20210131/1612123105.403341.png
7756964.98467 -364054.238326 3.005202 /dados/ufes/20210131/1612123106.152336.png
7756959.90021 -364053.558584 3.006613 /dados/ufes/20210131/1612123106.900483.png
7756954.78682 -364052.844588 3.007658 /dados/ufes/20210131/1612123107.648809.png
7756949.76443 -364052.195323 3.00205 /dados/ufes/20210131/1612123108.397447.png
7756944.55219 -364051.437905 3.000098 /dados/ufes/20210131/1612123109.196285.png
7756939.35972 -364050.681764 3.001141 /dados/ufes/20210131/1612123109.994687.png
7756934.33706 -364050.000002 3.002379 /dados/ufes/20210131/1612123110.793527.png
7756929.24353 -364049.336688 3.007151 /dados/ufes/20210131/1612123111.641249.png
7756924.03678 -364048.685102 3.009466 /dados/ufes/20210131/1612123112.539415.png
7756918.86141 -364048.008653 3.011001 /dados/ufes/20210131/1612123113.487981.png
7756913.88245 -364047.398568 3.01014 /dados/ufes/20210131/1612123114.436033.png
7756908.8606 -364046.77043 3.00712 /dados/ufes/20210131/1612123115.684028.png
7756903.84929 -364046.119355 3.004219 /dados/ufes/20210131/1612123117.430898.png
7756898.79812 -364045.45143 3.003852 /dados/ufes/20210131/1612123119.127801.png
7756893.70146 -364044.812255 3.0028 /dados/ufes/20210131/1612123120.824808.png
7756888.69853 -364044.130955 3.003369 /dados/ufes/20210131/1612123122.272373.png
7756883.65298 -364043.473952 3.005508 /dados/ufes/20210131/1612123123.521054.png
7756878.66449 -364042.879427 3.006261 /dados/ufes/20210131/1612123124.618567.png
7756873.6205 -364042.29943 3.009753 /dados/ufes/20210131/1612123125.617278.png
7756868.62465 -364041.657386 3.005627 /dados/ufes/20210131/1612123126.570611.png
7756863.46591 -364041.061859 2.999377 /dados/ufes/20210131/1612123127.525772.png
7756858.30805 -364040.36276 2.993382 /dados/ufes/20210131/1612123128.480742.png
7756853.34207 -364039.606522 2.990453 /dados/ufes/20210131/1612123129.434967.png
7756848.31324 -364038.813425 2.988131 /dados/ufes/20210131/1612123130.439728.png
7756843.21107 -364038.070568 2.998635 /dados/ufes/20210131/1612123131.593991.png
7756838.1279 -364037.349016 3.002484 /dados/ufes/20210131/1612123133.149972.png
7756833.07634 -364036.665885 2.997858 /dados/ufes/20210131/1612123135.106441.png
7756828.02715 -364035.842354 2.953356 /dados/ufes/20210131/1612123136.861244.png
7756823.04505 -364034.782159 2.898808 /dados/ufes/20210131/1612123138.164777.png
7756818.07734 -364033.514482 2.86999 /dados/ufes/20210131/1612123139.417419.png
7756813.19641 -364032.14428 2.86084 /dados/ufes/20210131/1612123140.620119.png
7756808.32647 -364030.777937 2.865259 /dados/ufes/20210131/1612123141.721864.png
7756803.50789 -364029.378954 2.858209 /dados/ufes/20210131/1612123142.824016.png
7756798.71803 -364027.930743 2.843056 /dados/ufes/20210131/1612123143.925646.png
7756793.93844 -364026.450931 2.825648 /dados/ufes/20210131/1612123145.127262.png
7756789.1906 -364024.870486 2.80965 /dados/ufes/20210131/1612123146.378826.png
7756784.37067 -364023.191728 2.799459 /dados/ufes/20210131/1612123147.830007.png
7756779.58996 -364021.441302 2.793656 /dados/ufes/20210131/1612123149.331964.png
7756774.75622 -364019.666523 2.789959 /dados/ufes/20210131/1612123150.682779.png
7756770.00794 -364017.922525 2.790128 /dados/ufes/20210131/1612123151.783440.png
7756765.13299 -364016.168529 2.78426 /dados/ufes/20210131/1612123152.734093.png
7756760.14299 -364014.297541 2.773687 /dados/ufes/20210131/1612123153.684424.png
7756755.35484 -364012.387845 2.753169 /dados/ufes/20210131/1612123154.534947.png
7756750.61722 -364010.392652 2.731063 /dados/ufes/20210131/1612123155.335421.png
7756745.88602 -364008.342832 2.70982 /dados/ufes/20210131/1612123156.085309.png
7756741.0627 -364006.086649 2.69039 /dados/ufes/20210131/1612123156.836077.png
7756736.40323 -364003.837836 2.674318 /dados/ufes/20210131/1612123157.585750.png
7756731.91051 -364001.579508 2.662536 /dados/ufes/20210131/1612123158.286591.png
7756727.29159 -363999.182371 2.650456 /dados/ufes/20210131/1612123159.037228.png
7756722.62622 -363996.617781 2.623597 /dados/ufes/20210131/1612123159.787138.png
7756718.0276 -363993.940955 2.600158 /dados/ufes/20210131/1612123160.537198.png
7756713.44502 -363991.239113 2.592975 /dados/ufes/20210131/1612123161.286489.png
7756708.96943 -363988.511317 2.587406 /dados/ufes/20210131/1612123162.036702.png
7756704.49553 -363985.746045 2.584396 /dados/ufes/20210131/1612123162.786833.png
7756699.98475 -363982.909395 2.589625 /dados/ufes/20210131/1612123163.537385.png
7756695.52501 -363980.198056 2.586383 /dados/ufes/20210131/1612123164.286863.png
7756691.11629 -363977.5065 2.585968 /dados/ufes/20210131/1612123165.036933.png
7756686.83955 -363974.90345 2.58071 /dados/ufes/20210131/1612123165.736927.png
7756682.44066 -363972.179036 2.58552 /dados/ufes/20210131/1612123166.486681.png
7756677.99172 -363969.430301 2.585327 /dados/ufes/20210131/1612123167.236428.png
7756673.49409 -363966.639013 2.58643 /dados/ufes/20210131/1612123167.986405.png
7756669.08387 -363963.920686 2.585468 /dados/ufes/20210131/1612123168.736488.png
7756664.80929 -363961.28481 2.584409 /dados/ufes/20210131/1612123169.435963.png
7756660.41132 -363958.525523 2.581498 /dados/ufes/20210131/1612123170.185391.png
7756655.89414 -363955.731796 2.578828 /dados/ufes/20210131/1612123170.935439.png
7756651.45356 -363952.930494 2.579464 /dados/ufes/20210131/1612123171.685118.png
7756646.94654 -363950.118026 2.578793 /dados/ufes/20210131/1612123172.435156.png
7756642.45942 -363947.338892 2.578594 /dados/ufes/20210131/1612123173.184971.png
7756638.08148 -363944.592827 2.585719 /dados/ufes/20210131/1612123173.934834.png
7756633.57925 -363941.839559 2.58834 /dados/ufes/20210131/1612123174.684348.png
7756629.05905 -363939.053504 2.591504 /dados/ufes/20210131/1612123175.434170.png
7756624.47705 -363936.279915 2.588503 /dados/ufes/20210131/1612123176.183718.png
7756620.04418 -363933.570669 2.58655 /dados/ufes/20210131/1612123176.933667.png
7756615.54475 -363930.768886 2.587074 /dados/ufes/20210131/1612123177.682853.png
7756611.01583 -363927.993819 2.586873 /dados/ufes/20210131/1612123178.433079.png
7756606.4526 -363925.238531 2.586422 /dados/ufes/20210131/1612123179.182729.png
7756601.97495 -363922.497945 2.588385 /dados/ufes/20210131/1612123179.932088.png
7756597.53977 -363919.765253 2.589546 /dados/ufes/20210131/1612123180.682277.png
7756593.05087 -363917.018543 2.587817 /dados/ufes/20210131/1612123181.431906.png
7756588.53547 -363914.249785 2.589885 /dados/ufes/20210131/1612123182.181232.png
7756584.08394 -363911.539283 2.590371 /dados/ufes/20210131/1612123182.930843.png
7756579.69023 -363908.829839 2.587049 /dados/ufes/20210131/1612123183.681028.png
7756575.40894 -363906.202894 2.583201 /dados/ufes/20210131/1612123184.430353.png
7756570.91384 -363903.408033 2.589042 /dados/ufes/20210131/1612123185.229395.png
7756566.4897 -363900.711668 2.593217 /dados/ufes/20210131/1612123186.029342.png
7756562.15116 -363898.150642 2.592295 /dados/ufes/20210131/1612123186.828827.png
7756557.72001 -363895.423716 2.567656 /dados/ufes/20210131/1612123187.678622.png
7756553.33534 -363892.454957 2.50283 /dados/ufes/20210131/1612123188.578041.png
7756549.40129 -363889.338814 2.432531 /dados/ufes/20210131/1612123189.478139.png
7756545.57898 -363885.869432 2.352346 /dados/ufes/20210131/1612123190.426959.png
7756542.11079 -363882.161149 2.270539 /dados/ufes/20210131/1612123191.525954.png
7756539.01453 -363878.134703 2.168414 /dados/ufes/20210131/1612123192.924529.png
7756536.40449 -363873.762851 2.07491 /dados/ufes/20210131/1612123194.921911.png
7756534.01001 -363869.273798 2.020464 /dados/ufes/20210131/1612123198.268587.png
7756531.88204 -363864.538911 1.96723 /dados/ufes/20210131/1612123199.667276.png
7756530.01767 -363859.710829 1.906123 /dados/ufes/20210131/1612123200.716548.png
7756528.52944 -363854.797908 1.804762 /dados/ufes/20210131/1612123201.715573.png
7756527.58665 -363849.851817 1.700023 /dados/ufes/20210131/1612123202.664735.png
7756527.14513 -363844.794994 1.605792 /dados/ufes/20210131/1612123203.563225.png
7756527.12045 -363839.717742 1.536762 /dados/ufes/20210131/1612123204.412766.png
7756527.44114 -363834.516657 1.476998 /dados/ufes/20210131/1612123205.211981.png
7756528.02385 -363829.373204 1.453498 /dados/ufes/20210131/1612123205.911460.png
7756528.66898 -363824.245703 1.444498 /dados/ufes/20210131/1612123206.660581.png
7756529.31583 -363818.955885 1.446798 /dados/ufes/20210131/1612123207.410525.png
7756529.88107 -363813.850365 1.450312 /dados/ufes/20210131/1612123208.159267.png
7756530.45568 -363808.727399 1.447013 /dados/ufes/20210131/1612123208.858826.png
7756531.12043 -363803.576897 1.436242 /dados/ufes/20210131/1612123209.558268.png
7756531.81567 -363798.605898 1.418193 /dados/ufes/20210131/1612123210.207889.png
7756532.64221 -363793.6739 1.379122 /dados/ufes/20210131/1612123210.856773.png
7756533.83198 -363788.517466 1.306246 /dados/ufes/20210131/1612123211.556211.png
7756535.56923 -363783.514568 1.219051 /dados/ufes/20210131/1612123212.305588.png
7756537.41248 -363778.708915 1.145976 /dados/ufes/20210131/1612123213.005050.png
7756539.58996 -363774.181377 1.071603 /dados/ufes/20210131/1612123213.704582.png
7756542.25711 -363769.61546 0.980812 /dados/ufes/20210131/1612123214.453771.png
7756545.17347 -363765.534435 0.887643 /dados/ufes/20210131/1612123215.152537.png
7756548.67169 -363761.565294 0.807954 /dados/ufes/20210131/1612123215.902124.png
7756552.40789 -363757.836322 0.728873 /dados/ufes/20210131/1612123216.651771.png
7756556.4574 -363754.377545 0.680642 /dados/ufes/20210131/1612123217.400187.png
7756560.57958 -363751.022716 0.668794 /dados/ufes/20210131/1612123218.149587.png
7756564.66453 -363747.655196 0.660871 /dados/ufes/20210131/1612123218.899339.png
7756568.58159 -363744.499604 0.6518 /dados/ufes/20210131/1612123219.599234.png
7756572.56099 -363741.440181 0.649178 /dados/ufes/20210131/1612123220.298373.png
7756576.56 -363738.438788 0.645653 /dados/ufes/20210131/1612123220.997895.png
7756580.54808 -363735.414794 0.64824 /dados/ufes/20210131/1612123221.697729.png
7756584.71827 -363732.161792 0.65017 /dados/ufes/20210131/1612123222.446158.png
7756588.91885 -363728.903738 0.65481 /dados/ufes/20210131/1612123223.195165.png
7756593.07462 -363725.665741 0.654721 /dados/ufes/20210131/1612123223.945168.png
7756597.21666 -363722.42782 0.651156 /dados/ufes/20210131/1612123224.694077.png
7756601.2739 -363719.355395 0.649695 /dados/ufes/20210131/1612123225.393560.png
7756605.32966 -363716.237477 0.651258 /dados/ufes/20210131/1612123226.142816.png
7756609.34403 -363713.126767 0.663785 /dados/ufes/20210131/1612123226.891920.png
7756613.45927 -363709.816751 0.672561 /dados/ufes/20210131/1612123227.641774.png
7756617.55462 -363706.535329 0.667309 /dados/ufes/20210131/1612123228.391016.png
7756621.58747 -363703.348838 0.661876 /dados/ufes/20210131/1612123229.090134.png
7756625.76848 -363700.016912 0.656708 /dados/ufes/20210131/1612123229.840442.png
7756629.71945 -363696.935622 0.660839 /dados/ufes/20210131/1612123230.539558.png
7756633.86248 -363693.680707 0.656915 /dados/ufes/20210131/1612123231.288540.png
7756637.92093 -363690.457411 0.653096 /dados/ufes/20210131/1612123232.037889.png
7756642.15129 -363687.17086 0.658085 /dados/ufes/20210131/1612123232.787104.png
7756646.27626 -363683.938484 0.655746 /dados/ufes/20210131/1612123233.536697.png
7756650.20972 -363680.848378 0.642688 /dados/ufes/20210131/1612123234.236350.png
7756654.4133 -363677.700385 0.62174 /dados/ufes/20210131/1612123234.985909.png
7756658.69719 -363674.723394 0.580435 /dados/ufes/20210131/1612123235.734448.png
7756663.16465 -363671.976642 0.540282 /dados/ufes/20210131/1612123236.483906.png
7756667.66325 -363669.381115 0.502683 /dados/ufes/20210131/1612123237.233607.png
7756672.29433 -363666.903773 0.463916 /dados/ufes/20210131/1612123237.982805.png
7756677.02894 -363664.639576 0.417708 /dados/ufes/20210131/1612123238.732070.png
7756681.81413 -363662.608906 0.373309 /dados/ufes/20210131/1612123239.481488.png
7756686.79104 -363660.716417 0.334749 /dados/ufes/20210131/1612123240.231301.png
7756691.88505 -363659.073681 0.291854 /dados/ufes/20210131/1612123240.980131.png
7756696.97318 -363657.726359 0.248021 /dados/ufes/20210131/1612123241.729726.png
7756701.96416 -363656.627019 0.202445 /dados/ufes/20210131/1612123242.429223.png
7756707.14642 -363655.684705 0.151864 /dados/ufes/20210131/1612123243.178755.png
7756712.31019 -363655.008191 0.110638 /dados/ufes/20210131/1612123243.927899.png
7756717.4294 -363654.51965 0.075044 /dados/ufes/20210131/1612123244.677685.png
7756722.65031 -363654.208869 0.029557 /dados/ufes/20210131/1612123245.427231.png
7756727.87931 -363654.11673 -0.010095 /dados/ufes/20210131/1612123246.176697.png
7756733.06143 -363654.247349 -0.052002 /dados/ufes/20210131/1612123246.925870.png
7756738.17554 -363654.593547 -0.079278 /dados/ufes/20210131/1612123247.675212.png
7756743.32884 -363655.057795 -0.101643 /dados/ufes/20210131/1612123248.424609.png
7756748.50082 -363655.604062 -0.114861 /dados/ufes/20210131/1612123249.173858.png
7756753.61933 -363656.236042 -0.122836 /dados/ufes/20210131/1612123249.923242.png
7756758.75635 -363656.882446 -0.128047 /dados/ufes/20210131/1612123250.673068.png
7756763.96107 -363657.528143 -0.133787 /dados/ufes/20210131/1612123251.422539.png
7756769.15026 -363658.193022 -0.13877 /dados/ufes/20210131/1612123252.171574.png
7756774.26156 -363658.906856 -0.128952 /dados/ufes/20210131/1612123252.921100.png
7756779.41089 -363659.512673 -0.125696 /dados/ufes/20210131/1612123253.670493.png
7756784.50692 -363660.19457 -0.119138 /dados/ufes/20210131/1612123254.420298.png
7756789.73702 -363660.797897 -0.119206 /dados/ufes/20210131/1612123255.170414.png
7756794.90587 -363661.382008 -0.11066 /dados/ufes/20210131/1612123255.919616.png
7756800.00954 -363661.954599 -0.093478 /dados/ufes/20210131/1612123256.668784.png
7756805.20793 -363662.383622 -0.075571 /dados/ufes/20210131/1612123257.418276.png
7756810.36412 -363662.709615 -0.061064 /dados/ufes/20210131/1612123258.167277.png
7756815.49119 -363662.99792 -0.056117 /dados/ufes/20210131/1612123258.916842.png
7756820.72312 -363663.236596 -0.049604 /dados/ufes/20210131/1612123259.666371.png
7756825.8821 -363663.438756 -0.042226 /dados/ufes/20210131/1612123260.415442.png
7756831.01223 -363663.612682 -0.055248 /dados/ufes/20210131/1612123261.165377.png
7756836.24798 -363663.894504 -0.09769 /dados/ufes/20210131/1612123261.914694.png
7756841.4797 -363664.417164 -0.146104 /dados/ufes/20210131/1612123262.664076.png
7756846.53084 -363665.216076 -0.189983 /dados/ufes/20210131/1612123263.413530.png
7756851.70312 -363666.25329 -0.229147 /dados/ufes/20210131/1612123264.163060.png
7756856.86096 -363667.426757 -0.246052 /dados/ufes/20210131/1612123264.912898.png
7756862.00458 -363668.642816 -0.242491 /dados/ufes/20210131/1612123265.661932.png
7756867.11216 -363669.871145 -0.20546 /dados/ufes/20210131/1612123266.411443.png
7756872.04821 -363670.782914 -0.163845 /dados/ufes/20210131/1612123267.111604.png
7756877.06816 -363671.514175 -0.136035 /dados/ufes/20210131/1612123267.810590.png
7756882.07837 -363672.140281 -0.123885 /dados/ufes/20210131/1612123268.510290.png
7756887.35944 -363672.791046 -0.131004 /dados/ufes/20210131/1612123269.258973.png
7756892.37872 -363673.45237 -0.136855 /dados/ufes/20210131/1612123269.959025.png
7756897.7074 -363674.153271 -0.148672 /dados/ufes/20210131/1612123270.708421.png
7756902.96412 -363674.905436 -0.141432 /dados/ufes/20210131/1612123271.457492.png
7756907.98298 -363675.553959 -0.148664 /dados/ufes/20210131/1612123272.157642.png
7756913.21601 -363676.360149 -0.158585 /dados/ufes/20210131/1612123272.906864.png
7756918.45426 -363677.134981 -0.147665 /dados/ufes/20210131/1612123273.656280.png
7756923.69271 -363677.839512 -0.146242 /dados/ufes/20210131/1612123274.406058.png
7756928.90089 -363678.624638 -0.143746 /dados/ufes/20210131/1612123275.155308.png
7756934.12281 -363679.359209 -0.145372 /dados/ufes/20210131/1612123275.905064.png
7756939.36954 -363680.099683 -0.141308 /dados/ufes/20210131/1612123276.654729.png
7756944.63255 -363680.80765 -0.139504 /dados/ufes/20210131/1612123277.404014.png
7756949.80506 -363681.497751 -0.139298 /dados/ufes/20210131/1612123278.153301.png
7756954.99748 -363682.182134 -0.135407 /dados/ufes/20210131/1612123278.902448.png
7756960.23686 -363682.811776 -0.13471 /dados/ufes/20210131/1612123279.652081.png
7756965.35701 -363683.459548 -0.137299 /dados/ufes/20210131/1612123280.401473.png
7756970.70264 -363684.129221 -0.13714 /dados/ufes/20210131/1612123281.200701.png
7756975.91176 -363684.832675 -0.144066 /dados/ufes/20210131/1612123282.000225.png
7756980.99733 -363685.566392 -0.141007 /dados/ufes/20210131/1612123282.799744.png
7756986.18546 -363686.253826 -0.141975 /dados/ufes/20210131/1612123283.649410.png
7756991.20793 -363686.933003 -0.134764 /dados/ufes/20210131/1612123284.498814.png
7756996.36722 -363687.567661 -0.136619 /dados/ufes/20210131/1612123285.398042.png
7757001.40265 -363688.265924 -0.130704 /dados/ufes/20210131/1612123286.297287.png
7757006.61579 -363688.955223 -0.134601 /dados/ufes/20210131/1612123287.246434.png
7757011.64771 -363689.566711 -0.13339 /dados/ufes/20210131/1612123288.196421.png
7757016.82115 -363690.264922 -0.139204 /dados/ufes/20210131/1612123289.194959.png
7757021.84723 -363690.923378 -0.137431 /dados/ufes/20210131/1612123290.194308.png
7757026.87557 -363691.587074 -0.124633 /dados/ufes/20210131/1612123291.243841.png
7757031.98441 -363692.096479 -0.117488 /dados/ufes/20210131/1612123292.392542.png
7757036.9727 -363692.693257 -0.126029 /dados/ufes/20210131/1612123293.642483.png
7757042.10005 -363693.234326 -0.1337 /dados/ufes/20210131/1612123295.240722.png
7757047.08042 -363693.919157 -0.138725 /dados/ufes/20210131/1612123297.089384.png
7757052.09795 -363694.601933 -0.151763 /dados/ufes/20210131/1612123298.638440.png
7757057.20788 -363695.379284 -0.163927 /dados/ufes/20210131/1612123299.987951.png
7757062.31578 -363696.248858 -0.183148 /dados/ufes/20210131/1612123301.286559.png
7757067.39944 -363697.117898 -0.14944 /dados/ufes/20210131/1612123302.535656.png
7757072.4427 -363697.333099 0.109902 /dados/ufes/20210131/1612123303.834742.png
7757077.41172 -363695.958652 0.409239 /dados/ufes/20210131/1612123305.134034.png
7757081.83721 -363693.629948 0.507545 /dados/ufes/20210131/1612123306.234133.png
7757086.30173 -363691.029295 0.532791 /dados/ufes/20210131/1612123307.332919.png
7757090.69722 -363688.422174 0.540321 /dados/ufes/20210131/1612123308.482173.png
7757095.05661 -363685.793274 0.547022 /dados/ufes/20210131/1612123309.780605.png
7757099.32818 -363683.148532 0.550922 /dados/ufes/20210131/1612123311.228599.png
7757103.6797 -363680.450248 0.548323 /dados/ufes/20210131/1612123312.677817.png
7757108.06706 -363677.752103 0.55037 /dados/ufes/20210131/1612123313.927725.png
7757112.38494 -363675.114041 0.542857 /dados/ufes/20210131/1612123315.026220.png
7757116.84573 -363672.450453 0.538883 /dados/ufes/20210131/1612123316.125775.png
7757121.22268 -363669.788395 0.537249 /dados/ufes/20210131/1612123317.124884.png
7757125.60103 -363667.204959 0.534824 /dados/ufes/20210131/1612123318.074039.png
7757130.10415 -363664.560832 0.527568 /dados/ufes/20210131/1612123319.022808.png
7757134.60045 -363661.945633 0.524947 /dados/ufes/20210131/1612123319.971184.png
7757139.03487 -363659.404576 0.516284 /dados/ufes/20210131/1612123320.920014.png
7757143.45056 -363656.919391 0.504464 /dados/ufes/20210131/1612123321.918581.png
7757147.91976 -363654.411424 0.508278 /dados/ufes/20210131/1612123322.966774.png
7757152.43962 -363651.852855 0.538673 /dados/ufes/20210131/1612123324.065972.png
7757156.82672 -363649.097552 0.584567 /dados/ufes/20210131/1612123325.164531.png
7757161.04949 -363645.946031 0.725757 /dados/ufes/20210131/1612123326.262081.png
7757164.59225 -363642.388534 0.892722 /dados/ufes/20210131/1612123327.360524.png
7757167.54406 -363638.155275 1.04899 /dados/ufes/20210131/1612123328.459065.png
7757169.8242 -363633.543907 1.148902 /dados/ufes/20210131/1612123329.508234.png
7757171.85611 -363628.874389 1.169677 /dados/ufes/20210131/1612123330.556643.png
7757173.92607 -363624.118059 1.155713 /dados/ufes/20210131/1612123331.606041.png
7757176.077 -363619.489651 1.08817 /dados/ufes/20210131/1612123332.603892.png
7757178.61938 -363615.177402 0.994461 /dados/ufes/20210131/1612123333.602200.png
7757181.63493 -363611.005084 0.888929 /dados/ufes/20210131/1612123334.600675.png
7757184.97675 -363607.272992 0.773398 /dados/ufes/20210131/1612123335.549684.png
7757188.82635 -363603.846368 0.66201 /dados/ufes/20210131/1612123336.498146.png
7757192.97243 -363600.776045 0.595689 /dados/ufes/20210131/1612123337.447344.png
7757197.20135 -363597.977583 0.57775 /dados/ufes/20210131/1612123338.395602.png
7757201.40467 -363595.249688 0.567175 /dados/ufes/20210131/1612123339.344471.png
7757205.75589 -363592.472624 0.560732 /dados/ufes/20210131/1612123340.293469.png
7757210.0458 -363589.726612 0.574918 /dados/ufes/20210131/1612123341.242019.png
7757214.29797 -363586.896184 0.5874 /dados/ufes/20210131/1612123342.191130.png
7757218.4766 -363584.07561 0.59527 /dados/ufes/20210131/1612123343.139103.png
7757222.72186 -363581.090627 0.599247 /dados/ufes/20210131/1612123344.087393.png
7757227.03977 -363578.060711 0.628241 /dados/ufes/20210131/1612123345.035742.png
7757231.06887 -363574.965996 0.669842 /dados/ufes/20210131/1612123345.983839.png
7757235.05277 -363571.648454 0.72307 /dados/ufes/20210131/1612123346.982442.png
7757238.82261 -363568.142669 0.777569 /dados/ufes/20210131/1612123347.931417.png
7757242.35959 -363564.465292 0.787267 /dados/ufes/20210131/1612123348.880350.png
7757245.98536 -363560.774966 0.786139 /dados/ufes/20210131/1612123349.829276.png
7757249.61836 -363557.09322 0.765123 /dados/ufes/20210131/1612123350.778006.png
7757253.35148 -363553.411139 0.758724 /dados/ufes/20210131/1612123351.726747.png
7757257.02995 -363549.752312 0.745384 /dados/ufes/20210131/1612123352.675651.png
7757260.77559 -363546.232948 0.731968 /dados/ufes/20210131/1612123353.574020.png
7757264.53061 -363542.783761 0.715645 /dados/ufes/20210131/1612123354.473457.png
7757268.35872 -363539.343055 0.691986 /dados/ufes/20210131/1612123355.372390.png
7757272.36205 -363536.027653 0.687552 /dados/ufes/20210131/1612123356.270744.png
7757276.37959 -363532.71909 0.685111 /dados/ufes/20210131/1612123357.169748.png
7757280.34362 -363529.471225 0.676196 /dados/ufes/20210131/1612123358.018990.png
7757284.36012 -363526.265647 0.695624 /dados/ufes/20210131/1612123358.867903.png
7757288.35054 -363522.932188 0.710358 /dados/ufes/20210131/1612123359.716815.png
7757292.25743 -363519.535197 0.7341 /dados/ufes/20210131/1612123360.516402.png
7757296.15837 -363515.888998 0.755498 /dados/ufes/20210131/1612123361.315186.png
7757299.97792 -363512.287878 0.763248 /dados/ufes/20210131/1612123362.113953.png
7757303.73045 -363508.62612 0.769414 /dados/ufes/20210131/1612123362.913535.png
7757307.48075 -363504.982019 0.742912 /dados/ufes/20210131/1612123363.712438.png
7757311.32902 -363501.657637 0.673301 /dados/ufes/20210131/1612123364.511950.png
7757315.39763 -363498.608949 0.570939 /dados/ufes/20210131/1612123365.360584.png
7757319.75055 -363496.11707 0.430104 /dados/ufes/20210131/1612123366.209798.png
7757324.70019 -363494.22365 0.243858 /dados/ufes/20210131/1612123367.109751.png
7757329.8175 -363493.281079 0.053849 /dados/ufes/20210131/1612123368.008090.png
7757335.11217 -363493.342411 -0.121742 /dados/ufes/20210131/1612123368.907108.png
7757340.08281 -363494.186106 -0.229795 /dados/ufes/20210131/1612123369.755916.png
7757345.00412 -363495.403464 -0.285428 /dados/ufes/20210131/1612123370.605198.png
7757349.87405 -363496.827328 -0.324517 /dados/ufes/20210131/1612123371.454483.png
7757354.75698 -363498.491492 -0.34649 /dados/ufes/20210131/1612123372.304285.png
7757359.63996 -363500.216147 -0.388492 /dados/ufes/20210131/1612123373.153721.png
7757364.30496 -363502.207881 -0.427169 /dados/ufes/20210131/1612123373.952831.png
7757368.88985 -363504.30417 -0.470868 /dados/ufes/20210131/1612123374.751475.png
7757373.45105 -363506.686017 -0.526882 /dados/ufes/20210131/1612123375.550737.png
7757377.89235 -363509.458681 -0.582626 /dados/ufes/20210131/1612123376.350007.png
7757382.22532 -363512.422516 -0.634571 /dados/ufes/20210131/1612123377.149549.png
7757386.4727 -363515.624113 -0.684184 /dados/ufes/20210131/1612123377.948384.png
7757390.5681 -363519.074776 -0.756716 /dados/ufes/20210131/1612123378.747927.png
7757394.2125 -363522.701263 -0.843557 /dados/ufes/20210131/1612123379.496605.png
7757397.47793 -363526.506264 -0.885879 /dados/ufes/20210131/1612123380.245532.png
7757400.67318 -363530.464444 -0.907538 /dados/ufes/20210131/1612123380.994321.png
7757403.81615 -363534.459495 -0.918845 /dados/ufes/20210131/1612123381.743549.png
7757406.93605 -363538.480549 -0.922839 /dados/ufes/20210131/1612123382.493180.png
7757410.03397 -363542.55452 -0.924482 /dados/ufes/20210131/1612123383.242327.png
7757413.15585 -363546.592313 -0.920973 /dados/ufes/20210131/1612123383.992020.png
7757416.24397 -363550.603391 -0.919795 /dados/ufes/20210131/1612123384.740950.png
7757419.3873 -363554.645599 -0.919681 /dados/ufes/20210131/1612123385.490451.png
7757422.56285 -363558.758141 -0.925846 /dados/ufes/20210131/1612123386.239497.png
7757425.7565 -363562.851123 -0.928195 /dados/ufes/20210131/1612123386.988432.png
7757428.91845 -363566.990466 -0.929446 /dados/ufes/20210131/1612123387.737571.png
7757432.06498 -363571.143928 -0.938901 /dados/ufes/20210131/1612123388.486695.png
7757435.17679 -363575.356361 -0.94241 /dados/ufes/20210131/1612123389.235820.png
7757438.3462 -363579.565549 -0.936674 /dados/ufes/20210131/1612123389.984993.png
7757441.45882 -363583.691544 -0.933389 /dados/ufes/20210131/1612123390.734593.png
7757444.70599 -363587.934309 -0.935727 /dados/ufes/20210131/1612123391.483875.png
7757447.87452 -363592.146395 -0.932399 /dados/ufes/20210131/1612123392.232892.png
7757451.08592 -363596.40546 -0.933824 /dados/ufes/20210131/1612123392.981672.png
7757454.31225 -363600.71859 -0.93071 /dados/ufes/20210131/1612123393.730057.png
7757457.39528 -363604.753799 -0.930424 /dados/ufes/20210131/1612123394.429631.png
7757460.69191 -363608.997561 -0.926987 /dados/ufes/20210131/1612123395.179047.png
7757463.82834 -363613.028285 -0.925121 /dados/ufes/20210131/1612123395.878990.png
7757466.96131 -363617.08526 -0.923292 /dados/ufes/20210131/1612123396.578895.png
7757470.04291 -363621.098635 -0.918288 /dados/ufes/20210131/1612123397.278312.png
7757473.20876 -363625.220828 -0.911157 /dados/ufes/20210131/1612123397.977082.png
7757476.35689 -363629.201819 -0.880055 /dados/ufes/20210131/1612123398.676301.png
7757479.70791 -363633.068303 -0.836993 /dados/ufes/20210131/1612123399.375942.png
7757483.17291 -363636.736267 -0.77904 /dados/ufes/20210131/1612123400.075114.png
7757487.02786 -363640.268494 -0.723589 /dados/ufes/20210131/1612123400.774142.png
7757490.97121 -363643.506345 -0.655159 /dados/ufes/20210131/1612123401.473741.png
7757495.12106 -363646.515645 -0.583649 /dados/ufes/20210131/1612123402.173723.png
7757499.50477 -363649.152508 -0.518538 /dados/ufes/20210131/1612123402.873060.png
7757504.0431 -363651.531459 -0.450693 /dados/ufes/20210131/1612123403.572172.png
7757508.74581 -363653.58784 -0.372826 /dados/ufes/20210131/1612123404.271364.png
7757513.78368 -363655.300848 -0.293024 /dados/ufes/20210131/1612123405.020572.png
7757518.69372 -363656.637756 -0.23501 /dados/ufes/20210131/1612123405.720072.png
7757523.6411 -363657.687028 -0.191208 /dados/ufes/20210131/1612123406.418908.png
7757528.6281 -363658.543105 -0.153934 /dados/ufes/20210131/1612123407.118364.png
7757533.67058 -363659.204889 -0.112993 /dados/ufes/20210131/1612123407.817447.png
7757539.0519 -363659.708619 -0.061148 /dados/ufes/20210131/1612123408.566852.png
7757544.37996 -363659.940777 -0.031109 /dados/ufes/20210131/1612123409.316340.png
7757549.41394 -363659.999921 -0.005453 /dados/ufes/20210131/1612123410.015445.png
7757554.6842 -363659.919745 0.029386 /dados/ufes/20210131/1612123410.764510.png
7757559.68633 -363659.700213 0.060399 /dados/ufes/20210131/1612123411.464224.png
7757564.97275 -363659.232753 0.096267 /dados/ufes/20210131/1612123412.213195.png
7757570.26276 -363658.665086 0.123492 /dados/ufes/20210131/1612123412.961886.png
7757575.46471 -363657.964751 0.155453 /dados/ufes/20210131/1612123413.711435.png
7757580.56659 -363657.045652 0.185828 /dados/ufes/20210131/1612123414.461006.png
7757585.63085 -363655.967557 0.207175 /dados/ufes/20210131/1612123415.209946.png
7757590.6432 -363654.892614 0.22621 /dados/ufes/20210131/1612123415.959179.png
7757595.69051 -363653.613724 0.247331 /dados/ufes/20210131/1612123416.707924.png
7757600.65829 -363652.25228 0.273948 /dados/ufes/20210131/1612123417.457254.png
7757605.56015 -363650.733101 0.318506 /dados/ufes/20210131/1612123418.207018.png
7757610.41066 -363648.952186 0.347296 /dados/ufes/20210131/1612123418.956633.png
7757615.23201 -363647.065442 0.406156 /dados/ufes/20210131/1612123419.705421.png
7757619.97315 -363644.83375 0.497241 /dados/ufes/20210131/1612123420.454773.png
7757624.56092 -363642.157878 0.583475 /dados/ufes/20210131/1612123421.204675.png
7757628.95645 -363639.100136 0.621373 /dados/ufes/20210131/1612123421.954070.png
7757633.31872 -363635.947405 0.634145 /dados/ufes/20210131/1612123422.702743.png
7757637.53937 -363632.791436 0.652756 /dados/ufes/20210131/1612123423.452272.png
7757641.77342 -363629.534182 0.652227 /dados/ufes/20210131/1612123424.201498.png
7757645.94166 -363626.312943 0.651151 /dados/ufes/20210131/1612123424.950509.png
7757650.17088 -363623.018501 0.649116 /dados/ufes/20210131/1612123425.700003.png
7757654.38412 -363619.766769 0.6391 /dados/ufes/20210131/1612123426.449409.png
7757658.5805 -363616.6231 0.639181 /dados/ufes/20210131/1612123427.198656.png
7757662.82624 -363613.432557 0.636617 /dados/ufes/20210131/1612123427.948142.png
7757667.12141 -363610.244576 0.63576 /dados/ufes/20210131/1612123428.697240.png
7757671.15016 -363607.265235 0.636575 /dados/ufes/20210131/1612123429.396576.png
7757675.34531 -363604.111913 0.636543 /dados/ufes/20210131/1612123430.145842.png
7757679.67509 -363600.9557 0.638171 /dados/ufes/20210131/1612123430.895313.png
7757683.93268 -363597.764806 0.639989 /dados/ufes/20210131/1612123431.644710.png
7757688.13618 -363594.634379 0.639948 /dados/ufes/20210131/1612123432.394024.png
7757692.38212 -363591.463826 0.645392 /dados/ufes/20210131/1612123433.143343.png
7757696.55142 -363588.266076 0.648871 /dados/ufes/20210131/1612123433.892193.png
7757700.71507 -363585.091241 0.649245 /dados/ufes/20210131/1612123434.641313.png
7757704.94725 -363581.850672 0.653926 /dados/ufes/20210131/1612123435.390693.png
7757709.0992 -363578.572477 0.665574 /dados/ufes/20210131/1612123436.139906.png
7757713.18758 -363575.313154 0.660997 /dados/ufes/20210131/1612123436.888985.png
7757717.29163 -363572.1457 0.656621 /dados/ufes/20210131/1612123437.637872.png
7757721.40752 -363568.896269 0.652498 /dados/ufes/20210131/1612123438.387643.png
7757725.53468 -363565.595975 0.651328 /dados/ufes/20210131/1612123439.136932.png
7757729.70815 -363562.364334 0.658758 /dados/ufes/20210131/1612123439.886334.png
7757733.80619 -363559.126385 0.652882 /dados/ufes/20210131/1612123440.636104.png
7757737.98515 -363555.941799 0.652701 /dados/ufes/20210131/1612123441.385509.png
7757742.16535 -363552.735755 0.653472 /dados/ufes/20210131/1612123442.134792.png
7757746.31193 -363549.524152 0.65437 /dados/ufes/20210131/1612123442.884641.png
7757750.48078 -363546.327823 0.66332 /dados/ufes/20210131/1612123443.634390.png
7757754.6288 -363543.057639 0.660322 /dados/ufes/20210131/1612123444.384350.png
7757758.59626 -363539.975472 0.661486 /dados/ufes/20210131/1612123445.083918.png
7757762.56351 -363536.851214 0.658801 /dados/ufes/20210131/1612123445.782142.png
7757766.53086 -363533.797109 0.64193 /dados/ufes/20210131/1612123446.481489.png
7757770.58511 -363530.827081 0.572728 /dados/ufes/20210131/1612123447.181087.png
7757774.92307 -363528.241354 0.473285 /dados/ufes/20210131/1612123447.880720.png
7757779.47899 -363526.093879 0.377454 /dados/ufes/20210131/1612123448.580067.png
7757784.2454 -363524.35786 0.266969 /dados/ufes/20210131/1612123449.279730.png
7757789.11922 -363523.151684 0.167314 /dados/ufes/20210131/1612123449.978345.png
7757794.08209 -363522.508746 0.07235 /dados/ufes/20210131/1612123450.678133.png
7757799.44016 -363522.309804 -0.048964 /dados/ufes/20210131/1612123451.427555.png
7757804.51446 -363522.729006 -0.15128 /dados/ufes/20210131/1612123452.126353.png
7757809.4485 -363523.676628 -0.245707 /dados/ufes/20210131/1612123452.825700.png
7757814.37332 -363525.125325 -0.351619 /dados/ufes/20210131/1612123453.525296.png
7757819.08893 -363527.035069 -0.457143 /dados/ufes/20210131/1612123454.224888.png
7757823.48731 -363529.4316 -0.574936 /dados/ufes/20210131/1612123454.924784.png
7757827.66886 -363532.271019 -0.662334 /dados/ufes/20210131/1612123455.623845.png
7757831.62019 -363535.469434 -0.709359 /dados/ufes/20210131/1612123456.322516.png
7757835.48345 -363538.830188 -0.723122 /dados/ufes/20210131/1612123457.021949.png
7757839.32903 -363542.167956 -0.728018 /dados/ufes/20210131/1612123457.721915.png
7757843.18463 -363545.537882 -0.729729 /dados/ufes/20210131/1612123458.420985.png
7757846.97521 -363548.858696 -0.733417 /dados/ufes/20210131/1612123459.120386.png
7757850.78102 -363552.286287 -0.734744 /dados/ufes/20210131/1612123459.819880.png
7757854.59751 -363555.667796 -0.731709 /dados/ufes/20210131/1612123460.519719.png
7757858.4054 -363559.063722 -0.726665 /dados/ufes/20210131/1612123461.218089.png
7757862.2429 -363562.455142 -0.724112 /dados/ufes/20210131/1612123461.917722.png
7757866.02546 -363565.739086 -0.727692 /dados/ufes/20210131/1612123462.616942.png
7757869.8049 -363569.105668 -0.730388 /dados/ufes/20210131/1612123463.316742.png
7757873.6187 -363572.424132 -0.736823 /dados/ufes/20210131/1612123464.016249.png
7757877.36856 -363575.750524 -0.726007 /dados/ufes/20210131/1612123464.715089.png
7757881.20138 -363579.028138 -0.722037 /dados/ufes/20210131/1612123465.414658.png
7757885.03441 -363582.39201 -0.722476 /dados/ufes/20210131/1612123466.113605.png
7757888.81395 -363585.704187 -0.721473 /dados/ufes/20210131/1612123466.812844.png
7757892.62569 -363589.056783 -0.726445 /dados/ufes/20210131/1612123467.512245.png
7757896.41346 -363592.407465 -0.725564 /dados/ufes/20210131/1612123468.211611.png
7757900.25009 -363595.699618 -0.730801 /dados/ufes/20210131/1612123468.911418.png
7757904.06412 -363599.161048 -0.739443 /dados/ufes/20210131/1612123469.611123.png
7757907.85182 -363602.54351 -0.740742 /dados/ufes/20210131/1612123470.310292.png
7757911.65685 -363605.966841 -0.737102 /dados/ufes/20210131/1612123471.009705.png
7757915.48487 -363609.389294 -0.72531 /dados/ufes/20210131/1612123471.709050.png
7757919.30458 -363612.670504 -0.723673 /dados/ufes/20210131/1612123472.408900.png
7757923.22001 -363616.034997 -0.728452 /dados/ufes/20210131/1612123473.107860.png
7757927.16216 -363619.513006 -0.72422 /dados/ufes/20210131/1612123473.856812.png
7757931.03084 -363622.930873 -0.72323 /dados/ufes/20210131/1612123474.605895.png
7757934.80381 -363626.229284 -0.724812 /dados/ufes/20210131/1612123475.355826.png
7757938.66829 -363629.639035 -0.728349 /dados/ufes/20210131/1612123476.154996.png
7757942.42499 -363632.99692 -0.72782 /dados/ufes/20210131/1612123476.954479.png
7757946.27676 -363636.396385 -0.732963 /dados/ufes/20210131/1612123477.803703.png
7757950.0436 -363639.901542 -0.757702 /dados/ufes/20210131/1612123478.703326.png
