7757958.53157 -363614.715993 -1.71949 /dados/ufes/20210212/1613161018.523047.intelbras1.png
7757957.89138 -363619.730213 -1.674018 /dados/ufes/20210212/1613161032.915002.intelbras1.png
7757957.25646 -363624.752133 -1.770739 /dados/ufes/20210212/1613161037.812792.intelbras1.png
7757956.01419 -363629.668984 -1.808557 /dados/ufes/20210212/1613161053.667364.intelbras1.png
7757954.92768 -363634.564187 -1.754945 /dados/ufes/20210212/1613161056.845810.intelbras1.png
7757954.82493 -363639.806307 -1.405005 /dados/ufes/20210212/1613161059.491318.intelbras1.png
7757956.40079 -363644.611873 -1.154276 /dados/ufes/20210212/1613161061.495233.intelbras1.png
7757958.6167 -363649.189523 -1.122518 /dados/ufes/20210212/1613161063.394699.intelbras1.png
7757960.68853 -363653.788553 -1.183269 /dados/ufes/20210212/1613161065.247993.intelbras1.png
7757962.32237 -363658.538099 -1.293605 /dados/ufes/20210212/1613161067.091193.intelbras1.png
7757963.36536 -363663.532318 -1.449998 /dados/ufes/20210212/1613161069.062776.intelbras1.png
7757963.56047 -363668.533435 -1.598653 /dados/ufes/20210212/1613161071.094551.intelbras1.png
7757962.93523 -363673.696445 -1.762812 /dados/ufes/20210212/1613161073.143174.intelbras1.png
7757961.52741 -363678.6306 -1.91615 /dados/ufes/20210212/1613161075.163351.intelbras1.png
7757959.43957 -363683.195447 -2.079287 /dados/ufes/20210212/1613161077.146770.intelbras1.png
7757956.55253 -363687.394063 -2.246726 /dados/ufes/20210212/1613161079.108747.intelbras1.png
7757953.05573 -363691.086038 -2.37294 /dados/ufes/20210212/1613161080.901153.intelbras1.png
7757949.18044 -363694.545832 -2.430594 /dados/ufes/20210212/1613161082.547182.intelbras1.png
7757945.09474 -363697.895726 -2.471234 /dados/ufes/20210212/1613161084.019037.intelbras1.png
7757940.95117 -363701.126347 -2.475913 /dados/ufes/20210212/1613161085.562684.intelbras1.png
7757936.89903 -363704.251636 -2.476782 /dados/ufes/20210212/1613161087.320690.intelbras1.png
7757915.11652 -363720.076841 -2.444602 /dados/ufes/20210131/1612122904.410495.intelbras1.png
7757931.56467 -363707.777867 -2.4714 /dados/ufes/20210131/1612122909.121597.intelbras1.png
7757927.69789 -363710.950802 -2.444831 /dados/ufes/20210131/1612122918.737352.intelbras1.png
7757923.6916 -363714.347266 -2.449621 /dados/ufes/20210131/1612122920.988634.intelbras1.png
7757919.79034 -363717.552973 -2.465708 /dados/ufes/20210131/1612122922.680681.intelbras1.png
7757915.89667 -363720.691148 -2.474881 /dados/ufes/20210131/1612122924.077883.intelbras1.png
7757911.68101 -363724.023822 -2.486452 /dados/ufes/20210131/1612122925.457297.intelbras1.png
7757907.71181 -363727.082292 -2.491155 /dados/ufes/20210131/1612122926.576577.intelbras1.png
7757903.645 -363730.23125 -2.494947 /dados/ufes/20210131/1612122927.716996.intelbras1.png
7757899.53786 -363733.314808 -2.495356 /dados/ufes/20210131/1612122928.773426.intelbras1.png
7757895.45636 -363736.451708 -2.496238 /dados/ufes/20210131/1612122929.729277.intelbras1.png
7757891.46601 -363739.486841 -2.495353 /dados/ufes/20210131/1612122930.608771.intelbras1.png
7757887.12385 -363742.774855 -2.495711 /dados/ufes/20210131/1612122931.577485.intelbras1.png
7757882.90697 -363745.961436 -2.492723 /dados/ufes/20210131/1612122932.466417.intelbras1.png
7757878.28949 -363749.477756 -2.489114 /dados/ufes/20210131/1612122933.397456.intelbras1.png
7757873.776 -363752.960073 -2.484693 /dados/ufes/20210131/1612122934.248838.intelbras1.png
7757869.4461 -363756.347 -2.490594 /dados/ufes/20210131/1612122935.044431.intelbras1.png
7757865.18085 -363759.604097 -2.49198 /dados/ufes/20210131/1612122935.801037.intelbras1.png
7757861.0245 -363762.76741 -2.488547 /dados/ufes/20210131/1612122936.505243.intelbras1.png
7757856.65916 -363766.154148 -2.489521 /dados/ufes/20210131/1612122937.241219.intelbras1.png
7757852.12637 -363769.673551 -2.489369 /dados/ufes/20210131/1612122937.981318.intelbras1.png
7757848.1053 -363772.765378 -2.489028 /dados/ufes/20210131/1612122938.640526.intelbras1.png
7757843.93601 -363775.964764 -2.491457 /dados/ufes/20210131/1612122939.336740.intelbras1.png
7757839.73513 -363779.208203 -2.493269 /dados/ufes/20210131/1612122940.036368.intelbras1.png
7757835.56284 -363782.417194 -2.49656 /dados/ufes/20210131/1612122940.735501.intelbras1.png
7757831.38026 -363785.672977 -2.503472 /dados/ufes/20210131/1612122941.453723.intelbras1.png
7757826.80041 -363789.098328 -2.502743 /dados/ufes/20210131/1612122942.237046.intelbras1.png
7757822.76106 -363792.132373 -2.502492 /dados/ufes/20210131/1612122942.933202.intelbras1.png
7757818.63619 -363795.289748 -2.499695 /dados/ufes/20210131/1612122943.653498.intelbras1.png
7757814.52047 -363798.489082 -2.489556 /dados/ufes/20210131/1612122944.372770.intelbras1.png
7757810.12874 -363801.911448 -2.48809 /dados/ufes/20210131/1612122945.173190.intelbras1.png
7757805.87981 -363805.180307 -2.490066 /dados/ufes/20210131/1612122945.960767.intelbras1.png
7757801.46336 -363808.538426 -2.490852 /dados/ufes/20210131/1612122946.799295.intelbras1.png
7757797.1982 -363811.851049 -2.490488 /dados/ufes/20210131/1612122947.641030.intelbras1.png
7757792.99651 -363815.101377 -2.491026 /dados/ufes/20210131/1612122948.517268.intelbras1.png
7757788.93915 -363818.241926 -2.490201 /dados/ufes/20210131/1612122949.398171.intelbras1.png
7757784.83703 -363821.385453 -2.481342 /dados/ufes/20210131/1612122950.395589.intelbras1.png
7757780.81837 -363824.565325 -2.48079 /dados/ufes/20210131/1612122951.696909.intelbras1.png
7757776.76915 -363827.702937 -2.484565 /dados/ufes/20210131/1612122953.453294.intelbras1.png
7757772.64978 -363830.878869 -2.485555 /dados/ufes/20210131/1612122955.156823.intelbras1.png
7757768.55372 -363834.076678 -2.490267 /dados/ufes/20210131/1612122956.552662.intelbras1.png
7757764.56751 -363837.147953 -2.487373 /dados/ufes/20210131/1612122957.692963.intelbras1.png
7757760.4525 -363840.309124 -2.488708 /dados/ufes/20210131/1612122958.833986.intelbras1.png
7757756.33322 -363843.534977 -2.494009 /dados/ufes/20210131/1612122959.930378.intelbras1.png
7757752.25947 -363846.632066 -2.496698 /dados/ufes/20210131/1612122960.928355.intelbras1.png
7757748.24475 -363849.677295 -2.496168 /dados/ufes/20210131/1612122961.846740.intelbras1.png
7757744.1291 -363852.830735 -2.495287 /dados/ufes/20210131/1612122962.846343.intelbras1.png
7757740.13003 -363855.868406 -2.491346 /dados/ufes/20210131/1612122963.888644.intelbras1.png
7757736.12781 -363858.929133 -2.4921 /dados/ufes/20210131/1612122965.050884.intelbras1.png
7757731.97586 -363862.153748 -2.48869 /dados/ufes/20210131/1612122966.356994.intelbras1.png
7757727.92772 -363865.290209 -2.490632 /dados/ufes/20210131/1612122967.782635.intelbras1.png
7757723.95559 -363868.340696 -2.488073 /dados/ufes/20210131/1612122969.441037.intelbras1.png
7757719.93155 -363871.462527 -2.485259 /dados/ufes/20210131/1612122971.250155.intelbras1.png
7757715.93807 -363874.588618 -2.480473 /dados/ufes/20210131/1612122972.835048.intelbras1.png
7757711.8838 -363877.762338 -2.483931 /dados/ufes/20210131/1612122974.119508.intelbras1.png
7757707.73777 -363881.014809 -2.489898 /dados/ufes/20210131/1612122975.233825.intelbras1.png
7757703.66735 -363884.148488 -2.487321 /dados/ufes/20210131/1612122976.258806.intelbras1.png
7757699.56978 -363887.310366 -2.496546 /dados/ufes/20210131/1612122977.257933.intelbras1.png
7757695.43084 -363890.471025 -2.499378 /dados/ufes/20210131/1612122978.178886.intelbras1.png
7757690.83125 -363893.953708 -2.49861 /dados/ufes/20210131/1612122979.101068.intelbras1.png
7757686.79451 -363897.020217 -2.501058 /dados/ufes/20210131/1612122979.915589.intelbras1.png
7757682.76327 -363900.040021 -2.502757 /dados/ufes/20210131/1612122980.696871.intelbras1.png
7757678.61574 -363903.14504 -2.50412 /dados/ufes/20210131/1612122981.455477.intelbras1.png
7757674.54012 -363906.268178 -2.499461 /dados/ufes/20210131/1612122982.177214.intelbras1.png
7757670.39622 -363909.356155 -2.491269 /dados/ufes/20210131/1612122982.900679.intelbras1.png
7757666.33862 -363912.487727 -2.491665 /dados/ufes/20210131/1612122983.617039.intelbras1.png
7757662.37341 -363915.58728 -2.488946 /dados/ufes/20210131/1612122984.301483.intelbras1.png
7757658.28458 -363918.769225 -2.486022 /dados/ufes/20210131/1612122985.013007.intelbras1.png
7757653.97707 -363922.096792 -2.483722 /dados/ufes/20210131/1612122985.765209.intelbras1.png
7757649.3549 -363925.664271 -2.488472 /dados/ufes/20210131/1612122986.564795.intelbras1.png
7757645.22548 -363928.845641 -2.487844 /dados/ufes/20210131/1612122987.289713.intelbras1.png
7757641.2267 -363931.960165 -2.486734 /dados/ufes/20210131/1612122987.986545.intelbras1.png
7757636.84419 -363935.366603 -2.492651 /dados/ufes/20210131/1612122988.764442.intelbras1.png
7757632.45301 -363938.73296 -2.49649 /dados/ufes/20210131/1612122989.520145.intelbras1.png
7757628.20802 -363941.917807 -2.501264 /dados/ufes/20210131/1612122990.287917.intelbras1.png
7757623.75764 -363945.288707 -2.499117 /dados/ufes/20210131/1612122991.085285.intelbras1.png
7757619.75955 -363948.332668 -2.496366 /dados/ufes/20210131/1612122991.820921.intelbras1.png
7757615.66029 -363951.402305 -2.489319 /dados/ufes/20210131/1612122992.561270.intelbras1.png
7757611.51465 -363954.642253 -2.487919 /dados/ufes/20210131/1612122993.338952.intelbras1.png
7757607.44033 -363957.786606 -2.48572 /dados/ufes/20210131/1612122994.117377.intelbras1.png
7757603.5083 -363960.919679 -2.488484 /dados/ufes/20210131/1612122994.841454.intelbras1.png
7757598.24359 -363964.889788 -2.499044 /dados/ufes/20210131/1612122995.821092.intelbras1.png
7757594.10227 -363968.034257 -2.50024 /dados/ufes/20210131/1612122996.557003.intelbras1.png
7757590.03795 -363971.121616 -2.497811 /dados/ufes/20210131/1612122997.306930.intelbras1.png
7757585.92176 -363974.281035 -2.496655 /dados/ufes/20210131/1612122998.066419.intelbras1.png
7757581.35598 -363977.763455 -2.491675 /dados/ufes/20210131/1612122998.916382.intelbras1.png
7757577.37845 -363980.839305 -2.489349 /dados/ufes/20210131/1612122999.664779.intelbras1.png
7757573.10648 -363984.134244 -2.489485 /dados/ufes/20210131/1612123000.482790.intelbras1.png
7757568.60255 -363987.657001 -2.490361 /dados/ufes/20210131/1612123001.329921.intelbras1.png
7757564.33063 -363990.930073 -2.503887 /dados/ufes/20210131/1612123002.121696.intelbras1.png
7757559.87309 -363994.227185 -2.521449 /dados/ufes/20210131/1612123002.937056.intelbras1.png
7757555.22792 -363997.517627 -2.563605 /dados/ufes/20210131/1612123003.788930.intelbras1.png
7757550.85226 -364000.240461 -2.614388 /dados/ufes/20210131/1612123004.544419.intelbras1.png
7757546.24335 -364002.87397 -2.642566 /dados/ufes/20210131/1612123005.306352.intelbras1.png
7757541.55664 -364005.455417 -2.646331 /dados/ufes/20210131/1612123006.084937.intelbras1.png
7757536.64871 -364008.130584 -2.646524 /dados/ufes/20210131/1612123006.872466.intelbras1.png
7757531.86378 -364010.772461 -2.634814 /dados/ufes/20210131/1612123007.630359.intelbras1.png
7757527.10343 -364013.528776 -2.618492 /dados/ufes/20210131/1612123008.379471.intelbras1.png
7757522.16667 -364016.463932 -2.587625 /dados/ufes/20210131/1612123009.169623.intelbras1.png
7757517.70324 -364019.364135 -2.551108 /dados/ufes/20210131/1612123009.914315.intelbras1.png
7757513.40075 -364022.369219 -2.515679 /dados/ufes/20210131/1612123010.646275.intelbras1.png
7757509.31422 -364025.445998 -2.484341 /dados/ufes/20210131/1612123011.376923.intelbras1.png
7757504.94928 -364028.962367 -2.457023 /dados/ufes/20210131/1612123012.164689.intelbras1.png
7757501.06291 -364032.229333 -2.437899 /dados/ufes/20210131/1612123012.874825.intelbras1.png
7757497.13899 -364035.635378 -2.419366 /dados/ufes/20210131/1612123013.608788.intelbras1.png
7757493.31426 -364039.029647 -2.405343 /dados/ufes/20210131/1612123014.327170.intelbras1.png
7757489.54504 -364042.494359 -2.400574 /dados/ufes/20210131/1612123015.081704.intelbras1.png
7757485.82871 -364045.904865 -2.41015 /dados/ufes/20210131/1612123015.813793.intelbras1.png
7757481.75507 -364049.517552 -2.435027 /dados/ufes/20210131/1612123016.588912.intelbras1.png
7757477.89011 -364052.833977 -2.458239 /dados/ufes/20210131/1612123017.345990.intelbras1.png
7757473.71525 -364056.203413 -2.491064 /dados/ufes/20210131/1612123018.138569.intelbras1.png
7757469.37133 -364059.423409 -2.535223 /dados/ufes/20210131/1612123018.932615.intelbras1.png
7757464.97974 -364062.382352 -2.56445 /dados/ufes/20210131/1612123019.725069.intelbras1.png
7757460.44426 -364065.251986 -2.602327 /dados/ufes/20210131/1612123020.486485.intelbras1.png
7757455.7875 -364067.985637 -2.633119 /dados/ufes/20210131/1612123021.256854.intelbras1.png
7757451.00027 -364070.60081 -2.657359 /dados/ufes/20210131/1612123022.027241.intelbras1.png
7757446.06983 -364073.1683 -2.693419 /dados/ufes/20210131/1612123022.798275.intelbras1.png
7757440.83063 -364075.609863 -2.730178 /dados/ufes/20210131/1612123023.609260.intelbras1.png
7757436.12663 -364077.628194 -2.75487 /dados/ufes/20210131/1612123024.340882.intelbras1.png
7757429.99136 -364080.062203 -2.777143 /dados/ufes/20210131/1612123025.264158.intelbras1.png
7757424.56935 -364082.060442 -2.799811 /dados/ufes/20210131/1612123026.095657.intelbras1.png
7757418.95268 -364084.091072 -2.811353 /dados/ufes/20210131/1612123026.964519.intelbras1.png
7757412.95303 -364086.119422 -2.835531 /dados/ufes/20210131/1612123027.894909.intelbras1.png
7757407.6605 -364087.795761 -2.850344 /dados/ufes/20210131/1612123028.705949.intelbras1.png
7757402.54751 -364089.361988 -2.869172 /dados/ufes/20210131/1612123029.500490.intelbras1.png
7757397.26054 -364090.871594 -2.887554 /dados/ufes/20210131/1612123030.300053.intelbras1.png
7757391.95321 -364092.219023 -2.904863 /dados/ufes/20210131/1612123031.108293.intelbras1.png
7757385.8854 -364093.766584 -2.921045 /dados/ufes/20210131/1612123032.039454.intelbras1.png
7757380.40082 -364094.973742 -2.942285 /dados/ufes/20210131/1612123032.893180.intelbras1.png
7757375.29254 -364095.983886 -2.956801 /dados/ufes/20210131/1612123033.701682.intelbras1.png
7757370.25395 -364096.921661 -2.95723 /dados/ufes/20210131/1612123034.574621.intelbras1.png
7757365.17979 -364097.848746 -2.968019 /dados/ufes/20210131/1612123035.843922.intelbras1.png
7757359.86856 -364098.776264 -2.989487 /dados/ufes/20210131/1612123037.525221.intelbras1.png
7757354.85902 -364099.502863 -3.008076 /dados/ufes/20210131/1612123039.021098.intelbras1.png
7757349.48397 -364100.154802 -3.042215 /dados/ufes/20210131/1612123040.387841.intelbras1.png
7757344.34631 -364100.604845 -3.081472 /dados/ufes/20210131/1612123041.528375.intelbras1.png
7757338.92715 -364100.822879 -3.122248 /dados/ufes/20210131/1612123042.659484.intelbras1.png
7757333.98774 -364100.883306 3.140627 /dados/ufes/20210131/1612123043.692595.intelbras1.png
7757328.57758 -364100.833768 3.114225 /dados/ufes/20210131/1612123044.921080.intelbras1.png
7757323.5107 -364100.645569 3.096122 /dados/ufes/20210131/1612123046.192323.intelbras1.png
7757318.28352 -364100.417353 3.075385 /dados/ufes/20210131/1612123047.632408.intelbras1.png
7757313.05612 -364099.982606 3.057576 /dados/ufes/20210131/1612123049.244826.intelbras1.png
7757307.88859 -364099.536016 3.05277 /dados/ufes/20210131/1612123051.109013.intelbras1.png
7757302.45802 -364099.037616 3.042652 /dados/ufes/20210131/1612123052.849367.intelbras1.png
7757297.4586 -364098.544691 3.033114 /dados/ufes/20210131/1612123054.177059.intelbras1.png
7757292.12568 -364097.983741 3.005042 /dados/ufes/20210131/1612123055.450709.intelbras1.png
7757287.10381 -364097.30688 2.993398 /dados/ufes/20210131/1612123056.606912.intelbras1.png
7757282.13088 -364096.581718 2.989523 /dados/ufes/20210131/1612123057.678264.intelbras1.png
7757277.15223 -364095.865634 2.992817 /dados/ufes/20210131/1612123058.669413.intelbras1.png
7757271.85725 -364095.110808 2.992725 /dados/ufes/20210131/1612123059.679532.intelbras1.png
7757266.8479 -364094.403456 2.991585 /dados/ufes/20210131/1612123060.592975.intelbras1.png
7757261.67018 -364093.700633 2.994078 /dados/ufes/20210131/1612123061.524552.intelbras1.png
7757256.02102 -364092.814767 2.988675 /dados/ufes/20210131/1612123062.537754.intelbras1.png
7757250.77723 -364092.06375 2.986814 /dados/ufes/20210131/1612123063.437553.intelbras1.png
7757245.6 -364091.225612 2.982619 /dados/ufes/20210131/1612123064.318876.intelbras1.png
7757240.60116 -364090.478436 2.996215 /dados/ufes/20210131/1612123065.181070.intelbras1.png
7757235.5057 -364089.762854 2.99992 /dados/ufes/20210131/1612123066.042351.intelbras1.png
7757230.02014 -364088.999798 2.983077 /dados/ufes/20210131/1612123066.948654.intelbras1.png
7757224.96767 -364088.169104 2.968814 /dados/ufes/20210131/1612123067.771522.intelbras1.png
7757219.7902 -364087.286688 2.957333 /dados/ufes/20210131/1612123068.601451.intelbras1.png
7757214.56471 -364086.281556 2.936862 /dados/ufes/20210131/1612123069.460463.intelbras1.png
7757209.60744 -364085.218661 2.909129 /dados/ufes/20210131/1612123070.276464.intelbras1.png
7757204.67815 -364083.996447 2.879438 /dados/ufes/20210131/1612123071.079868.intelbras1.png
7757199.73479 -364082.597565 2.861504 /dados/ufes/20210131/1612123071.904933.intelbras1.png
7757194.62227 -364081.142564 2.860243 /dados/ufes/20210131/1612123072.729049.intelbras1.png
7757189.35828 -364079.665514 2.88614 /dados/ufes/20210131/1612123073.576618.intelbras1.png
7757183.80389 -364078.316758 2.927156 /dados/ufes/20210131/1612123074.448854.intelbras1.png
7757178.26412 -364077.196692 2.979384 /dados/ufes/20210131/1612123075.307757.intelbras1.png
7757172.69104 -364076.386626 3.023908 /dados/ufes/20210131/1612123076.164402.intelbras1.png
7757167.47816 -364075.853467 3.045064 /dados/ufes/20210131/1612123076.953007.intelbras1.png
7757162.14505 -364075.386936 3.054949 /dados/ufes/20210131/1612123077.760853.intelbras1.png
7757156.28607 -364074.911166 3.0643 /dados/ufes/20210131/1612123078.636280.intelbras1.png
7757150.54347 -364074.470049 3.061779 /dados/ufes/20210131/1612123079.492900.intelbras1.png
7757145.06026 -364074.024073 3.058266 /dados/ufes/20210131/1612123080.299887.intelbras1.png
7757139.76452 -364073.59786 3.056349 /dados/ufes/20210131/1612123081.076399.intelbras1.png
7757134.49809 -364073.118577 3.046424 /dados/ufes/20210131/1612123081.843465.intelbras1.png
7757129.19241 -364072.531822 3.029113 /dados/ufes/20210131/1612123082.616829.intelbras1.png
7757124.04056 -364071.921584 3.013511 /dados/ufes/20210131/1612123083.381472.intelbras1.png
7757118.78548 -364071.178193 3.003719 /dados/ufes/20210131/1612123084.155122.intelbras1.png
7757113.50375 -364070.487112 3.002564 /dados/ufes/20210131/1612123084.961999.intelbras1.png
7757108.21298 -364069.77289 3.002932 /dados/ufes/20210131/1612123085.753315.intelbras1.png
7757103.16661 -364069.102968 3.007003 /dados/ufes/20210131/1612123086.524961.intelbras1.png
7757097.75122 -364068.390358 3.01772 /dados/ufes/20210131/1612123087.340955.intelbras1.png
7757092.41448 -364067.702848 3.025234 /dados/ufes/20210131/1612123088.145161.intelbras1.png
7757087.38756 -364067.216495 3.054788 /dados/ufes/20210131/1612123088.893108.intelbras1.png
7757082.11752 -364066.836413 3.088201 /dados/ufes/20210131/1612123089.664633.intelbras1.png
7757077.06353 -364066.623577 3.120134 /dados/ufes/20210131/1612123090.412022.intelbras1.png
7757071.9993 -364066.556456 3.126398 /dados/ufes/20210131/1612123091.148446.intelbras1.png
7757066.6664 -364066.477228 3.108691 /dados/ufes/20210131/1612123091.920524.intelbras1.png
7757061.12254 -364066.270145 3.079966 /dados/ufes/20210131/1612123092.728658.intelbras1.png
7757055.88556 -364065.891524 3.053432 /dados/ufes/20210131/1612123093.474616.intelbras1.png
7757050.86494 -364065.407686 3.034315 /dados/ufes/20210131/1612123094.197207.intelbras1.png
7757045.25581 -364064.781373 3.024398 /dados/ufes/20210131/1612123094.984806.intelbras1.png
7757040.24672 -364064.214772 3.018272 /dados/ufes/20210131/1612123095.675390.intelbras1.png
7757034.99064 -364063.548298 3.018449 /dados/ufes/20210131/1612123096.402513.intelbras1.png
7757029.62517 -364062.915539 3.016105 /dados/ufes/20210131/1612123097.137543.intelbras1.png
7757023.96212 -364062.193725 3.008704 /dados/ufes/20210131/1612123097.908701.intelbras1.png
7757018.40333 -364061.418045 3.004515 /dados/ufes/20210131/1612123098.676366.intelbras1.png
7757013.02416 -364060.70905 3.003836 /dados/ufes/20210131/1612123099.404312.intelbras1.png
7757007.91729 -364059.992634 3.012298 /dados/ufes/20210131/1612123100.104710.intelbras1.png
7757002.84242 -364059.378318 3.007466 /dados/ufes/20210131/1612123100.797306.intelbras1.png
7756997.51986 -364058.661603 3.006874 /dados/ufes/20210131/1612123101.542404.intelbras1.png
7756992.35426 -364057.945404 3.004793 /dados/ufes/20210131/1612123102.262058.intelbras1.png
7756987.02143 -364057.230825 3.003271 /dados/ufes/20210131/1612123103.010270.intelbras1.png
7756981.85399 -364056.53685 3.00298 /dados/ufes/20210131/1612123103.740023.intelbras1.png
7756976.86149 -364055.813749 3.004655 /dados/ufes/20210131/1612123104.452946.intelbras1.png
7756971.55431 -364055.110997 3.00235 /dados/ufes/20210131/1612123105.207856.intelbras1.png
7756966.51489 -364054.427697 3.005408 /dados/ufes/20210131/1612123105.938416.intelbras1.png
7756961.45353 -364053.754515 3.006061 /dados/ufes/20210131/1612123106.665394.intelbras1.png
7756956.49267 -364053.099597 3.005674 /dados/ufes/20210131/1612123107.394303.intelbras1.png
7756951.5222 -364052.452681 3.003708 /dados/ufes/20210131/1612123108.140242.intelbras1.png
7756946.302 -364051.680821 2.999223 /dados/ufes/20210131/1612123108.926545.intelbras1.png
7756941.20276 -364050.952804 3.000277 /dados/ufes/20210131/1612123109.716623.intelbras1.png
7756936.1351 -364050.267464 3.002962 /dados/ufes/20210131/1612123110.504514.intelbras1.png
7756931.07246 -364049.53755 3.010769 /dados/ufes/20210131/1612123111.333200.intelbras1.png
7756926.02837 -364048.92958 3.009329 /dados/ufes/20210131/1612123112.194504.intelbras1.png
7756920.96994 -364048.310289 3.011209 /dados/ufes/20210131/1612123113.101830.intelbras1.png
7756915.80467 -364047.646811 3.01058 /dados/ufes/20210131/1612123114.069230.intelbras1.png
7756910.44959 -364046.959222 3.010667 /dados/ufes/20210131/1612123115.240994.intelbras1.png
7756905.33617 -364046.340517 3.003522 /dados/ufes/20210131/1612123116.896861.intelbras1.png
7756900.272 -364045.675918 3.005114 /dados/ufes/20210131/1612123118.637200.intelbras1.png
7756895.25593 -364045.00539 3.003804 /dados/ufes/20210131/1612123120.335706.intelbras1.png
7756890.06721 -364044.338384 3.002074 /dados/ufes/20210131/1612123121.908959.intelbras1.png
7756884.92294 -364043.658442 3.007042 /dados/ufes/20210131/1612123123.236859.intelbras1.png
7756879.78914 -364043.018671 3.002746 /dados/ufes/20210131/1612123124.374557.intelbras1.png
7756874.7043 -364042.367409 3.009489 /dados/ufes/20210131/1612123125.400318.intelbras1.png
7756869.32963 -364041.769335 3.005379 /dados/ufes/20210131/1612123126.437257.intelbras1.png
7756864.05782 -364041.127261 2.997017 /dados/ufes/20210131/1612123127.409991.intelbras1.png
7756858.9569 -364040.440451 2.995744 /dados/ufes/20210131/1612123128.345165.intelbras1.png
7756853.70982 -364039.660747 2.991463 /dados/ufes/20210131/1612123129.366104.intelbras1.png
7756848.51973 -364038.848492 2.990104 /dados/ufes/20210131/1612123130.397243.intelbras1.png
7756843.19904 -364038.071153 2.999317 /dados/ufes/20210131/1612123131.596781.intelbras1.png
7756837.97015 -364037.336173 3.003619 /dados/ufes/20210131/1612123133.213865.intelbras1.png
7756832.76879 -364036.658385 2.996891 /dados/ufes/20210131/1612123135.225178.intelbras1.png
7756827.58324 -364035.759206 2.950211 /dados/ufes/20210131/1612123136.968692.intelbras1.png
7756822.61131 -364034.681957 2.895433 /dados/ufes/20210131/1612123138.264837.intelbras1.png
7756817.73745 -364033.430856 2.868152 /dados/ufes/20210131/1612123139.509224.intelbras1.png
7756812.67101 -364031.964142 2.862874 /dados/ufes/20210131/1612123140.738697.intelbras1.png
7756807.74079 -364030.624668 2.864543 /dados/ufes/20210131/1612123141.852826.intelbras1.png
7756802.77111 -364029.191844 2.855899 /dados/ufes/20210131/1612123142.985458.intelbras1.png
7756797.89353 -364027.677715 2.838423 /dados/ufes/20210131/1612123144.136390.intelbras1.png
7756792.9158 -364026.136819 2.823912 /dados/ufes/20210131/1612123145.394347.intelbras1.png
7756787.96342 -364024.48882 2.804554 /dados/ufes/20210131/1612123146.737142.intelbras1.png
7756783.19454 -364022.790913 2.799393 /dados/ufes/20210131/1612123148.225422.intelbras1.png
7756778.27196 -364020.97043 2.787904 /dados/ufes/20210131/1612123149.729556.intelbras1.png
7756773.51295 -364019.243473 2.78908 /dados/ufes/20210131/1612123151.000979.intelbras1.png
7756768.54681 -364017.41359 2.790826 /dados/ufes/20210131/1612123152.090922.intelbras1.png
7756763.32314 -364015.471373 2.783783 /dados/ufes/20210131/1612123153.069520.intelbras1.png
7756758.62301 -364013.695262 2.765021 /dados/ufes/20210131/1612123153.978155.intelbras1.png
7756753.83333 -364011.790333 2.743372 /dados/ufes/20210131/1612123154.808652.intelbras1.png
7756749.03038 -364009.748925 2.722873 /dados/ufes/20210131/1612123155.578352.intelbras1.png
7756743.77263 -364007.402612 2.697741 /dados/ufes/20210131/1612123156.420639.intelbras1.png
7756738.97636 -364005.101387 2.683308 /dados/ufes/20210131/1612123157.167330.intelbras1.png
7756734.373 -364002.839178 2.669636 /dados/ufes/20210131/1612123157.900162.intelbras1.png
7756729.79582 -364000.468435 2.657716 /dados/ufes/20210131/1612123158.630945.intelbras1.png
7756725.30924 -363998.111254 2.638735 /dados/ufes/20210131/1612123159.352483.intelbras1.png
7756720.6208 -363995.482254 2.61175 /dados/ufes/20210131/1612123160.101398.intelbras1.png
7756715.88836 -363992.669857 2.595674 /dados/ufes/20210131/1612123160.877038.intelbras1.png
7756711.38774 -363990.000187 2.589812 /dados/ufes/20210131/1612123161.625055.intelbras1.png
7756707.10846 -363987.373481 2.58499 /dados/ufes/20210131/1612123162.347373.intelbras1.png
7756702.86467 -363984.718217 2.585184 /dados/ufes/20210131/1612123163.055326.intelbras1.png
7756698.53203 -363982.049793 2.586827 /dados/ufes/20210131/1612123163.786942.intelbras1.png
7756694.14053 -363979.401362 2.583625 /dados/ufes/20210131/1612123164.516817.intelbras1.png
7756689.68001 -363976.665802 2.579711 /dados/ufes/20210131/1612123165.256232.intelbras1.png
7756685.4192 -363973.981372 2.583394 /dados/ufes/20210131/1612123165.988522.intelbras1.png
7756681.14781 -363971.361535 2.585412 /dados/ufes/20210131/1612123166.705072.intelbras1.png
7756676.70827 -363968.66439 2.584362 /dados/ufes/20210131/1612123167.448987.intelbras1.png
7756672.306 -363965.918102 2.5848 /dados/ufes/20210131/1612123168.188688.intelbras1.png
7756667.65334 -363963.053083 2.58552 /dados/ufes/20210131/1612123168.965027.intelbras1.png
7756662.80672 -363960.01254 2.582423 /dados/ufes/20210131/1612123169.776602.intelbras1.png
7756658.12549 -363957.100489 2.578992 /dados/ufes/20210131/1612123170.564868.intelbras1.png
7756653.68002 -363954.347358 2.578244 /dados/ufes/20210131/1612123171.305062.intelbras1.png
7756649.00771 -363951.427862 2.580445 /dados/ufes/20210131/1612123172.093112.intelbras1.png
7756644.62494 -363948.668914 2.580244 /dados/ufes/20210131/1612123172.830470.intelbras1.png
7756640.0881 -363945.843188 2.581304 /dados/ufes/20210131/1612123173.591271.intelbras1.png
7756635.5665 -363943.054895 2.587584 /dados/ufes/20210131/1612123174.336131.intelbras1.png
7756631.00305 -363940.232139 2.589837 /dados/ufes/20210131/1612123175.105102.intelbras1.png
7756626.45413 -363937.486048 2.591601 /dados/ufes/20210131/1612123175.852508.intelbras1.png
7756621.78784 -363934.633674 2.587242 /dados/ufes/20210131/1612123176.648599.intelbras1.png
7756617.14067 -363931.762474 2.585294 /dados/ufes/20210131/1612123177.403971.intelbras1.png
7756612.70504 -363929.021273 2.588941 /dados/ufes/20210131/1612123178.139480.intelbras1.png
7756608.38904 -363926.426604 2.587867 /dados/ufes/20210131/1612123178.865166.intelbras1.png
7756604.1183 -363923.811336 2.590818 /dados/ufes/20210131/1612123179.577053.intelbras1.png
7756599.80381 -363921.162583 2.588209 /dados/ufes/20210131/1612123180.300728.intelbras1.png
7756595.32871 -363918.416249 2.58732 /dados/ufes/20210131/1612123181.049060.intelbras1.png
7756590.56908 -363915.490308 2.588321 /dados/ufes/20210131/1612123181.850058.intelbras1.png
7756586.24835 -363912.860661 2.589016 /dados/ufes/20210131/1612123182.569192.intelbras1.png
7756581.79229 -363910.141387 2.58654 /dados/ufes/20210131/1612123183.313181.intelbras1.png
7756577.14538 -363907.287304 2.583886 /dados/ufes/20210131/1612123184.120945.intelbras1.png
7756572.70393 -363904.512869 2.586092 /dados/ufes/20210131/1612123184.909537.intelbras1.png
7756568.36314 -363901.870631 2.591503 /dados/ufes/20210131/1612123185.680036.intelbras1.png
7756564.01514 -363899.207388 2.597185 /dados/ufes/20210131/1612123186.477843.intelbras1.png
7756559.54206 -363896.554233 2.5831 /dados/ufes/20210131/1612123187.320937.intelbras1.png
7756555.21757 -363893.773382 2.532343 /dados/ufes/20210131/1612123188.184485.intelbras1.png
7756551.17396 -363890.811716 2.465716 /dados/ufes/20210131/1612123189.069247.intelbras1.png
7756547.25203 -363887.488957 2.390446 /dados/ufes/20210131/1612123189.999491.intelbras1.png
7756543.5655 -363883.774173 2.310819 /dados/ufes/20210131/1612123191.010582.intelbras1.png
7756540.34188 -363879.937379 2.214469 /dados/ufes/20210131/1612123192.279045.intelbras1.png
7756537.49986 -363875.706112 2.113114 /dados/ufes/20210131/1612123193.878474.intelbras1.png
7756535.04444 -363871.313205 2.040648 /dados/ufes/20210131/1612123197.150532.intelbras1.png
7756532.80876 -363866.657445 1.989336 /dados/ufes/20210131/1612123199.109380.intelbras1.png
7756530.79829 -363861.845745 1.93495 /dados/ufes/20210131/1612123200.265960.intelbras1.png
7756529.15262 -363857.050088 1.851481 /dados/ufes/20210131/1612123201.249242.intelbras1.png
7756527.93549 -363852.013745 1.745907 /dados/ufes/20210131/1612123202.257172.intelbras1.png
7756527.26811 -363846.954864 1.640723 /dados/ufes/20210131/1612123203.208292.intelbras1.png
7756527.13027 -363841.499504 1.559158 /dados/ufes/20210131/1612123204.113927.intelbras1.png
7756527.3024 -363836.360723 1.495616 /dados/ufes/20210131/1612123204.936851.intelbras1.png
7756527.78767 -363831.235817 1.458424 /dados/ufes/20210131/1612123205.688538.intelbras1.png
7756528.48412 -363825.659679 1.445446 /dados/ufes/20210131/1612123206.448491.intelbras1.png
7756529.12143 -363820.617752 1.44576 /dados/ufes/20210131/1612123207.188993.intelbras1.png
7756529.71237 -363815.371657 1.4501 /dados/ufes/20210131/1612123207.948664.intelbras1.png
7756530.34533 -363809.518233 1.449684 /dados/ufes/20210131/1612123208.729150.intelbras1.png
7756531.04577 -363804.200576 1.438127 /dados/ufes/20210131/1612123209.476127.intelbras1.png
7756531.79476 -363798.753207 1.419475 /dados/ufes/20210131/1612123210.186399.intelbras1.png
7756532.616 -363793.703779 1.379794 /dados/ufes/20210131/1612123210.852609.intelbras1.png
7756533.69998 -363788.723842 1.315867 /dados/ufes/20210131/1612123211.536049.intelbras1.png
7756535.60604 -363783.355198 1.217698 /dados/ufes/20210131/1612123212.329504.intelbras1.png
7756537.43433 -363778.691453 1.145964 /dados/ufes/20210131/1612123213.006403.intelbras1.png
7756539.75304 -363773.930216 1.066974 /dados/ufes/20210131/1612123213.745579.intelbras1.png
7756542.36363 -363769.43267 0.978664 /dados/ufes/20210131/1612123214.478842.intelbras1.png
7756545.33707 -363765.34054 0.883 /dados/ufes/20210131/1612123215.196814.intelbras1.png
7756548.84705 -363761.401262 0.805883 /dados/ufes/20210131/1612123215.931549.intelbras1.png
7756552.50704 -363757.742517 0.726247 /dados/ufes/20210131/1612123216.669912.intelbras1.png
7756556.54795 -363754.295059 0.681323 /dados/ufes/20210131/1612123217.417181.intelbras1.png
7756560.53464 -363751.030149 0.66817 /dados/ufes/20210131/1612123218.146235.intelbras1.png
7756564.49691 -363747.777712 0.661044 /dados/ufes/20210131/1612123218.877305.intelbras1.png
7756568.89528 -363744.300499 0.655093 /dados/ufes/20210131/1612123219.653425.intelbras1.png
7756573.29601 -363740.883615 0.64964 /dados/ufes/20210131/1612123220.428177.intelbras1.png
7756577.74943 -363737.542901 0.64687 /dados/ufes/20210131/1612123221.210170.intelbras1.png
7756581.78141 -363734.41989 0.652586 /dados/ufes/20210131/1612123221.928583.intelbras1.png
7756585.91501 -363731.200466 0.651858 /dados/ufes/20210131/1612123222.679470.intelbras1.png
7756590.33955 -363727.81275 0.656277 /dados/ufes/20210131/1612123223.462032.intelbras1.png
7756594.47308 -363724.608281 0.656255 /dados/ufes/20210131/1612123224.193085.intelbras1.png
7756598.53822 -363721.425824 0.651007 /dados/ufes/20210131/1612123224.916581.intelbras1.png
7756602.7008 -363718.256669 0.649657 /dados/ufes/20210131/1612123225.668632.intelbras1.png
7756606.9883 -363715.010294 0.654414 /dados/ufes/20210131/1612123226.427876.intelbras1.png
7756611.4281 -363711.452936 0.667881 /dados/ufes/20210131/1612123227.265460.intelbras1.png
7756615.79207 -363707.928592 0.663633 /dados/ufes/20210131/1612123228.068627.intelbras1.png
7756620.0428 -363704.603473 0.666876 /dados/ufes/20210131/1612123228.818070.intelbras1.png
7756624.3611 -363701.124176 0.657731 /dados/ufes/20210131/1612123229.589075.intelbras1.png
7756628.63907 -363697.822543 0.657058 /dados/ufes/20210131/1612123230.351753.intelbras1.png
7756632.83183 -363694.526404 0.659264 /dados/ufes/20210131/1612123231.098182.intelbras1.png
7756636.94684 -363691.232999 0.657203 /dados/ufes/20210131/1612123231.869059.intelbras1.png
7756640.9334 -363688.142712 0.657947 /dados/ufes/20210131/1612123232.559552.intelbras1.png
7756645.23441 -363684.784873 0.660479 /dados/ufes/20210131/1612123233.345761.intelbras1.png
7756649.38839 -363681.496538 0.650437 /dados/ufes/20210131/1612123234.087462.intelbras1.png
7756653.3935 -363678.48516 0.631008 /dados/ufes/20210131/1612123234.801263.intelbras1.png
7756657.8019 -363675.33175 0.58811 /dados/ufes/20210131/1612123235.568203.intelbras1.png
7756662.02629 -363672.653665 0.55025 /dados/ufes/20210131/1612123236.290131.intelbras1.png
7756666.47375 -363669.975514 0.512109 /dados/ufes/20210131/1612123237.028978.intelbras1.png
7756671.26239 -363667.398867 0.469825 /dados/ufes/20210131/1612123237.823003.intelbras1.png
7756675.9302 -363665.14074 0.425055 /dados/ufes/20210131/1612123238.562560.intelbras1.png
7756680.57364 -363663.091489 0.383873 /dados/ufes/20210131/1612123239.289315.intelbras1.png
7756685.43954 -363661.18637 0.346026 /dados/ufes/20210131/1612123240.021994.intelbras1.png
7756690.18197 -363659.578275 0.304734 /dados/ufes/20210131/1612123240.740646.intelbras1.png
7756695.73747 -363658.031955 0.256765 /dados/ufes/20210131/1612123241.553778.intelbras1.png
7756700.92671 -363656.840885 0.212973 /dados/ufes/20210131/1612123242.280478.intelbras1.png
7756706.07327 -363655.848239 0.158948 /dados/ufes/20210131/1612123243.028647.intelbras1.png
7756711.20354 -363655.135598 0.119037 /dados/ufes/20210131/1612123243.772067.intelbras1.png
7756716.49517 -363654.578399 0.082477 /dados/ufes/20210131/1612123244.540664.intelbras1.png
7756721.83496 -363654.24032 0.038558 /dados/ufes/20210131/1612123245.300296.intelbras1.png
7756727.06401 -363654.094916 -0.004921 /dados/ufes/20210131/1612123246.072887.intelbras1.png
7756732.13902 -363654.180385 -0.042796 /dados/ufes/20210131/1612123246.804540.intelbras1.png
7756737.45275 -363654.538465 -0.076353 /dados/ufes/20210131/1612123247.557454.intelbras1.png
7756743.23041 -363655.062579 -0.101799 /dados/ufes/20210131/1612123248.412636.intelbras1.png
7756748.38956 -363655.602067 -0.11546 /dados/ufes/20210131/1612123249.160892.intelbras1.png
7756753.7469 -363656.286634 -0.123704 /dados/ufes/20210131/1612123249.937345.intelbras1.png
7756759.21821 -363656.952268 -0.125945 /dados/ufes/20210131/1612123250.741185.intelbras1.png
7756764.82767 -363657.626075 -0.13782 /dados/ufes/20210131/1612123251.553004.intelbras1.png
7756770.33864 -363658.362637 -0.135212 /dados/ufes/20210131/1612123252.356614.intelbras1.png
7756775.85707 -363659.106567 -0.129624 /dados/ufes/20210131/1612123253.152994.intelbras1.png
7756780.90659 -363659.694206 -0.124961 /dados/ufes/20210131/1612123253.884811.intelbras1.png
7756786.04652 -363660.372317 -0.121429 /dados/ufes/20210131/1612123254.640672.intelbras1.png
7756791.38037 -363661.021047 -0.115778 /dados/ufes/20210131/1612123255.411010.intelbras1.png
7756796.42755 -363661.529733 -0.108902 /dados/ufes/20210131/1612123256.145134.intelbras1.png
7756801.67989 -363662.09599 -0.088772 /dados/ufes/20210131/1612123256.901479.intelbras1.png
7756807.00643 -363662.510495 -0.073036 /dados/ufes/20210131/1612123257.684782.intelbras1.png
7756812.61712 -363662.850593 -0.059652 /dados/ufes/20210131/1612123258.500098.intelbras1.png
7756817.65436 -363663.097471 -0.052831 /dados/ufes/20210131/1612123259.228777.intelbras1.png
7756822.70795 -363663.330703 -0.041314 /dados/ufes/20210131/1612123259.946343.intelbras1.png
7756827.74123 -363663.51193 -0.039923 /dados/ufes/20210131/1612123260.689096.intelbras1.png
7756832.90562 -363663.695848 -0.068293 /dados/ufes/20210131/1612123261.425153.intelbras1.png
7756838.42869 -363664.101245 -0.118462 /dados/ufes/20210131/1612123262.224910.intelbras1.png
7756843.64323 -363664.734889 -0.167201 /dados/ufes/20210131/1612123262.983092.intelbras1.png
7756849.3401 -363665.780151 -0.213538 /dados/ufes/20210131/1612123263.824954.intelbras1.png
7756854.54914 -363666.926538 -0.238213 /dados/ufes/20210131/1612123264.583308.intelbras1.png
7756859.81796 -363668.125994 -0.248637 /dados/ufes/20210131/1612123265.344422.intelbras1.png
7756865.3088 -363669.452628 -0.218854 /dados/ufes/20210131/1612123266.145234.intelbras1.png
7756870.25742 -363670.472051 -0.177079 /dados/ufes/20210131/1612123266.853768.intelbras1.png
7756875.31823 -363671.285925 -0.143103 /dados/ufes/20210131/1612123267.568183.intelbras1.png
7756880.75364 -363671.98292 -0.126692 /dados/ufes/20210131/1612123268.315277.intelbras1.png
7756885.91308 -363672.632018 -0.128911 /dados/ufes/20210131/1612123269.053538.intelbras1.png
7756890.94132 -363673.271095 -0.135377 /dados/ufes/20210131/1612123269.757292.intelbras1.png
7756896.79674 -363674.049631 -0.145529 /dados/ufes/20210131/1612123270.577286.intelbras1.png
7756901.82672 -363674.753987 -0.142682 /dados/ufes/20210131/1612123271.289235.intelbras1.png
7756907.52102 -363675.504072 -0.147847 /dados/ufes/20210131/1612123272.096607.intelbras1.png
7756912.76551 -363676.30827 -0.156005 /dados/ufes/20210131/1612123272.843596.intelbras1.png
7756917.79722 -363677.048706 -0.150812 /dados/ufes/20210131/1612123273.556733.intelbras1.png
7756922.95132 -363677.75704 -0.144193 /dados/ufes/20210131/1612123274.296603.intelbras1.png
7756928.42507 -363678.552786 -0.142096 /dados/ufes/20210131/1612123275.085479.intelbras1.png
7756933.61099 -363679.27957 -0.143203 /dados/ufes/20210131/1612123275.821199.intelbras1.png
7756938.82046 -363679.995337 -0.141367 /dados/ufes/20210131/1612123276.568768.intelbras1.png
7756943.80337 -363680.702313 -0.138509 /dados/ufes/20210131/1612123277.289012.intelbras1.png
7756948.89232 -363681.373115 -0.13914 /dados/ufes/20210131/1612123278.017425.intelbras1.png
7756954.15486 -363682.049098 -0.13614 /dados/ufes/20210131/1612123278.785349.intelbras1.png
7756959.26172 -363682.709283 -0.133473 /dados/ufes/20210131/1612123279.518136.intelbras1.png
7756964.24669 -363683.30157 -0.137791 /dados/ufes/20210131/1612123280.240766.intelbras1.png
7756969.52116 -363683.974888 -0.136409 /dados/ufes/20210131/1612123281.028985.intelbras1.png
7756974.61944 -363684.663383 -0.141826 /dados/ufes/20210131/1612123281.797045.intelbras1.png
7756979.68874 -363685.359154 -0.145024 /dados/ufes/20210131/1612123282.596381.intelbras1.png
7756984.92165 -363686.086404 -0.140546 /dados/ufes/20210131/1612123283.441179.intelbras1.png
7756990.45902 -363686.842897 -0.134633 /dados/ufes/20210131/1612123284.361852.intelbras1.png
7756995.46544 -363687.449694 -0.134302 /dados/ufes/20210131/1612123285.241173.intelbras1.png
7757000.84356 -363688.185489 -0.132165 /dados/ufes/20210131/1612123286.198075.intelbras1.png
7757005.81635 -363688.835362 -0.135656 /dados/ufes/20210131/1612123287.101509.intelbras1.png
7757010.98142 -363689.475968 -0.13459 /dados/ufes/20210131/1612123288.056867.intelbras1.png
7757016.06787 -363690.142965 -0.135647 /dados/ufes/20210131/1612123289.056736.intelbras1.png
7757021.06715 -363690.836177 -0.134649 /dados/ufes/20210131/1612123290.040732.intelbras1.png
7757026.0272 -363691.482814 -0.12556 /dados/ufes/20210131/1612123291.057717.intelbras1.png
7757031.34294 -363692.0403 -0.116609 /dados/ufes/20210131/1612123292.245053.intelbras1.png
7757036.72525 -363692.648515 -0.125631 /dados/ufes/20210131/1612123293.585048.intelbras1.png
7757041.78596 -363693.227952 -0.134526 /dados/ufes/20210131/1612123295.139852.intelbras1.png
7757046.85522 -363693.883073 -0.14028 /dados/ufes/20210131/1612123296.999431.intelbras1.png
7757051.98641 -363694.585402 -0.148518 /dados/ufes/20210131/1612123298.598953.intelbras1.png
7757057.05161 -363695.337596 -0.162332 /dados/ufes/20210131/1612123299.939830.intelbras1.png
7757062.25514 -363696.213533 -0.185227 /dados/ufes/20210131/1612123301.271069.intelbras1.png
7757067.30772 -363697.117159 -0.151753 /dados/ufes/20210131/1612123302.504691.intelbras1.png
7757072.46611 -363697.342877 0.111434 /dados/ufes/20210131/1612123303.840718.intelbras1.png
7757077.39226 -363695.95772 0.40973 /dados/ufes/20210131/1612123305.132172.intelbras1.png
7757081.9172 -363693.599609 0.509431 /dados/ufes/20210131/1612123306.252738.intelbras1.png
7757086.23334 -363691.071774 0.532855 /dados/ufes/20210131/1612123307.316405.intelbras1.png
7757090.65817 -363688.450916 0.540306 /dados/ufes/20210131/1612123308.472090.intelbras1.png
7757095.31281 -363685.630894 0.549064 /dados/ufes/20210131/1612123309.854616.intelbras1.png
7757099.65864 -363682.964761 0.549347 /dados/ufes/20210131/1612123311.331830.intelbras1.png
7757104.0195 -363680.25714 0.547744 /dados/ufes/20210131/1612123312.777357.intelbras1.png
7757108.35982 -363677.534113 0.548861 /dados/ufes/20210131/1612123314.014124.intelbras1.png
7757113.01025 -363674.736291 0.540961 /dados/ufes/20210131/1612123315.183070.intelbras1.png
7757117.42702 -363672.098799 0.540739 /dados/ufes/20210131/1612123316.265681.intelbras1.png
7757121.84795 -363669.440274 0.536596 /dados/ufes/20210131/1612123317.273289.intelbras1.png
7757126.19729 -363666.851985 0.532004 /dados/ufes/20210131/1612123318.201369.intelbras1.png
7757130.55888 -363664.299222 0.529312 /dados/ufes/20210131/1612123319.117302.intelbras1.png
7757135.11074 -363661.666508 0.523413 /dados/ufes/20210131/1612123320.072847.intelbras1.png
7757139.65945 -363659.025962 0.511062 /dados/ufes/20210131/1612123321.052763.intelbras1.png
7757144.08303 -363656.592336 0.501871 /dados/ufes/20210131/1612123322.072033.intelbras1.png
7757148.70313 -363653.960894 0.512539 /dados/ufes/20210131/1612123323.151555.intelbras1.png
7757153.31204 -363651.366728 0.549307 /dados/ufes/20210131/1612123324.278919.intelbras1.png
7757157.59606 -363648.563006 0.600161 /dados/ufes/20210131/1612123325.350632.intelbras1.png
7757161.79114 -363645.31755 0.755547 /dados/ufes/20210131/1612123326.471855.intelbras1.png
7757165.30732 -363641.433798 0.932895 /dados/ufes/20210131/1612123327.605433.intelbras1.png
7757168.1289 -363637.067678 1.079219 /dados/ufes/20210131/1612123328.708678.intelbras1.png
7757170.43344 -363632.143392 1.155253 /dados/ufes/20210131/1612123329.817593.intelbras1.png
7757172.45856 -363627.5332 1.169796 /dados/ufes/20210131/1612123330.849450.intelbras1.png
7757174.43756 -363622.90788 1.147332 /dados/ufes/20210131/1612123331.860799.intelbras1.png
7757176.66451 -363618.373904 1.067087 /dados/ufes/20210131/1612123332.856604.intelbras1.png
7757179.31902 -363614.112733 0.968786 /dados/ufes/20210131/1612123333.857039.intelbras1.png
7757182.46845 -363610.003864 0.860922 /dados/ufes/20210131/1612123334.844491.intelbras1.png
7757186.14322 -363606.14396 0.732662 /dados/ufes/20210131/1612123335.857099.intelbras1.png
7757190.2805 -363602.724183 0.636393 /dados/ufes/20210131/1612123336.845017.intelbras1.png
7757194.55092 -363599.74882 0.583745 /dados/ufes/20210131/1612123337.812841.intelbras1.png
7757198.92049 -363596.867096 0.57376 /dados/ufes/20210131/1612123338.784998.intelbras1.png
7757203.36615 -363594.030814 0.565004 /dados/ufes/20210131/1612123339.753531.intelbras1.png
7757207.77715 -363591.215595 0.563784 /dados/ufes/20210131/1612123340.741848.intelbras1.png
7757212.29524 -363588.254333 0.585672 /dados/ufes/20210131/1612123341.752336.intelbras1.png
7757216.57866 -363585.363651 0.592081 /dados/ufes/20210131/1612123342.725002.intelbras1.png
7757221.04905 -363582.287419 0.596328 /dados/ufes/20210131/1612123343.717432.intelbras1.png
7757225.39675 -363579.224494 0.611686 /dados/ufes/20210131/1612123344.680484.intelbras1.png
7757229.45959 -363576.230703 0.653835 /dados/ufes/20210131/1612123345.610508.intelbras1.png
7757233.53355 -363572.960847 0.69952 /dados/ufes/20210131/1612123346.600157.intelbras1.png
7757237.46656 -363569.467444 0.756018 /dados/ufes/20210131/1612123347.592799.intelbras1.png
7757241.35554 -363565.526883 0.786803 /dados/ufes/20210131/1612123348.605208.intelbras1.png
7757244.87651 -363561.938434 0.789649 /dados/ufes/20210131/1612123349.550134.intelbras1.png
7757248.3697 -363558.34012 0.766883 /dados/ufes/20210131/1612123350.462860.intelbras1.png
7757252.0879 -363554.642384 0.764312 /dados/ufes/20210131/1612123351.418267.intelbras1.png
7757255.91286 -363550.912219 0.74972 /dados/ufes/20210131/1612123352.382412.intelbras1.png
7757259.53607 -363547.384126 0.735062 /dados/ufes/20210131/1612123353.271105.intelbras1.png
7757263.46234 -363543.765582 0.721256 /dados/ufes/20210131/1612123354.218307.intelbras1.png
7757267.39838 -363540.186097 0.696982 /dados/ufes/20210131/1612123355.147846.intelbras1.png
7757271.23304 -363536.950692 0.688337 /dados/ufes/20210131/1612123356.017016.intelbras1.png
7757275.13074 -363533.736697 0.685491 /dados/ufes/20210131/1612123356.886834.intelbras1.png
7757279.24989 -363530.383502 0.679645 /dados/ufes/20210131/1612123357.777213.intelbras1.png
7757283.41817 -363527.026933 0.689694 /dados/ufes/20210131/1612123358.685725.intelbras1.png
7757287.31113 -363523.801148 0.705181 /dados/ufes/20210131/1612123359.486538.intelbras1.png
7757291.36076 -363520.323745 0.730308 /dados/ufes/20210131/1612123360.320705.intelbras1.png
7757295.24244 -363516.749577 0.750584 /dados/ufes/20210131/1612123361.129889.intelbras1.png
7757299.4494 -363512.793822 0.764724 /dados/ufes/20210131/1612123361.996745.intelbras1.png
7757303.41913 -363508.918092 0.770105 /dados/ufes/20210131/1612123362.849323.intelbras1.png
7757307.05034 -363505.439886 0.749332 /dados/ufes/20210131/1612123363.616093.intelbras1.png
7757310.85404 -363502.055233 0.683937 /dados/ufes/20210131/1612123364.416416.intelbras1.png
7757315.03355 -363498.836802 0.579752 /dados/ufes/20210131/1612123365.284817.intelbras1.png
7757319.71228 -363496.12026 0.431426 /dados/ufes/20210131/1612123366.196809.intelbras1.png
7757324.53267 -363494.298006 0.249005 /dados/ufes/20210131/1612123367.083906.intelbras1.png
7757329.46763 -363493.338984 0.067057 /dados/ufes/20210131/1612123367.947046.intelbras1.png
7757334.52691 -363493.291896 -0.105792 /dados/ufes/20210131/1612123368.807866.intelbras1.png
7757339.55631 -363494.076391 -0.223231 /dados/ufes/20210131/1612123369.664505.intelbras1.png
7757344.77677 -363495.330534 -0.283378 /dados/ufes/20210131/1612123370.569357.intelbras1.png
7757349.7024 -363496.747625 -0.323854 /dados/ufes/20210131/1612123371.423212.intelbras1.png
7757354.81899 -363498.484341 -0.348244 /dados/ufes/20210131/1612123372.312794.intelbras1.png
7757359.85151 -363500.304047 -0.392486 /dados/ufes/20210131/1612123373.184677.intelbras1.png
7757364.83127 -363502.430975 -0.432052 /dados/ufes/20210131/1612123374.052588.intelbras1.png
7757369.68819 -363504.713516 -0.483226 /dados/ufes/20210131/1612123374.882206.intelbras1.png
7757374.15236 -363507.138575 -0.536797 /dados/ufes/20210131/1612123375.677895.intelbras1.png
7757378.47176 -363509.863361 -0.591618 /dados/ufes/20210131/1612123376.456762.intelbras1.png
7757382.8719 -363512.901726 -0.64404 /dados/ufes/20210131/1612123377.265168.intelbras1.png
7757387.19564 -363516.220203 -0.695674 /dados/ufes/20210131/1612123378.091749.intelbras1.png
7757391.15239 -363519.621402 -0.770436 /dados/ufes/20210131/1612123378.865186.intelbras1.png
7757394.81198 -363523.399263 -0.8518 /dados/ufes/20210131/1612123379.652848.intelbras1.png
7757398.20408 -363527.413185 -0.892366 /dados/ufes/20210131/1612123380.413285.intelbras1.png
7757401.44242 -363531.401082 -0.909434 /dados/ufes/20210131/1612123381.181111.intelbras1.png
7757404.61282 -363535.486247 -0.918415 /dados/ufes/20210131/1612123381.933038.intelbras1.png
7757407.71431 -363539.512521 -0.923752 /dados/ufes/20210131/1612123382.682783.intelbras1.png
7757410.78526 -363543.521423 -0.925575 /dados/ufes/20210131/1612123383.423147.intelbras1.png
7757414.05929 -363547.723164 -0.921823 /dados/ufes/20210131/1612123384.210934.intelbras1.png
7757417.32697 -363551.988642 -0.919224 /dados/ufes/20210131/1612123385.004768.intelbras1.png
7757420.66983 -363556.305061 -0.924064 /dados/ufes/20210131/1612123385.793311.intelbras1.png
7757423.78606 -363560.392224 -0.924599 /dados/ufes/20210131/1612123386.533496.intelbras1.png
7757427.00119 -363564.476362 -0.928694 /dados/ufes/20210131/1612123387.280480.intelbras1.png
7757430.0744 -363568.510323 -0.931888 /dados/ufes/20210131/1612123388.013269.intelbras1.png
7757433.10686 -363572.510611 -0.940819 /dados/ufes/20210131/1612123388.725400.intelbras1.png
7757436.19257 -363576.738232 -0.94061 /dados/ufes/20210131/1612123389.481256.intelbras1.png
7757439.48086 -363581.064639 -0.933958 /dados/ufes/20210131/1612123390.253125.intelbras1.png
7757442.5877 -363585.193629 -0.935779 /dados/ufes/20210131/1612123391.000797.intelbras1.png
7757445.73064 -363589.321055 -0.934706 /dados/ufes/20210131/1612123391.732950.intelbras1.png
7757449.12159 -363593.851827 -0.935025 /dados/ufes/20210131/1612123392.532680.intelbras1.png
7757452.36873 -363598.122425 -0.932533 /dados/ufes/20210131/1612123393.281976.intelbras1.png
7757455.62966 -363602.415079 -0.930281 /dados/ufes/20210131/1612123394.031488.intelbras1.png
7757459.37566 -363607.370001 -0.928698 /dados/ufes/20210131/1612123394.888773.intelbras1.png
7757462.65273 -363611.563437 -0.926021 /dados/ufes/20210131/1612123395.622507.intelbras1.png
7757465.92149 -363615.758669 -0.919972 /dados/ufes/20210131/1612123396.349724.intelbras1.png
7757469.13011 -363619.904399 -0.92165 /dados/ufes/20210131/1612123397.072715.intelbras1.png
7757472.36139 -363624.158367 -0.913483 /dados/ufes/20210131/1612123397.800583.intelbras1.png
7757475.77238 -363628.457202 -0.888188 /dados/ufes/20210131/1612123398.544699.intelbras1.png
7757479.49668 -363632.82112 -0.842227 /dados/ufes/20210131/1612123399.334997.intelbras1.png
7757483.29222 -363636.859303 -0.777472 /dados/ufes/20210131/1612123400.099165.intelbras1.png
7757487.06658 -363640.339647 -0.721939 /dados/ufes/20210131/1612123400.789786.intelbras1.png
7757490.98825 -363643.560261 -0.654588 /dados/ufes/20210131/1612123401.476599.intelbras1.png
7757495.31603 -363646.633648 -0.577682 /dados/ufes/20210131/1612123402.201031.intelbras1.png
7757499.92928 -363649.377937 -0.513063 /dados/ufes/20210131/1612123402.932907.intelbras1.png
7757504.62587 -363651.805759 -0.436887 /dados/ufes/20210131/1612123403.662855.intelbras1.png
7757509.31965 -363653.802539 -0.363612 /dados/ufes/20210131/1612123404.359951.intelbras1.png
7757514.59783 -363655.526197 -0.286519 /dados/ufes/20210131/1612123405.129320.intelbras1.png
7757519.94998 -363656.909949 -0.223009 /dados/ufes/20210131/1612123405.900000.intelbras1.png
7757524.99302 -363657.944144 -0.181556 /dados/ufes/20210131/1612123406.613015.intelbras1.png
7757530.3905 -363658.778338 -0.143507 /dados/ufes/20210131/1612123407.367572.intelbras1.png
7757535.97135 -363659.462726 -0.090091 /dados/ufes/20210131/1612123408.140790.intelbras1.png
7757541.18167 -363659.805342 -0.048008 /dados/ufes/20210131/1612123408.871303.intelbras1.png
7757546.39353 -363659.986464 -0.023735 /dados/ufes/20210131/1612123409.600875.intelbras1.png
7757551.70453 -363659.99782 0.012501 /dados/ufes/20210131/1612123410.340727.intelbras1.png
7757557.01904 -363659.832406 0.046534 /dados/ufes/20210131/1612123411.088780.intelbras1.png
7757562.09273 -363659.508612 0.080313 /dados/ufes/20210131/1612123411.801749.intelbras1.png
7757567.30037 -363658.977778 0.104987 /dados/ufes/20210131/1612123412.541408.intelbras1.png
7757572.8166 -363658.32761 0.135869 /dados/ufes/20210131/1612123413.332747.intelbras1.png
7757578.06029 -363657.509519 0.169935 /dados/ufes/20210131/1612123414.101451.intelbras1.png
7757583.08216 -363656.568081 0.196777 /dados/ufes/20210131/1612123414.828600.intelbras1.png
7757588.32713 -363655.415766 0.217031 /dados/ufes/20210131/1612123415.602034.intelbras1.png
7757593.21403 -363654.244664 0.237967 /dados/ufes/20210131/1612123416.341096.intelbras1.png
7757598.4608 -363652.874748 0.260315 /dados/ufes/20210131/1612123417.133213.intelbras1.png
7757603.50533 -363651.435848 0.302978 /dados/ufes/20210131/1612123417.897617.intelbras1.png
7757608.54329 -363649.685684 0.336934 /dados/ufes/20210131/1612123418.669978.intelbras1.png
7757613.74634 -363647.699907 0.385417 /dados/ufes/20210131/1612123419.470092.intelbras1.png
7757618.44735 -363645.633389 0.469918 /dados/ufes/20210131/1612123420.205131.intelbras1.png
7757622.96871 -363643.11476 0.553674 /dados/ufes/20210131/1612123420.936347.intelbras1.png
7757627.41497 -363640.193013 0.613975 /dados/ufes/20210131/1612123421.685128.intelbras1.png
7757631.57685 -363637.208903 0.629437 /dados/ufes/20210131/1612123422.406084.intelbras1.png
7757635.79002 -363634.095603 0.648308 /dados/ufes/20210131/1612123423.140814.intelbras1.png
7757640.31943 -363630.631856 0.653405 /dados/ufes/20210131/1612123423.945091.intelbras1.png
7757644.48126 -363627.409534 0.652017 /dados/ufes/20210131/1612123424.697472.intelbras1.png
7757648.94571 -363623.989106 0.648708 /dados/ufes/20210131/1612123425.480638.intelbras1.png
7757653.40527 -363620.551764 0.641571 /dados/ufes/20210131/1612123426.281392.intelbras1.png
7757657.69543 -363617.277714 0.638106 /dados/ufes/20210131/1612123427.036920.intelbras1.png
7757661.77142 -363614.220095 0.636077 /dados/ufes/20210131/1612123427.767165.intelbras1.png
7757665.87128 -363611.128865 0.632969 /dados/ufes/20210131/1612123428.484857.intelbras1.png
7757670.04707 -363608.081256 0.635648 /dados/ufes/20210131/1612123429.221068.intelbras1.png
7757674.40456 -363604.813592 0.63632 /dados/ufes/20210131/1612123429.979035.intelbras1.png
7757678.56649 -363601.737798 0.640407 /dados/ufes/20210131/1612123430.708028.intelbras1.png
7757682.70893 -363598.674529 0.642263 /dados/ufes/20210131/1612123431.431640.intelbras1.png
7757687.12532 -363595.389265 0.640344 /dados/ufes/20210131/1612123432.212963.intelbras1.png
7757691.26577 -363592.304154 0.643426 /dados/ufes/20210131/1612123432.948620.intelbras1.png
7757695.3209 -363589.209173 0.648679 /dados/ufes/20210131/1612123433.669282.intelbras1.png
7757699.40724 -363586.079073 0.649957 /dados/ufes/20210131/1612123434.410166.intelbras1.png
7757703.68353 -363582.857468 0.65836 /dados/ufes/20210131/1612123435.167768.intelbras1.png
7757707.97862 -363579.489021 0.664415 /dados/ufes/20210131/1612123435.937030.intelbras1.png
7757711.89 -363576.348512 0.666396 /dados/ufes/20210131/1612123436.651469.intelbras1.png
7757716.24217 -363572.947571 0.656432 /dados/ufes/20210131/1612123437.448354.intelbras1.png
7757720.26161 -363569.787071 0.652517 /dados/ufes/20210131/1612123438.180682.intelbras1.png
7757724.47911 -363566.428602 0.652724 /dados/ufes/20210131/1612123438.948844.intelbras1.png
7757728.69511 -363563.168961 0.656847 /dados/ufes/20210131/1612123439.701623.intelbras1.png
7757732.75797 -363559.944423 0.655989 /dados/ufes/20210131/1612123440.440320.intelbras1.png
7757736.84128 -363556.83305 0.651957 /dados/ufes/20210131/1612123441.169174.intelbras1.png
7757740.8242 -363553.756471 0.651559 /dados/ufes/20210131/1612123441.901867.intelbras1.png
7757745.22541 -363550.361577 0.655244 /dados/ufes/20210131/1612123442.692842.intelbras1.png
7757749.22317 -363547.310321 0.657963 /dados/ufes/20210131/1612123443.408881.intelbras1.png
7757753.19585 -363544.184496 0.660481 /dados/ufes/20210131/1612123444.118627.intelbras1.png
7757757.25124 -363541.023085 0.661768 /dados/ufes/20210131/1612123444.848788.intelbras1.png
7757761.33579 -363537.812712 0.663854 /dados/ufes/20210131/1612123445.578055.intelbras1.png
7757765.38783 -363534.644611 0.649548 /dados/ufes/20210131/1612123446.282589.intelbras1.png
7757769.84334 -363531.348643 0.593008 /dados/ufes/20210131/1612123447.048453.intelbras1.png
7757774.27988 -363528.569454 0.48992 /dados/ufes/20210131/1612123447.777910.intelbras1.png
7757779.08181 -363526.197227 0.384769 /dados/ufes/20210131/1612123448.519982.intelbras1.png
7757784.02823 -363524.41261 0.271611 /dados/ufes/20210131/1612123449.247985.intelbras1.png
7757789.12302 -363523.185244 0.170184 /dados/ufes/20210131/1612123449.973137.intelbras1.png
7757794.38898 -363522.482128 0.071128 /dados/ufes/20210131/1612123450.718752.intelbras1.png
7757799.84266 -363522.321714 -0.057541 /dados/ufes/20210131/1612123451.485055.intelbras1.png
7757804.84454 -363522.802722 -0.156414 /dados/ufes/20210131/1612123452.177934.intelbras1.png
7757810.12595 -363523.855115 -0.25806 /dados/ufes/20210131/1612123452.919806.intelbras1.png
7757815.12574 -363525.389807 -0.364706 /dados/ufes/20210131/1612123453.632969.intelbras1.png
7757819.99232 -363527.442729 -0.48047 /dados/ufes/20210131/1612123454.360725.intelbras1.png
7757824.92806 -363530.376785 -0.610911 /dados/ufes/20210131/1612123455.163598.intelbras1.png
7757829.17422 -363533.44976 -0.683488 /dados/ufes/20210131/1612123455.884290.intelbras1.png
7757833.15875 -363536.788427 -0.71609 /dados/ufes/20210131/1612123456.603081.intelbras1.png
7757837.12056 -363540.270688 -0.727808 /dados/ufes/20210131/1612123457.317851.intelbras1.png
7757840.99072 -363543.622203 -0.729633 /dados/ufes/20210131/1612123458.024672.intelbras1.png
7757845.03552 -363547.154593 -0.730949 /dados/ufes/20210131/1612123458.761844.intelbras1.png
7757849.06635 -363550.734043 -0.739293 /dados/ufes/20210131/1612123459.500501.intelbras1.png
7757852.98895 -363554.278971 -0.731438 /dados/ufes/20210131/1612123460.224543.intelbras1.png
7757856.95702 -363557.832509 -0.728834 /dados/ufes/20210131/1612123460.961099.intelbras1.png
7757860.71565 -363561.148591 -0.721656 /dados/ufes/20210131/1612123461.644797.intelbras1.png
7757865.0189 -363564.861014 -0.726944 /dados/ufes/20210131/1612123462.427040.intelbras1.png
7757869.30375 -363568.61987 -0.729822 /dados/ufes/20210131/1612123463.221236.intelbras1.png
7757873.06157 -363571.922989 -0.73558 /dados/ufes/20210131/1612123463.918786.intelbras1.png
7757876.98854 -363575.464929 -0.725435 /dados/ufes/20210131/1612123464.644903.intelbras1.png
7757881.00044 -363578.865319 -0.721696 /dados/ufes/20210131/1612123465.378382.intelbras1.png
7757885.28992 -363582.598487 -0.721411 /dados/ufes/20210131/1612123466.161079.intelbras1.png
7757889.30962 -363586.147589 -0.72338 /dados/ufes/20210131/1612123466.900981.intelbras1.png
7757893.1319 -363589.508524 -0.726753 /dados/ufes/20210131/1612123467.604036.intelbras1.png
7757897.20605 -363593.085363 -0.727356 /dados/ufes/20210131/1612123468.360932.intelbras1.png
7757901.75631 -363597.027753 -0.734461 /dados/ufes/20210131/1612123469.181750.intelbras1.png
7757905.5813 -363600.488463 -0.739231 /dados/ufes/20210131/1612123469.893759.intelbras1.png
7757909.64999 -363604.199758 -0.738296 /dados/ufes/20210131/1612123470.643612.intelbras1.png
7757913.40616 -363607.540177 -0.731291 /dados/ufes/20210131/1612123471.332719.intelbras1.png
7757917.39465 -363611.043253 -0.725243 /dados/ufes/20210131/1612123472.062885.intelbras1.png
7757921.68741 -363614.703213 -0.726698 /dados/ufes/20210131/1612123472.833197.intelbras1.png
7757925.43969 -363618.011487 -0.727067 /dados/ufes/20210131/1612123473.533337.intelbras1.png
7757929.26315 -363621.382587 -0.724163 /dados/ufes/20210131/1612123474.259533.intelbras1.png
7757933.20032 -363624.833823 -0.725759 /dados/ufes/20210131/1612123475.033017.intelbras1.png
7757937.23771 -363628.355966 -0.728934 /dados/ufes/20210131/1612123475.859171.intelbras1.png
7757941.2917 -363631.955413 -0.727802 /dados/ufes/20210131/1612123476.697198.intelbras1.png
7757945.09449 -363635.364197 -0.727723 /dados/ufes/20210131/1612123477.531059.intelbras1.png
7757949.27291 -363639.115365 -0.749338 /dados/ufes/20210131/1612123478.498632.intelbras1.png
7757953.23875 -363642.999875 -0.813388 /dados/ufes/20210131/1612123479.503185.intelbras1.png
7757956.80661 -363647.14033 -0.932502 /dados/ufes/20210131/1612123480.482267.intelbras1.png
7757959.58936 -363651.313514 -1.092697 /dados/ufes/20210131/1612123481.373336.intelbras1.png
7757961.71829 -363656.010865 -1.227544 /dados/ufes/20210131/1612123482.270852.intelbras1.png
7757963.20626 -363661.140991 -1.396256 /dados/ufes/20210131/1612123483.164634.intelbras1.png
7757963.74436 -363666.548735 -1.57241 /dados/ufes/20210131/1612123484.070840.intelbras1.png
7757963.24675 -363672.025651 -1.758112 /dados/ufes/20210131/1612123484.974536.intelbras1.png
7757962.03678 -363677.015527 -1.886087 /dados/ufes/20210131/1612123485.832704.intelbras1.png
7757960.22639 -363681.676319 -2.023837 /dados/ufes/20210131/1612123486.670838.intelbras1.png
7757957.55398 -363686.382886 -2.20953 /dados/ufes/20210131/1612123487.579241.intelbras1.png
7757953.81882 -363690.621733 -2.367087 /dados/ufes/20210131/1612123488.513295.intelbras1.png
7757949.97135 -363694.087792 -2.440375 /dados/ufes/20210131/1612123489.373413.intelbras1.png
7757946.01798 -363697.349273 -2.464824 /dados/ufes/20210131/1612123490.233037.intelbras1.png
7757941.66509 -363700.806388 -2.481746 /dados/ufes/20210131/1612123491.186203.intelbras1.png
7757937.43877 -363704.029013 -2.477196 /dados/ufes/20210131/1612123492.105731.intelbras1.png
7757933.1909 -363707.376472 -2.484037 /dados/ufes/20210131/1612123493.047694.intelbras1.png
7757929.02081 -363710.578547 -2.489933 /dados/ufes/20210131/1612123493.943870.intelbras1.png
7757924.71184 -363713.842216 -2.496595 /dados/ufes/20210131/1612123494.905026.intelbras1.png
7757920.67815 -363716.87701 -2.49909 /dados/ufes/20210131/1612123495.841224.intelbras1.png
7757916.53014 -363720.011915 -2.4972 /dados/ufes/20210131/1612123496.860177.intelbras1.png
7757912.16672 -363723.363246 -2.489367 /dados/ufes/20210131/1612123497.985676.intelbras1.png
7757907.98293 -363726.561902 -2.489019 /dados/ufes/20210131/1612123499.141897.intelbras1.png
7757903.93586 -363729.653246 -2.494721 /dados/ufes/20210131/1612123500.384868.intelbras1.png
7757899.73317 -363732.890863 -2.496317 /dados/ufes/20210131/1612123501.742427.intelbras1.png
7757895.64001 -363736.005204 -2.497273 /dados/ufes/20210131/1612123503.187390.intelbras1.png
7757891.53713 -363739.078855 -2.490751 /dados/ufes/20210131/1612123504.541049.intelbras1.png
7757887.4677 -363742.259559 -2.491697 /dados/ufes/20210131/1612123506.046079.intelbras1.png
7757883.43084 -363745.330566 -2.48356 /dados/ufes/20210131/1612123508.534471.intelbras1.png
