001l.ppm 7757702.023068 -363587.428032 0.000000 0.676882 0.000000 0.000000 
002l.ppm 7757709.863559 -363580.890191 0.000000 0.749672 0.018880 0.037318 
003l.ppm 7757717.571559 -363574.475745 0.000000 0.701394 0.018980 0.033200 
004l.ppm 7757725.015138 -363567.511165 0.000000 0.721425 0.020724 0.037048 
005l.ppm 7757732.579187 -363560.816216 0.000000 0.679285 0.029510 0.026909 
006l.ppm 7757740.456521 -363554.405828 0.000000 0.665753 0.023707 0.031775 
007l.ppm 7757748.245482 -363547.933354 0.000000 0.680356 0.021928 0.039089 
008l.ppm 7757756.483003 -363541.170969 0.000000 0.673373 0.032780 0.061434 
009l.ppm 7757764.654786 -363534.763581 0.000000 0.608081 0.017686 0.055248 
010l.ppm 7757773.176095 -363529.392533 0.000000 0.457067 0.032407 0.024793 
011l.ppm 7757783.070795 -363525.486556 0.000000 0.250763 0.033634 0.025767 
012l.ppm 7757793.156238 -363523.966176 0.000000 0.043854 0.032264 0.029546 
013l.ppm 7757803.491298 -363524.639316 0.000000 -0.160939 0.020404 0.013297 
014l.ppm 7757813.248559 -363527.494591 0.000000 -0.399585 0.021188 -0.001729 
015l.ppm 7757822.037008 -363532.331273 0.000000 -0.597106 0.034254 0.041714 
016l.ppm 7757830.265138 -363538.704086 0.000000 -0.663408 0.030777 0.051315 
017l.ppm 7757838.023699 -363545.446289 0.000000 -0.688784 0.032445 0.037927 
018l.ppm 7757845.685228 -363552.372586 0.000000 -0.724623 0.024759 0.038828 
019l.ppm 7757853.408980 -363559.455651 0.000000 -0.716040 0.017849 0.042117 
020l.ppm 7757861.163470 -363566.556448 0.000000 -0.706264 0.027710 0.036618 
021l.ppm 7757868.731333 -363573.169535 0.000000 -0.706750 0.022262 0.033290 
022l.ppm 7757876.448880 -363579.984920 0.000000 -0.714385 0.029641 0.017815 
023l.ppm 7757884.232851 -363586.910968 0.000000 -0.726736 0.038707 0.029300 
024l.ppm 7757891.852116 -363593.722993 0.000000 -0.721161 0.032959 0.023398 
025l.ppm 7757899.748192 -363600.576027 0.000000 -0.712698 0.026953 0.040099 
026l.ppm 7757907.520623 -363607.542158 0.000000 -0.719471 0.021790 0.034302 
027l.ppm 7757915.621101 -363614.538693 0.000000 -0.714203 0.025790 0.027433 
028l.ppm 7757923.487795 -363621.507650 0.000000 -0.716714 0.022916 0.017547 
029l.ppm 7757931.045440 -363628.172932 0.000000 -0.723147 0.015311 0.027781 
030l.ppm 7757938.643527 -363634.725846 0.000000 -0.716752 0.027505 0.021749 
031l.ppm 7757946.234303 -363641.822275 0.000000 -0.804717 0.046336 0.022035 
032l.ppm 7757952.861321 -363649.920158 0.000000 -1.022909 0.024337 -0.002646 
033l.ppm 7757957.264001 -363659.209446 0.000000 -1.303640 0.029485 -0.014477 
034l.ppm 7757958.721918 -363669.396427 0.000000 -1.602801 0.022912 -0.006383 
035l.ppm 7757956.626515 -363679.777248 0.000000 -1.939254 0.016775 0.003133 
036l.ppm 7757951.177225 -363688.959954 0.000000 -2.248253 0.028710 0.014518 
037l.ppm 7757943.621144 -363696.238669 0.000000 -2.385032 0.026734 0.041459 
038l.ppm 7757935.480579 -363703.118091 0.000000 -2.408009 0.020815 0.038772 
039l.ppm 7757927.628964 -363709.522591 0.000000 -2.435837 0.023050 0.029461 
040l.ppm 7757919.185922 -363716.085759 0.000000 -2.459188 0.024574 0.038284 
041l.ppm 7757910.599321 -363722.745843 0.000000 -2.467901 0.022861 0.029254 
042l.ppm 7757902.446697 -363729.033100 0.000000 -2.467733 0.027230 0.027365 
043l.ppm 7757894.027978 -363735.410450 0.000000 -2.468579 0.024647 0.020795 
044l.ppm 7757885.892856 -363741.566265 0.000000 -2.476967 0.024334 0.020432 
045l.ppm 7757877.303358 -363748.165933 0.000000 -2.478653 0.026839 0.017163 
046l.ppm 7757868.950150 -363754.457652 0.000000 -2.488832 0.028035 0.018386 
047l.ppm 7757860.450618 -363760.943163 0.000000 -2.491399 0.028007 0.016297 
048l.ppm 7757852.092772 -363767.174034 0.000000 -2.498054 0.028462 0.022128 
049l.ppm 7757843.798885 -363773.373715 0.000000 -2.489966 0.024019 0.009433 
050l.ppm 7757835.858295 -363779.540043 0.000000 -2.469392 0.024024 0.009323 
051l.ppm 7757827.690579 -363785.974208 0.000000 -2.473633 0.030279 0.013409 
052l.ppm 7757819.218090 -363792.668846 0.000000 -2.478870 0.027480 0.016879 
053l.ppm 7757811.077051 -363798.879761 0.000000 -2.487025 0.026844 0.018490 
054l.ppm 7757803.185445 -363805.058944 0.000000 -2.474935 0.035667 0.019645 
055l.ppm 7757795.155362 -363811.337601 0.000000 -2.488380 0.036099 0.021126 
056l.ppm 7757786.680519 -363817.807645 0.000000 -2.497261 0.038469 0.017018 
057l.ppm 7757778.670119 -363823.911065 0.000000 -2.497533 0.037880 0.018829 
058l.ppm 7757770.530299 -363830.061846 0.000000 -2.488185 0.115913 0.034963 
059l.ppm 7757762.078011 -363836.479536 0.000000 -2.484596 0.011304 0.015662 
060l.ppm 7757753.910918 -363842.652710 0.000000 -2.485289 0.009012 0.014798 
061l.ppm 7757745.938725 -363848.837138 0.000000 -2.492430 0.018005 0.017904 
062l.ppm 7757737.948429 -363855.037697 0.000000 -2.495826 0.016290 0.020508 
063l.ppm 7757729.804202 -363861.384838 0.000000 -2.483049 0.038173 0.016828 
064l.ppm 7757721.763473 -363867.527720 0.000000 -2.486408 0.040788 0.021272 
065l.ppm 7757713.919446 -363873.868325 0.000000 -2.475337 0.019347 0.021273 
066l.ppm 7757705.819657 -363879.949263 0.000000 -2.491626 0.013983 0.025162 
067l.ppm 7757697.689936 -363886.101270 0.000000 -2.491060 0.019048 0.013387 
068l.ppm 7757689.749599 -363892.232722 0.000000 -2.488062 0.020431 0.019512 
069l.ppm 7757681.551233 -363898.507654 0.000000 -2.497546 0.025365 0.021250 
070l.ppm 7757673.254248 -363904.763705 0.000000 -2.494991 0.025794 0.022938 
071l.ppm 7757665.271191 -363910.973404 0.000000 -2.478709 0.028503 0.016421 
072l.ppm 7757657.402979 -363917.171619 0.000000 -2.466660 0.015751 0.007162 
073l.ppm 7757649.027213 -363923.850263 0.000000 -2.476087 0.034965 0.014521 
074l.ppm 7757641.154171 -363930.122376 0.000000 -2.458758 0.025112 0.009061 
075l.ppm 7757632.936691 -363936.735195 0.000000 -2.469035 0.030157 0.007560 
076l.ppm 7757625.056833 -363942.893929 0.000000 -2.496266 0.030904 0.008991 
077l.ppm 7757616.643559 -363949.160452 0.000000 -2.493460 0.031988 0.012409 
078l.ppm 7757608.224870 -363955.540315 0.000000 -2.500677 0.021321 0.005623 
079l.ppm 7757599.691733 -363961.881460 0.000000 -2.503319 0.019275 -0.001332 
080l.ppm 7757591.554172 -363967.820568 0.000000 -2.519663 0.013939 0.007976 
081l.ppm 7757582.793217 -363974.254917 0.000000 -2.510268 0.022795 0.013995 
082l.ppm 7757574.791123 -363980.317689 0.000000 -2.506396 0.023232 0.016494 
083l.ppm 7757566.389189 -363986.581834 0.000000 -2.508182 0.026739 0.008358 
084l.ppm 7757557.895063 -363992.759769 0.000000 -2.540517 0.025754 0.008466 
085l.ppm 7757549.005527 -363998.554018 0.000000 -2.606739 0.004747 0.011064 
086l.ppm 7757540.099045 -364003.863580 0.000000 -2.629221 0.021107 0.015115 
087l.ppm 7757530.878320 -364009.047753 0.000000 -2.631160 0.022722 0.021612 
088l.ppm 7757521.716628 -364014.400663 0.000000 -2.598851 0.026371 0.025364 
089l.ppm 7757512.968423 -364019.968083 0.000000 -2.538044 0.016585 0.031801 
090l.ppm 7757504.664978 -364025.933277 0.000000 -2.482830 0.019835 0.034834 
091l.ppm 7757496.632236 -364032.405186 0.000000 -2.451596 0.014926 0.026000 
092l.ppm 7757488.964523 -364038.971250 0.000000 -2.434226 0.015593 0.022290 
093l.ppm 7757481.402328 -364045.616329 0.000000 -2.421272 0.015959 0.022325 
094l.ppm 7757473.715889 -364052.185393 0.000000 -2.451515 0.018073 0.016278 
095l.ppm 7757465.609136 -364058.557720 0.000000 -2.521641 0.022970 0.012782 
096l.ppm 7757457.201178 -364064.570391 0.000000 -2.574101 0.025806 0.015003 
097l.ppm 7757448.010976 -364070.189734 0.000000 -2.634456 0.023024 0.010413 
098l.ppm 7757438.730877 -364075.061223 0.000000 -2.692963 0.026299 0.028554 
099l.ppm 7757428.969036 -364079.444121 0.000000 -2.751515 0.015959 0.031756 
100l.ppm 7757419.136383 -364083.245839 0.000000 -2.780363 0.024324 0.033767 
101l.ppm 7757409.158903 -364086.834790 0.000000 -2.814664 0.022903 0.041717 
102l.ppm 7757399.033675 -364089.895440 0.000000 -2.868123 0.020796 0.035503 
103l.ppm 7757388.888760 -364092.690574 0.000000 -2.885660 0.019091 0.038859 
104l.ppm 7757378.665875 -364095.054954 0.000000 -2.920538 0.021372 0.037908 
105l.ppm 7757368.516556 -364097.122657 0.000000 -2.949118 0.022613 0.041949 
106l.ppm 7757358.231375 -364098.984839 0.000000 -2.987063 0.024681 0.039624 
107l.ppm 7757348.085597 -364100.306824 0.000000 -3.023222 0.027297 0.042196 
108l.ppm 7757337.526060 -364101.216779 0.000000 -3.069846 0.026551 0.042806 
109l.ppm 7757327.010524 -364101.556002 0.000000 -3.135286 0.026770 0.032697 
110l.ppm 7757316.938416 -364101.244720 0.000000 3.092557 0.025555 0.034262 
111l.ppm 7757306.501069 -364100.593768 0.000000 3.052768 0.025532 0.039998 
112l.ppm 7757296.116411 -364099.372574 0.000000 3.012529 0.024376 0.027674 
113l.ppm 7757285.391349 -364097.871562 0.000000 2.998156 0.024975 0.037654 
114l.ppm 7757275.055344 -364096.239646 0.000000 2.987781 0.032495 0.032410 
115l.ppm 7757264.997530 -364094.680263 0.000000 2.986164 0.032788 0.035080 
116l.ppm 7757255.066039 -364093.170805 0.000000 2.997672 0.028827 0.035310 
117l.ppm 7757244.674056 -364091.732263 0.000000 3.002949 0.028352 0.040524 
118l.ppm 7757234.295198 -364090.177425 0.000000 2.977409 0.025724 0.038530 
119l.ppm 7757223.920930 -364088.232057 0.000000 2.949683 0.023654 0.033095 
120l.ppm 7757213.562534 -364085.920288 0.000000 2.895928 0.029061 0.043602 
121l.ppm 7757203.377808 -364083.349286 0.000000 2.889826 0.028346 0.038417 
122l.ppm 7757193.056522 -364080.640152 0.000000 2.892041 0.044024 0.036889 
123l.ppm 7757183.318047 -364078.235917 0.000000 2.920963 0.034015 0.038096 
124l.ppm 7757173.381725 -364076.464951 0.000000 3.005007 0.025554 0.038907 
125l.ppm 7757163.062593 -364075.530265 0.000000 3.076687 0.010805 0.039079 
126l.ppm 7757152.505831 -364075.026671 0.000000 3.103881 0.012995 0.042416 
127l.ppm 7757142.050627 -364074.672780 0.000000 3.084242 0.018576 0.025883 
128l.ppm 7757131.698262 -364074.006607 0.000000 3.051479 0.019558 0.024278 
129l.ppm 7757121.061639 -364072.918075 0.000000 3.015386 0.026283 0.030064 
130l.ppm 7757111.103112 -364071.481347 0.000000 2.991769 0.034428 0.026864 
131l.ppm 7757101.104436 -364070.045731 0.000000 2.997528 0.029298 0.040755 
132l.ppm 7757091.040337 -364068.624118 0.000000 3.019569 0.031590 0.034875 
133l.ppm 7757080.723396 -364067.491355 0.000000 3.055755 0.027392 0.035951 
134l.ppm 7757070.423226 -364066.918346 0.000000 3.091775 0.030363 0.022521 
135l.ppm 7757060.353769 -364066.328290 0.000000 3.075680 0.043130 0.019394 
136l.ppm 7757050.117367 -364065.420654 0.000000 3.040946 0.015673 0.028220 
137l.ppm 7757039.897621 -364064.156582 0.000000 3.013462 0.009916 0.027148 
138l.ppm 7757029.646678 -364062.990361 0.000000 3.023030 0.021536 0.036661 
139l.ppm 7757018.796567 -364061.643247 0.000000 3.018475 0.021067 0.034142 
140l.ppm 7757008.639340 -364060.476736 0.000000 3.008595 0.022272 0.034802 
141l.ppm 7756997.947103 -364059.165019 0.000000 3.015530 0.024201 0.038106 
142l.ppm 7756987.566945 -364057.895137 0.000000 3.018027 0.025388 0.042530 
143l.ppm 7756976.741391 -364056.527591 0.000000 3.009843 0.029098 0.042388 
144l.ppm 7756966.158593 -364055.054354 0.000000 3.007674 0.027951 0.042782 
145l.ppm 7756956.196541 -364053.829146 0.000000 3.008776 0.029480 0.037097 
146l.ppm 7756946.057646 -364052.587020 0.000000 3.010278 0.032846 0.041338 
147l.ppm 7756935.657406 -364051.296075 0.000000 3.010945 0.028514 0.029087 
148l.ppm 7756925.658969 -364050.048475 0.000000 3.018606 0.030092 0.006113 
149l.ppm 7756915.634957 -364048.811237 0.000000 3.012368 0.047738 0.001109 
150l.ppm 7756905.538193 -364047.519020 0.000000 3.010738 0.037691 0.006595 
151l.ppm 7756895.271487 -364046.163673 0.000000 3.006928 0.021341 -0.000880 
152l.ppm 7756885.117880 -364044.760038 0.000000 3.004593 0.019175 0.001125 
153l.ppm 7756874.746943 -364043.305542 0.000000 3.008210 0.023766 -0.000070 
154l.ppm 7756864.241436 -364041.858478 0.000000 3.002893 0.026437 0.014188 
155l.ppm 7756854.055962 -364040.271600 0.000000 2.989630 0.025732 0.037395 
156l.ppm 7756844.086479 -364038.742805 0.000000 2.999832 0.022295 0.036763 
157l.ppm 7756833.851380 -364037.159087 0.000000 2.979446 0.019226 0.030605 
158l.ppm 7756823.758350 -364035.357211 0.000000 2.944052 0.017124 0.019128 
159l.ppm 7756813.502415 -364033.389261 0.000000 2.943892 0.019839 0.006778 
160l.ppm 7756803.421645 -364031.064798 0.000000 2.889518 0.019586 0.013881 
161l.ppm 7756793.663166 -364028.344174 0.000000 2.860628 0.028113 0.029340 
162l.ppm 7756783.873347 -364025.334540 0.000000 2.845582 0.036051 0.031579 
163l.ppm 7756774.325120 -364022.162424 0.000000 2.827546 0.038608 0.030051 
164l.ppm 7756764.516146 -364018.720982 0.000000 2.818283 0.014429 0.019840 
165l.ppm 7756755.158980 -364015.100607 0.000000 2.778054 0.017393 0.024587 
166l.ppm 7756745.793300 -364011.331711 0.000000 2.747838 0.024555 0.025814 
167l.ppm 7756736.619821 -364007.340428 0.000000 2.715558 0.027049 0.021489 
168l.ppm 7756727.158694 -364002.821695 0.000000 2.664198 0.028121 0.017706 
169l.ppm 7756717.966907 -363997.771316 0.000000 2.619153 0.028042 0.019837 
170l.ppm 7756708.802917 -363992.471201 0.000000 2.605836 0.029628 0.027469 
171l.ppm 7756700.013032 -363987.061894 0.000000 2.588292 0.031118 0.028693 
172l.ppm 7756691.427141 -363981.831148 0.000000 2.581943 0.032309 0.030890 
173l.ppm 7756682.445897 -363976.128037 0.000000 2.572023 0.030950 0.027868 
174l.ppm 7756673.299183 -363970.344987 0.000000 2.582061 0.029223 0.026079 
175l.ppm 7756664.278249 -363964.685041 0.000000 2.584305 0.031350 0.022365 
176l.ppm 7756655.685101 -363959.236188 0.000000 2.576942 0.030426 0.027326 
177l.ppm 7756647.111064 -363953.842192 0.000000 2.586630 0.030012 0.023101 
178l.ppm 7756638.148811 -363948.323825 0.000000 2.583091 0.030631 0.025279 
179l.ppm 7756629.157258 -363942.832624 0.000000 2.590043 0.028528 0.029641 
180l.ppm 7756620.258890 -363937.365630 0.000000 2.591729 0.029831 0.024642 
181l.ppm 7756611.469231 -363931.908051 0.000000 2.577528 0.028618 0.020969 
182l.ppm 7756602.726851 -363926.484940 0.000000 2.570444 0.027336 0.024791 
183l.ppm 7756593.991898 -363921.004648 0.000000 2.566958 0.027740 0.034532 
184l.ppm 7756585.261958 -363915.340761 0.000000 2.567586 0.033304 0.023864 
185l.ppm 7756576.512975 -363909.908021 0.000000 2.579752 0.028453 0.021832 
186l.ppm 7756567.771592 -363904.564194 0.000000 2.596633 0.032268 0.027247 
187l.ppm 7756559.083400 -363899.329946 0.000000 2.589612 0.036620 0.021091 
188l.ppm 7756550.515647 -363893.896672 0.000000 2.536490 0.034325 0.011201 
189l.ppm 7756542.476613 -363887.577843 0.000000 2.395017 0.038969 0.008358 
190l.ppm 7756535.357986 -363879.951920 0.000000 2.249962 0.050947 0.017936 
191l.ppm 7756529.657060 -363871.661347 0.000000 2.104758 0.042644 0.038251 
192l.ppm 7756526.084906 -363862.152033 0.000000 1.932549 0.018244 0.024662 
193l.ppm 7756523.480629 -363852.298040 0.000000 1.773372 0.023804 0.009346 
194l.ppm 7756522.638897 -363842.320066 0.000000 1.581384 0.027309 0.015167 
195l.ppm 7756523.258362 -363832.068060 0.000000 1.468300 0.034356 0.024224 
196l.ppm 7756524.605556 -363821.677867 0.000000 1.435704 0.031999 0.034919 
197l.ppm 7756526.102941 -363811.552640 0.000000 1.434667 0.032377 0.040411 
198l.ppm 7756527.817436 -363801.652380 0.000000 1.403574 0.013287 0.044458 
199l.ppm 7756529.925523 -363791.165936 0.000000 1.332398 0.037119 0.010191 
200l.ppm 7756532.866288 -363781.501727 0.000000 1.187854 0.033189 0.013947 
201l.ppm 7756537.286138 -363772.296768 0.000000 1.015162 0.029888 0.022713 
202l.ppm 7756543.157349 -363764.047253 0.000000 0.862701 0.011454 0.019725 
203l.ppm 7756550.181869 -363756.604709 0.000000 0.748378 0.036082 0.031367 
204l.ppm 7756558.297231 -363749.637336 0.000000 0.698708 0.027109 0.053313 
205l.ppm 7756566.310464 -363743.464621 0.000000 0.658302 0.027923 0.058730 
206l.ppm 7756574.529827 -363737.189713 0.000000 0.669280 0.011250 0.061417 
207l.ppm 7756583.110564 -363730.589940 0.000000 0.665402 0.031351 0.055994 
208l.ppm 7756591.586931 -363724.095277 0.000000 0.669834 0.028636 0.035591 
209l.ppm 7756600.106422 -363717.369823 0.000000 0.674611 0.036350 0.056895 
210l.ppm 7756608.146933 -363711.033802 0.000000 0.658919 0.025527 0.032331 
211l.ppm 7756616.186624 -363704.643675 0.000000 0.668217 0.025327 0.034794 
212l.ppm 7756624.587232 -363697.802990 0.000000 0.663871 0.026341 0.026198 
213l.ppm 7756633.089304 -363691.381365 0.000000 0.630186 0.037468 0.052412 
214l.ppm 7756641.290964 -363685.200789 0.000000 0.644941 0.022647 0.060018 
215l.ppm 7756649.248451 -363679.112021 0.000000 0.631753 0.030056 0.054834 
216l.ppm 7756657.592434 -363673.332455 0.000000 0.567291 0.001490 0.060387 
217l.ppm 7756666.577574 -363667.786074 0.000000 0.476832 0.039311 0.036434 
218l.ppm 7756675.795519 -363663.222978 0.000000 0.402625 0.030948 0.036042 
219l.ppm 7756685.264824 -363659.513220 0.000000 0.322777 0.026172 0.039136 
220l.ppm 7756695.493326 -363656.661531 0.000000 0.214500 0.016884 0.041247 
221l.ppm 7756705.419653 -363654.756741 0.000000 0.155275 0.031637 0.038736 
222l.ppm 7756715.393289 -363653.823651 0.000000 0.052498 0.022162 0.042855 
223l.ppm 7756725.944893 -363653.599314 0.000000 -0.016798 0.028487 0.037809 
224l.ppm 7756736.683246 -363654.170681 0.000000 -0.074011 0.024348 0.034870 
225l.ppm 7756747.020047 -363655.341483 0.000000 -0.120077 0.023189 0.043384 
226l.ppm 7756757.505598 -363657.038434 0.000000 -0.146601 0.020586 0.044610 
227l.ppm 7756768.242501 -363658.670587 0.000000 -0.133709 0.018199 0.048566 
228l.ppm 7756778.540806 -363660.097949 0.000000 -0.112396 0.015622 0.038276 
229l.ppm 7756788.946519 -363661.592743 0.000000 -0.130573 0.017326 0.026936 
230l.ppm 7756799.178564 -363662.952945 0.000000 -0.129066 0.018523 0.024639 
231l.ppm 7756809.363862 -363664.132099 0.000000 -0.122544 0.013127 0.026356 
232l.ppm 7756819.672677 -363665.667765 0.000000 -0.143606 0.010178 0.028416 
233l.ppm 7756829.814051 -363667.096951 0.000000 -0.140277 0.011602 0.031427 
234l.ppm 7756840.265323 -363668.590235 0.000000 -0.134311 0.009533 0.029651 
235l.ppm 7756850.230902 -363669.917417 0.000000 -0.144181 0.022636 0.025787 
236l.ppm 7756860.464328 -363671.119201 0.000000 -0.128285 0.015492 0.025890 
237l.ppm 7756870.627548 -363672.536194 0.000000 -0.139008 0.033040 0.020719 
238l.ppm 7756881.318411 -363673.930389 0.000000 -0.131359 0.031629 0.025833 
239l.ppm 7756891.401615 -363675.211583 0.000000 -0.136467 0.036686 0.038553 
240l.ppm 7756901.607524 -363676.504331 0.000000 -0.119610 0.030560 0.023521 
241l.ppm 7756911.776466 -363677.775079 0.000000 -0.135752 0.027736 0.027013 
242l.ppm 7756921.857289 -363679.078899 0.000000 -0.133937 0.023324 0.020852 
243l.ppm 7756931.863029 -363680.357949 0.000000 -0.134721 0.029368 0.022975 
244l.ppm 7756941.981288 -363681.715332 0.000000 -0.133560 0.032072 0.029345 
245l.ppm 7756952.523590 -363683.106214 0.000000 -0.136954 0.025408 0.020131 
246l.ppm 7756963.043427 -363684.502118 0.000000 -0.140070 0.016315 0.018760 
247l.ppm 7756973.634831 -363686.041710 0.000000 -0.146618 0.029000 0.022381 
248l.ppm 7756983.804326 -363687.476258 0.000000 -0.129049 0.020718 0.040938 
249l.ppm 7756993.916976 -363688.818777 0.000000 -0.135199 0.017448 0.036835 
250l.ppm 7757004.056285 -363689.993790 0.000000 -0.114122 0.031724 0.033278 
251l.ppm 7757014.272242 -363691.280111 0.000000 -0.130299 0.033744 0.031385 
252l.ppm 7757024.216333 -363692.530938 0.000000 -0.125202 0.029955 0.043271 
253l.ppm 7757034.177950 -363693.765647 0.000000 -0.125501 0.033832 0.024624 
254l.ppm 7757044.148929 -363694.979385 0.000000 -0.138859 0.080815 0.026327 
255l.ppm 7757054.128226 -363696.540781 0.000000 -0.150623 0.014454 0.028090 
256l.ppm 7757064.037994 -363697.955067 0.000000 -0.069701 0.019179 0.028907 
257l.ppm 7757074.126555 -363696.937216 0.000000 0.350165 0.021826 0.013900 
258l.ppm 7757083.488275 -363692.851237 0.000000 0.505653 0.032669 0.012951 
259l.ppm 7757092.419008 -363687.830370 0.000000 0.513689 0.038091 0.016213 
260l.ppm 7757101.136549 -363682.492340 0.000000 0.535466 0.084702 0.021950 
261l.ppm 7757109.778868 -363677.275899 0.000000 0.538842 0.020554 0.024469 
262l.ppm 7757118.417950 -363671.931181 0.000000 0.549159 0.035690 0.020509 
263l.ppm 7757127.035806 -363666.541660 0.000000 0.573738 0.029907 0.026745 
264l.ppm 7757135.724857 -363661.262613 0.000000 0.545670 0.031348 0.031574 
265l.ppm 7757144.583374 -363656.220243 0.000000 0.528634 0.018833 0.027816 
266l.ppm 7757153.640943 -363651.156296 0.000000 0.603741 0.022310 0.000105 
267l.ppm 7757161.293158 -363644.155283 0.000000 0.941556 0.020799 0.011028 
268l.ppm 7757166.580557 -363635.479358 0.000000 1.145022 0.023352 0.016184 
269l.ppm 7757170.546400 -363625.833699 0.000000 1.134240 0.027977 0.012379 
270l.ppm 7757175.187593 -363616.573475 0.000000 0.963931 0.032211 -0.007750 
271l.ppm 7757181.579946 -363608.648885 0.000000 0.737999 0.031541 0.007072 
272l.ppm 7757189.268536 -363602.152711 0.000000 0.627936 0.025213 0.036381 
273l.ppm 7757197.450709 -363596.310307 0.000000 0.591827 0.024182 0.009358 
274l.ppm 7757205.881758 -363590.758255 0.000000 0.579267 0.032985 0.008130 
275l.ppm 7757214.417307 -363585.091833 0.000000 0.589677 0.038024 0.005969 
276l.ppm 7757222.880538 -363579.242376 0.000000 0.618521 0.035736 0.008378 
277l.ppm 7757231.304691 -363573.044289 0.000000 0.646951 0.029182 0.013814 
278l.ppm 7757239.280983 -363566.810595 0.000000 0.680699 0.043036 0.015840 
279l.ppm 7757247.362324 -363560.015301 0.000000 0.711296 0.051778 0.041476 
280l.ppm 7757254.905815 -363553.327523 0.000000 0.742592 0.032818 0.013810 
281l.ppm 7757262.278913 -363546.242497 0.000000 0.770294 0.034121 0.011829 
282l.ppm 7757269.752479 -363538.872557 0.000000 0.787725 0.036547 0.024324 
283l.ppm 7757276.906330 -363531.435068 0.000000 0.792228 0.035522 0.027349 
284l.ppm 7757284.209811 -363523.968928 0.000000 0.772062 0.048319 0.046021 
285l.ppm 7757291.860673 -363516.627735 0.000000 0.745316 0.029539 0.051091 
286l.ppm 7757299.674857 -363509.336149 0.000000 0.734687 0.022677 0.037977 
287l.ppm 7757307.513605 -363502.289006 0.000000 0.660285 0.013156 0.031255 
288l.ppm 7757316.340782 -363496.629443 0.000000 0.371127 0.016608 0.027895 
289l.ppm 7757326.203599 -363493.999669 0.000000 0.036322 0.025640 0.014461 
290l.ppm 7757336.554051 -363494.581790 0.000000 -0.185179 0.002802 0.010541 
291l.ppm 7757346.504636 -363497.175130 0.000000 -0.296091 0.030656 -0.025271 
292l.ppm 7757356.018266 -363500.463274 0.000000 -0.372960 0.035932 -0.021048 
293l.ppm 7757365.177774 -363504.534897 0.000000 -0.457014 0.061075 -0.001096 
294l.ppm 7757373.911339 -363509.485421 0.000000 -0.557190 0.050188 0.002873 
295l.ppm 7757382.432013 -363515.508672 0.000000 -0.697134 0.038490 -0.030656 
296l.ppm 7757389.919586 -363522.393365 0.000000 -0.788245 0.016548 -0.034142 
297l.ppm 7757396.891038 -363530.453833 0.000000 -0.868866 0.013266 -0.016863 
298l.ppm 7757403.255732 -363538.356710 0.000000 -0.886868 0.014190 -0.016086 
299l.ppm 7757409.548971 -363546.530838 0.000000 -0.889860 0.019347 -0.014519 
300l.ppm 7757415.615488 -363554.547752 0.000000 -0.908795 0.028977 -0.011147 
301l.ppm 7757421.969738 -363562.795932 0.000000 -0.902525 0.026246 -0.021629 
302l.ppm 7757428.094171 -363570.752400 0.000000 -0.901675 0.023665 -0.021667 
303l.ppm 7757434.420405 -363579.149021 0.000000 -0.919362 0.029213 -0.015356 
304l.ppm 7757440.803186 -363587.420087 0.000000 -0.918653 0.026605 -0.019180 
305l.ppm 7757447.163206 -363595.872646 0.000000 -0.914388 0.027116 -0.024806 
306l.ppm 7757453.605301 -363604.357534 0.000000 -0.916028 0.027071 -0.022998 
307l.ppm 7757459.705623 -363612.530266 0.000000 -0.924598 0.027936 -0.020197 
308l.ppm 7757465.939746 -363620.652383 0.000000 -0.902860 0.025972 -0.020862 
309l.ppm 7757472.346722 -363628.734189 0.000000 -0.882689 0.022923 -0.012386 
310l.ppm 7757479.400341 -363636.605208 0.000000 -0.775156 0.023963 -0.007172 
311l.ppm 7757487.306245 -363643.372085 0.000000 -0.638927 0.026794 -0.005544 
312l.ppm 7757495.800274 -363648.973707 0.000000 -0.518334 0.023510 -0.005041 
313l.ppm 7757504.996710 -363653.599603 0.000000 -0.415816 0.022551 -0.014917 
314l.ppm 7757514.715324 -363657.148981 0.000000 -0.294342 0.018461 -0.008413 
315l.ppm 7757524.904597 -363659.491308 0.000000 -0.176232 0.024609 -0.008969 
316l.ppm 7757535.046841 -363660.720759 0.000000 -0.090035 0.024404 -0.010975 
317l.ppm 7757545.435974 -363661.278666 0.000000 -0.014794 0.015550 -0.028404 
318l.ppm 7757555.473488 -363661.072271 0.000000 0.045554 0.018800 -0.025857 
319l.ppm 7757565.756658 -363660.133832 0.000000 0.113609 0.015506 -0.025651 
320l.ppm 7757575.625488 -363658.470686 0.000000 0.182680 0.000014 -0.019648 
321l.ppm 7757585.941364 -363656.232391 0.000000 0.234224 0.011004 -0.017748 
322l.ppm 7757595.801339 -363653.510076 0.000000 0.278814 0.016000 -0.023219 
323l.ppm 7757605.380658 -363650.503598 0.000000 0.334830 0.018905 -0.036643 
324l.ppm 7757614.617091 -363646.632171 0.000000 0.440987 0.032681 0.012942 
325l.ppm 7757623.711284 -363641.666805 0.000000 0.582084 0.028130 0.058866 
326l.ppm 7757632.261238 -363635.800644 0.000000 0.631415 0.022240 0.043928 
327l.ppm 7757640.750903 -363629.226804 0.000000 0.643726 0.025354 0.037904 
328l.ppm 7757648.594571 -363622.983591 0.000000 0.647410 0.024340 0.037734 
329l.ppm 7757656.593133 -363616.815009 0.000000 0.641815 0.030998 0.036576 
330l.ppm 7757664.930906 -363610.547609 0.000000 0.646139 0.028437 0.025617 
331l.ppm 7757673.244674 -363604.206359 0.000000 0.647236 0.026981 0.022821 
332l.ppm 7757681.116434 -363598.033812 0.000000 0.653603 0.034655 0.030113 
333l.ppm 7757689.144878 -363591.819609 0.000000 0.652217 0.033251 0.032647 
