7486523.463397 -315921.860917 0.000000 0.159222 4.858454 0.050860 1642449189.909331
7486523.685147 -315921.926450 0.000000 0.157485 4.858454 0.050860 1642449189.959361
7486524.266339 -315921.613748 0.000000 0.169125 4.858454 0.050860 1642449190.009305
7486524.571811 -315921.399030 0.000000 0.161075 4.858454 0.050860 1642449190.059267
7486526.756189 -315918.409306 0.000000 0.126110 4.858454 0.050860 1642449190.159162
7486526.601938 -315918.224152 0.000000 0.202443 4.858454 0.050860 1642449190.209151
7486526.720696 -315918.199777 0.000000 0.204470 4.858454 0.050860 1642449190.259057
7486526.839520 -315918.175136 0.000000 0.206501 4.858454 0.050860 1642449190.309012
7486527.689912 -315918.165532 0.000000 0.147813 4.858454 0.050860 1642449190.358996
7486527.069057 -315918.099202 0.000000 0.150040 4.858454 0.050860 1642449190.408956
7486527.324199 -315918.042234 0.000000 0.154713 4.858454 0.050860 1642449190.458923
7486527.533607 -315917.998485 0.000000 0.155979 4.858454 0.050860 1642449190.508913
7486527.799609 -315917.962052 0.000000 0.157295 4.858454 0.050860 1642449190.558919
7486528.105247 -315917.896396 0.000000 0.159728 4.858454 0.050860 1642449190.608908
7486528.331926 -315917.861996 0.000000 0.159328 4.858454 0.050860 1642449190.658913
7486528.577600 -315917.830081 0.000000 0.156627 4.858454 0.050860 1642449190.708898
7486528.813225 -315917.787282 0.000000 0.153309 4.858454 0.050860 1642449190.758882
7486528.998416 -315917.751529 0.000000 0.151373 4.858454 0.050860 1642449190.808832
7486529.184657 -315917.731071 0.000000 0.150804 4.858454 0.050860 1642449190.858793
7486529.386804 -315917.675542 0.000000 0.150665 4.858454 0.050860 1642449190.908760
7486529.606772 -315917.651025 0.000000 0.151301 4.858454 0.050860 1642449190.958734
7486529.803590 -315917.625829 0.000000 0.150134 4.858454 0.050860 1642449191.008721
7486530.062111 -315917.600363 0.000000 0.155703 4.858454 0.050860 1642449191.058644
7486530.304196 -315917.580132 0.000000 0.154563 4.858454 0.050860 1642449191.108600
7486530.588102 -315917.542803 0.000000 0.155077 4.858454 0.050860 1642449191.158550
7486530.888556 -315917.509450 0.000000 0.157180 4.858454 0.050860 1642449191.208552
7486531.109768 -315917.493491 0.000000 0.158765 4.858454 0.050860 1642449191.258516
7486531.407752 -315917.464404 0.000000 0.158898 4.858454 0.050860 1642449191.308462
7486531.662551 -315917.450833 0.000000 0.159656 4.858454 0.050860 1642449191.358466
7486531.931361 -315917.415960 0.000000 0.161805 4.858454 0.050860 1642449191.408467
7486532.240231 -315917.372047 0.000000 0.168114 4.858454 0.050860 1642449191.458421
7486532.623926 -315917.314163 0.000000 0.163549 6.017029 -0.011384 1642449191.508421
7486532.922511 -315917.280768 0.000000 0.162245 6.031093 -0.011386 1642449191.558452
7486533.297354 -315917.236806 0.000000 0.159659 6.031093 -0.011386 1642449191.608443
7486533.589215 -315917.208021 0.000000 0.155303 6.017029 -0.011384 1642449191.658434
7486533.940058 -315917.175152 0.000000 0.152163 5.999448 -0.012627 1642449191.708427
7486534.257924 -315917.141651 0.000000 0.150763 5.981867 -0.013870 1642449191.758420
7486534.521122 -315917.110344 0.000000 0.152975 5.983625 -0.015116 1642449191.808418
7486534.804371 -315917.088850 0.000000 0.152218 5.983625 -0.015116 1642449191.858461
7486535.090344 -315917.065766 0.000000 0.149680 5.951980 -0.015108 1642449191.908382
7486535.344873 -315917.053355 0.000000 0.146778 5.951980 -0.015108 1642449191.958326
7486535.574592 -315917.043831 0.000000 0.146148 5.951980 -0.015108 1642449192.008292
7486535.893649 -315917.012835 0.000000 0.144286 5.951980 -0.015108 1642449192.058171
7486536.207671 -315916.988669 0.000000 0.142206 5.951980 -0.015108 1642449192.108105
7486536.566340 -315916.955717 0.000000 0.144428 5.951980 -0.015108 1642449192.158076
7486536.896807 -315916.926486 0.000000 0.143108 5.951980 -0.015108 1642449192.208025
7486537.225455 -315916.907215 0.000000 0.143516 5.951980 -0.015108 1642449192.258037
7486537.527803 -315916.887852 0.000000 0.140220 5.951980 -0.015108 1642449192.307962
7486537.859600 -315916.857687 0.000000 0.141255 5.951980 -0.015108 1642449192.357891
7486538.158188 -315916.841690 0.000000 0.138332 5.951980 -0.015108 1642449192.407900
7486538.443220 -315916.820900 0.000000 0.139151 5.951980 -0.015108 1642449192.457875
7486538.706107 -315916.787650 0.000000 0.141428 5.951980 -0.015108 1642449192.507826
7486539.032913 -315916.770153 0.000000 0.144049 5.951980 -0.015108 1642449192.557843
7486539.367783 -315916.725688 0.000000 0.146909 5.951980 -0.015108 1642449192.608027
7486539.687426 -315916.714332 0.000000 0.146406 5.951980 -0.015108 1642449192.658019
7486539.996924 -315916.681326 0.000000 0.145821 5.951980 -0.015108 1642449192.707787
7486540.275718 -315916.676044 0.000000 0.143479 5.951980 -0.015108 1642449192.757799
