7431094.419619 -412229.412386 2.646006 -0.879690 0.475548
7431094.421454 -412229.410670 2.646809 -0.880071 0.474841
7431094.421454 -412229.410670 2.647525 -0.880411 0.474211
7431094.421464 -412229.412375 2.646827 -0.880080 0.474825
7431094.421464 -412229.412375 2.645745 -0.879566 0.475777
7431094.419599 -412229.408976 2.644959 -0.879191 0.476469
7431094.419599 -412229.408976 2.644942 -0.879183 0.476484
7431094.419599 -412229.408976 2.645256 -0.879333 0.476207
7431094.417744 -412229.407281 2.644418 -0.878934 0.476944
7431094.417744 -412229.407281 2.647560 -0.880428 0.474180
7431094.419589 -412229.407271 2.647839 -0.880560 0.473935
7431094.417744 -412229.407281 2.646286 -0.879823 0.475301
7431094.417754 -412229.408987 2.645134 -0.879275 0.476315
7431094.419599 -412229.408976 2.612496 -0.863263 0.504754
7431094.417754 -412229.408987 2.614154 -0.864099 0.503322
7431094.419599 -412229.408976 2.613281 -0.863659 0.504076
7431094.419599 -412229.408976 2.614590 -0.864318 0.502945
7431094.419599 -412229.408976 2.613980 -0.864011 0.503472
7431094.419599 -412229.408976 2.613247 -0.863642 0.504105
7431094.415909 -412229.408998 2.612636 -0.863334 0.504633
7431094.417744 -412229.407281 2.613508 -0.863774 0.503880
7431094.415889 -412229.405587 2.613508 -0.863774 0.503880
7431094.417744 -412229.407281 2.613124 -0.863580 0.504211
7431094.417754 -412229.408987 2.612932 -0.863483 0.504377
7431094.417754 -412229.408987 2.613840 -0.863941 0.503593
7431094.417764 -412229.410692 2.610821 -0.862417 0.506199
7431094.417754 -412229.408987 2.610716 -0.862364 0.506290
7431094.417744 -412229.407281 2.614241 -0.864143 0.503247
7431094.417744 -412229.407281 2.614468 -0.864257 0.503050
7431094.417764 -412229.410692 2.613072 -0.863554 0.504256
7431094.419609 -412229.410681 2.613526 -0.863783 0.503864
7431094.423310 -412229.412365 2.612479 -0.863255 0.504768
7431094.419609 -412229.410681 2.582703 -0.847844 0.530245
7431094.419609 -412229.410681 2.581796 -0.847363 0.531014
7431094.417764 -412229.410692 2.581604 -0.847261 0.531177
7431094.419609 -412229.410681 2.582860 -0.847928 0.530112
7431094.419619 -412229.412386 2.581848 -0.847391 0.530970
7431094.419599 -412229.408976 2.584431 -0.848759 0.528779
7431094.419589 -412229.407271 2.583995 -0.848529 0.529149
7431094.419599 -412229.408976 2.581377 -0.847141 0.531369
7431094.417754 -412229.408987 2.581866 -0.847400 0.530955
7431094.417754 -412229.408987 2.582442 -0.847706 0.530466
7431094.417754 -412229.408987 2.580557 -0.846705 0.532063
7431094.419599 -412229.408976 2.581516 -0.847214 0.531251
7431094.419599 -412229.408976 2.582197 -0.847576 0.530674
7431094.417764 -412229.410692 2.581115 -0.847001 0.531591
7431094.419609 -412229.410681 2.581674 -0.847298 0.531117
7431094.419599 -412229.408976 2.583175 -0.848095 0.529845
7431094.419599 -412229.408976 2.582546 -0.847761 0.530378
7431094.419609 -412229.410681 2.581639 -0.847280 0.531147
7431094.417754 -412229.408987 2.582058 -0.847502 0.530792
7431094.417744 -412229.407281 2.583017 -0.848011 0.529979
7431094.417754 -412229.408987 2.597172 -0.855427 0.517923
7431094.417754 -412229.408987 2.598115 -0.855916 0.517116
7431094.417754 -412229.408987 2.597364 -0.855527 0.517758
7431094.417754 -412229.408987 2.597766 -0.855735 0.517414
7431094.419599 -412229.408976 2.599022 -0.856384 0.516339
7431094.419599 -412229.408976 2.598097 -0.855906 0.517131
7431094.417744 -412229.407281 2.598568 -0.856150 0.516728
7431094.417754 -412229.408987 2.598760 -0.856249 0.516564
7431094.419599 -412229.408976 2.598830 -0.856285 0.516504
7431094.419599 -412229.408976 2.598795 -0.856267 0.516534
7431094.419599 -412229.408976 2.598499 -0.856114 0.516787
7431094.419599 -412229.408976 2.598673 -0.856204 0.516638
7431094.419609 -412229.410681 2.596422 -0.855039 0.518564
7431094.419609 -412229.410681 2.596858 -0.855265 0.518191
7431094.417754 -412229.408987 2.597469 -0.855581 0.517669
7431094.417754 -412229.408987 2.599284 -0.856519 0.516115
7431094.421444 -412229.408965 2.599162 -0.856456 0.516219
7431094.421454 -412229.410670 2.597661 -0.855681 0.517504
7431094.421444 -412229.408965 2.599249 -0.856501 0.516145
7431094.421434 -412229.407260 2.599668 -0.856718 0.515786
7431094.423289 -412229.408954 2.639933 -0.876786 0.480881
7431094.423299 -412229.410659 2.639671 -0.876660 0.481111
7431094.423289 -412229.408954 2.639584 -0.876618 0.481187
7431094.421454 -412229.410670 2.638990 -0.876332 0.481708
7431094.421444 -412229.408965 2.639182 -0.876424 0.481540
7431094.421454 -412229.410670 2.638100 -0.875903 0.482488
7431094.426950 -412229.403816 2.641067 -0.877330 0.479887
7431094.425114 -412229.405533 2.639095 -0.876382 0.481616
7431094.425104 -412229.403827 2.640945 -0.877272 0.479994
7431094.423259 -412229.403838 2.640648 -0.877129 0.480254
7431094.425104 -412229.403827 2.641469 -0.877523 0.479534
7431094.426960 -412229.405522 2.641119 -0.877355 0.479841
7431094.425114 -412229.405533 2.639741 -0.876693 0.481050
7431094.426960 -412229.405522 2.639915 -0.876777 0.480897
7431094.425114 -412229.405533 2.640037 -0.876836 0.480790
7431094.425114 -412229.405533 2.640718 -0.877163 0.480193
7431094.426950 -412229.403816 2.640282 -0.876953 0.480575
7431094.426950 -412229.403816 2.641730 -0.877648 0.479305
7431094.425104 -412229.403827 2.641189 -0.877389 0.479780
7431094.423269 -412229.405543 2.638536 -0.876113 0.482106
7431094.423259 -412229.403838 2.638519 -0.876105 0.482121
7431094.423259 -412229.403838 2.691909 -0.900585 0.434681
7431094.426960 -412229.405522 2.691402 -0.900364 0.435137
7431094.426960 -412229.405522 2.691368 -0.900349 0.435168
7431094.423259 -412229.403838 2.693148 -0.901123 0.433565
7431094.423249 -412229.402133 2.692938 -0.901031 0.433754
7431094.425104 -412229.403827 2.692851 -0.900994 0.433832
7431094.425104 -412229.403827 2.692170 -0.900698 0.434446
7431094.425114 -412229.405533 2.688156 -0.898947 0.438057
7431094.425125 -412229.407238 2.688313 -0.899016 0.437916
7431094.423259 -412229.403838 2.690425 -0.899939 0.436017
7431094.425104 -412229.403827 2.692834 -0.900986 0.433847
7431094.426950 -412229.403816 2.693078 -0.901092 0.433628
7431094.426950 -412229.403816 2.692327 -0.900766 0.434304
7431094.425104 -412229.403827 2.691141 -0.900251 0.435372
7431094.425114 -412229.405533 2.691525 -0.900418 0.435026
7431094.426970 -412229.407227 2.689657 -0.899603 0.436708
7431094.425104 -412229.403827 2.691664 -0.900478 0.434901
7431094.425094 -412229.402122 2.692729 -0.900941 0.433942
7431094.423259 -412229.403838 2.691682 -0.900486 0.434885
7431094.425104 -412229.403827 2.709275 -0.907997 0.418976
7431094.426950 -412229.403816 2.709257 -0.907990 0.418993
7431094.425104 -412229.403827 2.709118 -0.907931 0.419119
7431094.423249 -412229.402133 2.709467 -0.908078 0.418802
7431094.423249 -412229.402133 2.710619 -0.908559 0.417756
7431094.423249 -412229.402133 2.709240 -0.907982 0.419008
7431094.423269 -412229.405543 2.708297 -0.907587 0.419864
7431094.423259 -412229.403838 2.709327 -0.908019 0.418929
7431094.421404 -412229.402144 2.708891 -0.907836 0.419325
7431094.421404 -412229.402144 2.708960 -0.907865 0.419262
7431094.423259 -412229.403838 2.709292 -0.908004 0.418961
7431094.421424 -412229.405554 2.709571 -0.908121 0.418708
7431094.419559 -412229.402155 2.710968 -0.908705 0.417439
7431094.421404 -412229.402144 2.711648 -0.908989 0.416820
7431094.419569 -412229.403860 2.709571 -0.908121 0.418708
7431094.419559 -412229.402155 2.708594 -0.907712 0.419595
7431094.417714 -412229.402166 2.709083 -0.907917 0.419151
7431094.417704 -412229.400460 2.711125 -0.908771 0.417296
7431094.419559 -412229.402155 2.709659 -0.908158 0.418628
7431094.419559 -412229.402155 2.707285 -0.907162 0.420782
7431094.417714 -412229.402166 2.653773 -0.883357 0.468701
7431094.419559 -412229.402155 2.655937 -0.884369 0.466788
7431094.419559 -412229.402155 2.656234 -0.884508 0.466526
7431094.419559 -412229.402155 2.655588 -0.884206 0.467097
7431094.419559 -412229.402155 2.655239 -0.884043 0.467405
7431094.419559 -412229.402155 2.656793 -0.884768 0.466031
7431094.419559 -412229.402155 2.656478 -0.884621 0.466310
7431094.419559 -412229.402155 2.656635 -0.884695 0.466171
7431094.417714 -412229.402166 2.655676 -0.884247 0.467019
7431094.417704 -412229.400460 2.655030 -0.883945 0.467590
7431094.417704 -412229.400460 2.656094 -0.884442 0.466649
7431094.417714 -412229.402166 2.656496 -0.884630 0.466294
7431094.419569 -412229.403860 2.654541 -0.883717 0.468022
7431094.419559 -412229.402155 2.654942 -0.883904 0.467668
7431094.417724 -412229.403871 2.654716 -0.883798 0.467868
7431094.419569 -412229.403860 2.656182 -0.884483 0.466572
7431094.419559 -412229.402155 2.656775 -0.884760 0.466047
7431094.417714 -412229.402166 2.654489 -0.883692 0.468068
7431094.417714 -412229.402166 2.656827 -0.884784 0.466001
7431094.417714 -412229.402166 2.656374 -0.884573 0.466402
7431094.417714 -412229.402166 2.621834 -0.867939 0.496671
7431094.417704 -412229.400460 2.622828 -0.868432 0.495808
7431094.417714 -412229.402166 2.621519 -0.867783 0.496944
7431094.419579 -412229.405565 2.622357 -0.868199 0.496217
7431094.419579 -412229.405565 2.622357 -0.868199 0.496217
7431094.417734 -412229.405576 2.621327 -0.867687 0.497111
7431094.417714 -412229.402166 2.622043 -0.868043 0.496489
7431094.415868 -412229.402176 2.622252 -0.868147 0.496308
7431094.417724 -412229.403871 2.621258 -0.867653 0.497171
7431094.417704 -412229.400460 2.623596 -0.868813 0.495141
7431094.415858 -412229.400471 2.623649 -0.868839 0.495095
7431094.415878 -412229.403882 2.620036 -0.867045 0.498230
7431094.417714 -412229.402166 2.620961 -0.867505 0.497428
7431094.417704 -412229.400460 2.622043 -0.868043 0.496489
7431094.415868 -412229.402176 2.622933 -0.868484 0.495717
7431094.417724 -412229.403871 2.621397 -0.867722 0.497050
7431094.415868 -412229.402176 2.620751 -0.867401 0.497610
7431094.415868 -412229.402176 2.622305 -0.868173 0.496262
7431094.415868 -412229.402176 2.623195 -0.868614 0.495489
7431094.415868 -412229.402176 2.623038 -0.868536 0.495625
7431094.419559 -412229.402155 2.561061 -0.836171 0.548469
7431094.417724 -412229.403871 2.559717 -0.835433 0.549592
7431094.415868 -412229.402176 2.558722 -0.834886 0.550423
7431094.415858 -412229.400471 2.561201 -0.836248 0.548351
7431094.414013 -412229.400482 2.561340 -0.836324 0.548235
7431094.414023 -412229.402187 2.559979 -0.835577 0.549373
7431094.415868 -412229.402176 2.560869 -0.836066 0.548629
7431094.415878 -412229.403882 2.561655 -0.836497 0.547972
7431094.415868 -412229.402176 2.560799 -0.836027 0.548688
7431094.415868 -412229.402176 2.558827 -0.834944 0.550335
7431094.415858 -412229.400471 2.560381 -0.835798 0.549037
7431094.415868 -412229.402176 2.561079 -0.836181 0.548454
7431094.419559 -412229.402155 2.561149 -0.836219 0.548395
7431094.417714 -412229.402166 2.561183 -0.836238 0.548367
7431094.417714 -412229.402166 2.561149 -0.836219 0.548395
7431094.417724 -412229.403871 2.559264 -0.835184 0.549970
7431094.417724 -412229.403871 2.560381 -0.835798 0.549037
7431094.417724 -412229.403871 2.559333 -0.835222 0.549913
7431094.417714 -412229.402166 2.560398 -0.835807 0.549023
7431094.415858 -412229.400471 2.559456 -0.835290 0.549810
7431094.419559 -412229.402155 2.559630 -0.835385 0.549665
7431094.419569 -412229.403860 2.402638 -0.739173 0.673516
7431094.417714 -412229.402166 2.404017 -0.740101 0.672496
7431094.417724 -412229.403871 2.403650 -0.739854 0.672767
7431094.415868 -412229.402176 2.403318 -0.739631 0.673013
7431094.415858 -412229.400471 2.404121 -0.740171 0.672419
7431094.417714 -412229.402166 2.404732 -0.740582 0.671966
7431094.417714 -412229.402166 2.404505 -0.740429 0.672134
7431094.417714 -412229.402166 2.404575 -0.740476 0.672083
7431094.415868 -412229.402176 2.403039 -0.739443 0.673219
7431094.417724 -412229.403871 2.404558 -0.740465 0.672095
7431094.419539 -412229.398744 2.405448 -0.741063 0.671436
7431094.423229 -412229.398722 2.405256 -0.740934 0.671578
7431094.421374 -412229.397028 2.404435 -0.740382 0.672186
7431094.423229 -412229.398722 2.403929 -0.740042 0.672561
7431094.423219 -412229.397017 2.406146 -0.741531 0.670918
7431094.423239 -412229.400428 2.403510 -0.739760 0.672871
7431094.423239 -412229.400428 2.403737 -0.739913 0.672703
7431094.421384 -412229.398733 2.404959 -0.740734 0.671798
7431094.423219 -412229.397017 2.404889 -0.740687 0.671850
7431094.421384 -412229.398733 2.403667 -0.739866 0.672755
7431094.423229 -412229.398722 2.397646 -0.735802 0.677197
7431094.425074 -412229.398711 2.397751 -0.735873 0.677120
7431094.425084 -412229.400417 2.397698 -0.735837 0.677159
7431094.423239 -412229.400428 2.396738 -0.735186 0.677865
7431094.423239 -412229.400428 2.397803 -0.735908 0.677082
7431094.423249 -412229.402133 2.396704 -0.735163 0.677890
7431094.423229 -412229.398722 2.398222 -0.736192 0.676773
7431094.425074 -412229.398711 2.398798 -0.736581 0.676349
7431094.425064 -412229.397006 2.399531 -0.737077 0.675809
7431094.423219 -412229.397017 2.398222 -0.736192 0.676773
7431094.425094 -412229.402122 2.398187 -0.736168 0.676799
7431094.423259 -412229.403838 2.397000 -0.735364 0.677672
7431094.423259 -412229.403838 2.396215 -0.734832 0.678249
7431094.423249 -412229.402133 2.398187 -0.736168 0.676799
7431094.423249 -412229.402133 2.398920 -0.736664 0.676259
7431094.425104 -412229.403827 2.398327 -0.736263 0.676696
7431094.426950 -412229.403816 2.399444 -0.737018 0.675873
7431094.423239 -412229.400428 2.400421 -0.737678 0.675153
7431094.423239 -412229.400428 2.396965 -0.735340 0.677698
7431094.423249 -412229.402133 2.397297 -0.735565 0.677454
7431094.426940 -412229.402111 2.402271 -0.738926 0.673787
7431094.425094 -412229.402122 2.401817 -0.738620 0.674122
7431094.421394 -412229.400438 2.400439 -0.737690 0.675139
7431094.423239 -412229.400428 2.401905 -0.738679 0.674057
7431094.425084 -412229.400417 2.400840 -0.737961 0.674844
7431094.423239 -412229.400428 2.401678 -0.738526 0.674225
7431094.423249 -412229.402133 2.401032 -0.738090 0.674702
7431094.419559 -412229.402155 2.400334 -0.737619 0.675217
7431094.419559 -412229.402155 2.401364 -0.738314 0.674457
7431094.417714 -412229.402166 2.400997 -0.738067 0.674728
7431094.417714 -412229.402166 2.400857 -0.737972 0.674831
7431094.417704 -412229.400460 2.401852 -0.738643 0.674096
7431094.417704 -412229.400460 2.400788 -0.737926 0.674882
7431094.419559 -412229.402155 2.401154 -0.738173 0.674612
7431094.419549 -412229.400449 2.401084 -0.738125 0.674663
7431094.417704 -412229.400460 2.401468 -0.738385 0.674380
7431094.415858 -412229.400471 2.400823 -0.737949 0.674856
7431094.419559 -412229.402155 2.400665 -0.737843 0.674973
7431094.421404 -412229.402144 2.401189 -0.738196 0.674586
7431094.419559 -412229.402155 2.402009 -0.738749 0.673980
7431094.419559 -412229.402155 2.395761 -0.734524 0.678583
7431094.419559 -412229.402155 2.394435 -0.733623 0.679556
7431094.419559 -412229.402155 2.394958 -0.733979 0.679173
7431094.419559 -412229.402155 2.395779 -0.734536 0.678570
7431094.417704 -412229.400460 2.395621 -0.734429 0.678686
7431094.419539 -412229.398744 2.393998 -0.733326 0.679877
7431094.417693 -412229.398755 2.393195 -0.732780 0.680465
7431094.421394 -412229.400438 2.394103 -0.733398 0.679800
7431094.421404 -412229.402144 2.393789 -0.733184 0.680030
7431094.419539 -412229.398744 2.394330 -0.733552 0.679633
7431094.417683 -412229.397050 2.395429 -0.734298 0.678827
7431094.419539 -412229.398744 2.395517 -0.734358 0.678762
7431094.421384 -412229.398733 2.396128 -0.734773 0.678313
7431094.419539 -412229.398744 2.394662 -0.733778 0.679390
7431094.419529 -412229.397039 2.395325 -0.734228 0.678903
7431094.419539 -412229.398744 2.397175 -0.735483 0.677544
7431094.419539 -412229.398744 2.395587 -0.734406 0.678711
7431094.419539 -412229.398744 2.393405 -0.732923 0.680312
7431094.417704 -412229.400460 2.393527 -0.733006 0.680222
7431094.419549 -412229.400449 2.395011 -0.734015 0.679134
7431094.417704 -412229.400460 2.403004 -0.739419 0.673245
7431094.417693 -412229.398755 2.403004 -0.739419 0.673245
7431094.417693 -412229.398755 2.403109 -0.739490 0.673167
7431094.419549 -412229.400449 2.402725 -0.739232 0.673451
7431094.419539 -412229.398744 2.404592 -0.740488 0.672070
7431094.415848 -412229.398766 2.402847 -0.739314 0.673361
7431094.417683 -412229.397050 2.403964 -0.740065 0.672535
7431094.419539 -412229.398744 2.403877 -0.740007 0.672599
7431094.417693 -412229.398755 2.402219 -0.738891 0.673825
7431094.417693 -412229.398755 2.402533 -0.739102 0.673593
7431094.415868 -412229.402176 2.403545 -0.739784 0.672845
7431094.417704 -412229.400460 2.404435 -0.740382 0.672186
7431094.415858 -412229.400471 2.405134 -0.740852 0.671669
7431094.417704 -412229.400460 2.402742 -0.739243 0.673439
7431094.415868 -412229.402176 2.403214 -0.739561 0.673090
7431094.415858 -412229.400471 2.404872 -0.740676 0.671863
7431094.415858 -412229.400471 2.404051 -0.740124 0.672470
7431094.415858 -412229.400471 2.403667 -0.739866 0.672755
7431094.414013 -412229.400482 2.403772 -0.739936 0.672677
7431094.414003 -412229.398777 2.403964 -0.740065 0.672535
7431094.414013 -412229.400482 2.403580 -0.739807 0.672819
7431094.412158 -412229.398788 2.404383 -0.740347 0.672225
7431094.410293 -412229.395388 2.405430 -0.741051 0.671449
7431094.412118 -412229.391967 2.404854 -0.740664 0.671876
7431094.408407 -412229.388578 2.404592 -0.740488 0.672070
7431094.406552 -412229.386883 2.404715 -0.740570 0.671979
7431094.404697 -412229.385189 2.404261 -0.740265 0.672315
7431094.399141 -412229.381811 2.403825 -0.739972 0.672638
7431094.397275 -412229.378411 2.404086 -0.740147 0.672445
7431094.389875 -412229.375044 2.403353 -0.739654 0.672987
7431094.386164 -412229.371656 2.404174 -0.740207 0.672379
7431094.382454 -412229.368267 2.403912 -0.740030 0.672573
7431094.371362 -412229.364922 2.404348 -0.740324 0.672251
7431094.360241 -412229.356461 2.404837 -0.740652 0.671889
7431094.350974 -412229.349694 2.406477 -0.741753 0.670673
7431094.339833 -412229.337822 2.407909 -0.742713 0.669610
7431094.332442 -412229.336161 2.405099 -0.740828 0.671694
7431094.311954 -412229.303880 2.410509 -0.744451 0.667677
7431094.302677 -412229.295408 2.409986 -0.744102 0.668066
7431094.285919 -412229.269927 2.407490 -0.742432 0.669921
7431094.261851 -412229.256426 2.436672 -0.761663 0.647973
7431094.224837 -412229.237886 2.433164 -0.759385 0.650641
7431094.245134 -412229.237766 2.437841 -0.762420 0.647083
7431094.230272 -412229.220800 2.454753 -0.773254 0.634097
7431094.189526 -412229.195461 2.454317 -0.772977 0.634434
7431094.157896 -412229.151308 2.446358 -0.767903 0.640566
7431094.154307 -412229.168383 2.443601 -0.766134 0.642680
7431094.082173 -412229.139818 2.426531 -0.755053 0.655664
7431094.054324 -412229.110992 2.426374 -0.754950 0.655783
7431094.035650 -412229.073584 2.433931 -0.759884 0.650059
7431094.005926 -412229.039653 2.460094 -0.776630 0.629958
7431093.957196 -412228.912039 2.456202 -0.774172 0.632975
7431093.936989 -412228.927507 2.472137 -0.784160 0.620559
7431093.898089 -412228.902156 2.467791 -0.781455 0.623961
7431093.847997 -412228.856408 2.475645 -0.786332 0.617805
7431093.799841 -412228.825996 2.464126 -0.779163 0.626821
7431093.777578 -412228.805663 2.434856 -0.760485 0.649356
7431093.757714 -412228.879110 2.489573 -0.794860 0.606793
7431093.713228 -412228.845266 2.497357 -0.799559 0.600587
7431093.644684 -412228.799627 2.534672 -0.821408 0.570341
7431093.590710 -412228.721499 2.563435 -0.837471 0.546482
7431093.549975 -412228.697865 2.540711 -0.824837 0.565370
7431093.477841 -412228.669300 2.548652 -0.829301 0.558802
7431093.440625 -412228.616654 2.555232 -0.832960 0.553333
7431093.383061 -412228.555601 2.587992 -0.850637 0.525753
7431093.336760 -412228.526884 2.572127 -0.842189 0.539182
7431093.264506 -412228.477855 2.584466 -0.848778 0.528750
7431093.194238 -412228.452690 2.574588 -0.843514 0.537108
7431093.132742 -412228.350732 2.561550 -0.836439 0.548060
7431093.079020 -412228.315237 0.000000 1.000000 0.000000
7431092.413656 -412227.821205 0.000000 1.000000 0.000000
7431092.315025 -412227.680244 0.000000 1.000000 0.000000
7431092.213328 -412227.645032 -2.982820 -0.987422 -0.158106
7431092.137655 -412227.642068 -3.050923 -0.995892 -0.090545
7431092.052816 -412227.649390 -3.088273 -0.998579 -0.053294
7431091.951270 -412227.639758 -3.041166 -0.994961 -0.100258
7431091.871282 -412227.531088 -2.987864 -0.988207 -0.153124
7431091.782079 -412227.424178 -2.966920 -0.984783 -0.173786
7431091.681784 -412227.313923 -2.956588 -0.982935 -0.183951
7431091.549685 -412227.442604 -2.951317 -0.981952 -0.189130
7431091.483875 -412227.234940 -2.942241 -0.980195 -0.198034
7431091.386462 -412227.300318 -2.907963 -0.972833 -0.231510
7431091.295837 -412227.265041 -2.963307 -0.984149 -0.177343
7431091.196196 -412227.265630 -2.988004 -0.988228 -0.152986
7431091.091345 -412227.008741 -2.953341 -0.982333 -0.187142
7431090.997693 -412227.086035 -2.962888 -0.984075 -0.177755
7431090.894362 -412227.086645 -2.963796 -0.984236 -0.176861
7431090.781141 -412226.974761 -2.946517 -0.981033 -0.193841
7431090.692270 -412226.924125 -2.925381 -0.976717 -0.214531
7431090.589828 -412226.762722 -2.882341 -0.966582 -0.256357
7431090.467904 -412226.739567 -2.884244 -0.967068 -0.254517
7431090.338499 -412226.699403 -2.928558 -0.977394 -0.211427
7431090.222101 -412226.674510 -3.009052 -0.991229 -0.132153
7431090.118730 -412226.668300 -2.859460 -0.960464 -0.278405
7431090.010822 -412226.518866 -2.911174 -0.973571 -0.228385
7431089.887335 -412226.543470 -2.883982 -0.967001 -0.254771
7431089.770796 -412226.494703 -2.904333 -0.971986 -0.235040
7431089.646806 -412226.434043 -2.904315 -0.971981 -0.235057
7431089.530307 -412226.392097 -2.905729 -0.972313 -0.233683
7431089.432180 -412226.336400 -2.935591 -0.978857 -0.204548
7431089.288426 -412226.366240 -2.925905 -0.976829 -0.214019
7431089.173067 -412226.204914 -2.888625 -0.968174 -0.250278
7431089.069485 -412226.162892 -2.876983 -0.965195 -0.261533
7431088.967737 -412226.119153 -2.901645 -0.971350 -0.237652
7431088.843969 -412226.096009 -2.894908 -0.969727 -0.244190
7431088.640585 -412226.027291 -2.923147 -0.976235 -0.216712
7431088.551401 -412225.923792 -2.813855 -0.946773 -0.321902
7431088.440488 -412225.890340 -2.940251 -0.979799 -0.199984
7431088.281922 -412225.911740 -2.834066 -0.953085 -0.302702
7431088.166473 -412225.735066 -2.836474 -0.953811 -0.300406
7431088.031704 -412225.723924 -2.841361 -0.955268 -0.295742
7431087.902248 -412225.675234 -1.721087 -0.149726 -0.988728
7431087.793110 -412225.629834 -1.742711 -0.171069 -0.985259
7431087.661920 -412225.599913 -1.743828 -0.172170 -0.985067
7431087.534310 -412225.551211 -1.748157 -0.176432 -0.984313
7431087.403009 -412225.502531 -1.732711 -0.161208 -0.986920
7431087.262452 -412225.448790 -1.731087 -0.159605 -0.987181
7431087.156994 -412225.401663 -1.735503 -0.163963 -0.986466
7431085.909881 -412224.824094 -1.744090 -0.172428 -0.985022
7431085.778631 -412224.783941 -1.758053 -0.186164 -0.982519
7431085.649226 -412224.743777 -1.753428 -0.181618 -0.983369
7431085.525386 -412224.708696 -1.748715 -0.176981 -0.984214
7431085.401517 -412224.668499 -1.752991 -0.181188 -0.983448
7431085.275741 -412224.618081 -1.754929 -0.183094 -0.983095
7431085.150037 -412224.579601 -1.749623 -0.177875 -0.984053
7431085.024282 -412224.532594 -1.743514 -0.171860 -0.985121
7431084.898537 -412224.487292 -1.745800 -0.174112 -0.984726
7431084.772792 -412224.441990 -1.742624 -0.170983 -0.985274
7431084.648912 -412224.400088 -1.733985 -0.162465 -0.986714
7431084.517652 -412224.358230 -1.759327 -0.187416 -0.982281
7431084.390011 -412224.304412 -1.751386 -0.179610 -0.983738
7431084.269832 -412224.264194 -1.753969 -0.182150 -0.983271
7431084.142222 -412224.215492 -1.380067 0.189575 -0.981866
7431084.025693 -412224.168431 -1.374325 0.195210 -0.980762
7431083.901773 -412224.119708 -1.382737 0.186953 -0.982369
7431083.783368 -412224.067541 -1.388409 0.181378 -0.983413
7431083.659418 -412224.013702 -1.352944 0.216133 -0.976364
7431083.563458 -412224.012563 -1.356243 0.212911 -0.977072
7431083.441363 -412223.960419 -1.381568 0.188101 -0.982150
7431083.315548 -412223.903180 -1.360973 0.208287 -0.978068
7431083.195258 -412223.844203 -1.365371 0.203984 -0.978974
7431083.073274 -412223.810816 -1.372073 0.197418 -0.980319
7431082.949304 -412223.753567 -1.323204 0.245070 -0.969505
7431082.832744 -412223.701389 -1.335002 0.233615 -0.972329
7431082.708814 -412223.650961 -1.315053 0.252965 -0.967476
7431082.575739 -412223.614229 -1.299694 0.267794 -0.963476
7431082.461015 -412223.560336 -1.298438 0.269004 -0.963139
7431082.333354 -412223.503108 -1.279239 0.287444 -0.957797
7431082.211249 -412223.449258 -1.234279 0.330202 -0.943910
7431082.085535 -412223.409072 -1.261629 0.304266 -0.952587
7431081.963410 -412223.351811 -1.255869 0.309747 -0.950819
7431081.839429 -412223.292856 -1.223441 0.340412 -0.940276
7431081.715469 -412223.237312 -1.513480 0.057285 -0.998358
7431081.604445 -412223.185102 -1.495241 0.075483 -0.997147
7431081.482300 -412223.124431 -1.536186 0.034603 -0.999401
7431081.363845 -412223.063738 -1.491925 0.078790 -0.996891
7431081.243576 -412223.008172 -1.491419 0.079294 -0.996851
7431081.138047 -412222.949108 -1.487963 0.082739 -0.996571
7431081.021437 -412222.888404 -1.490075 0.080634 -0.996744
7431080.902962 -412222.824300 -1.490790 0.079921 -0.996801
7431080.778962 -412222.761935 -1.498505 0.072228 -0.997388
7431080.826570 -412223.324418 -1.501367 0.069374 -0.997591
7431080.711836 -412223.268819 -1.503147 0.067598 -0.997713
7431080.587835 -412223.206454 -1.517058 0.053712 -0.998556
7431080.458279 -412223.140710 -1.516290 0.054479 -0.998515
7431080.330900 -412223.131231 -1.510024 0.060735 -0.998154
7431080.223406 -412223.051714 -1.535035 0.035754 -0.999361
7431080.082748 -412222.980920 -1.526413 0.044369 -0.999015
7431079.986456 -412222.923507 -1.568283 0.002513 -0.999997
7431079.821962 -412222.878434 -1.572716 -0.001920 -0.999998
7431079.701632 -412222.812636 -1.575701 -0.004905 -0.999988
7431079.610885 -412222.756896 -1.579750 -0.008954 -0.999960
7431079.464853 -412222.713419 -0.579606 0.836679 -0.547694
7431079.335377 -412222.661318 -0.588647 0.831693 -0.555236
7431079.185736 -412222.631506 -0.581369 0.835712 -0.549169
7431079.080227 -412222.575852 -0.637639 0.803503 -0.595300
7431078.500805 -412222.886237 -0.674919 0.780758 -0.624834
7431078.360308 -412222.842728 -0.713717 0.755934 -0.654648
7431078.219862 -412222.807745 -0.729949 0.745208 -0.666832
7431078.068405 -412222.783059 -0.661864 0.788848 -0.614588
7431077.929845 -412222.754886 -0.686595 0.773409 -0.633907
7431077.809666 -412222.714668 -0.736477 0.740839 -0.671682
7431077.676651 -412222.688168 -0.827199 0.676940 -0.736038
7431077.567583 -412222.654705 -0.863868 0.649501 -0.760361
7431077.417992 -412222.633419 -0.840149 0.667352 -0.744743
7431077.279451 -412222.608657 -0.923733 0.602846 -0.797858
7431077.135375 -412222.583928 -0.914151 0.610463 -0.792045
7431077.000585 -412222.569376 -0.923890 0.602721 -0.797952
7431076.863900 -412222.546308 -0.955184 0.577459 -0.816420
7431076.699386 -412222.497825 -0.987979 0.550378 -0.834915
7431076.553556 -412222.488454 -0.991748 0.547228 -0.836984
7431076.405850 -412222.473978 -2.592460 -0.852978 -0.521948
7431076.271161 -412222.476479 -2.522769 -0.814561 -0.580077
7431076.121579 -412222.456898 -2.504705 -0.803951 -0.594696
7431075.970304 -412222.462907 -2.478385 -0.788022 -0.615648
7431075.833780 -412222.467124 -2.381868 -0.725026 -0.688722
7431075.667753 -412222.474926 -2.313207 -0.676066 -0.736841
7431075.529373 -412222.477449 -2.315005 -0.677390 -0.735624
7431075.374448 -412222.490301 -2.242800 -0.622555 -0.782576
7431075.208381 -412222.491282 -2.202920 -0.590859 -0.806775
7431075.073792 -412222.510836 -2.190999 -0.581200 -0.813761
7431075.256171 -412221.522363 -2.129127 -0.529771 -0.848141
7431075.104946 -412221.536899 -2.090747 -0.496837 -0.867844
7431074.955616 -412221.559950 -2.086611 -0.493244 -0.869891
7431074.800791 -412221.589856 -2.010707 -0.425859 -0.904790
7431074.668260 -412221.645210 -1.959865 -0.379327 -0.925263
7431074.511650 -412221.685357 -1.973199 -0.391630 -0.920123
7431074.356885 -412221.725494 -1.966305 -0.385278 -0.922801
7431074.216872 -412221.763839 -1.975451 -0.393701 -0.919238
7431074.101038 -412221.834442 -1.901432 -0.324644 -0.945836
7431073.949984 -412221.877968 -1.905830 -0.328801 -0.944399
7431073.798991 -412221.931725 -2.015244 -0.429959 -0.902848
7431073.647967 -412221.980367 -1.957649 -0.377276 -0.926101
7431073.541298 -412222.040684 -1.963635 -0.382812 -0.923826
7431073.392180 -412222.099546 -1.956409 -0.376127 -0.926568
7431073.235722 -412222.165274 -1.921416 -0.343480 -0.939160
7431073.084718 -412222.217326 -1.883437 -0.307572 -0.951525
7431072.954052 -412222.276079 -1.893665 -0.317288 -0.948329
7431072.799489 -412222.350322 -1.866647 -0.291554 -0.956554
7431072.646731 -412222.417733 -1.837552 -0.263603 -0.964631
7431072.492137 -412222.486859 -1.839717 -0.265691 -0.964058
7431072.365162 -412222.545591 -1.819052 -0.245713 -0.969343
7431072.210639 -412222.626655 -1.876264 -0.300739 -0.953706
7431072.061642 -412222.705981 -1.845092 -0.270869 -0.962616
7431071.912654 -412222.787012 -1.831793 -0.258044 -0.966133
7431071.737784 -412222.859669 -1.792087 -0.219489 -0.975615
7431071.586992 -412222.947532 -1.799522 -0.226737 -0.973956
7431071.439880 -412223.033669 -1.807376 -0.234379 -0.972145
7431071.287283 -412223.128364 -1.795089 -0.222417 -0.974952
7431071.106928 -412223.209580 -1.769240 -0.197144 -0.980375
7431070.959846 -412223.300832 -1.751089 -0.179318 -0.983791
7431070.820176 -412223.397156 -2.583995 -0.848529 -0.529149
7431070.671269 -412223.491830 -2.588795 -0.851059 -0.525070
7431070.498294 -412223.573002 -2.578654 -0.845690 -0.533674
7431070.351233 -412223.667665 -2.564971 -0.838309 -0.545195
7431070.200531 -412223.770876 -2.569770 -0.840916 -0.541166
7431070.057150 -412223.863811 -2.561672 -0.836506 -0.547958
7431069.886041 -412223.948384 -2.559002 -0.835040 -0.550189
7431069.740845 -412224.046446 -2.562807 -0.837128 -0.547008
7431069.595659 -412224.146213 -2.550135 -0.830129 -0.557572
7431069.444907 -412224.240898 -2.543835 -0.826600 -0.562790
7431069.604030 -412225.251228 -2.536836 -0.822640 -0.568562
7431069.480986 -412225.350864 -2.540466 -0.824699 -0.565572
7431069.326655 -412225.464329 -2.534567 -0.821348 -0.570427
7431069.142810 -412225.579673 -2.518056 -0.811818 -0.583910
7431069.019696 -412225.667372 -2.514548 -0.809765 -0.586754
7431068.867159 -412225.772299 -2.501772 -0.802203 -0.597052
7431068.745900 -412225.861693 -2.497252 -0.799496 -0.600671
7431067.972429 -412224.872045 -2.486047 -0.792715 -0.609592
7431067.808932 -412224.995795 -2.495454 -0.798415 -0.602108
7431067.650820 -412225.093934 -2.466395 -0.780583 -0.625052
7431067.522382 -412225.217477 -2.449465 -0.769890 -0.638177
7431067.412315 -412225.327269 -2.461176 -0.777311 -0.629117
7431067.254242 -412225.432229 -2.444997 -0.767031 -0.641610
7431067.168092 -412225.529942 -2.422360 -0.752311 -0.658808
7431067.011926 -412225.645122 -2.406076 -0.741484 -0.670970
7431066.896293 -412225.749831 -2.395709 -0.734489 -0.678621
7431066.767875 -412225.876785 -2.395133 -0.734098 -0.679044
7431066.646797 -412225.996874 -2.398117 -0.736121 -0.676850
7431066.579150 -412226.103005 -2.374660 -0.720043 -0.693930
7431066.467409 -412226.241798 -2.362739 -0.711719 -0.702464
7431066.348116 -412226.351645 -2.321532 -0.682177 -0.731187
7431066.230829 -412226.488765 -2.313329 -0.676156 -0.736758
7431066.139355 -412226.622322 -2.295056 -0.662581 -0.748990
7431066.032938 -412226.725271 -2.276101 -0.648266 -0.761414
7431065.950831 -412226.882648 -2.268230 -0.642253 -0.766493
7431065.783382 -412226.962083 -2.239641 -0.620080 -0.784539
7431065.669655 -412227.077012 -2.200790 -0.589140 -0.808031
7431065.646664 -412227.245977 -2.186095 -0.577202 -0.816601
7431065.542163 -412227.360853 -2.162777 -0.558006 -0.829837
7431065.439688 -412227.506412 -2.143858 -0.542207 -0.840245
7431065.405495 -412227.653274 -2.116072 -0.518654 -0.854984
7431065.310220 -412227.768094 -2.094936 -0.500468 -0.865755
7431065.222406 -412227.896514 -2.081707 -0.488972 -0.872300
7431065.129017 -412228.018145 -2.044252 -0.455965 -0.889998
7431065.076211 -412228.137831 -2.042227 -0.454161 -0.890919
7431065.008674 -412228.262720 -2.018822 -0.433187 -0.901304
7431064.947096 -412228.459198 -1.987546 -0.404790 -0.914409
7431064.887070 -412228.606212 -1.953355 -0.373295 -0.927713
7431064.807324 -412228.538470 -1.920473 -0.342594 -0.939484
7431064.767636 -412228.692185 -1.909547 -0.332309 -0.943171
7431064.704102 -412228.869916 -1.872703 -0.297341 -0.954771
7431064.671684 -412229.004830 -1.835982 -0.262088 -0.965044
7431064.650307 -412229.134562 -1.812193 -0.239059 -0.971005
7431064.629132 -412229.298400 -1.780533 -0.208202 -0.978086
7431064.582113 -412229.460686 -1.778892 -0.206597 -0.978426
7431064.540328 -412229.571780 -1.744422 -0.172755 -0.984965
7431064.544814 -412229.706476 0.000000 1.000000 0.000000
7431064.595995 -412231.186413 0.000000 1.000000 0.000000
7431064.554371 -412231.324792 0.000000 1.000000 0.000000
7431064.559018 -412231.486772 0.000000 1.000000 0.000000
7431064.593158 -412231.643462 0.000000 1.000000 0.000000
7431064.619927 -412231.801901 0.000000 1.000000 0.000000
7431064.620833 -412231.955377 0.000000 1.000000 0.000000
7431064.667920 -412232.117106 0.000000 1.000000 0.000000
7431064.705770 -412232.277185 0.000000 1.000000 0.000000
7431064.762042 -412232.432039 0.000000 1.000000 0.000000
7431064.831231 -412232.586817 0.000000 1.000000 0.000000
7431064.891244 -412232.750176 0.000000 1.000000 0.000000
7431064.947546 -412232.910146 0.000000 1.000000 0.000000
7431065.009434 -412233.078610 0.000000 1.000000 0.000000
7431065.056501 -412233.236929 0.000000 1.000000 0.000000
7431065.125739 -412233.400233 0.000000 1.000000 0.000000
7431065.207885 -412233.561756 0.000000 1.000000 0.000000
7431065.284534 -412233.730132 0.000000 1.000000 0.000000
7431065.375885 -412233.888190 0.000000 1.000000 0.000000
7431065.474687 -412234.058141 0.000000 1.000000 0.000000
7431065.566119 -412234.229841 0.000000 1.000000 0.000000
7431065.663066 -412234.398098 0.000000 1.000000 0.000000
7431065.780209 -412234.549181 0.000000 1.000000 0.000000
7431065.877116 -412234.710617 0.000000 1.000000 0.000000
7431065.979608 -412234.880546 0.000000 1.000000 0.000000
7431066.098727 -412235.053788 0.000000 1.000000 0.000000
7431066.202481 -412235.124800 0.000000 1.000000 0.000000
7431066.330716 -412235.279229 0.000000 1.000000 0.000000
7431066.457165 -412235.443901 0.000000 1.000000 0.000000
7431066.570709 -412235.610354 0.000000 1.000000 0.000000
7431066.659812 -412235.700211 0.000000 1.000000 0.000000
7431066.799087 -412235.849459 0.000000 1.000000 0.000000
7431066.931053 -412236.010688 0.000000 1.000000 0.000000
7431067.072234 -412236.170157 0.000000 1.000000 0.000000
7431067.222449 -412236.297171 0.000000 1.000000 0.000000
7431067.374692 -412236.454869 0.000000 1.000000 0.000000
7431067.525099 -412236.614283 0.000000 1.000000 0.000000
7431067.675526 -412236.777108 0.000000 1.000000 0.000000
7431067.816324 -412236.871776 0.000000 1.000000 0.000000
7431067.972277 -412237.032863 0.000000 1.000000 0.000000
7431068.119004 -412237.194004 0.000000 1.000000 0.000000
7431068.274967 -412237.356796 0.000000 1.000000 0.000000
7431068.425203 -412237.487221 0.000000 1.000000 0.000000
7431068.590371 -412237.646548 0.000000 1.000000 0.000000
7431068.744539 -412237.817878 0.000000 1.000000 0.000000
7431068.893171 -412237.989240 0.000000 1.000000 0.000000
7431069.061910 -412238.128082 0.000000 1.000000 0.000000
7431069.230768 -412238.287387 0.000000 1.000000 0.000000
7431069.388647 -412238.462105 0.000000 1.000000 0.000000
7431069.552031 -412238.631675 0.000000 1.000000 0.000000
7431069.722644 -412238.775622 0.000000 1.000000 0.000000
7431069.882328 -412238.943509 0.000000 1.000000 0.000000
7431070.051257 -412239.114751 0.000000 1.000000 0.000000
7431070.220197 -412239.287699 0.000000 1.000000 0.000000
7431070.379920 -412239.462406 0.000000 1.000000 0.000000
7431070.556230 -412239.633605 0.000000 1.000000 0.000000
7431070.725240 -412239.818490 0.000000 1.000000 0.000000
7431070.892425 -412240.006796 0.000000 1.000000 0.000000
7431071.052179 -412240.186619 0.000000 1.000000 0.000000
7431071.223034 -412240.371493 0.000000 1.000000 0.000000
7431071.397570 -412240.554640 0.000000 1.000000 0.000000
7431071.566630 -412240.748051 0.000000 1.000000 0.000000
7431071.739371 -412240.939735 0.000000 1.000000 0.000000
7431071.912121 -412241.133124 0.000000 1.000000 0.000000
7431072.088552 -412241.324787 0.000000 1.000000 0.000000
7431072.261263 -412241.511355 0.000000 1.000000 0.000000
7431072.397069 -412241.698141 0.000000 1.000000 0.000000
7431072.579026 -412241.888066 0.000000 1.000000 0.000000
7431072.761013 -412242.083106 0.000000 1.000000 0.000000
7431072.944865 -412242.281546 0.000000 1.000000 0.000000
7431073.115770 -412242.474946 0.000000 1.000000 0.000000
7431073.294076 -412242.671713 0.000000 1.000000 0.000000
7431073.481639 -412242.873542 0.000000 1.000000 0.000000
7431073.671037 -412243.073655 0.000000 1.000000 0.000000
7431073.871485 -412243.270291 0.000000 1.000000 0.000000
7431074.057203 -412243.472131 0.000000 1.000000 0.000000
7431074.242900 -412243.670560 0.000000 1.000000 0.000000
7431074.432328 -412243.875788 0.000000 1.000000 0.000000
7431074.625406 -412244.074174 0.000000 1.000000 0.000000
7431074.518261 -412244.366420 0.000000 1.000000 0.000000
7431074.713235 -412244.573321 0.000000 1.000000 0.000000
7431074.902622 -412244.771729 0.000000 1.000000 0.000000
7431075.095751 -412244.978641 0.000000 1.000000 0.000000
7431075.287094 -412245.195795 0.000000 1.000000 0.000000
7431075.483893 -412245.399275 0.000000 1.000000 0.000000
7431075.682607 -412245.614680 0.000000 1.000000 0.000000
7431075.868324 -412245.816520 0.000000 1.000000 0.000000
7431076.067018 -412246.028515 0.000000 1.000000 0.000000
7431076.254641 -412246.240576 0.000000 1.000000 0.000000
7431076.455190 -412246.454265 0.000000 1.000000 0.000000
7431076.659380 -412246.659407 0.000000 1.000000 0.000000
7431076.863640 -412246.876485 0.000000 1.000000 0.000000
7431077.064139 -412247.081648 0.000000 1.000000 0.000000
7431077.255472 -412247.297097 0.000000 1.000000 0.000000
7431077.456001 -412247.507376 0.000000 1.000000 0.000000
7431077.660170 -412247.709107 -0.556132 0.849303 -0.527905
7431077.862535 -412247.917670 -0.560059 0.847224 -0.531236
7431078.059394 -412248.131381 -0.554823 0.849994 -0.526793
7431078.261798 -412248.346765 -0.550459 0.852285 -0.523078
7431078.466028 -412248.558728 -0.554509 0.850159 -0.526526
7431078.679463 -412248.767225 -0.554020 0.850416 -0.526110
7431078.881868 -412248.982609 -0.550250 0.852394 -0.522900
7431079.086087 -412249.192867 -0.550529 0.852248 -0.523138
7431079.286616 -412249.403146 -0.550599 0.852211 -0.523198
7431079.488960 -412249.608298 -0.555416 0.849681 -0.527297
7431079.687664 -412249.821998 -0.553671 0.850600 -0.525813
7431079.891854 -412250.027140 -0.553706 0.850582 -0.525843
7431080.097939 -412250.240797 -0.553828 0.850517 -0.525947
7431080.298458 -412250.449371 -0.553741 0.850563 -0.525873
7431080.506337 -412250.654490 -0.552711 0.851104 -0.524996
7431080.701401 -412250.876739 -0.551699 0.851635 -0.524135
7431080.914776 -412251.075005 -0.549883 0.852586 -0.522587
7431081.124471 -412251.274998 -0.552327 0.851306 -0.524670
7431081.325000 -412251.485277 -0.551297 0.851846 -0.523793
7431081.525539 -412251.697261 -0.556865 0.848916 -0.528527
7431081.727893 -412251.904119 -0.554893 0.849957 -0.526852
7431081.935854 -412252.122881 -0.810688 0.689000 -0.724761
7431082.125221 -412252.317878 -0.810531 0.689114 -0.724653
7431082.329440 -412252.528135 -0.808733 0.690416 -0.723413
7431082.533660 -412252.738392 -0.812538 0.687658 -0.726035
7431082.734149 -412252.941850 -0.813236 0.687151 -0.726515
7431082.929112 -412253.147046 -0.809135 0.690125 -0.723690
7431082.569487 -412252.555709 -0.807267 0.691475 -0.722400
7431082.771861 -412252.765977 -0.806063 0.692345 -0.721567
7431082.974185 -412252.967719 -0.807686 0.691173 -0.722690
7431083.176539 -412253.174576 -0.809152 0.690112 -0.723702
7431083.378883 -412253.379729 -0.808122 0.690857 -0.722991
7431083.575722 -412253.590030 -0.809990 0.689506 -0.724280
7431083.776190 -412253.790077 -0.808192 0.690807 -0.723039
7431083.971154 -412253.995273 -0.804021 0.693817 -0.720152
7431084.169757 -412254.191921 -0.801438 0.695674 -0.718357
7431084.370236 -412254.393674 -0.801508 0.695624 -0.718406
7431084.567014 -412254.593743 -0.800286 0.696502 -0.717555
7431084.760061 -412254.787013 -0.794299 0.700785 -0.713373
7431084.953180 -412254.992220 -0.801263 0.695800 -0.718235
7431085.148103 -412255.190595 -0.803288 0.694344 -0.719643
7431085.333769 -412255.383908 -0.804265 0.693641 -0.720321
7431085.524962 -412255.575484 -0.804859 0.693213 -0.720733
7431085.719834 -412255.765332 -0.808524 0.690567 -0.723269
7431085.912832 -412255.950076 -0.806796 0.691816 -0.722074
7431086.089232 -412256.136622 -0.805417 0.692811 -0.721120
7431086.278549 -412256.323093 -0.788261 0.705080 -0.709128
7431086.454879 -412256.497703 -0.795294 0.700075 -0.714069
7431086.636755 -412256.673985 -0.805976 0.692407 -0.721507
7431087.476447 -412257.941217 -0.820863 0.681590 -0.731734
7431087.656507 -412258.122626 -0.814720 0.686072 -0.727534
7431087.836477 -412258.288688 -0.821509 0.681117 -0.732174
7431087.983234 -412258.454946 -0.826309 0.677595 -0.735435
7431088.170726 -412258.644838 -0.819066 0.682904 -0.730508
7431088.341581 -412258.829712 -0.809955 0.689531 -0.724256
7431088.488479 -412259.019844 -0.803602 0.694118 -0.719861
7431088.675769 -412259.175630 -0.809676 0.689733 -0.724064
7431088.831812 -412259.352065 -0.821300 0.681270 -0.732032
7431088.989660 -412259.521668 -0.811212 0.688620 -0.725122
7431089.158479 -412259.674153 -0.812660 0.687569 -0.726119
7431089.310791 -412259.843788 -0.800687 0.696214 -0.717835
7431089.472269 -412260.003138 -0.805330 0.692873 -0.721059
7431089.631912 -412260.164203 -0.797877 0.698228 -0.715875
7431089.787844 -412260.321880 -0.799588 0.697002 -0.717069
7431089.932665 -412260.472801 -0.798052 0.698103 -0.715998
7431090.086762 -412260.632194 -0.803497 0.694194 -0.719788
7431090.238994 -412260.788188 -0.813969 0.686618 -0.727018
7431090.378330 -412260.947668 -0.802398 0.694984 -0.719025
7431090.523090 -412261.088357 -0.808559 0.690541 -0.723293
7431090.660540 -412261.241027 -0.806586 0.691967 -0.721929
7431090.807045 -412261.364652 -0.805225 0.692949 -0.720987
7431090.962957 -412261.518919 -0.811212 0.688620 -0.725122
7431091.096687 -412261.666495 -0.797528 0.698478 -0.715632
7431091.234087 -412261.810638 -0.796708 0.699064 -0.715059
7431091.378918 -412261.963264 -0.798174 0.698015 -0.716083
7431091.514472 -412262.107419 -0.805976 0.692407 -0.721507
7431091.637121 -412262.253355 -0.806499 0.692030 -0.721869
7431091.789121 -412262.370126 -0.803253 0.694369 -0.719619
7431091.911810 -412262.522883 -0.796621 0.699127 -0.714998
7431092.063921 -412262.658413 -0.800949 0.696026 -0.718017
7431092.201260 -412262.792325 -0.797458 0.698528 -0.715583
7431092.334899 -412262.924553 -0.794788 0.700436 -0.713715
7431092.474053 -412263.053338 -0.799989 0.696715 -0.717348
7431092.594806 -412263.190759 -0.795922 0.699626 -0.714509
7431092.726600 -412263.322998 -0.796376 0.699302 -0.714827
7431092.849097 -412263.443355 -0.799919 0.696765 -0.717300
7431092.975225 -412263.553458 -0.802625 0.694821 -0.719182
7431093.099648 -412263.687446 -0.794945 0.700324 -0.713825
7431093.225936 -412263.824833 -0.794230 0.700834 -0.713324
7431093.357700 -412263.951957 -0.793479 0.701370 -0.712798
7431093.467361 -412264.086032 -0.777195 0.712883 -0.701283
7431093.600960 -412264.211439 -0.793252 0.701532 -0.712638
7431093.734539 -412264.333435 -0.789604 0.704127 -0.710074
7431093.866342 -412264.467380 -0.786620 0.706242 -0.707970
7431093.983324 -412264.591180 -0.790878 0.703221 -0.710971
7431094.102091 -412264.704737 -0.778853 0.711720 -0.702464
7431094.213477 -412264.818338 -0.778731 0.711805 -0.702377
7431094.339705 -412264.945494 -0.777300 0.712810 -0.701357
7431094.465641 -412265.023197 -0.789011 0.704548 -0.709657
7431094.575393 -412265.172619 -0.780162 0.710800 -0.703395
7431094.718198 -412265.294561 -0.793235 0.701544 -0.712626
7431094.803620 -412265.386146 -0.759777 0.724990 -0.688760
7431094.948401 -412265.530246 -0.750352 0.731449 -0.681896
7431095.061632 -412265.643836 -0.786969 0.705995 -0.708217
7431095.172340 -412265.955261 -0.770615 0.717482 -0.696577
7431095.309649 -412266.084057 -0.768172 0.719182 -0.694822
7431095.402513 -412266.185830 -0.761190 0.724016 -0.689784
7431095.599821 -412265.850417 -0.768050 0.719267 -0.694734
7431095.722278 -412265.963952 -0.769376 0.718345 -0.695687
7431095.831788 -412266.072448 -0.765414 0.721096 -0.692836
7431095.946834 -412266.180911 -0.759759 0.725002 -0.688747
7431096.063625 -412266.272311 -0.755972 0.727605 -0.685996
7431096.176836 -412266.382490 -0.750073 0.731639 -0.681692
7431096.295522 -412266.482405 0.000000 1.000000 0.000000
7431097.526799 -412267.503462 0.000000 1.000000 0.000000
7431097.645485 -412267.603377 0.000000 1.000000 0.000000
7431097.769747 -412267.710081 0.000000 1.000000 0.000000
7431097.903114 -412267.796266 0.000000 1.000000 0.000000
7431098.032690 -412267.865421 0.000000 1.000000 0.000000
7431098.162337 -412267.946512 0.000000 1.000000 0.000000
7431098.279017 -412268.019154 0.000000 1.000000 0.000000
7431098.406889 -412268.112193 0.000000 1.000000 0.000000
7431098.528913 -412268.152401 0.000000 1.000000 0.000000
7431098.653064 -412268.240346 0.000000 1.000000 0.000000
7431098.795567 -412268.311130 0.000000 1.000000 0.000000
7431098.927008 -412268.383684 0.000000 1.000000 0.000000
7431099.041793 -412268.447810 0.000000 1.000000 0.000000
7431099.167769 -412268.532334 0.000000 1.000000 0.000000
7431099.297325 -412268.598077 0.000000 1.000000 0.000000
7431099.428807 -412268.677453 0.000000 1.000000 0.000000
7431099.573195 -412268.755046 0.000000 1.000000 0.000000
7431099.441951 -412269.028677 0.000000 1.000000 0.000000
7431099.589838 -412269.073848 0.000000 1.000000 0.000000
7431099.767259 -412269.120551 0.000000 1.000000 0.000000
7431099.937550 -412269.209929 0.000000 1.000000 0.000000
7431100.048271 -412269.210981 0.000000 1.000000 0.000000
7431100.257170 -412269.276257 0.000000 1.000000 0.000000
7431100.422087 -412269.392952 0.000000 1.000000 0.000000
7431100.558440 -412269.359746 0.000000 1.000000 0.000000
7431101.259996 -412271.296292 0.000000 1.000000 0.000000
7431101.441077 -412271.337857 0.000000 1.000000 0.000000
7431101.614726 -412271.370939 0.000000 1.000000 0.000000
7431101.749334 -412271.354796 0.000000 1.000000 0.000000
7431101.935910 -412271.389507 0.000000 1.000000 0.000000
7431102.143034 -412271.466731 0.000000 1.000000 0.000000
7431102.357006 -412271.453530 0.000000 1.000000 0.000000
7431102.519635 -412271.495204 0.000000 1.000000 0.000000
7431102.674530 -412271.477236 0.000000 1.000000 0.000000
7431102.868094 -412271.445398 0.000000 1.000000 0.000000
7431103.063725 -412271.451064 0.000000 1.000000 0.000000
7431103.250270 -412271.480659 0.000000 1.000000 0.000000
7431103.425201 -412271.418234 0.000000 1.000000 0.000000
7431103.305568 -412269.282138 0.000000 1.000000 0.000000
7431103.495542 -412269.267374 0.000000 1.000000 0.000000
7431103.624816 -412269.285370 0.000000 1.000000 0.000000
7431103.798194 -412269.272409 0.000000 1.000000 0.000000
7431103.978922 -412269.254289 0.000000 1.000000 0.000000
7431104.165085 -412269.219083 0.000000 1.000000 0.000000
7431104.297808 -412269.196130 0.000000 1.000000 0.000000
7431104.482085 -412269.154114 0.000000 1.000000 0.000000
7431104.664578 -412269.122340 0.000000 1.000000 0.000000
7431104.852546 -412269.080302 0.000000 1.000000 0.000000
7431105.053410 -412269.034778 0.000000 1.000000 0.000000
7431105.239473 -412268.982519 0.000000 1.000000 0.000000
7431105.423569 -412268.909808 0.000000 1.000000 0.000000
7431105.611376 -412268.840485 0.000000 1.000000 0.000000
7431105.830521 -412268.765862 0.000000 1.000000 0.000000
7431106.014627 -412268.694856 0.000000 1.000000 0.000000
7431106.213395 -412268.606709 0.000000 1.000000 0.000000
7431106.399286 -412268.525461 0.000000 1.000000 0.000000
7431106.598134 -412268.450957 0.000000 1.000000 0.000000
7431106.780325 -412268.368025 0.000000 1.000000 0.000000
7431106.947643 -412268.266422 0.239075 0.971557 0.236804
7431107.129744 -412268.168142 0.243491 0.970502 0.241092
7431107.341377 -412268.071393 0.255167 0.967621 0.252407
7431107.523447 -412267.967997 0.270701 0.963584 0.267407
7431107.703672 -412267.864613 0.276827 0.961927 0.273305
7431107.876476 -412267.754450 0.290056 0.958228 0.286006
7431108.097264 -412267.645710 0.303583 0.954272 0.298941
7431108.262667 -412267.532181 0.316638 0.950288 0.311373
7431108.433586 -412267.415208 0.319622 0.949354 0.314208
7431108.602669 -412267.299951 0.342870 0.941794 0.336191
7431108.814202 -412267.186150 0.338542 0.943240 0.332112
7431108.983285 -412267.070893 0.353970 0.938004 0.346624
7431109.148597 -412266.942016 0.000000 1.000000 0.000000
7431110.257506 -412265.989001 0.000000 1.000000 0.000000
7431110.547496 -412265.724666 0.618004 0.815037 0.579410
7431110.612836 -412265.540102 0.631582 0.807094 0.590422
7431110.748545 -412265.397757 0.636731 0.804044 0.594570
7431110.880503 -412265.245202 0.641862 0.800982 0.598688
7431111.025347 -412265.087455 0.661654 0.788977 0.614423
7431111.112839 -412264.904466 0.681237 0.776794 0.629754
7431111.244777 -412264.748500 0.698027 0.766112 0.642707
7431111.374859 -412264.590840 0.708010 0.759658 0.650323
7431111.499396 -412264.431507 0.712566 0.756687 0.653778
7431111.642294 -412264.256718 0.000000 1.000000 0.000000
7431112.697326 -412262.616765 0.000000 1.000000 0.000000
7431112.766387 -412262.437296 1.148444 0.409907 0.912127
7431112.841043 -412262.268025 1.161831 0.397660 0.917533
7431112.900867 -412262.086905 1.185079 0.376224 0.926529
7431112.969867 -412261.897204 1.220299 0.343365 0.939202
7431113.025951 -412261.707579 1.236723 0.327894 0.944715
7431113.104358 -412261.548518 1.264020 0.301987 0.953312
7431113.153050 -412261.357232 0.000000 1.000000 0.000000
7431113.311513 -412259.442893 0.000000 1.000000 0.000000
7431113.265990 -412259.233404 0.000000 1.000000 0.000000
7431113.251977 -412259.047603 0.000000 1.000000 0.000000
7431113.219481 -412258.856796 0.000000 1.000000 0.000000
7431113.201757 -412258.667607 0.000000 1.000000 0.000000
7431113.189468 -412258.461332 0.000000 1.000000 0.000000
7431113.155117 -412258.268830 0.000000 1.000000 0.000000
7431113.115210 -412258.072950 0.000000 1.000000 0.000000
7431113.067973 -412257.885641 0.000000 1.000000 0.000000
7431113.030223 -412257.742614 0.000000 1.000000 0.000000
7431112.973760 -412257.555359 0.000000 1.000000 0.000000
7431112.919163 -412257.371503 0.000000 1.000000 0.000000
7431112.842412 -412257.186073 0.000000 1.000000 0.000000
7431112.760257 -412257.022845 0.000000 1.000000 0.000000
7431112.685383 -412256.842519 0.000000 1.000000 0.000000
7431112.623384 -412256.655297 0.000000 1.000000 0.000000
7431112.526377 -412256.476808 0.000000 1.000000 0.000000
7431112.414619 -412256.300111 0.000000 1.000000 0.000000
7431112.328673 -412256.119851 0.000000 1.000000 0.000000
7431112.222430 -412255.939711 0.000000 1.000000 0.000000
7431112.127318 -412255.769738 0.000000 1.000000 0.000000
7431112.015741 -412255.623737 0.000000 1.000000 0.000000
7431111.903992 -412255.448745 0.000000 1.000000 0.000000
7431111.812551 -412255.275339 0.000000 1.000000 0.000000
7431111.708173 -412255.098599 0.000000 1.000000 0.000000
7431111.592956 -412254.961146 0.000000 1.000000 0.000000
7431111.477568 -412254.794703 0.000000 1.000000 0.000000
7431111.367664 -412254.619701 0.000000 1.000000 0.000000
7431111.268822 -412254.442928 0.000000 1.000000 0.000000
7431111.144268 -412254.286771 0.000000 1.000000 0.000000
7431111.021489 -412254.118666 0.000000 1.000000 0.000000
7431110.898720 -412253.952266 0.000000 1.000000 0.000000
7431110.763034 -412253.785943 0.000000 1.000000 0.000000
7431110.607011 -412253.612918 0.000000 1.000000 0.000000
7431110.471326 -412253.446595 0.000000 1.000000 0.000000
7431110.337455 -412253.275145 0.000000 1.000000 0.000000
7431110.198069 -412253.107138 0.000000 1.000000 0.000000
7431110.025459 -412252.937622 0.000000 1.000000 0.000000
7431109.880538 -412252.769648 0.000000 1.000000 0.000000
7431109.739256 -412252.593126 0.000000 1.000000 0.000000
7431109.594365 -412252.430268 0.000000 1.000000 0.000000
7431109.456723 -412252.245197 0.000000 1.000000 0.000000
7431109.315512 -412252.080612 0.000000 1.000000 0.000000
7431109.166880 -412251.909249 2.381676 -0.724893 0.688861
7431109.025669 -412251.744664 2.397332 -0.735589 0.677428
7431108.884498 -412251.586900 0.000000 1.000000 0.000000
7431107.363339 -412249.910995 0.000000 1.000000 0.000000
7431107.211037 -412249.743064 0.000000 1.000000 0.000000
7431107.064270 -412249.575101 0.000000 1.000000 0.000000
7431106.904566 -412249.403804 0.000000 1.000000 0.000000
7431106.750399 -412249.232474 0.000000 1.000000 0.000000
7431106.590746 -412249.069703 0.000000 1.000000 0.000000
7431106.440218 -412248.889824 0.000000 1.000000 0.000000
7431106.282380 -412248.721927 2.231054 -0.613320 0.789834
7431106.120841 -412248.552345 2.231979 -0.614051 0.789267
7431105.957468 -412248.384480 2.228838 -0.611569 0.791191
7431105.817991 -412248.201126 2.232363 -0.614354 0.789031
7431105.663813 -412248.028091 2.233341 -0.615125 0.788429
7431105.504150 -412247.863614 2.236605 -0.617695 0.786418
7431105.344497 -412247.700844 2.239118 -0.619670 0.784863
7431105.184834 -412247.536367 2.239973 -0.620340 0.784333
7431105.025161 -412247.370186 2.242521 -0.622337 0.782750
7431104.863683 -412247.210836 2.236674 -0.617750 0.786375
7431104.709555 -412247.046327 2.235854 -0.617105 0.786881
7431104.533346 -412246.892181 2.235610 -0.616912 0.787032
7431104.379228 -412246.729377 2.237634 -0.618504 0.785782
7431104.221390 -412246.561480 2.235959 -0.617187 0.786816
7431104.059902 -412246.400425 2.233044 -0.614891 0.788612
7431103.892939 -412246.249635 2.234877 -0.616335 0.787484
7431103.736966 -412246.085137 2.235732 -0.617009 0.786956
7431103.582839 -412245.920628 2.234929 -0.616376 0.787452
7431103.428741 -412245.761235 2.236570 -0.617668 0.786439
7431103.259953 -412245.613866 2.235138 -0.616541 0.787323
7431103.109506 -412245.447630 1.910490 -0.333198 0.942857
7431102.957223 -412245.283110 1.903107 -0.326228 0.945291
7431102.799416 -412245.120328 1.887905 -0.311821 0.950141
7431102.632412 -412244.962717 1.900297 -0.323571 0.946204
7431102.474644 -412244.806756 1.882076 -0.306277 0.951942
7431102.327867 -412244.637088 1.875444 -0.299957 0.953953
7431102.173780 -412244.479400 1.878166 -0.302553 0.953133
7431102.008632 -412244.323483 1.873908 -0.298491 0.954412
7431101.858215 -412244.162363 1.870871 -0.295592 0.955314
7431101.713303 -412243.996095 1.843138 -0.268988 0.963144
7431101.568422 -412243.834942 1.831583 -0.257841 0.966187
7431101.410664 -412243.680686 1.840293 -0.266246 0.963905
7431101.267628 -412243.519523 1.837605 -0.263654 0.964617
7431101.120901 -412243.358381 1.803833 -0.230933 0.972970
7431100.981545 -412243.195490 1.803955 -0.231052 0.972941
7431100.836623 -412243.027516 1.810762 -0.237669 0.971346
7431100.706503 -412242.866277 1.806800 -0.233819 0.972280
7431100.574508 -412242.699932 1.791807 -0.219216 0.975676
7431100.442483 -412242.528471 1.774180 -0.201984 0.979389
7431100.304972 -412242.365569 1.750181 -0.178424 0.983954
7431100.180337 -412242.195770 1.735468 -0.163928 0.986472
7431100.057548 -412242.025961 2.163580 -0.558672 0.829389
7431099.940273 -412241.852707 2.163405 -0.558527 0.829486
7431099.821124 -412241.674349 2.143247 -0.541694 0.840576
7431099.703840 -412241.499391 2.130122 -0.530615 0.847613
7431099.592091 -412241.324400 2.123856 -0.525293 0.850921
7431099.478457 -412241.142598 2.117852 -0.520175 0.854060
7431099.366638 -412240.955670 2.118673 -0.520876 0.853632
7431099.264085 -412240.775509 2.089543 -0.495792 0.868441
7431099.159697 -412240.597063 2.092981 -0.498775 0.866732
7431099.053444 -412240.415219 2.086087 -0.492788 0.870150
7431098.956407 -412240.231614 2.078321 -0.486015 0.873950
7431098.855679 -412240.048031 2.068425 -0.477343 0.878717
7431098.758611 -412239.859310 2.058127 -0.468269 0.883586
7431098.661554 -412239.672295 2.047952 -0.459254 0.888305
7431098.560796 -412239.483596 2.038562 -0.450893 0.892578
7431098.463728 -412239.294876 2.029539 -0.442821 0.896610
7431098.366690 -412239.111271 2.008577 -0.423930 0.905695
7431098.278859 -412238.924201 2.014215 -0.429030 0.903290
7431098.194708 -412238.735404 2.022662 -0.436645 0.899634
7431098.101330 -412238.546662 2.015314 -0.430022 0.902818
7431098.015334 -412238.357876 2.273885 -0.646577 0.762849
7431097.931172 -412238.167374 2.274880 -0.647336 0.762205
7431097.848876 -412237.980272 2.275124 -0.647522 0.762047
7431097.770251 -412237.789737 2.262086 -0.637531 0.770424
7431097.687924 -412237.597519 2.268387 -0.642373 0.766392
7431097.609299 -412237.406984 2.262802 -0.638083 0.769968
7431097.528888 -412237.226692 2.240374 -0.620655 0.784084
7431097.446592 -412237.039589 2.250742 -0.628751 0.777607
7431097.373522 -412236.852432 2.248735 -0.627189 0.778867
7431097.296741 -412236.661887 2.240985 -0.621134 0.783704
7431097.225506 -412236.473014 2.241247 -0.621339 0.783542
7431097.148756 -412236.287584 2.230234 -0.612673 0.790337
7431097.073810 -412236.095322 2.237460 -0.618367 0.785889
7431097.002585 -412235.908154 2.241649 -0.621654 0.783292
7431096.929495 -412235.717587 2.254355 -0.631556 0.775330
7431096.845384 -412235.535611 0.000000 1.000000 0.000000
7431096.271237 -412234.239526 2.162969 -0.558165 0.829730
7431096.190796 -412234.054118 2.175047 -0.568146 0.822928
7431096.108520 -412233.870426 2.184681 -0.576047 0.817416
7431096.026264 -412233.690145 2.187264 -0.578157 0.815926
7431095.910775 -412233.506649 2.188922 -0.579509 0.814966
7431095.822994 -412233.328106 2.195572 -0.584915 0.811094
7431095.731532 -412233.151290 2.200703 -0.589069 0.808082
7431095.641926 -412232.976168 2.201471 -0.589690 0.807630
7431095.550414 -412232.790825 2.216045 -0.601397 0.798950
7431095.458972 -412232.617420 2.226394 -0.609633 0.792684
7431095.365695 -412232.445730 2.227756 -0.610712 0.791853
7431095.274274 -412232.275735 2.238856 -0.619464 0.785025
7431095.181138 -412232.127920 2.255960 -0.632800 0.774315
7431095.082377 -412231.964790 2.258404 -0.634690 0.772767
7431094.989170 -412231.805037 2.277026 -0.648970 0.760814
7431094.892274 -412231.645307 2.270289 -0.643830 0.765169
7431094.802959 -412231.519639 2.278056 -0.649753 0.760145
7431094.713494 -412231.368391 2.281494 -0.652363 0.757907
7431094.618503 -412231.218881 2.288790 -0.657875 0.753127
7431094.530903 -412231.071033 2.301077 -0.667079 0.744987
7431094.437908 -412230.947092 2.298145 -0.664892 0.746940
7431094.342978 -412230.807814 2.305720 -0.670531 0.741882
7431094.246192 -412230.666842 2.325215 -0.684865 0.728670
7431094.156908 -412230.546289 2.335652 -0.692433 0.721482
7431094.630770 -412230.483804 2.325494 -0.685068 0.728479
7431094.543361 -412230.368356 2.334308 -0.691463 0.722412
7431094.457697 -412230.235845 2.335128 -0.692055 0.721845
7431094.385210 -412230.147595 2.336036 -0.692710 0.721216
7431094.273734 -412230.018647 2.345548 -0.699539 0.714595
7431094.197366 -412229.898018 2.348707 -0.701793 0.712381
7431094.095065 -412229.760489 2.364642 -0.713055 0.701108
7431094.030140 -412229.702890 2.355025 -0.706279 0.707933
7431093.950022 -412229.572052 2.388343 -0.729470 0.684013
7431093.864388 -412229.444656 2.383195 -0.725939 0.687759
7431093.766391 -412229.411128 2.378744 -0.722871 0.690983
7431093.688420 -412229.331437 2.359877 -0.709706 0.704498
7431093.645406 -412229.234486 2.376405 -0.721252 0.692672
7431093.574735 -412229.141109 2.365567 -0.713703 0.700448
7431093.507926 -412229.076701 2.224981 -0.608512 0.793544
7431093.431789 -412228.995293 2.223375 -0.607237 0.794521
7431093.376101 -412228.939346 2.220356 -0.604836 0.796350
7431093.327713 -412228.869712 2.227180 -0.610256 0.792204
7431093.275837 -412228.834206 2.237669 -0.618532 0.785760
7431093.184788 -412228.727307 2.236622 -0.617709 0.786407
7431093.151323 -412228.684871 2.236116 -0.617311 0.786719
7431093.104790 -412228.616932 2.241875 -0.621831 0.783151
7431093.052953 -412228.588247 2.241177 -0.621284 0.783585
7431093.013922 -412228.540728 2.237198 -0.618162 0.786051
7431092.973036 -412228.491514 2.224021 -0.607750 0.794128
7431092.939641 -412228.461015 2.225888 -0.609232 0.792992
7431092.908072 -412228.427095 2.247077 -0.625897 0.779906
7431092.867347 -412228.405166 2.252312 -0.629971 0.776619
7431092.832107 -412228.374677 2.254197 -0.631434 0.775430
7431092.798631 -412228.330536 2.256641 -0.633327 0.773884
7431092.767102 -412228.303437 2.262174 -0.637599 0.770368
7431092.772436 -412228.269298 2.263116 -0.638325 0.769767
7431092.750153 -412228.245555 2.260341 -0.636186 0.771536
7431092.724179 -412228.221833 2.256990 -0.633597 0.773663
7431092.709388 -412228.216805 2.331376 -0.689341 0.724437
7431092.690845 -412228.201566 2.327868 -0.686796 0.726850
7431092.685309 -412228.201599 2.329700 -0.688126 0.725591
7431092.676073 -412228.199948 2.331847 -0.689683 0.724112
7431092.668672 -412228.196581 2.333226 -0.690681 0.723160
7431092.666807 -412228.193181 2.336158 -0.692798 0.721132
7431092.663087 -412228.188087 2.335338 -0.692206 0.721700
7431092.661221 -412228.184688 2.336280 -0.692886 0.721047
7431092.663066 -412228.184677 2.336734 -0.693213 0.720733
7431092.661241 -412228.188098 2.336106 -0.692760 0.721168
7431092.666787 -412228.189771 2.337118 -0.693490 0.720466
7431092.668652 -412228.193170 2.335896 -0.692609 0.721313
7431092.664952 -412228.191487 2.334709 -0.691752 0.722135
7431092.664962 -412228.193192 2.334291 -0.691450 0.722424
7431092.664962 -412228.193192 2.335251 -0.692144 0.721760
7431092.668642 -412228.191465 2.335268 -0.692156 0.721748
7431092.668652 -412228.193170 2.334168 -0.691361 0.722509
7431092.664952 -412228.191487 2.334936 -0.691916 0.721978
7431092.663097 -412228.189792 2.336245 -0.692861 0.721072
7431092.663087 -412228.188087 2.336821 -0.693276 0.720672
7431092.666787 -412228.189771 2.336420 -0.692987 0.720950
7431092.664952 -412228.191487 1.662094 -0.091171 0.995835
7431092.664952 -412228.191487 1.661676 -0.090755 0.995873
7431092.666787 -412228.189771 1.677331 -0.106333 0.994331
7431092.664952 -412228.191487 1.678832 -0.107826 0.994170
7431092.664942 -412228.189782 1.664329 -0.093396 0.995629
7431092.666797 -412228.191476 1.655008 -0.084112 0.996456
7431092.664952 -412228.191487 1.662060 -0.091137 0.995838
7431092.666797 -412228.191476 1.663578 -0.092649 0.995699
7431092.666797 -412228.191476 1.676371 -0.105379 0.994432
7431092.664942 -412228.189782 1.672078 -0.101109 0.994875
7431092.664952 -412228.191487 1.657347 -0.086443 0.996257
7431092.664952 -412228.191487 1.661466 -0.090545 0.995892
7431092.663117 -412228.193203 1.658866 -0.087956 0.996124
7431092.663097 -412228.189792 1.659058 -0.088147 0.996107
7431092.664952 -412228.191487 1.671380 -0.100414 0.994946
7431092.663117 -412228.193203 1.663229 -0.092301 0.995731
7431092.664952 -412228.191487 1.663072 -0.092145 0.995746
7431092.664942 -412228.189782 1.664363 -0.093430 0.995626
7431092.663097 -412228.189792 1.664014 -0.093083 0.995658
7431092.663107 -412228.191498 1.679844 -0.108832 0.994060
7431092.663107 -412228.191498 -0.890554 0.628981 -0.777420
7431092.663107 -412228.191498 -0.892771 0.627256 -0.778813
7431092.663117 -412228.193203 -0.890380 0.629117 -0.777311
7431092.663107 -412228.191498 -0.887779 0.631136 -0.775672
7431092.661251 -412228.189803 -0.890310 0.629171 -0.777267
7431092.663117 -412228.193203 -0.889071 0.630134 -0.776487
7431092.663107 -412228.191498 -0.890205 0.629253 -0.777201
7431092.661251 -412228.189803 -0.889472 0.629822 -0.776739
7431092.661261 -412228.191509 -0.890537 0.628995 -0.777410
7431092.663117 -412228.193203 -0.888722 0.630405 -0.776267
7431092.663107 -412228.191498 -0.889594 0.629727 -0.776816
7431092.663107 -412228.191498 -0.889629 0.629700 -0.776838
7431092.730037 -412228.276370 -0.890886 0.628723 -0.777629
7431092.748449 -412228.269440 -0.888495 0.630581 -0.776124
7431092.748449 -412228.269440 -0.889926 0.629470 -0.777025
7431092.746593 -412228.267745 -0.889071 0.630134 -0.776487
7431092.748439 -412228.267735 -0.889385 0.629890 -0.776685
7431092.766870 -412228.264215 -0.889629 0.629700 -0.776838
7431092.766870 -412228.264215 -0.888826 0.630324 -0.776332
7431092.768716 -412228.264204 -0.496145 0.879424 -0.476039
7431092.766870 -412228.264215 -0.492584 0.881114 -0.472904
7431092.790938 -412228.277716 -0.492445 0.881180 -0.472782
7431092.789093 -412228.277727 -0.490542 0.882078 -0.471104
7431092.789093 -412228.277727 -0.505482 0.874941 -0.484229
7431092.790938 -412228.277716 -0.496825 0.879100 -0.476637
7431092.792894 -412228.296463 -0.490682 0.882012 -0.471228
7431092.794750 -412228.298157 -0.499426 0.877858 -0.478922
7431092.792905 -412228.298168 -0.504243 0.875540 -0.483145
7431092.792894 -412228.296463 -0.506791 0.874307 -0.485374
7431092.796675 -412228.311789 -0.504679 0.875330 -0.483526
7431092.796686 -412228.313494 -0.502620 0.876323 -0.481723
7431092.798531 -412228.313483 -0.500176 0.877498 -0.479580
7431092.796686 -412228.313494 -0.494958 0.879989 -0.474995
7431092.782206 -412228.361329 -0.505779 0.874797 -0.484489
7431092.782206 -412228.361329 -0.499251 0.877941 -0.478768
7431092.780361 -412228.361340 -0.503877 0.875717 -0.482824
7431092.780361 -412228.361340 -0.497908 0.878584 -0.477589
7431092.774986 -412228.388657 -0.491851 0.881460 -0.472258
7431092.774996 -412228.390363 -0.499845 0.877657 -0.479290
7431092.774986 -412228.388657 1.482587 0.088095 0.996112
7431092.774976 -412228.386952 1.488120 0.082582 0.996584
7431092.791462 -412228.366391 1.480598 0.090076 0.995935
7431092.791472 -412228.368096 1.493618 0.077102 0.997023
7431092.791462 -412228.366391 1.496620 0.074108 0.997250
7431092.789617 -412228.366402 1.491227 0.079485 0.996836
7431092.802423 -412228.347567 1.494700 0.076023 0.997106
7431092.800587 -412228.349283 1.484106 0.086582 0.996245
7431092.802423 -412228.347567 1.505783 0.064968 0.997887
7431092.804278 -412228.349261 1.508488 0.062268 0.998059
7431092.811568 -412228.333870 1.496829 0.073900 0.997266
7431092.813413 -412228.333859 1.491995 0.078720 0.996897
7431092.809713 -412228.332176 1.487719 0.082982 0.996551
7431092.811558 -412228.332165 1.494857 0.075866 0.997118
7431092.817003 -412228.316785 1.495695 0.075031 0.997181
7431092.817003 -412228.316785 1.501315 0.069425 0.997587
7431092.816993 -412228.315079 1.505521 0.065229 0.997870
7431092.817003 -412228.316785 1.498854 0.071880 0.997413
7431092.820633 -412228.306531 1.498138 0.072594 0.997362
7431092.820643 -412228.308236 1.508122 0.062633 0.998037
7431092.822478 -412228.306520 2.713149 -0.909613 0.415456
7431092.820633 -412228.306531 2.714162 -0.910034 0.414534
7431092.824293 -412228.301394 2.714441 -0.910149 0.414280
7431092.824293 -412228.301394 2.713847 -0.909903 0.414821
7431092.824283 -412228.299688 2.712730 -0.909439 0.415837
7431092.824293 -412228.301394 2.712381 -0.909294 0.416154
7431092.826138 -412228.301383 2.712172 -0.909207 0.416344
7431092.826138 -412228.301383 2.712503 -0.909345 0.416043
7431092.826138 -412228.301383 2.712416 -0.909309 0.416122
7431092.826128 -412228.299677 2.714284 -0.910084 0.414423
7431092.829909 -412228.315003 2.715087 -0.910417 0.413692
7431092.829909 -412228.315003 2.713725 -0.909853 0.414932
7431092.829899 -412228.313298 2.711421 -0.908894 0.417027
7431092.828054 -412228.313309 2.711596 -0.908967 0.416868
7431092.831764 -412228.316698 2.712416 -0.909309 0.416122
7431092.831764 -412228.316698 2.714004 -0.909968 0.414678
7431092.831764 -412228.316698 2.712346 -0.909280 0.416186
7431092.833599 -412228.314981 2.713673 -0.909831 0.414979
7431092.835435 -412228.313265 2.712887 -0.909505 0.415694
7431092.835435 -412228.313265 2.712381 -0.909294 0.416154
7431092.833599 -412228.314981 2.999977 -0.989989 0.141143
7431092.833589 -412228.313276 3.002001 -0.990273 0.139139
7431092.833549 -412228.306455 3.001600 -0.990217 0.139536
7431092.833549 -412228.306455 3.002560 -0.990351 0.138585
7431092.833549 -412228.306455 3.001321 -0.990178 0.139812
7431092.831694 -412228.304761 3.001233 -0.990166 0.139899
7431092.833509 -412228.299634 3.001408 -0.990190 0.139726
7431092.833509 -412228.299634 3.003677 -0.990505 0.137479
7431092.833519 -412228.301339 3.003397 -0.990466 0.137756
7431092.833509 -412228.299634 3.000500 -0.990063 0.140625
7431092.817023 -412228.320195 3.001513 -0.990205 0.139622
7431092.817013 -412228.318490 3.002612 -0.990358 0.138534
7431092.817023 -412228.320195 3.002211 -0.990302 0.138931
7431092.817013 -412228.318490 3.001966 -0.990268 0.139173
7431092.807878 -412228.333892 3.001600 -0.990217 0.139536
7431092.807878 -412228.333892 3.003345 -0.990459 0.137808
7431092.807878 -412228.333892 3.003816 -0.990524 0.137341
7431092.807878 -412228.333892 3.002612 -0.990358 0.138534
7431092.802402 -412228.344157 3.002874 -0.990394 0.138274
7431092.802402 -412228.344157 3.003677 -0.990505 0.137479
7431092.802392 -412228.342451 2.476727 -0.787000 0.616953
7431092.802402 -412228.344157 2.476500 -0.786860 0.617132
7431092.813343 -412228.321922 2.475819 -0.786439 0.617668
7431092.813333 -412228.320217 2.476064 -0.786590 0.617475
7431092.813333 -412228.320217 2.476709 -0.786989 0.616968
7431092.813333 -412228.320217 2.476186 -0.786666 0.617379
7431092.820754 -412228.326995 2.475680 -0.786353 0.617777
7431092.820754 -412228.326995 2.475488 -0.786235 0.617928
7431092.818908 -412228.327006 2.475435 -0.786202 0.617970
7431092.820754 -412228.326995 2.475994 -0.786547 0.617530
7431092.824464 -412228.330383 2.475523 -0.786256 0.617901
7431092.824464 -412228.330383 2.475243 -0.786083 0.618121
7431092.824464 -412228.330383 2.475819 -0.786439 0.617668
7431092.824464 -412228.330383 2.475976 -0.786536 0.617544
7431092.826319 -412228.332078 2.476011 -0.786558 0.617517
7431092.828175 -412228.333772 2.476378 -0.786784 0.617228
