7431093.629734 -412228.882075 2.413878 1542894307.509176 -0.037335 0.033258
7431093.634366 -412228.888971 2.413878 1542894307.559094 -0.037335 0.033258
7431093.628636 -412228.883087 2.413882 1542894307.609064 -0.037335 0.033258
7431093.615917 -412228.864955 2.413889 1542894307.658962 -0.037335 0.033258
7431093.607641 -412228.853324 2.413897 1542894307.708928 -0.037335 0.033258
7431093.593438 -412228.833766 2.413905 1542894307.758850 -0.037336 0.033257
7431093.580449 -412228.816442 2.413916 1542894307.808791 -0.037336 0.033257
7431093.571432 -412228.804887 2.413927 1542894307.858763 -0.037336 0.033256
7431093.549746 -412228.773603 2.413944 1542894307.908709 -0.037337 0.033256
7431093.534656 -412228.751992 2.413958 1542894307.958655 -0.037337 0.033255
7431093.524794 -412228.738084 2.413970 1542894308.008613 -0.037338 0.033255
7431093.516024 -412228.726077 2.413985 1542894308.058620 -0.037338 0.033254
7431093.509227 -412228.717414 2.414002 1542894308.108570 -0.037339 0.033254
7431093.506274 -412228.714437 2.414017 1542894308.158520 -0.037339 0.033253
7431093.506191 -412228.715867 2.414033 1542894308.208464 -0.037340 0.033252
7431093.497952 -412228.705263 2.414048 1542894308.258418 -0.037340 0.033252
7431093.489603 -412228.695317 2.414069 1542894308.308420 -0.037341 0.033251
7431093.484977 -412228.690878 2.414088 1542894308.358503 -0.037342 0.033250
7431093.482925 -412228.690479 2.414107 1542894308.408321 -0.037342 0.033250
7431093.483332 -412228.693495 2.414123 1542894308.458353 -0.037343 0.033249
7431093.474013 -412228.678546 2.414149 1542894308.508291 -0.037344 0.033248
7431093.468489 -412228.669562 2.414172 1542894308.558302 -0.037345 0.033247
7431093.465252 -412228.664346 2.414194 1542894308.608244 -0.037345 0.033246
7431093.464230 -412228.662847 2.414217 1542894308.658200 -0.037346 0.033246
7431093.465453 -412228.664952 2.414240 1542894308.708205 -0.037347 0.033245
7431093.457928 -412228.652665 2.414263 1542894308.758191 -0.037348 0.033244
7431093.451008 -412228.641442 2.414290 1542894308.808213 -0.037349 0.033243
7431093.446089 -412228.633558 2.414317 1542894308.858095 -0.037349 0.033242
7431093.442565 -412228.628153 2.414348 1542894308.908049 -0.037350 0.033241
7431093.441695 -412228.626817 2.414371 1542894308.958033 -0.037351 0.033240
7431093.442727 -412228.628097 2.414398 1542894309.007972 -0.037352 0.033239
7431093.445760 -412228.632434 2.414426 1542894309.057921 -0.037353 0.033238
7431093.451509 -412228.641270 2.414458 1542894309.108001 -0.037354 0.033237
7431093.458437 -412228.652232 2.414486 1542894309.157944 -0.037355 0.033236
7431093.456315 -412228.647732 2.414517 1542894309.207892 -0.037356 0.033234
7431093.456299 -412228.646808 2.414543 1542894309.257806 -0.037357 0.033233
7431093.458780 -412228.649404 2.414580 1542894309.307870 -0.037358 0.033232
7431093.463125 -412228.655014 2.414611 1542894309.357811 -0.037359 0.033231
7431093.469709 -412228.664145 2.414643 1542894309.407822 -0.037360 0.033230
7431093.478525 -412228.676968 2.414674 1542894309.457746 -0.037361 0.033229
7431093.477412 -412228.673733 2.414710 1542894309.507780 -0.037362 0.033227
7431093.478600 -412228.674169 2.414745 1542894309.557740 -0.037364 0.033226
7431093.482289 -412228.678320 2.414781 1542894309.607731 -0.037365 0.033225
7431093.488594 -412228.686221 2.414816 1542894309.657671 -0.037366 0.033223
7431093.497463 -412228.698093 2.414852 1542894309.707668 -0.037367 0.033222
7431093.509091 -412228.714085 2.414888 1542894309.757697 -0.037368 0.033221
7431093.523503 -412228.734491 2.414924 1542894309.807616 -0.037370 0.033219
7431093.527518 -412228.739424 2.414964 1542894309.857620 -0.037371 0.033218
7431093.519609 -412228.727334 2.415015 1542894309.907619 -0.037373 0.033216
7431093.515862 -412228.721564 2.415058 1542894309.957600 -0.037374 0.033214
7431093.513794 -412228.718406 2.415095 1542894310.007615 -0.037375 0.033213
7431093.514163 -412228.719135 2.415140 1542894310.057565 -0.037377 0.033211
7431093.518040 -412228.725192 2.415192 1542894310.107536 -0.037378 0.033209
7431093.524455 -412228.734850 2.415236 1542894310.157438 -0.037380 0.033208
7431093.521395 -412228.730828 2.415276 1542894310.207469 -0.037381 0.033206
7431093.508395 -412228.711071 2.415328 1542894310.257335 -0.037383 0.033204
7431093.496586 -412228.693082 2.415389 1542894310.307262 -0.037385 0.033202
7431093.489209 -412228.681743 2.415441 1542894310.357221 -0.037387 0.033200
7431093.484338 -412228.674370 2.415493 1542894310.407085 -0.037388 0.033198
7431093.482376 -412228.671417 2.415537 1542894310.457023 -0.037390 0.033196
7431093.482571 -412228.671584 2.415590 1542894310.506939 -0.037392 0.033194
7431093.485234 -412228.675597 2.415642 1542894310.556826 -0.037393 0.033192
7431093.490441 -412228.683370 2.415695 1542894310.606827 -0.037395 0.033190
7431093.498273 -412228.695089 2.415748 1542894310.656784 -0.037397 0.033188
7431093.507142 -412228.708280 2.415793 1542894310.706728 -0.037398 0.033187
7431093.506799 -412228.709093 2.415840 1542894310.756682 -0.037400 0.033185
7431093.495976 -412228.693922 2.415901 1542894310.806628 -0.037402 0.033183
7431093.487851 -412228.682837 2.415962 1542894310.856596 -0.037404 0.033180
7431093.468963 -412228.654768 2.416026 1542894310.906580 -0.037406 0.033178
7431093.455203 -412228.634289 2.416080 1542894310.956497 -0.037408 0.033176
7431093.443251 -412228.616476 2.416134 1542894311.006471 -0.037410 0.033174
7431093.430914 -412228.598010 2.416199 1542894311.056480 -0.037412 0.033172
7431093.420293 -412228.582222 2.416264 1542894311.106456 -0.037414 0.033169
7431093.409812 -412228.566679 2.416341 1542894311.156391 -0.037417 0.033166
7431093.403567 -412228.557429 2.416395 1542894311.206272 -0.037418 0.033164
7431093.398507 -412228.549905 2.416450 1542894311.256256 -0.037420 0.033162
7431093.392905 -412228.541707 2.416527 1542894311.306243 -0.037423 0.033159
7431093.389294 -412228.536542 2.416593 1542894311.356163 -0.037425 0.033157
7431093.386838 -412228.533094 2.416660 1542894311.406136 -0.037427 0.033154
7431093.385667 -412228.531746 2.416715 1542894311.456089 -0.037429 0.033152
7431093.385348 -412228.531812 2.416782 1542894311.506175 -0.037431 0.033150
7431093.386281 -412228.533893 2.416860 1542894311.556035 -0.037434 0.033147
7431093.388161 -412228.537522 2.416928 1542894311.605958 -0.037436 0.033144
7431093.391275 -412228.542856 2.416995 1542894311.655986 -0.037438 0.033142
7431093.395642 -412228.549897 2.417063 1542894311.705970 -0.037441 0.033139
7431093.401307 -412228.558933 2.417131 1542894311.755895 -0.037443 0.033137
7431093.408392 -412228.570001 2.417199 1542894311.805889 -0.037445 0.033134
7431093.416831 -412228.583356 2.417267 1542894311.855863 -0.037447 0.033132
7431093.426869 -412228.599133 2.417336 1542894311.905780 -0.037450 0.033129
7431093.438567 -412228.617571 2.417405 1542894311.955781 -0.037452 0.033126
7431093.440160 -412228.618768 2.417477 1542894312.005725 -0.037454 0.033124
7431093.443117 -412228.622220 2.417538 1542894312.055688 -0.037456 0.033121
7431093.449543 -412228.630528 2.417623 1542894312.105632 -0.037459 0.033118
7431093.455883 -412228.639124 2.417684 1542894312.155555 -0.037461 0.033116
7431093.464065 -412228.650354 2.417745 1542894312.205442 -0.037463 0.033114
7431093.461970 -412228.647988 2.417822 1542894312.255398 -0.037466 0.033111
7431093.462017 -412228.649100 2.417899 1542894312.305353 -0.037468 0.033108
7431093.464560 -412228.654217 2.417989 1542894312.355309 -0.037471 0.033104
7431093.468988 -412228.662140 2.418067 1542894312.405218 -0.037474 0.033102
7431093.474651 -412228.671703 2.418132 1542894312.455106 -0.037476 0.033099
7431093.472894 -412228.668317 2.418213 1542894312.505057 -0.037479 0.033096
7431093.473712 -412228.668598 2.418308 1542894312.555004 -0.037482 0.033093
7431093.463350 -412228.651673 2.418393 1542894312.604939 -0.037485 0.033089
7431093.455215 -412228.638207 2.418479 1542894312.654874 -0.037487 0.033086
7431093.450180 -412228.629660 2.418550 1542894312.704855 -0.037490 0.033083
7431093.446280 -412228.622488 2.418636 1542894312.754846 -0.037493 0.033080
7431093.444495 -412228.618252 2.418723 1542894312.804706 -0.037496 0.033077
7431093.444713 -412228.616985 2.418809 1542894312.854713 -0.037498 0.033074
7431093.446935 -412228.618605 2.418896 1542894312.904578 -0.037501 0.033070
7431093.451214 -412228.623186 2.418984 1542894312.954523 -0.037504 0.033067
7431093.443688 -412228.611368 2.419074 1542894313.004515 -0.037507 0.033064
7431093.439055 -412228.603829 2.419150 1542894313.054472 -0.037510 0.033061
7431093.434789 -412228.596458 2.419257 1542894313.104321 -0.037513 0.033057
7431093.432723 -412228.592126 2.419364 1542894313.154284 -0.037517 0.033053
7431093.432676 -412228.591194 2.419440 1542894313.204273 -0.037519 0.033050
7431093.434430 -412228.592645 2.419533 1542894313.254215 -0.037522 0.033047
7431093.438036 -412228.596728 2.419625 1542894313.304182 -0.037525 0.033043
7431093.426910 -412228.583112 2.419737 1542894313.354172 -0.037529 0.033039
7431093.419188 -412228.573826 2.419834 1542894313.404000 -0.037532 0.033035
7431093.414154 -412228.567931 2.419915 1542894313.453996 -0.037535 0.033032
7431093.409617 -412228.563102 2.420012 1542894313.503963 -0.037538 0.033029
7431093.406201 -412228.559871 2.420125 1542894313.553931 -0.037542 0.033024
7431093.404808 -412228.559160 2.420223 1542894313.603870 -0.037545 0.033021
7431093.404875 -412228.560486 2.420321 1542894313.653798 -0.037548 0.033017
7431093.406131 -412228.563369 2.420403 1542894313.703700 -0.037551 0.033014
7431093.409051 -412228.568980 2.420502 1542894313.753675 -0.037554 0.033010
7431093.413422 -412228.576849 2.420601 1542894313.803653 -0.037558 0.033006
7431093.419329 -412228.587101 2.420700 1542894313.853609 -0.037561 0.033003
7431093.426906 -412228.599831 2.420800 1542894313.903549 -0.037564 0.032999
7431093.422732 -412228.594351 2.420904 1542894313.953514 -0.037568 0.032995
7431093.420200 -412228.591535 2.421007 1542894314.003520 -0.037571 0.032991
7431093.419488 -412228.591256 2.421094 1542894314.053461 -0.037574 0.032988
7431093.420511 -412228.593776 2.421216 1542894314.103465 -0.037578 0.032983
7431093.423540 -412228.599296 2.421339 1542894314.153432 -0.037582 0.032979
7431093.427131 -412228.605468 2.421426 1542894314.203418 -0.037585 0.032975
7431093.433321 -412228.615544 2.421532 1542894314.253411 -0.037588 0.032972
7431093.427845 -412228.608345 2.421641 1542894314.303345 -0.037592 0.032967
7431093.423655 -412228.603128 2.421769 1542894314.353329 -0.037596 0.032963
7431093.421807 -412228.601317 2.421879 1542894314.403349 -0.037600 0.032958
7431093.421680 -412228.602072 2.421971 1542894314.453286 -0.037603 0.032955
7431093.423269 -412228.605626 2.422082 1542894314.503284 -0.037606 0.032951
7431093.427180 -412228.612915 2.422211 1542894314.553244 -0.037611 0.032946
7431093.432325 -412228.622029 2.422323 1542894314.603236 -0.037614 0.032942
7431093.427444 -412228.614429 2.422438 1542894314.653174 -0.037618 0.032937
7431093.424902 -412228.610485 2.422534 1542894314.703166 -0.037621 0.032934
7431093.423464 -412228.608156 2.422669 1542894314.753168 -0.037626 0.032929
7431093.423950 -412228.608938 2.422786 1542894314.803130 -0.037630 0.032924
7431093.425843 -412228.611935 2.422883 1542894314.853124 -0.037633 0.032921
7431093.429160 -412228.617372 2.422980 1542894314.903069 -0.037636 0.032917
7431093.434057 -412228.625200 2.423078 1542894314.953077 -0.037639 0.032913
7431093.440560 -412228.635591 2.423176 1542894315.003078 -0.037642 0.032910
7431093.447072 -412228.646052 2.423255 1542894315.053064 -0.037645 0.032907
7431093.447497 -412228.645860 2.423377 1542894315.103031 -0.037649 0.032902
7431093.450000 -412228.649029 2.423499 1542894315.152992 -0.037653 0.032898
7431093.453139 -412228.653359 2.423581 1542894315.202961 -0.037656 0.032894
7431093.460123 -412228.663148 2.423704 1542894315.252901 -0.037660 0.032890
7431093.469437 -412228.676445 2.423827 1542894315.302900 -0.037664 0.032885
7431093.483191 -412228.696339 2.423971 1542894315.352779 -0.037669 0.032880
7431093.483813 -412228.698818 2.424099 1542894315.402774 -0.037673 0.032875
7431093.486476 -412228.704350 2.424205 1542894315.452719 -0.037676 0.032871
7431093.481303 -412228.695517 2.424337 1542894315.502696 -0.037681 0.032866
7431093.478332 -412228.689821 2.424491 1542894315.552627 -0.037686 0.032860
7431093.478423 -412228.688847 2.424624 1542894315.602535 -0.037690 0.032855
7431093.468074 -412228.671672 2.424760 1542894315.652536 -0.037695 0.032850
7431093.462842 -412228.662569 2.424852 1542894315.702497 -0.037698 0.032847
7431093.456470 -412228.650724 2.425012 1542894315.752437 -0.037703 0.032841
7431093.453858 -412228.645077 2.425127 1542894315.802431 -0.037707 0.032836
7431093.453032 -412228.641559 2.425265 1542894315.852340 -0.037711 0.032831
7431093.454319 -412228.641192 2.425404 1542894315.902328 -0.037716 0.032826
7431093.442842 -412228.625120 2.425546 1542894315.952263 -0.037720 0.032820
7431093.433458 -412228.612036 2.425689 1542894316.002202 -0.037725 0.032815
7431093.427213 -412228.603414 2.425809 1542894316.052140 -0.037729 0.032810
7431093.420713 -412228.594323 2.425977 1542894316.102155 -0.037734 0.032804
7431093.416330 -412228.588190 2.426145 1542894316.152081 -0.037740 0.032798
7431093.414729 -412228.585766 2.426266 1542894316.202052 -0.037744 0.032793
7431093.414504 -412228.585155 2.426412 1542894316.252037 -0.037749 0.032788
7431093.415945 -412228.586842 2.426558 1542894316.301955 -0.037754 0.032782
7431093.419156 -412228.590881 2.426704 1542894316.351950 -0.037758 0.032777
7431093.424195 -412228.597343 2.426851 1542894316.401917 -0.037763 0.032771
7431093.429849 -412228.604939 2.426974 1542894316.451896 -0.037767 0.032766
7431093.424022 -412228.596910 2.427126 1542894316.501899 -0.037772 0.032761
7431093.419368 -412228.590494 2.427303 1542894316.551860 -0.037778 0.032754
7431093.417181 -412228.587436 2.427455 1542894316.601852 -0.037783 0.032748
7431093.416747 -412228.586845 2.427609 1542894316.651757 -0.037788 0.032742
7431093.417939 -412228.588301 2.427737 1542894316.701713 -0.037792 0.032738
7431093.421593 -412228.593143 2.427916 1542894316.751720 -0.037798 0.032731
7431093.426487 -412228.599774 2.428071 1542894316.801681 -0.037803 0.032725
7431093.431060 -412228.605911 2.428175 1542894316.851633 -0.037806 0.032721
7431093.426148 -412228.600742 2.428307 1542894316.901587 -0.037811 0.032716
7431093.422151 -412228.597152 2.428467 1542894316.951618 -0.037816 0.032710
7431093.419901 -412228.596176 2.428627 1542894317.001544 -0.037821 0.032704
7431093.419578 -412228.597506 2.428761 1542894317.051493 -0.037826 0.032699
7431093.407309 -412228.580917 2.428925 1542894317.101496 -0.037831 0.032693
7431093.394794 -412228.564359 2.429118 1542894317.151457 -0.037837 0.032685
7431093.387100 -412228.554128 2.429256 1542894317.201406 -0.037842 0.032680
7431093.379242 -412228.543711 2.429423 1542894317.251385 -0.037847 0.032674
7431093.373696 -412228.536499 2.429562 1542894317.301319 -0.037852 0.032669
7431093.368216 -412228.529412 2.429730 1542894317.351276 -0.037857 0.032662
7431093.363836 -412228.523929 2.429898 1542894317.401150 -0.037863 0.032656
7431093.361033 -412228.520591 2.430039 1542894317.451086 -0.037867 0.032651
7431093.358653 -412228.518010 2.430208 1542894317.501056 -0.037873 0.032644
7431093.356988 -412228.516464 2.430406 1542894317.550959 -0.037879 0.032637
7431093.356515 -412228.516419 2.430577 1542894317.600872 -0.037885 0.032630
7431093.356981 -412228.517690 2.430748 1542894317.650790 -0.037891 0.032624
7431093.357870 -412228.519460 2.430863 1542894317.700702 -0.037894 0.032619
7431093.360398 -412228.524131 2.431064 1542894317.750694 -0.037901 0.032612
7431093.362981 -412228.528737 2.431208 1542894317.800604 -0.037906 0.032606
7431093.367171 -412228.535595 2.431382 1542894317.850504 -0.037911 0.032600
7431093.372490 -412228.544003 2.431556 1542894317.900507 -0.037917 0.032593
7431093.379038 -412228.554051 2.431731 1542894317.950421 -0.037923 0.032586
7431093.386843 -412228.565956 2.431906 1542894318.000317 -0.037928 0.032580
7431093.394514 -412228.577614 2.432053 1542894318.050227 -0.037933 0.032574
7431093.407070 -412228.596357 2.432260 1542894318.100153 -0.037940 0.032566
7431093.405050 -412228.594371 2.432471 1542894318.150125 -0.037947 0.032558
7431093.404989 -412228.595021 2.432622 1542894318.200045 -0.037952 0.032553
7431093.406538 -412228.598196 2.432805 1542894318.249941 -0.037958 0.032546
7431093.409755 -412228.603822 2.432988 1542894318.299908 -0.037964 0.032539
7431093.415578 -412228.613068 2.433202 1542894318.349856 -0.037971 0.032531
7431093.422417 -412228.623664 2.433387 1542894318.399717 -0.037977 0.032524
7431093.429772 -412228.634850 2.433541 1542894318.449727 -0.037982 0.032518
7431093.427244 -412228.632294 2.433730 1542894318.499638 -0.037988 0.032511
7431093.426537 -412228.632792 2.433951 1542894318.549602 -0.037995 0.032502
7431093.427691 -412228.635669 2.434110 1542894318.599506 -0.038000 0.032496
7431093.431045 -412228.642039 2.434301 1542894318.649455 -0.038006 0.032489
7431093.435556 -412228.649895 2.434461 1542894318.699479 -0.038011 0.032483
7431093.444342 -412228.664683 2.434686 1542894318.749302 -0.038019 0.032474
7431093.440757 -412228.660704 2.434882 1542894318.799270 -0.038025 0.032467
7431093.439339 -412228.660136 2.435080 1542894318.849236 -0.038032 0.032459
7431093.439985 -412228.662521 2.435245 1542894318.899140 -0.038037 0.032453
7431093.443428 -412228.669862 2.435477 1542894318.949065 -0.038044 0.032444
7431093.437427 -412228.660804 2.435680 1542894318.999049 -0.038051 0.032436
7431093.434230 -412228.656053 2.435849 1542894319.049002 -0.038056 0.032430
7431093.432129 -412228.653354 2.436088 1542894319.098937 -0.038064 0.032421
7431093.432435 -412228.654506 2.436327 1542894319.149052 -0.038072 0.032412
7431093.424438 -412228.641685 2.436501 1542894319.198937 -0.038078 0.032405
7431093.416895 -412228.629324 2.436711 1542894319.248811 -0.038084 0.032397
7431093.411338 -412228.619832 2.436921 1542894319.298759 -0.038091 0.032389
7431093.407083 -412228.611945 2.437168 1542894319.348750 -0.038099 0.032380
7431093.405239 -412228.607871 2.437380 1542894319.398670 -0.038106 0.032372
7431093.405160 -412228.606672 2.437558 1542894319.448687 -0.038112 0.032365
7431093.406765 -412228.607863 2.437772 1542894319.498596 -0.038119 0.032357
7431093.410667 -412228.612326 2.438022 1542894319.548580 -0.038127 0.032347
7431093.415817 -412228.618834 2.438237 1542894319.598512 -0.038134 0.032339
7431093.421654 -412228.626503 2.438417 1542894319.648438 -0.038140 0.032332
7431093.430647 -412228.638534 2.438634 1542894319.698379 -0.038147 0.032324
7431093.426928 -412228.634972 2.438892 1542894319.748284 -0.038155 0.032314
7431093.425845 -412228.634914 2.439114 1542894319.798256 -0.038162 0.032306
7431093.426821 -412228.637850 2.439336 1542894319.848143 -0.038169 0.032297
7431093.429910 -412228.643781 2.439560 1542894319.898090 -0.038177 0.032289
7431093.435089 -412228.652814 2.439784 1542894319.948051 -0.038184 0.032280
7431093.442482 -412228.665108 2.440009 1542894319.997948 -0.038191 0.032271
7431093.450621 -412228.678192 2.440197 1542894320.047960 -0.038197 0.032264
7431093.464902 -412228.700683 2.440462 1542894320.097956 -0.038206 0.032254
7431093.482304 -412228.727723 2.440728 1542894320.147877 -0.038214 0.032244
7431093.486033 -412228.733596 2.440921 1542894320.197826 -0.038220 0.032237
7431093.493434 -412228.745066 2.441154 1542894320.247785 -0.038228 0.032228
7431093.503912 -412228.761125 2.441388 1542894320.297709 -0.038236 0.032219
7431093.506303 -412228.763640 2.441666 1542894320.347658 -0.038244 0.032208
7431093.497849 -412228.750855 2.441908 1542894320.397663 -0.038252 0.032199
7431093.493412 -412228.744024 2.442111 1542894320.447650 -0.038259 0.032191
7431093.477100 -412228.720459 2.442358 1542894320.497690 -0.038267 0.032182
7431093.463580 -412228.701053 2.442607 1542894320.547602 -0.038275 0.032172
7431093.452831 -412228.685451 2.442856 1542894320.597563 -0.038283 0.032163
7431093.445925 -412228.675532 2.443065 1542894320.647557 -0.038289 0.032155
7431093.442035 -412228.669948 2.443232 1542894320.697495 -0.038295 0.032148
7431093.438558 -412228.664957 2.443485 1542894320.747437 -0.038303 0.032138
7431093.437397 -412228.663307 2.443738 1542894320.797427 -0.038311 0.032129
7431093.438462 -412228.664994 2.443992 1542894320.847420 -0.038319 0.032119
7431093.441783 -412228.670060 2.444247 1542894320.897384 -0.038327 0.032109
7431093.446494 -412228.677163 2.444460 1542894320.947340 -0.038334 0.032101
7431093.439886 -412228.667303 2.444765 1542894320.997289 -0.038344 0.032089
7431093.437212 -412228.663052 2.444983 1542894321.047241 -0.038351 0.032081
7431093.436404 -412228.661141 2.445245 1542894321.097193 -0.038360 0.032071
7431093.437870 -412228.662556 2.445509 1542894321.147176 -0.038368 0.032061
7431093.441012 -412228.666497 2.445729 1542894321.197178 -0.038375 0.032052
7431093.447166 -412228.674603 2.445995 1542894321.247123 -0.038384 0.032042
7431093.440876 -412228.666193 2.446265 1542894321.297067 -0.038392 0.032032
7431093.436979 -412228.661083 2.446536 1542894321.346960 -0.038401 0.032021
7431093.435353 -412228.659244 2.446809 1542894321.396973 -0.038410 0.032011
7431093.435778 -412228.660214 2.446991 1542894321.446912 -0.038415 0.032004
7431093.438167 -412228.664136 2.447219 1542894321.496934 -0.038423 0.031995
7431093.430249 -412228.650551 2.447545 1542894321.546883 -0.038433 0.031983
7431093.425749 -412228.641997 2.447825 1542894321.596855 -0.038442 0.031972
7431093.423865 -412228.637357 2.448059 1542894321.646867 -0.038450 0.031963
7431093.423808 -412228.635587 2.448247 1542894321.696803 -0.038456 0.031956
7431093.426241 -412228.635664 2.448578 1542894321.746755 -0.038466 0.031943
7431093.430532 -412228.638592 2.448862 1542894321.796707 -0.038475 0.031932
7431093.423956 -412228.625649 2.449151 1542894321.846677 -0.038484 0.031921
7431093.420303 -412228.617065 2.449393 1542894321.896672 -0.038492 0.031912
7431093.418095 -412228.609244 2.449684 1542894321.946591 -0.038501 0.031900
7431093.418108 -412228.603773 2.449977 1542894321.996642 -0.038511 0.031889
7431093.419843 -412228.601255 2.450222 1542894322.046593 -0.038519 0.031880
7431093.424104 -412228.600558 2.450517 1542894322.096542 -0.038528 0.031868
7431093.430631 -412228.602167 2.450813 1542894322.146456 -0.038537 0.031857
7431093.439463 -412228.606230 2.451111 1542894322.196412 -0.038547 0.031845
7431093.449000 -412228.611611 2.451360 1542894322.246405 -0.038555 0.031836
7431093.463205 -412228.620539 2.451660 1542894322.296353 -0.038564 0.031824
7431093.483094 -412228.634168 2.452013 1542894322.346354 -0.038576 0.031811
7431093.503333 -412228.648784 2.452316 1542894322.396271 -0.038585 0.031799
7431093.523335 -412228.663718 2.452569 1542894322.446276 -0.038593 0.031789
7431093.551661 -412228.685339 2.452869 1542894322.496187 -0.038603 0.031778
7431093.532717 -412228.666111 2.452857 1542894322.546232 -0.038603 0.031778
7431093.515740 -412228.648013 2.452840 1542894322.596181 -0.038602 0.031779
7431093.507772 -412228.638630 2.452818 1542894322.646168 -0.038601 0.031780
7431093.501112 -412228.630176 2.452803 1542894322.696089 -0.038601 0.031780
7431093.497796 -412228.625025 2.452798 1542894322.746114 -0.038601 0.031780
7431093.497179 -412228.622224 2.452819 1542894322.796072 -0.038601 0.031780
7431093.497716 -412228.621365 2.452888 1542894322.845983 -0.038603 0.031777
7431093.503679 -412228.624919 2.452990 1542894322.896016 -0.038607 0.031773
7431093.508820 -412228.628530 2.453141 1542894322.946028 -0.038612 0.031767
7431093.523032 -412228.639752 2.453333 1542894322.995915 -0.038618 0.031760
7431093.509562 -412228.640307 2.453726 1542894323.045916 -0.038630 0.031745
7431093.498640 -412228.648161 2.454242 1542894323.095833 -0.038646 0.031725
7431093.492019 -412228.657761 2.454791 1542894323.145918 -0.038664 0.031703
7431093.476478 -412228.653544 2.455416 1542894323.195858 -0.038684 0.031679
7431093.454418 -412228.637173 2.456093 1542894323.245831 -0.038705 0.031653
7431093.433234 -412228.623571 2.456944 1542894323.295771 -0.038732 0.031620
7431093.405637 -412228.596380 2.457870 1542894323.345709 -0.038761 0.031584
7431093.366233 -412228.549736 2.458982 1542894323.395672 -0.038796 0.031541
7431093.337925 -412228.519009 2.460113 1542894323.445619 -0.038832 0.031497
7431093.294111 -412228.460889 2.461510 1542894323.495587 -0.038876 0.031443
7431093.254533 -412228.429146 2.463333 1542894323.545533 -0.038933 0.031372
7431093.215940 -412228.399170 2.465403 1542894323.595494 -0.038998 0.031291
7431093.185051 -412228.375535 2.467371 1542894323.645458 -0.039060 0.031214
7431093.153604 -412228.353797 2.469793 1542894323.695403 -0.039135 0.031120
7431093.125543 -412228.335650 2.472319 1542894323.745371 -0.039214 0.031021
7431093.089591 -412228.306084 2.475148 1542894323.795357 -0.039301 0.030910
7431093.044598 -412228.263366 2.478116 1542894323.845331 -0.039393 0.030793
7431093.003391 -412228.226142 2.481231 1542894323.895233 -0.039489 0.030670
7431092.963123 -412228.190297 2.484694 1542894323.945227 -0.039595 0.030533
7431092.925462 -412228.157690 2.488476 1542894323.995177 -0.039710 0.030383
7431092.885822 -412228.131132 2.492669 1542894324.045129 -0.039837 0.030216
7431092.850487 -412228.111183 2.497386 1542894324.095104 -0.039979 0.030028
7431092.804261 -412228.075105 2.501935 1542894324.145099 -0.040115 0.029846
7431092.744892 -412228.019449 2.506988 1542894324.194941 -0.040265 0.029643
7431092.691642 -412227.973548 2.511961 1542894324.244905 -0.040412 0.029442
7431092.641444 -412227.949846 2.517713 1542894324.294921 -0.040581 0.029209
7431092.581292 -412227.909740 2.523507 1542894324.344815 -0.040749 0.028974
7431092.523028 -412227.873485 2.529602 1542894324.394697 -0.040925 0.028725
7431092.456141 -412227.824847 2.535670 1542894324.444694 -0.041099 0.028476
7431092.381231 -412227.764044 2.542249 1542894324.494632 -0.041285 0.028205
7431092.336123 -412227.736936 2.548799 1542894324.544540 -0.041469 0.027934
7431092.278023 -412227.696176 2.555714 1542894324.594502 -0.041661 0.027647
7431092.212204 -412227.648263 2.562134 1542894324.644377 -0.041838 0.027379
7431092.133634 -412227.587396 2.569036 1542894324.694368 -0.042026 0.027089
7431092.071380 -412227.554947 2.576168 1542894324.744284 -0.042218 0.026789
7431091.994952 -412227.510928 2.583740 1542894324.794298 -0.042420 0.026468
7431091.906792 -412227.456204 2.591308 1542894324.844175 -0.042619 0.026147
7431091.849815 -412227.421314 2.598981 1542894324.894104 -0.042818 0.025819
7431091.781886 -412227.377132 2.607083 1542894324.944073 -0.043026 0.025471
7431091.696128 -412227.317990 2.615653 1542894324.994053 -0.043243 0.025101
7431091.628364 -412227.279105 2.623915 1542894325.043970 -0.043449 0.024743
7431091.544583 -412227.224807 2.633059 1542894325.093997 -0.043673 0.024345
7431091.466531 -412227.176701 2.641774 1542894325.143901 -0.043883 0.023963
7431091.388705 -412227.141982 2.651009 1542894325.193875 -0.044103 0.023557
7431091.286299 -412227.090170 2.660023 1542894325.243776 -0.044313 0.023159
7431091.188149 -412227.041774 2.669129 1542894325.293737 -0.044522 0.022754
7431091.149789 -412227.016006 2.678243 1542894325.343685 -0.044728 0.022347
7431091.066741 -412226.965253 2.687352 1542894325.393689 -0.044930 0.021939
7431090.931629 -412226.901487 2.696362 1542894325.443663 -0.045126 0.021533
7431090.879451 -412226.839526 2.705052 1542894325.493637 -0.045311 0.021140
7431090.752260 -412226.809358 2.713521 1542894325.543640 -0.045488 0.020756
7431090.643110 -412226.770997 2.722442 1542894325.593588 -0.045672 0.020349
7431090.542321 -412226.734271 2.730559 1542894325.643587 -0.045835 0.019978
7431090.436741 -412226.690786 2.738222 1542894325.693545 -0.045987 0.019626
7431090.336175 -412226.651271 2.745621 1542894325.743547 -0.046131 0.019285
7431090.229637 -412226.605525 2.752710 1542894325.793497 -0.046267 0.018958
7431090.129740 -412226.563979 2.759324 1542894325.843456 -0.046391 0.018651
7431090.024483 -412226.518669 2.765612 1542894325.893430 -0.046507 0.018359
7431089.924030 -412226.476313 2.771818 1542894325.943458 -0.046620 0.018070
7431089.805786 -412226.434871 2.777830 1542894325.993412 -0.046728 0.017790
7431089.695125 -412226.396375 2.783159 1542894326.043408 -0.046822 0.017540
7431089.583472 -412226.351873 2.788269 1542894326.093410 -0.046911 0.017301
7431089.477347 -412226.311508 2.792785 1542894326.143404 -0.046989 0.017089
7431089.355196 -412226.269896 2.797209 1542894326.193370 -0.047064 0.016881
7431089.240504 -412226.231302 2.801092 1542894326.243327 -0.047129 0.016698
7431089.121213 -412226.187930 2.804883 1542894326.293327 -0.047192 0.016519
7431089.008602 -412226.148132 2.808357 1542894326.343276 -0.047249 0.016355
7431088.885331 -412226.106583 2.811902 1542894326.393280 -0.047307 0.016188
7431088.768061 -412226.068054 2.815063 1542894326.443281 -0.047358 0.016038
7431088.643517 -412226.022833 2.818114 1542894326.493234 -0.047407 0.015893
7431088.525234 -412225.981435 2.820824 1542894326.543239 -0.047450 0.015765
7431088.401059 -412225.937585 2.823184 1542894326.593202 -0.047487 0.015653
7431088.281228 -412225.897402 2.825095 1542894326.643200 -0.047517 0.015562
7431088.157550 -412225.855394 2.826979 1542894326.693157 -0.047546 0.015472
7431088.033022 -412225.813586 2.828714 1542894326.743157 -0.047573 0.015390
7431087.907991 -412225.771426 2.830709 1542894326.793113 -0.047603 0.015295
7431087.782107 -412225.729778 2.832507 1542894326.843063 -0.047631 0.015209
7431087.655103 -412225.687456 2.834355 1542894326.893030 -0.047659 0.015121
7431087.527341 -412225.645153 2.836157 1542894326.943009 -0.047686 0.015035
7431087.397855 -412225.602377 2.837955 1542894326.992971 -0.047713 0.014950
7431087.268659 -412225.560517 2.839508 1542894327.042924 -0.047736 0.014876
7431087.140465 -412225.518984 2.841173 1542894327.092927 -0.047761 0.014796
7431087.011793 -412225.478012 2.842659 1542894327.142871 -0.047783 0.014725
7431086.882971 -412225.436632 2.844373 1542894327.192846 -0.047808 0.014643
7431086.753069 -412225.395665 2.845886 1542894327.242782 -0.047830 0.014571
7431086.622632 -412225.354661 2.847127 1542894327.292790 -0.047848 0.014511
7431086.492586 -412225.314133 2.848196 1542894327.342747 -0.047863 0.014460
7431086.361415 -412225.271650 2.849835 1542894327.392695 -0.047887 0.014382
7431086.230542 -412225.230453 2.850875 1542894327.442662 -0.047902 0.014332
7431085.884553 -412225.000590 2.851712 1542894327.492635 -0.047914 0.014292
7431085.755505 -412224.961749 2.852197 1542894327.542532 -0.047921 0.014269
7431085.627012 -412224.923044 2.852388 1542894327.592481 -0.047924 0.014259
7431085.498337 -412224.885196 2.851756 1542894327.642444 -0.047915 0.014290
7431085.371708 -412224.848236 2.851022 1542894327.692348 -0.047904 0.014325
7431085.241271 -412224.808847 2.849756 1542894327.742292 -0.047886 0.014386
7431085.111216 -412224.769312 2.848194 1542894327.792138 -0.047863 0.014460
7431084.984776 -412224.732482 2.845844 1542894327.842079 -0.047829 0.014573
7431084.859069 -412224.695835 2.843211 1542894327.892079 -0.047791 0.014699
7431084.730083 -412224.656829 2.840130 1542894327.941991 -0.047745 0.014846
7431084.602098 -412224.617823 2.836862 1542894327.991805 -0.047696 0.015002
7431084.472461 -412224.577294 2.833353 1542894328.041694 -0.047643 0.015169
7431084.342535 -412224.536265 2.829762 1542894328.091651 -0.047589 0.015340
7431084.213229 -412224.494873 2.826064 1542894328.141523 -0.047532 0.015516
7431084.083191 -412224.452806 2.822360 1542894328.191533 -0.047474 0.015692
7431083.953765 -412224.410301 2.818506 1542894328.241380 -0.047413 0.015875
7431083.824440 -412224.367503 2.814705 1542894328.291327 -0.047352 0.016055
7431083.695769 -412224.324175 2.811116 1542894328.341301 -0.047294 0.016225
7431083.567599 -412224.280508 2.807559 1542894328.391247 -0.047236 0.016393
7431083.439732 -412224.236336 2.803966 1542894328.441181 -0.047177 0.016562
7431083.311362 -412224.191666 2.800444 1542894328.491123 -0.047119 0.016728
7431083.182856 -412224.146310 2.796814 1542894328.541057 -0.047058 0.016899
7431083.054169 -412224.100451 2.793180 1542894328.591008 -0.046996 0.017070
7431082.926594 -412224.054295 2.789428 1542894328.640971 -0.046931 0.017247
7431082.799449 -412224.008109 2.785730 1542894328.690919 -0.046867 0.017420
7431082.673188 -412223.961579 2.781779 1542894328.740872 -0.046798 0.017605
7431082.547269 -412223.914720 2.777758 1542894328.790833 -0.046727 0.017793
7431082.421032 -412223.867034 2.773709 1542894328.840752 -0.046655 0.017982
7431082.293955 -412223.818581 2.769699 1542894328.890797 -0.046582 0.018169
7431082.167038 -412223.769407 2.765747 1542894328.940737 -0.046510 0.018353
7431082.039937 -412223.719698 2.762010 1542894328.990658 -0.046441 0.018527
7431081.913704 -412223.669487 2.758444 1542894329.040630 -0.046375 0.018692
7431081.787892 -412223.619114 2.755269 1542894329.090622 -0.046315 0.018839
7431081.663083 -412223.568305 2.752366 1542894329.140534 -0.046260 0.018974
7431081.537942 -412223.517047 2.749977 1542894329.190525 -0.046215 0.019084
7431081.412647 -412223.465148 2.747589 1542894329.240482 -0.046169 0.019194
7431081.286716 -412223.412676 2.745747 1542894329.290539 -0.046134 0.019279
7431081.162158 -412223.358346 2.744569 1542894329.340424 -0.046111 0.019334
7431081.037692 -412223.303939 2.744184 1542894329.390330 -0.046103 0.019352
7431080.912971 -412223.250701 2.744625 1542894329.440286 -0.046112 0.019331
7431080.788247 -412223.197213 2.745702 1542894329.490216 -0.046133 0.019281
7431080.667216 -412223.142421 2.747878 1542894329.540110 -0.046175 0.019181
7431080.546467 -412223.087395 2.750809 1542894329.589997 -0.046231 0.019046
7431080.420699 -412223.034050 2.754471 1542894329.639933 -0.046300 0.018876
7431080.295442 -412222.980187 2.759005 1542894329.689870 -0.046385 0.018666
7431080.169873 -412222.927187 2.764244 1542894329.739787 -0.046482 0.018423
7431080.044274 -412222.874524 2.770237 1542894329.789707 -0.046592 0.018144
7431079.918464 -412222.822816 2.776660 1542894329.839544 -0.046707 0.017844
7431079.791759 -412222.771132 2.783749 1542894329.889510 -0.046833 0.017513
7431079.664375 -412222.720400 2.791371 1542894329.939419 -0.046965 0.017155
7431079.536534 -412222.670065 2.799672 1542894329.989374 -0.047106 0.016765
7431079.408258 -412222.621260 2.808835 1542894330.039276 -0.047257 0.016333
7431079.281039 -412222.572694 2.818834 1542894330.089155 -0.047418 0.015859
7431079.152831 -412222.526490 2.828885 1542894330.139016 -0.047575 0.015382
7431079.024715 -412222.480215 2.839664 1542894330.188992 -0.047738 0.014868
7431078.895573 -412222.435698 2.851611 1542894330.238833 -0.047912 0.014297
7431078.765344 -412222.391628 2.864313 1542894330.288726 -0.048090 0.013687
7431078.633960 -412222.348803 2.877250 1542894330.338612 -0.048263 0.013064
7431078.501546 -412222.308496 2.890571 1542894330.388470 -0.048433 0.012420
7431078.369841 -412222.271444 2.904611 1542894330.438330 -0.048603 0.011738
7431078.239351 -412222.235076 2.919552 1542894330.488279 -0.048772 0.011011
7431078.108730 -412222.203845 2.934613 1542894330.538204 -0.048933 0.010275
7431077.979079 -412222.174526 2.950261 1542894330.588059 -0.049088 0.009508
7431077.845664 -412222.144631 2.966202 1542894330.637949 -0.049233 0.008725
7431077.713750 -412222.113516 2.983317 1542894330.687815 -0.049375 0.007881
7431077.581409 -412222.088873 3.000191 1542894330.737756 -0.049501 0.007047
7431077.449757 -412222.065922 3.017411 1542894330.787583 -0.049615 0.006193
7431077.314738 -412222.043563 3.034372 1542894330.837453 -0.049713 0.005351
7431077.178776 -412222.022227 3.051853 1542894330.887400 -0.049799 0.004481
7431077.041314 -412222.004215 3.069064 1542894330.937254 -0.049869 0.003623
7431076.902383 -412221.987418 3.086752 1542894330.987263 -0.049925 0.002741
7431076.761918 -412221.974661 3.104049 1542894331.037160 -0.049965 0.001877
7431076.620754 -412221.961931 3.122126 1542894331.087168 -0.049991 0.000973
7431076.477983 -412221.954625 3.138339 1542894331.137096 -0.050000 0.000163
7431076.335013 -412221.947417 -3.128436 1542894331.187100 -0.049996 -0.000658
7431076.190970 -412221.944108 -3.110457 1542894331.237113 -0.049976 -0.001557
7431076.047503 -412221.940881 -3.091729 1542894331.287064 -0.049938 -0.002492
7431075.902883 -412221.942918 -3.073823 1542894331.337058 -0.049885 -0.003386
7431075.758457 -412221.945075 -3.055131 1542894331.387057 -0.049813 -0.004318
7431075.612530 -412221.953115 -3.038616 1542894331.437063 -0.049735 -0.005140
7431075.466494 -412221.961317 -3.021901 1542894331.487093 -0.049642 -0.005970
7431075.319803 -412221.973581 -3.003642 1542894331.537076 -0.049525 -0.006876
7431075.173081 -412221.987507 -2.985029 1542894331.587113 -0.049388 -0.007796
7431075.026645 -412222.005616 -2.967170 1542894331.637060 -0.049241 -0.008677
7431074.878650 -412222.025279 -2.948879 1542894331.687053 -0.049074 -0.009576
7431074.738331 -412222.073739 -2.930365 1542894331.737087 -0.048889 -0.010483
7431074.599992 -412222.110977 -2.911918 1542894331.787055 -0.048687 -0.011383
7431074.455882 -412222.146233 -2.893961 1542894331.837041 -0.048475 -0.012255
7431074.315491 -412222.199224 -2.875651 1542894331.887030 -0.048242 -0.013141
7431074.171221 -412222.243246 -2.857980 1542894331.936984 -0.048003 -0.013991
7431074.030749 -412222.294379 -2.840240 1542894331.987043 -0.047747 -0.014841
7431073.880941 -412222.335531 -2.823461 1542894332.037050 -0.047491 -0.015640
7431073.731662 -412222.379649 -2.806665 1542894332.087023 -0.047222 -0.016435
7431073.582644 -412222.426928 -2.790462 1542894332.137029 -0.046949 -0.017198
7431073.438146 -412222.480965 -2.774404 1542894332.187039 -0.046667 -0.017950
7431073.292230 -412222.537167 -2.758969 1542894332.237017 -0.046384 -0.018668
7431073.142139 -412222.591755 -2.743927 1542894332.287043 -0.046098 -0.019363
7431072.992199 -412222.649031 -2.729335 1542894332.337102 -0.045811 -0.020034
7431072.841998 -412222.709062 -2.715106 1542894332.387093 -0.045521 -0.020684
7431072.691892 -412222.771860 -2.701671 1542894332.437099 -0.045239 -0.021293
7431072.557761 -412222.858247 -2.687885 1542894332.487149 -0.044941 -0.021915
7431072.415511 -412222.934500 -2.675335 1542894332.537157 -0.044663 -0.022477
7431072.266425 -412223.005577 -2.663484 1542894332.587182 -0.044393 -0.023005
7431072.117964 -412223.078922 -2.652943 1542894332.637217 -0.044148 -0.023472
7431071.968598 -412223.153843 -2.642629 1542894332.687217 -0.043904 -0.023926
7431071.821174 -412223.232554 -2.632971 1542894332.737227 -0.043671 -0.024349
7431071.672938 -412223.312360 -2.623526 1542894332.787275 -0.043439 -0.024760
7431071.524998 -412223.394175 -2.614629 1542894332.837379 -0.043217 -0.025146
7431071.380700 -412223.481361 -2.606062 1542894332.887373 -0.043000 -0.025515
7431071.241037 -412223.573443 -2.597969 1542894332.937427 -0.042792 -0.025862
7431071.092492 -412223.659452 -2.590570 1542894332.987448 -0.042599 -0.026178
7431070.944258 -412223.748232 -2.584064 1542894333.037525 -0.042428 -0.026455
7431070.796335 -412223.838334 -2.578025 1542894333.087483 -0.042268 -0.026710
7431070.647530 -412223.930102 -2.572627 1542894333.137605 -0.042123 -0.026938
7431070.498999 -412224.023011 -2.567304 1542894333.187570 -0.041979 -0.027162
7431070.356592 -412224.121145 -2.562197 1542894333.237570 -0.041840 -0.027376
7431070.207591 -412224.215925 -2.557261 1542894333.287570 -0.041704 -0.027582
7431070.065658 -412224.312286 -2.552294 1542894333.337498 -0.041567 -0.027789
7431069.916608 -412224.409382 -2.547358 1542894333.387525 -0.041429 -0.027994
7431069.767636 -412224.507776 -2.542337 1542894333.437485 -0.041288 -0.028201
7431069.618469 -412224.606492 -2.536999 1542894333.487437 -0.041137 -0.028421
7431069.469977 -412224.705824 -2.531415 1542894333.537314 -0.040977 -0.028651
7431069.322153 -412224.807131 -2.525502 1542894333.587272 -0.040807 -0.028892
7431069.174175 -412224.908452 -2.519348 1542894333.637204 -0.040629 -0.029143
7431069.035869 -412225.017983 -2.512484 1542894333.687114 -0.040428 -0.029421
7431068.889410 -412225.121304 -2.505242 1542894333.736960 -0.040213 -0.029713
7431068.750441 -412225.226706 -2.497251 1542894333.786876 -0.039975 -0.030034
7431068.604860 -412225.331753 -2.488934 1542894333.836792 -0.039724 -0.030365
7431068.460038 -412225.437826 -2.479917 1542894333.886630 -0.039448 -0.030722
7431068.316688 -412225.545536 -2.470587 1542894333.936570 -0.039160 -0.031089
7431068.181147 -412225.658354 -2.460658 1542894333.986497 -0.038849 -0.031476
7431068.040252 -412225.767419 -2.450529 1542894334.036381 -0.038528 -0.031868
7431067.910907 -412225.880217 -2.439586 1542894334.086286 -0.038177 -0.032288
7431067.773460 -412225.990828 -2.428188 1542894334.136195 -0.037807 -0.032721
7431067.645524 -412226.109047 -2.415951 1542894334.186151 -0.037404 -0.033181
7431067.511750 -412226.221484 -2.403155 1542894334.236018 -0.036976 -0.033657
7431067.380993 -412226.335691 -2.389473 1542894334.285892 -0.036512 -0.034159
7431067.253494 -412226.452450 -2.375203 1542894334.335816 -0.036021 -0.034677
7431067.125381 -412226.568566 -2.360581 1542894334.385700 -0.035510 -0.035200
7431066.999484 -412226.685950 -2.345741 1542894334.435618 -0.034984 -0.035723
7431066.902672 -412226.816061 -2.330164 1542894334.485556 -0.034423 -0.036264
7431066.781550 -412226.935829 -2.314975 1542894334.535481 -0.033868 -0.036782
7431066.663011 -412227.056787 -2.300166 1542894334.585450 -0.033320 -0.037280
7431066.563670 -412227.188365 -2.284577 1542894334.635321 -0.032735 -0.037795
7431066.458846 -412227.315228 -2.268604 1542894334.685284 -0.032127 -0.038313
7431066.348710 -412227.438637 -2.251892 1542894334.735183 -0.031482 -0.038844
7431066.240894 -412227.563340 -2.234388 1542894334.785114 -0.030798 -0.039389
7431066.135032 -412227.688471 -2.215868 1542894334.835013 -0.030063 -0.039953
7431066.032516 -412227.815157 -2.196320 1542894334.884918 -0.029276 -0.040533
7431065.933640 -412227.943677 -2.175967 1542894334.934832 -0.028445 -0.041120
7431065.836026 -412228.072302 -2.154986 1542894334.984748 -0.027576 -0.041708
7431065.743182 -412228.202911 -2.134098 1542894335.034636 -0.026699 -0.042275
7431065.671223 -412228.347380 -2.112795 1542894335.084515 -0.025792 -0.042834
7431065.600918 -412228.493042 -2.091361 1542894335.134468 -0.024868 -0.043377
7431065.516449 -412228.625857 -2.069910 1542894335.184414 -0.023932 -0.043900
7431065.453142 -412228.765519 -2.048302 1542894335.234358 -0.022978 -0.044407
7431065.391022 -412228.891868 -2.026080 1542894335.284285 -0.021986 -0.044907
7431065.316301 -412229.027185 -2.003807 1542894335.334200 -0.020980 -0.045385
7431065.245323 -412229.163566 -1.980670 1542894335.384133 -0.019925 -0.045859
7431065.180219 -412229.302878 -1.957541 1542894335.434008 -0.018859 -0.046307
7431065.123860 -412229.446709 -1.933594 1542894335.484000 -0.017745 -0.046745
7431065.063923 -412229.587169 -1.909588 1542894335.533945 -0.016617 -0.047158
7431065.017849 -412229.735140 -1.885332 1542894335.583800 -0.015469 -0.047547
7431064.982698 -412229.889459 -1.860800 1542894335.633855 -0.014298 -0.047912
7431064.947820 -412230.032196 -1.835926 1542894335.683764 -0.013102 -0.048253
7431064.917589 -412230.177455 -1.810900 1542894335.733732 -0.011890 -0.048566
7431064.874489 -412230.321569 -1.785604 1542894335.783636 -0.010658 -0.048851
7431064.835525 -412230.466648 -1.760622 1542894335.833534 -0.009434 -0.049102
7431064.811673 -412230.619139 -1.734469 1542894335.883566 -0.008147 -0.049332
7431064.812770 -412230.766148 -1.707846 1542894335.933375 -0.006831 -0.049531
7431064.783578 -412230.914138 -1.680909 1542894335.983383 -0.005495 -0.049697
7431064.781462 -412231.069860 -1.653904 1542894336.033267 -0.004151 -0.049827
7431064.786699 -412231.214401 -1.627225 1542894336.083181 -0.002820 -0.049920
7431064.775545 -412231.368285 -1.600245 1542894336.133131 -0.001472 -0.049978
7431064.762909 -412231.518703 -1.573144 1542894336.183085 -0.000117 -0.050000
7431064.778923 -412231.676028 -1.546261 1542894336.233046 0.001227 -0.049985
7431064.775213 -412231.829167 -1.519465 1542894336.283023 0.002565 -0.049934
7431064.797310 -412231.991285 -1.492863 1542894336.332922 0.003893 -0.049848
7431064.822593 -412232.146350 -1.465426 1542894336.382905 0.005259 -0.049723
7431064.835669 -412232.302852 -1.438779 1542894336.432854 0.006582 -0.049565
7431064.871235 -412232.465198 -1.411720 1542894336.482777 0.007920 -0.049369
7431064.888248 -412232.620672 -1.385076 1542894336.532788 0.009233 -0.049140
7431064.938065 -412232.771874 -1.358974 1542894336.582764 0.010512 -0.048882
7431064.963574 -412232.927860 -1.333669 1542894336.632737 0.011746 -0.048601
7431065.014696 -412233.090176 -1.308252 1542894336.682718 0.012977 -0.048287
7431065.071837 -412233.240592 -1.283723 1542894336.732729 0.014157 -0.047954
7431065.125780 -412233.407244 -1.259665 1542894336.782744 0.015307 -0.047599
7431065.186305 -412233.567272 -1.237438 1542894336.832733 0.016361 -0.047247
7431065.249051 -412233.726524 -1.215084 1542894336.882755 0.017413 -0.046870
7431065.310142 -412233.885023 -1.193786 1542894336.932774 0.018407 -0.046488
7431065.380662 -412234.046483 -1.173108 1542894336.982805 0.019364 -0.046098
7431065.453892 -412234.213405 -1.153638 1542894337.032878 0.020258 -0.045712
7431065.518830 -412234.372442 -1.134702 1542894337.082872 0.021120 -0.045320
7431065.608895 -412234.531408 -1.116381 1542894337.132915 0.021947 -0.044926
7431065.694498 -412234.688807 -1.098418 1542894337.182929 0.022750 -0.044524
7431065.770285 -412234.849223 -1.081627 1542894337.232958 0.023495 -0.044136
7431065.861208 -412235.012874 -1.064935 1542894337.282975 0.024228 -0.043738
7431065.946468 -412235.174329 -1.049078 1542894337.333049 0.024919 -0.043348
7431066.033715 -412235.336291 -1.033662 1542894337.383099 0.025584 -0.042959
7431066.124480 -412235.497905 -1.019086 1542894337.433110 0.026207 -0.042581
7431066.232605 -412235.658979 -1.004639 1542894337.483190 0.026820 -0.042198
7431066.340243 -412235.822500 -0.991052 1542894337.533231 0.027391 -0.041830
7431066.441044 -412235.984360 -0.978211 1542894337.583281 0.027925 -0.041475
7431066.545350 -412236.146781 -0.965868 1542894337.633330 0.028435 -0.041127
7431066.652552 -412236.309067 -0.953690 1542894337.683328 0.028934 -0.040778
7431066.762958 -412236.471401 -0.942082 1542894337.733390 0.029405 -0.040439
7431066.876783 -412236.634558 -0.930803 1542894337.783421 0.029860 -0.040105
7431066.994346 -412236.798451 -0.920606 1542894337.833514 0.030267 -0.039798
7431067.114521 -412236.962486 -0.910328 1542894337.883518 0.030674 -0.039485
7431067.238158 -412237.127487 -0.900770 1542894337.933592 0.031050 -0.039190
7431067.374164 -412237.292191 -0.891581 1542894337.983608 0.031409 -0.038903
7431067.509264 -412237.452306 -0.883471 1542894338.033623 0.031724 -0.038647
7431067.640638 -412237.617257 -0.875870 1542894338.083631 0.032016 -0.038405
7431067.774898 -412237.783036 -0.869129 1542894338.133708 0.032275 -0.038188
7431067.911045 -412237.948730 -0.862835 1542894338.183701 0.032514 -0.037984
7431068.049950 -412238.114614 -0.858560 1542894338.233696 0.032676 -0.037845
7431068.190226 -412238.280804 -0.853532 1542894338.283704 0.032866 -0.037680
7431068.345633 -412238.441519 -0.850460 1542894338.333705 0.032982 -0.037579
7431068.491096 -412238.605086 -0.847813 1542894338.383708 0.033081 -0.037492
7431068.637556 -412238.773176 -0.846600 1542894338.433688 0.033127 -0.037452
7431068.788475 -412238.941806 -0.845493 1542894338.483721 0.033168 -0.037415
7431068.937282 -412239.111730 -0.845434 1542894338.533636 0.033170 -0.037413
7431069.087373 -412239.282985 -0.845574 1542894338.583621 0.033165 -0.037418
7431069.238513 -412239.455713 -0.845762 1542894338.633617 0.033158 -0.037424
7431069.390736 -412239.629606 -0.845821 1542894338.683588 0.033156 -0.037426
7431069.544739 -412239.804956 -0.845785 1542894338.733531 0.033157 -0.037425
7431069.698707 -412239.980711 -0.846027 1542894338.783461 0.033148 -0.037433
7431069.853624 -412240.157490 -0.846537 1542894338.833440 0.033129 -0.037450
7431070.008960 -412240.335074 -0.846790 1542894338.883344 0.033120 -0.037458
7431070.165330 -412240.513888 -0.847125 1542894338.933300 0.033107 -0.037469
7431070.322698 -412240.694005 -0.847395 1542894338.983228 0.033097 -0.037478
7431070.480889 -412240.875091 -0.847781 1542894339.033118 0.033082 -0.037491
7431070.640249 -412241.057732 -0.848018 1542894339.083010 0.033074 -0.037499
7431070.800684 -412241.241703 -0.848221 1542894339.132930 0.033066 -0.037505
7431070.962208 -412241.427038 -0.848358 1542894339.182835 0.033061 -0.037510
7431071.124458 -412241.613167 -0.848659 1542894339.232670 0.033050 -0.037520
7431071.288019 -412241.801003 -0.848809 1542894339.282605 0.033044 -0.037525
7431071.452296 -412241.989644 -0.849086 1542894339.332513 0.033033 -0.037534
7431071.617526 -412242.179626 -0.849070 1542894339.382464 0.033034 -0.037533
7431071.783301 -412242.370186 -0.849086 1542894339.432335 0.033033 -0.037534
7431071.950569 -412242.562598 -0.848822 1542894339.482277 0.033043 -0.037525
7431072.118616 -412242.755792 -0.848548 1542894339.532126 0.033054 -0.037516
7431072.287510 -412242.950518 -0.847129 1542894339.582049 0.033107 -0.037469
7431072.457666 -412243.145533 -0.846710 1542894339.631910 0.033123 -0.037455
7431072.628745 -412243.341446 -0.846271 1542894339.681782 0.033139 -0.037441
7431072.800507 -412243.538017 -0.845738 1542894339.731698 0.033159 -0.037423
7431072.973332 -412243.735495 -0.845378 1542894339.781618 0.033172 -0.037411
7431073.147059 -412243.933816 -0.845089 1542894339.831453 0.033183 -0.037401
7431073.322414 -412244.133982 -0.844601 1542894339.881478 0.033201 -0.037385
7431073.498428 -412244.334686 -0.844114 1542894339.931394 0.033220 -0.037369
7431073.675867 -412244.536844 -0.843546 1542894339.981326 0.033241 -0.037350
7431073.854193 -412244.739807 -0.842892 1542894340.031283 0.033265 -0.037329
7431074.035432 -412244.945246 -0.841783 1542894340.081137 0.033307 -0.037292
7431074.215774 -412245.149810 -0.841014 1542894340.131124 0.033335 -0.037266
7431074.396833 -412245.354869 -0.840236 1542894340.181095 0.033364 -0.037240
7431074.578857 -412245.560697 -0.839459 1542894340.231051 0.033393 -0.037214
7431074.761797 -412245.767277 -0.838602 1542894340.280988 0.033425 -0.037185
7431074.946186 -412245.975055 -0.837869 1542894340.330981 0.033452 -0.037161
7431075.131806 -412246.183986 -0.836974 1542894340.381001 0.033486 -0.037131
7431075.318070 -412246.393301 -0.835970 1542894340.430899 0.033523 -0.037097
7431075.505920 -412246.604066 -0.834724 1542894340.480863 0.033569 -0.037056
7431075.695061 -412246.815713 -0.833470 1542894340.530857 0.033616 -0.037013
7431075.885681 -412247.028510 -0.832087 1542894340.580874 0.033667 -0.036967
7431076.076896 -412247.241486 -0.830480 1542894340.630776 0.033726 -0.036913
7431076.269620 -412247.455442 -0.828872 1542894340.680771 0.033785 -0.036858
7431076.462872 -412247.669224 -0.827413 1542894340.730712 0.033839 -0.036809
7431076.657414 -412247.883726 -0.826111 1542894340.780756 0.033887 -0.036765
7431076.852168 -412248.097922 -0.824807 1542894340.830676 0.033935 -0.036721
7431077.047987 -412248.312756 -0.823460 1542894340.880614 0.033984 -0.036675
7431077.244683 -412248.527926 -0.822186 1542894340.930559 0.034031 -0.036632
7431077.442526 -412248.743732 -0.821042 1542894340.980580 0.034073 -0.036593
7431077.640820 -412248.959581 -0.819849 1542894341.030566 0.034117 -0.036552
7431077.839583 -412249.175323 -0.818875 1542894341.080559 0.034152 -0.036519
7431078.038654 -412249.391024 -0.817812 1542894341.130527 0.034191 -0.036483
7431078.238483 -412249.607083 -0.816747 1542894341.180506 0.034230 -0.036446
7431078.438927 -412249.823386 -0.815603 1542894341.230526 0.034271 -0.036407
7431078.639838 -412250.039648 -0.814552 1542894341.280481 0.034310 -0.036371
7431078.841684 -412250.256403 -0.813609 1542894341.330496 0.034344 -0.036339
7431079.043479 -412250.472736 -0.812596 1542894341.380471 0.034381 -0.036304
7431079.245393 -412250.688856 -0.811414 1542894341.430405 0.034424 -0.036263
7431079.448314 -412250.905357 -0.810597 1542894341.480412 0.034453 -0.036235
7431079.651309 -412251.121604 -0.809769 1542894341.530398 0.034483 -0.036206
7431079.854571 -412251.337697 -0.809130 1542894341.580328 0.034506 -0.036184
7431080.058016 -412251.553764 -0.808431 1542894341.630244 0.034532 -0.036160
7431080.261369 -412251.769439 -0.807747 1542894341.680131 0.034556 -0.036137
7431080.464846 -412251.984842 -0.807308 1542894341.730080 0.034572 -0.036121
7431080.667978 -412252.199670 -0.806947 1542894341.780031 0.034585 -0.036109
7431080.870639 -412252.413841 -0.806599 1542894341.829952 0.034598 -0.036097
7431081.072506 -412252.627292 -0.805323 1542894341.879943 0.034644 -0.036053
7431081.275202 -412252.840810 -0.804963 1542894341.929909 0.034657 -0.036040
7431081.477967 -412253.054258 -0.804568 1542894341.979839 0.034671 -0.036027
7431081.681336 -412253.268225 -0.804064 1542894342.029843 0.034689 -0.036009
7431081.884861 -412253.482057 -0.803701 1542894342.079823 0.034702 -0.035996
7431082.088296 -412253.695743 -0.803136 1542894342.129715 0.034723 -0.035977
7431082.292434 -412253.909870 -0.802679 1542894342.179736 0.034739 -0.035961
7431082.496300 -412254.123558 -0.802143 1542894342.229684 0.034758 -0.035942
7431082.700446 -412254.337280 -0.801654 1542894342.279654 0.034776 -0.035925
7431082.903205 -412254.550194 -0.800586 1542894342.329631 0.034814 -0.035888
7431083.107545 -412254.763475 -0.800027 1542894342.379611 0.034834 -0.035869
7431083.311573 -412254.976245 -0.799358 1542894342.429549 0.034858 -0.035845
7431083.515789 -412255.188896 -0.798728 1542894342.479551 0.034881 -0.035823
7431083.719579 -412255.400855 -0.798044 1542894342.529496 0.034905 -0.035800
7431083.923359 -412255.612471 -0.797428 1542894342.579454 0.034927 -0.035778
7431084.126966 -412255.823737 -0.796644 1542894342.629410 0.034956 -0.035751
7431084.330737 -412256.034800 -0.795936 1542894342.679411 0.034981 -0.035726
7431084.534149 -412256.245190 -0.795235 1542894342.729365 0.035006 -0.035701
7431084.737121 -412256.454828 -0.794550 1542894342.779260 0.035030 -0.035677
7431084.940675 -412256.664779 -0.793866 1542894342.829330 0.035055 -0.035653
7431085.143337 -412256.873526 -0.793181 1542894342.879281 0.035079 -0.035629
7431085.345570 -412257.081547 -0.792493 1542894342.929240 0.035104 -0.035605
7431085.546783 -412257.288234 -0.791812 1542894342.979153 0.035128 -0.035581
7431085.746958 -412257.493600 -0.791102 1542894343.029036 0.035153 -0.035556
7431085.946732 -412257.698133 -0.790683 1542894343.079052 0.035168 -0.035542
7431086.145412 -412257.901382 -0.790313 1542894343.129001 0.035181 -0.035529
7431086.343135 -412258.103465 -0.790065 1542894343.178911 0.035190 -0.035520
7431086.540113 -412258.304684 -0.789877 1542894343.228847 0.035197 -0.035513
7431086.736082 -412258.504814 -0.789680 1542894343.278814 0.035204 -0.035506
7431086.930789 -412258.703428 -0.789807 1542894343.328718 0.035199 -0.035511
7431087.123985 -412258.900596 -0.789854 1542894343.378678 0.035197 -0.035513
7431087.315628 -412259.096270 -0.789762 1542894343.428635 0.035201 -0.035509
7431087.505454 -412259.289995 -0.789770 1542894343.478514 0.035200 -0.035510
7431087.693915 -412259.482343 -0.789741 1542894343.528434 0.035201 -0.035509
7431087.880969 -412259.673210 -0.789765 1542894343.578452 0.035201 -0.035509
7431088.066110 -412259.862234 -0.789583 1542894343.628402 0.035207 -0.035503
7431088.249166 -412260.049030 -0.789457 1542894343.678322 0.035212 -0.035499
7431088.431084 -412260.234633 -0.789285 1542894343.728320 0.035218 -0.035492
7431088.611575 -412260.418740 -0.789048 1542894343.778314 0.035226 -0.035484
7431088.790872 -412260.601559 -0.788768 1542894343.828269 0.035236 -0.035474
7431088.968911 -412260.783016 -0.788424 1542894343.878234 0.035248 -0.035462
7431089.120860 -412260.944547 -0.787459 1542894343.928176 0.035282 -0.035428
7431089.291044 -412261.118518 -0.786970 1542894343.978197 0.035300 -0.035411
7431089.449879 -412261.277715 -0.786159 1542894344.028128 0.035328 -0.035382
7431089.606313 -412261.434258 -0.785364 1542894344.078129 0.035357 -0.035354
7431089.774329 -412261.604338 -0.784897 1542894344.128086 0.035373 -0.035338
7431089.931885 -412261.766206 -0.784300 1542894344.178040 0.035394 -0.035316
7431090.095336 -412261.931601 -0.783648 1542894344.227920 0.035417 -0.035293
7431090.257450 -412262.095317 -0.783103 1542894344.277890 0.035436 -0.035274
7431090.395448 -412262.234608 -0.782110 1542894344.327826 0.035471 -0.035239
7431090.557346 -412262.397472 -0.781721 1542894344.377738 0.035485 -0.035225
7431090.704697 -412262.544638 -0.780782 1542894344.427673 0.035518 -0.035192
7431090.862837 -412262.703596 -0.780159 1542894344.477571 0.035540 -0.035170
7431091.019221 -412262.860174 -0.779626 1542894344.527509 0.035559 -0.035151
7431091.162599 -412263.001986 -0.778867 1542894344.577446 0.035585 -0.035124
7431091.304667 -412263.139773 -0.777742 1542894344.627377 0.035625 -0.035084
7431091.450018 -412263.284960 -0.776864 1542894344.677352 0.035656 -0.035052
7431091.591270 -412263.424311 -0.775790 1542894344.727309 0.035693 -0.035014
7431091.734197 -412263.571057 -0.774675 1542894344.777257 0.035732 -0.034974
7431091.871310 -412263.706800 -0.773368 1542894344.827231 0.035778 -0.034927
7431092.018213 -412263.852305 -0.772247 1542894344.877174 0.035817 -0.034887
7431092.161016 -412263.993082 -0.770852 1542894344.927124 0.035866 -0.034837
7431092.305426 -412264.135467 -0.769555 1542894344.977075 0.035911 -0.034791
7431092.440732 -412264.267653 -0.767919 1542894345.027114 0.035968 -0.034732
7431092.578156 -412264.396917 -0.766531 1542894345.077049 0.036016 -0.034682
7431092.713715 -412264.524577 -0.765009 1542894345.127017 0.036069 -0.034627
7431092.854743 -412264.662046 -0.763654 1542894345.176991 0.036116 -0.034578
7431092.994415 -412264.797781 -0.762397 1542894345.226948 0.036159 -0.034533
7431093.133114 -412264.932262 -0.761093 1542894345.276943 0.036204 -0.034486
7431093.269222 -412265.063037 -0.759826 1542894345.326894 0.036248 -0.034440
7431093.399329 -412265.182555 -0.758219 1542894345.376868 0.036303 -0.034381
7431093.528239 -412265.305658 -0.756598 1542894345.426799 0.036359 -0.034323
7431093.656604 -412265.426290 -0.754991 1542894345.476804 0.036414 -0.034264
7431093.783696 -412265.547650 -0.753391 1542894345.526758 0.036469 -0.034206
7431093.909846 -412265.672954 -0.751834 1542894345.576762 0.036522 -0.034149
7431094.043758 -412265.800249 -0.750216 1542894345.626714 0.036577 -0.034090
7431094.168020 -412265.918079 -0.748404 1542894345.676657 0.036639 -0.034023
7431094.293240 -412266.036014 -0.746545 1542894345.726550 0.036702 -0.033955
7431094.425782 -412266.160722 -0.744797 1542894345.776538 0.036761 -0.033891
7431094.557929 -412266.284598 -0.743055 1542894345.826454 0.036820 -0.033827
7431094.682222 -412266.399227 -0.740941 1542894345.876392 0.036892 -0.033749
7431094.812648 -412266.520718 -0.738864 1542894345.926268 0.036962 -0.033672
7431094.942111 -412266.640241 -0.736623 1542894345.976223 0.037037 -0.033590
7431095.071482 -412266.759857 -0.734189 1542894346.026203 0.037119 -0.033499
7431095.191671 -412266.865119 -0.731500 1542894346.076117 0.037209 -0.033399
7431095.320255 -412266.982852 -0.728912 1542894346.126098 0.037295 -0.033303
7431095.442489 -412267.089101 -0.725853 1542894346.176028 0.037397 -0.033189
7431095.570155 -412267.204887 -0.722816 1542894346.225958 0.037497 -0.033075
7431095.687900 -412267.309638 -0.719415 1542894346.275875 0.037610 -0.032947
7431095.813293 -412267.422489 -0.716247 1542894346.325781 0.037714 -0.032828
7431095.930117 -412267.526317 -0.712595 1542894346.375741 0.037833 -0.032690
7431096.047044 -412267.633071 -0.708756 1542894346.425680 0.037959 -0.032545
7431096.166836 -412267.741930 -0.704845 1542894346.475665 0.038086 -0.032396
7431096.289969 -412267.851389 -0.700747 1542894346.525589 0.038218 -0.032239
7431096.413038 -412267.957662 -0.696498 1542894346.575517 0.038355 -0.032077
7431096.533019 -412268.058550 -0.691810 1542894346.625491 0.038505 -0.031897
7431096.653602 -412268.161414 -0.686762 1542894346.675427 0.038665 -0.031702
7431096.772498 -412268.259967 -0.681253 1542894346.725346 0.038839 -0.031488
7431096.896880 -412268.363924 -0.675360 1542894346.775290 0.039024 -0.031259
7431097.021767 -412268.466948 -0.668886 1542894346.825196 0.039226 -0.031006
7431097.146879 -412268.568961 -0.661498 1542894346.875102 0.039454 -0.030715
7431097.272625 -412268.668642 -0.653481 1542894346.924987 0.039699 -0.030398
7431097.395600 -412268.761848 -0.644709 1542894346.974922 0.039964 -0.030048
7431097.523045 -412268.862075 -0.635598 1542894347.024835 0.040236 -0.029683
7431097.649594 -412268.953536 -0.625777 1542894347.074686 0.040525 -0.029286
7431097.778562 -412269.051443 -0.615598 1542894347.124598 0.040821 -0.028872
7431097.906909 -412269.144324 -0.604745 1542894347.174503 0.041132 -0.028428
7431098.037268 -412269.233733 -0.593478 1542894347.224414 0.041450 -0.027962
7431098.167623 -412269.326666 -0.581356 1542894347.274366 0.041786 -0.027458
7431098.298528 -412269.417327 -0.568673 1542894347.324254 0.042131 -0.026926
7431098.428870 -412269.499732 -0.554796 1542894347.374088 0.042500 -0.026338
7431098.561649 -412269.587983 -0.540320 1542894347.424003 0.042877 -0.025721
7431098.696243 -412269.664105 -0.525000 1542894347.473950 0.043266 -0.025061
7431098.831213 -412269.748468 -0.509560 1542894347.523977 0.043648 -0.024390
7431098.967067 -412269.823745 -0.493866 1542894347.573735 0.044025 -0.023702
7431099.103896 -412269.895688 -0.477670 1542894347.623682 0.044403 -0.022986
7431099.240942 -412269.973032 -0.461028 1542894347.673608 0.044780 -0.022243
7431099.379475 -412270.044840 -0.443968 1542894347.723547 0.045153 -0.021476
7431099.519596 -412270.115626 -0.426344 1542894347.773499 0.045524 -0.020677
7431099.664392 -412270.167286 -0.408095 1542894347.823377 0.045894 -0.019843
7431099.812277 -412270.228565 -0.389081 1542894347.873318 0.046263 -0.018967
7431099.958358 -412270.281333 -0.369728 1542894347.923192 0.046621 -0.018068
7431100.110622 -412270.334637 -0.350137 1542894347.973130 0.046966 -0.017151
7431100.256201 -412270.394749 -0.330676 1542894348.023021 0.047291 -0.016234
7431100.410011 -412270.435884 -0.310641 1542894348.072959 0.047607 -0.015283
7431100.559126 -412270.489427 -0.290983 1542894348.122864 0.047898 -0.014345
7431100.709799 -412270.541484 -0.271064 1542894348.172858 0.048174 -0.013388
7431100.873987 -412270.572359 -0.251025 1542894348.222827 0.048433 -0.012420
7431101.035608 -412270.609008 -0.230675 1542894348.272674 0.048676 -0.011432
7431101.195647 -412270.646421 -0.209982 1542894348.322711 0.048902 -0.010422
7431101.359617 -412270.681234 -0.189132 1542894348.372630 0.049108 -0.009400
7431101.520079 -412270.719034 -0.168080 1542894348.422573 0.049295 -0.008364
7431101.695986 -412270.740528 -0.146833 1542894348.472503 0.049462 -0.007315
7431101.870188 -412270.758637 -0.125816 1542894348.522464 0.049605 -0.006274
7431102.041096 -412270.772212 -0.104349 1542894348.572400 0.049728 -0.005208
7431102.220246 -412270.778809 -0.082766 1542894348.622414 0.049829 -0.004134
7431102.390094 -412270.799104 -0.060963 1542894348.672320 0.049907 -0.003046
7431102.573957 -412270.795855 -0.039288 1542894348.722307 0.049961 -0.001964
7431102.746478 -412270.809659 -0.017874 1542894348.772259 0.049992 -0.000894
7431102.930720 -412270.803075 0.003696 1542894348.822235 0.050000 0.000185
7431103.107732 -412270.804102 0.025463 1542894348.872214 0.049984 0.001273
7431103.287377 -412270.791387 0.047169 1542894348.922184 0.049944 0.002358
7431103.471597 -412270.776407 0.068935 1542894348.972141 0.049881 0.003444
7431103.655876 -412270.759378 0.090658 1542894349.022162 0.049795 0.004527
7431103.836630 -412270.743985 0.113071 1542894349.072127 0.049681 0.005641
7431104.019084 -412270.712003 0.135546 1542894349.122097 0.049541 0.006757
7431104.203283 -412270.681077 0.157939 1542894349.172078 0.049378 0.007864
7431104.380433 -412270.640704 0.180608 1542894349.222076 0.049187 0.008981
7431104.562239 -412270.595326 0.203173 1542894349.271973 0.048972 0.010089
7431104.742062 -412270.548138 0.225804 1542894349.321978 0.048731 0.011194
7431104.925978 -412270.500364 0.248338 1542894349.371987 0.048466 0.012290
7431105.105630 -412270.444842 0.270864 1542894349.421985 0.048177 0.013378
7431105.287628 -412270.389165 0.293388 1542894349.471907 0.047863 0.014460
7431105.470567 -412270.330503 0.315141 1542894349.521915 0.047538 0.015498
7431105.643657 -412270.259706 0.337004 1542894349.571897 0.047187 0.016533
7431105.828215 -412270.191226 0.358232 1542894349.621891 0.046826 0.017531
7431106.012056 -412270.127590 0.379113 1542894349.671860 0.046450 0.018505
7431106.194642 -412270.042994 0.399380 1542894349.721898 0.046065 0.019442
7431106.379933 -412269.959270 0.418830 1542894349.771898 0.045678 0.020335
7431106.554843 -412269.869691 0.437835 1542894349.821908 0.045284 0.021199
7431106.737471 -412269.790873 0.456172 1542894349.871910 0.044887 0.022026
7431106.917882 -412269.693498 0.473548 1542894349.921973 0.044498 0.022802
7431107.092313 -412269.595711 0.489993 1542894349.972011 0.044117 0.023531
7431107.273087 -412269.503738 0.505102 1542894350.022083 0.043756 0.024195
7431107.452800 -412269.407099 0.519745 1542894350.072018 0.043397 0.024833
7431107.632413 -412269.309772 0.533715 1542894350.122084 0.043046 0.025437
7431107.811054 -412269.209598 0.547343 1542894350.172144 0.042696 0.026021
7431107.988300 -412269.106911 0.560664 1542894350.222216 0.042345 0.026587
7431108.163891 -412269.001994 0.573796 1542894350.272219 0.041992 0.027141
7431108.338582 -412268.894483 0.586944 1542894350.322351 0.041632 0.027691
7431108.507400 -412268.767963 0.600019 1542894350.372235 0.041266 0.028233
7431108.679388 -412268.655162 0.613084 1542894350.422282 0.040894 0.028770
7431108.844010 -412268.529415 0.626383 1542894350.472315 0.040508 0.029311
7431109.013899 -412268.411661 0.639329 1542894350.522369 0.040125 0.029833
7431109.181937 -412268.291315 0.652563 1542894350.572368 0.039726 0.030361
7431109.348597 -412268.169703 0.665979 1542894350.622385 0.039316 0.030891
7431109.507226 -412268.035360 0.679959 1542894350.672355 0.038880 0.031438
7431109.665469 -412267.905041 0.694077 1542894350.722387 0.038432 0.031984
7431109.825957 -412267.776051 0.708303 1542894350.772329 0.037973 0.032527
7431109.985712 -412267.645658 0.722966 1542894350.822337 0.037492 0.033081
7431110.143182 -412267.513376 0.737979 1542894350.872241 0.036991 0.033640
7431110.292873 -412267.370690 0.753046 1542894350.922217 0.036480 0.034193
7431110.445145 -412267.233041 0.768180 1542894350.972104 0.035959 0.034741
7431110.595518 -412267.092891 0.783464 1542894351.022058 0.035424 0.035287
7431110.745232 -412266.951094 0.799361 1542894351.071978 0.034858 0.035846
7431110.892519 -412266.807144 0.815327 1542894351.121852 0.034282 0.036397
7431111.036098 -412266.660704 0.832124 1542894351.171841 0.033665 0.036968
7431111.177079 -412266.512689 0.848999 1542894351.221781 0.033037 0.037531
7431111.314704 -412266.362652 0.866156 1542894351.271721 0.032388 0.038092
7431111.432876 -412266.199445 0.883946 1542894351.321647 0.031705 0.038662
7431111.566127 -412266.045494 0.901786 1542894351.371623 0.031010 0.039222
7431111.696495 -412265.889071 0.920230 1542894351.421592 0.030282 0.039787
7431111.823876 -412265.730448 0.939322 1542894351.471491 0.029517 0.040358
7431111.949169 -412265.569587 0.958907 1542894351.521446 0.028721 0.040928
7431112.051357 -412265.399370 0.979525 1542894351.571395 0.027871 0.041512
7431112.169601 -412265.234376 1.000648 1542894351.621353 0.026988 0.042091
7431112.272056 -412265.062600 1.022338 1542894351.671226 0.026069 0.042666
7431112.382547 -412264.893511 1.044240 1542894351.721198 0.025128 0.043227
7431112.488500 -412264.722503 1.066348 1542894351.771121 0.024166 0.043772
7431112.589695 -412264.550037 1.089054 1542894351.821052 0.023166 0.044309
7431112.688583 -412264.376246 1.112192 1542894351.870985 0.022135 0.044834
7431112.775929 -412264.199430 1.135718 1542894351.920860 0.021074 0.045342
7431112.866690 -412264.021289 1.159304 1542894351.970798 0.019999 0.045826
7431112.952313 -412263.841239 1.183200 1542894352.020751 0.018898 0.046291
7431113.031773 -412263.659500 1.207669 1542894352.070673 0.017760 0.046740
7431113.109558 -412263.475992 1.232539 1542894352.120610 0.016592 0.047167
7431113.182733 -412263.291165 1.257788 1542894352.170563 0.015396 0.047571
7431113.251124 -412263.104947 1.283044 1542894352.220526 0.014190 0.047944
7431113.314469 -412262.917606 1.307822 1542894352.270490 0.012998 0.048281
7431113.372859 -412262.730106 1.334402 1542894352.320384 0.011710 0.048609
7431113.424429 -412262.542346 1.360793 1542894352.370341 0.010423 0.048902
7431113.472605 -412262.352840 1.385655 1542894352.420290 0.009204 0.049146
7431113.515925 -412262.162932 1.410502 1542894352.470234 0.007980 0.049359
7431113.554321 -412261.972858 1.437138 1542894352.520247 0.006663 0.049554
7431113.587889 -412261.781501 1.463017 1542894352.570246 0.005379 0.049710
7431113.615381 -412261.590328 1.488882 1542894352.620153 0.004091 0.049832
7431113.637794 -412261.398727 1.514851 1542894352.670048 0.002796 0.049922
7431113.655506 -412261.206301 1.540244 1542894352.720119 0.001527 0.049977
7431113.645491 -412261.022118 1.566316 1542894352.770048 0.000224 0.049999
7431113.652263 -412260.830429 1.591901 1542894352.820017 -0.001055 0.049989
7431113.655613 -412260.639195 1.617395 1542894352.869936 -0.002329 0.049946
7431113.653834 -412260.448658 1.642616 1542894352.919909 -0.003588 0.049871
7431113.647823 -412260.258157 1.668007 1542894352.969968 -0.004853 0.049764
7431113.609910 -412260.074268 1.693147 1542894353.019906 -0.006102 0.049626
7431113.594506 -412259.885180 1.718086 1542894353.069919 -0.007338 0.049459
7431113.574452 -412259.697082 1.742844 1542894353.119838 -0.008560 0.049262
7431113.548817 -412259.509674 1.767937 1542894353.169793 -0.009793 0.049032
7431113.518995 -412259.322546 1.791685 1542894353.219820 -0.010955 0.048785
7431113.484232 -412259.136855 1.815806 1542894353.269758 -0.012128 0.048507
7431113.445348 -412258.951391 1.838916 1542894353.319743 -0.013246 0.048214
7431113.401120 -412258.766857 1.861349 1542894353.369766 -0.014324 0.047904
7431113.352950 -412258.583329 1.883103 1542894353.419745 -0.015363 0.047581
7431113.282447 -412258.408587 1.904987 1542894353.469686 -0.016400 0.047234
7431113.225814 -412258.226333 1.925459 1542894353.519708 -0.017364 0.046888
7431113.164771 -412258.044601 1.945641 1542894353.569746 -0.018306 0.046528
7431113.088065 -412257.867761 1.965356 1542894353.619744 -0.019220 0.046158
7431113.007951 -412257.692393 1.984178 1542894353.669791 -0.020085 0.045788
7431112.934484 -412257.512407 2.002387 1542894353.719837 -0.020916 0.045415
7431112.846096 -412257.339400 2.019629 1542894353.769797 -0.021696 0.045048
7431112.764272 -412257.161250 2.036349 1542894353.819853 -0.022446 0.044679
7431112.679866 -412256.982667 2.052690 1542894353.869945 -0.023173 0.044306
7431112.592402 -412256.805603 2.068212 1542894353.919855 -0.023858 0.043941
7431112.501836 -412256.628161 2.083307 1542894353.969891 -0.024518 0.043576
7431112.407602 -412256.452509 2.097570 1542894354.019929 -0.025137 0.043222
7431112.310516 -412256.277486 2.111334 1542894354.070006 -0.025730 0.042872
7431112.205057 -412256.109949 2.124397 1542894354.119945 -0.026288 0.042532
7431112.098451 -412255.943240 2.137205 1542894354.169945 -0.026830 0.042192
7431111.992588 -412255.768949 2.148929 1542894354.219936 -0.027323 0.041874
7431111.883755 -412255.594807 2.159888 1542894354.269956 -0.027780 0.041572
7431111.772108 -412255.420440 2.170816 1542894354.319927 -0.028233 0.041266
7431111.657720 -412255.246912 2.180279 1542894354.369851 -0.028622 0.040997
7431111.541146 -412255.073898 2.189276 1542894354.419810 -0.028990 0.040738
7431111.422481 -412254.901365 2.197832 1542894354.469805 -0.029337 0.040489
7431111.301734 -412254.729258 2.205859 1542894354.519773 -0.029661 0.040252
7431111.179186 -412254.557744 2.213426 1542894354.569718 -0.029965 0.040026
7431111.054258 -412254.385867 2.220615 1542894354.619724 -0.030252 0.039810
7431110.927901 -412254.214684 2.227586 1542894354.669609 -0.030529 0.039598
7431110.799285 -412254.043169 2.234167 1542894354.719566 -0.030789 0.039396
7431110.669045 -412253.872057 2.240313 1542894354.769517 -0.031030 0.039206
7431110.537119 -412253.701126 2.246045 1542894354.819421 -0.031255 0.039028
7431110.403704 -412253.530448 2.251424 1542894354.869382 -0.031464 0.038859
7431110.268955 -412253.360126 2.256434 1542894354.919284 -0.031658 0.038701
7431110.133273 -412253.189982 2.262093 1542894354.969219 -0.031877 0.038521
7431109.995638 -412253.020098 2.266405 1542894355.019124 -0.032043 0.038383
7431109.856791 -412252.850271 2.270538 1542894355.069068 -0.032201 0.038250
7431109.716774 -412252.680606 2.274332 1542894355.118955 -0.032346 0.038128
7431109.576008 -412252.511299 2.278862 1542894355.168872 -0.032518 0.037981
7431109.433780 -412252.341763 2.282686 1542894355.218764 -0.032663 0.037856
7431109.289874 -412252.172012 2.285597 1542894355.268739 -0.032773 0.037761
7431109.144889 -412252.002100 2.288253 1542894355.318687 -0.032874 0.037674
7431108.999085 -412251.832232 2.290692 1542894355.368594 -0.032965 0.037594
7431108.852134 -412251.661965 2.292903 1542894355.418554 -0.033048 0.037521
7431108.704513 -412251.491756 2.294904 1542894355.468452 -0.033123 0.037455
7431108.556020 -412251.321358 2.296631 1542894355.518328 -0.033188 0.037397
7431108.406605 -412251.150526 2.298269 1542894355.568318 -0.033249 0.037343
7431108.256393 -412250.979398 2.299787 1542894355.618223 -0.033306 0.037292
7431108.105425 -412250.807943 2.301259 1542894355.668138 -0.033361 0.037243
7431107.953521 -412250.635897 2.302797 1542894355.718091 -0.033418 0.037192
7431107.800708 -412250.463453 2.304156 1542894355.768076 -0.033468 0.037146
7431107.647235 -412250.290754 2.305468 1542894355.818033 -0.033517 0.037103
7431107.493536 -412250.118272 2.306707 1542894355.867905 -0.033563 0.037061
7431107.338930 -412249.945268 2.307810 1542894355.917882 -0.033604 0.037024
7431107.183929 -412249.772246 2.308809 1542894355.967854 -0.033641 0.036990
7431107.028263 -412249.598897 2.309656 1542894356.017848 -0.033672 0.036962
7431106.872480 -412249.425710 2.310466 1542894356.067797 -0.033702 0.036935
7431106.716079 -412249.252175 2.311147 1542894356.117775 -0.033727 0.036912
7431106.559226 -412249.078410 2.311743 1542894356.167766 -0.033749 0.036891
7431106.402168 -412248.904650 2.312273 1542894356.217747 -0.033769 0.036874
7431106.244963 -412248.730937 2.312736 1542894356.267688 -0.033786 0.036858
7431106.087869 -412248.557534 2.313130 1542894356.317595 -0.033800 0.036845
7431105.930304 -412248.383768 2.313470 1542894356.367596 -0.033813 0.036833
7431105.772786 -412248.210188 2.313771 1542894356.417560 -0.033824 0.036823
7431105.615207 -412248.036639 2.314072 1542894356.467508 -0.033835 0.036813
7431105.457416 -412247.863028 2.314231 1542894356.517464 -0.033841 0.036807
7431105.299844 -412247.689703 2.314395 1542894356.567421 -0.033847 0.036802
7431105.142205 -412247.516381 2.314507 1542894356.617420 -0.033851 0.036798
7431104.985021 -412247.343581 2.314616 1542894356.667384 -0.033855 0.036794
7431104.828241 -412247.171348 2.314547 1542894356.717312 -0.033853 0.036797
7431104.671388 -412246.999089 2.314291 1542894356.767249 -0.033843 0.036805
7431104.514702 -412246.826956 2.313932 1542894356.817245 -0.033830 0.036818
7431104.358097 -412246.654838 2.313422 1542894356.867228 -0.033811 0.036835
7431104.201951 -412246.483142 2.312684 1542894356.917146 -0.033784 0.036860
7431104.046152 -412246.311669 2.311693 1542894356.967171 -0.033747 0.036893
7431103.890983 -412246.140674 2.310414 1542894357.017144 -0.033700 0.036936
7431103.736456 -412245.970030 2.308880 1542894357.067120 -0.033644 0.036988
7431103.583200 -412245.799662 2.308128 1542894357.117128 -0.033616 0.037013
7431103.429370 -412245.629430 2.305491 1542894357.167156 -0.033518 0.037102
7431103.276732 -412245.459811 2.302326 1542894357.217005 -0.033400 0.037208
7431103.124511 -412245.289824 2.298504 1542894357.266989 -0.033258 0.037335
7431102.973126 -412245.119749 2.293955 1542894357.316959 -0.033088 0.037486
7431102.822738 -412244.949536 2.288632 1542894357.366960 -0.032888 0.037662
7431102.674398 -412244.779929 2.283098 1542894357.416935 -0.032679 0.037843
7431102.526627 -412244.609563 2.276306 1542894357.466956 -0.032421 0.038064
7431102.380951 -412244.439362 2.269357 1542894357.516876 -0.032156 0.038288
7431102.236221 -412244.268385 2.261172 1542894357.566824 -0.031841 0.038550
7431102.092809 -412244.096269 2.252597 1542894357.616858 -0.031510 0.038822
7431101.951491 -412243.923442 2.244329 1542894357.666782 -0.031188 0.039081
7431101.811132 -412243.749394 2.235080 1542894357.716742 -0.030825 0.039368
7431101.672998 -412243.574921 2.225677 1542894357.766690 -0.030453 0.039656
7431101.536921 -412243.399718 2.216229 1542894357.816658 -0.030077 0.039942
7431101.403209 -412243.224187 2.206781 1542894357.866597 -0.029698 0.040224
7431101.271655 -412243.048115 2.197273 1542894357.916495 -0.029315 0.040505
7431101.142157 -412242.871331 2.187772 1542894357.966423 -0.028929 0.040782
7431101.014393 -412242.693422 2.178234 1542894358.016363 -0.028538 0.041056
7431100.888644 -412242.514727 2.168761 1542894358.066277 -0.028148 0.041324
7431100.764805 -412242.335138 2.159337 1542894358.116168 -0.027757 0.041588
7431100.642861 -412242.154710 2.149896 1542894358.166077 -0.027364 0.041848
7431100.522996 -412241.973708 2.140484 1542894358.215904 -0.026968 0.042103
7431100.404735 -412241.791450 2.131026 1542894358.265882 -0.026569 0.042357
7431100.288893 -412241.609135 2.121693 1542894358.315729 -0.026173 0.042603
7431100.174755 -412241.425771 2.112322 1542894358.365682 -0.025772 0.042846
7431100.062580 -412241.241741 2.102979 1542894358.415637 -0.025371 0.043085
7431099.952448 -412241.057189 2.093709 1542894358.465559 -0.024970 0.043318
7431099.844156 -412240.871783 2.084553 1542894358.515478 -0.024573 0.043545
7431099.737853 -412240.685803 2.075611 1542894358.565402 -0.024182 0.043763
7431099.633500 -412240.499251 2.066949 1542894358.615315 -0.023802 0.043971
7431099.531092 -412240.312249 2.058591 1542894358.665298 -0.023434 0.044168
7431099.430581 -412240.124896 2.050493 1542894358.715229 -0.023076 0.044357
7431099.331874 -412239.937190 2.042602 1542894358.765153 -0.022725 0.044537
7431099.235046 -412239.749308 2.035028 1542894358.815013 -0.022387 0.044708
7431099.139708 -412239.560677 2.027714 1542894358.864975 -0.022059 0.044871
7431099.045830 -412239.371449 2.020323 1542894358.914987 -0.021727 0.045033
7431098.953843 -412239.182270 2.013628 1542894358.964917 -0.021425 0.045177
7431098.863197 -412238.992452 2.007240 1542894359.014880 -0.021136 0.045313
7431098.773872 -412238.802054 2.001225 1542894359.064826 -0.020863 0.045439
7431098.685852 -412238.611211 1.995619 1542894359.114777 -0.020608 0.045556
7431098.598792 -412238.419808 1.989802 1542894359.164722 -0.020343 0.045675
7431098.513243 -412238.228201 1.984867 1542894359.214632 -0.020117 0.045775
7431098.428672 -412238.036014 1.980285 1542894359.264646 -0.019907 0.045866
7431098.346709 -412237.844239 1.975844 1542894359.314613 -0.019703 0.045954
7431098.264321 -412237.651827 1.972063 1542894359.364544 -0.019529 0.046028
7431098.182791 -412237.459007 1.968868 1542894359.414497 -0.019382 0.046091
7431098.102109 -412237.266051 1.966305 1542894359.464447 -0.019264 0.046140
7431098.022383 -412237.073556 1.964437 1542894359.514419 -0.019178 0.046176
7431097.949507 -412236.885331 1.962207 1542894359.564322 -0.019075 0.046219
7431097.878487 -412236.698660 1.961515 1542894359.614332 -0.019043 0.046232
7431097.801162 -412236.506816 1.961784 1542894359.664283 -0.019055 0.046227
7431097.723340 -412236.314517 1.962848 1542894359.714238 -0.019104 0.046206
7431097.646166 -412236.122359 1.964894 1542894359.764173 -0.019199 0.046167
7431097.572385 -412235.935121 1.967695 1542894359.814165 -0.019328 0.046113
7431097.494432 -412235.743956 1.971227 1542894359.864041 -0.019491 0.046045
7431097.420196 -412235.559323 1.975375 1542894359.913993 -0.019682 0.045963
7431097.342587 -412235.371421 1.980117 1542894359.963964 -0.019899 0.045870
7431097.262880 -412235.182085 1.985454 1542894360.013913 -0.020144 0.045763
7431097.182552 -412234.993240 1.991175 1542894360.063805 -0.020405 0.045647
7431097.101317 -412234.804980 1.997292 1542894360.113758 -0.020684 0.045521
7431097.019186 -412234.617384 2.003907 1542894360.163682 -0.020985 0.045383
7431096.935935 -412234.430425 2.010785 1542894360.213665 -0.021296 0.045238
7431096.855834 -412234.255827 2.017767 1542894360.263639 -0.021612 0.045088
7431096.770821 -412234.071949 2.025024 1542894360.313590 -0.021938 0.044930
7431096.686797 -412233.898970 2.032295 1542894360.363530 -0.022265 0.044769
7431096.599256 -412233.716238 2.039611 1542894360.413504 -0.022591 0.044605
7431096.510671 -412233.534559 2.047184 1542894360.463436 -0.022929 0.044433
7431096.421075 -412233.362489 2.055132 1542894360.513438 -0.023281 0.044249
7431096.330827 -412233.187332 2.063421 1542894360.563390 -0.023647 0.044055
7431096.238675 -412233.008563 2.072011 1542894360.613273 -0.024025 0.043850
7431096.145188 -412232.830867 2.080800 1542894360.663268 -0.024409 0.043637
7431096.055726 -412232.669650 2.089749 1542894360.713178 -0.024799 0.043417
7431095.960173 -412232.495382 2.098800 1542894360.763133 -0.025190 0.043191
7431095.865449 -412232.335580 2.108080 1542894360.813069 -0.025590 0.042955
7431095.769273 -412232.170376 2.117364 1542894360.863039 -0.025988 0.042716
7431095.672055 -412232.005067 2.126446 1542894360.912976 -0.026375 0.042478
7431095.576106 -412231.849187 2.135457 1542894360.962933 -0.026756 0.042239
7431095.481508 -412231.696685 2.144296 1542894361.012861 -0.027129 0.042000
7431095.381611 -412231.535842 2.153002 1542894361.062800 -0.027493 0.041763
7431095.287302 -412231.391137 2.161580 1542894361.112744 -0.027851 0.041525
7431095.189982 -412231.244969 2.170210 1542894361.162657 -0.028208 0.041283
7431095.089188 -412231.091631 2.178677 1542894361.212603 -0.028556 0.041043
7431094.997636 -412230.958189 2.187112 1542894361.262595 -0.028902 0.040801
7431094.904940 -412230.824716 2.195592 1542894361.312515 -0.029247 0.040554
7431094.809077 -412230.686669 2.203953 1542894361.362506 -0.029585 0.040308
7431094.715013 -412230.570576 2.212232 1542894361.412393 -0.029917 0.040062
7431094.622725 -412230.446522 2.220481 1542894361.462448 -0.030247 0.039814
7431094.533615 -412230.330693 2.228681 1542894361.512378 -0.030572 0.039564
7431094.443844 -412230.212749 2.236929 1542894361.562327 -0.030897 0.039311
7431094.346819 -412230.084215 2.244931 1542894361.612287 -0.031211 0.039062
7431094.256502 -412229.965622 2.252915 1542894361.662308 -0.031522 0.038812
7431094.177788 -412229.879114 2.260683 1542894361.712221 -0.031822 0.038566
7431094.091342 -412229.780756 2.268063 1542894361.762189 -0.032106 0.038330
7431094.000080 -412229.667413 2.275223 1542894361.812159 -0.032380 0.038099
7431093.910315 -412229.557407 2.282185 1542894361.862145 -0.032644 0.037873
7431093.841446 -412229.471022 2.288924 1542894361.912143 -0.032899 0.037652
7431093.761891 -412229.376296 2.295496 1542894361.962104 -0.033146 0.037435
7431093.698273 -412229.299322 2.301697 1542894362.012050 -0.033377 0.037229
7431093.617086 -412229.208947 2.307681 1542894362.062016 -0.033599 0.037028
7431093.548796 -412229.128658 2.313497 1542894362.112025 -0.033814 0.036832
7431093.471897 -412229.045214 2.319118 1542894362.161908 -0.034021 0.036642
7431093.407595 -412228.973934 2.324625 1542894362.211907 -0.034222 0.036454
7431093.348232 -412228.908343 2.329892 1542894362.261870 -0.034413 0.036273
7431093.288515 -412228.844027 2.334891 1542894362.311825 -0.034594 0.036100
7431093.232144 -412228.788932 2.339606 1542894362.361782 -0.034764 0.035937
7431093.180457 -412228.739754 2.343694 1542894362.411730 -0.034911 0.035795
7431093.127734 -412228.689382 2.347488 1542894362.461749 -0.035046 0.035662
7431093.072111 -412228.615217 2.350945 1542894362.511716 -0.035169 0.035540
7431093.029287 -412228.571814 2.354041 1542894362.561571 -0.035279 0.035431
7431092.989116 -412228.544969 2.356751 1542894362.611572 -0.035375 0.035336
7431092.882670 -412228.438474 2.359287 1542894362.661637 -0.035465 0.035246
7431092.837297 -412228.396545 2.361382 1542894362.711558 -0.035538 0.035171
7431092.875737 -412228.430219 2.363074 1542894362.761595 -0.035598 0.035111
7431092.841719 -412228.396100 2.364475 1542894362.811601 -0.035647 0.035061
7431092.810812 -412228.365153 2.365522 1542894362.861513 -0.035684 0.035024
7431092.785219 -412228.339399 2.366284 1542894362.911577 -0.035710 0.034997
7431092.758089 -412228.312375 2.366758 1542894362.961548 -0.035727 0.034980
7431092.736218 -412228.291760 2.367317 1542894363.011514 -0.035746 0.034960
7431092.716478 -412228.273261 2.367695 1542894363.061547 -0.035760 0.034946
7431092.701828 -412228.259892 2.367979 1542894363.111473 -0.035770 0.034936
7431092.687363 -412228.246580 2.368121 1542894363.161469 -0.035774 0.034931
7431092.673303 -412228.233532 2.368163 1542894363.211439 -0.035776 0.034930
7431092.641886 -412228.239886 2.368025 1542894363.261459 -0.035771 0.034935
7431092.611869 -412228.253775 2.367925 1542894363.311419 -0.035768 0.034938
7431092.585482 -412228.265033 2.367836 1542894363.361392 -0.035765 0.034941
7431092.561414 -412228.278554 2.367787 1542894363.411329 -0.035763 0.034943
7431092.540571 -412228.289052 2.367753 1542894363.461284 -0.035762 0.034944
7431092.519193 -412228.311373 2.367800 1542894363.511235 -0.035763 0.034943
7431092.559250 -412228.276282 2.367793 1542894363.561189 -0.035763 0.034943
7431092.601593 -412228.243423 2.367813 1542894363.611189 -0.035764 0.034942
7431092.645820 -412228.212406 2.367851 1542894363.661117 -0.035765 0.034941
7431092.644500 -412228.210673 2.367837 1542894363.711098 -0.035765 0.034941
7431092.643990 -412228.209731 2.367825 1542894363.761135 -0.035764 0.034942
7431092.644154 -412228.209447 2.367813 1542894363.811079 -0.035764 0.034942
7431092.644416 -412228.209258 2.367801 1542894363.861082 -0.035763 0.034943
7431092.645115 -412228.209423 2.367787 1542894363.911044 -0.035763 0.034943
7431092.645219 -412228.209155 2.367778 1542894363.961004 -0.035762 0.034943
7431092.646200 -412228.209669 2.367766 1542894364.010958 -0.035762 0.034944
7431092.647220 -412228.210295 2.367756 1542894364.061011 -0.035762 0.034944
7431092.649931 -412228.212352 2.367740 1542894364.110957 -0.035761 0.034945
7431092.651475 -412228.213564 2.367732 1542894364.160894 -0.035761 0.034945
7431092.651510 -412228.213599 2.367732 1542894364.210908 -0.035761 0.034945
7431092.651545 -412228.213634 2.367732 1542894364.260811 -0.035761 0.034945
7431092.651581 -412228.213669 2.367732 1542894364.310733 -0.035761 0.034945
7431092.651618 -412228.213704 2.367732 1542894364.360719 -0.035761 0.034945
7431092.651654 -412228.213740 2.367732 1542894364.410618 -0.035761 0.034945
7431092.651690 -412228.213775 2.367732 1542894364.460593 -0.035761 0.034945
7431092.651726 -412228.213810 2.367732 1542894364.510479 -0.035761 0.034945
7431092.651762 -412228.213845 2.367732 1542894364.560450 -0.035761 0.034945
7431092.651798 -412228.213880 2.367732 1542894364.610377 -0.035761 0.034945
7431092.651834 -412228.213915 2.367732 1542894364.660321 -0.035761 0.034945
7431092.651870 -412228.213951 2.367732 1542894364.710251 -0.035761 0.034945
7431092.651907 -412228.213987 2.367732 1542894364.760206 -0.035761 0.034945
7431092.651942 -412228.214021 2.367732 1542894364.810119 -0.035761 0.034945
7431092.651978 -412228.214056 2.367732 1542894364.860094 -0.035761 0.034945
7431092.652014 -412228.214091 2.367732 1542894364.909965 -0.035761 0.034945
7431092.652050 -412228.214127 2.367732 1542894364.959943 -0.035761 0.034945
7431092.652085 -412228.214161 2.367732 1542894365.009900 -0.035761 0.034945
7431092.652121 -412228.214196 2.367732 1542894365.059887 -0.035761 0.034945
7431092.652157 -412228.214231 2.367732 1542894365.109821 -0.035761 0.034945
7431092.652193 -412228.214266 2.367732 1542894365.159798 -0.035761 0.034945
7431092.652229 -412228.214302 2.367732 1542894365.209725 -0.035761 0.034945
7431092.652265 -412228.214337 2.367732 1542894365.259765 -0.035761 0.034945
7431092.652301 -412228.214372 2.367732 1542894365.309711 -0.035761 0.034945
7431092.652337 -412228.214407 2.367732 1542894365.359650 -0.035761 0.034945
7431092.652373 -412228.214442 2.367732 1542894365.409618 -0.035761 0.034945
7431092.652409 -412228.214477 2.367732 1542894365.459569 -0.035761 0.034945
7431092.652445 -412228.214513 2.367732 1542894365.509531 -0.035761 0.034945
7431092.652482 -412228.214548 2.367732 1542894365.559563 -0.035761 0.034945
7431092.652517 -412228.214583 2.367732 1542894365.609514 -0.035761 0.034945
7431092.652553 -412228.214618 2.367732 1542894365.659470 -0.035761 0.034945
7431092.652589 -412228.214653 2.367732 1542894365.709399 -0.035761 0.034945
7431092.652625 -412228.214689 2.367732 1542894365.759376 -0.035761 0.034945
7431092.652660 -412228.214722 2.367732 1542894365.809300 -0.035761 0.034945
7431092.652697 -412228.214759 2.367732 1542894365.859353 -0.035761 0.034945
7431092.652733 -412228.214794 2.367732 1542894365.909255 -0.035761 0.034945
7431092.652769 -412228.214829 2.367732 1542894365.959236 -0.035761 0.034945
7431092.652806 -412228.214865 2.367732 1542894366.009283 -0.035761 0.034945
7431092.652841 -412228.214900 2.367732 1542894366.059187 -0.035761 0.034945
7431092.652878 -412228.214936 2.367732 1542894366.109146 -0.035761 0.034945
7431092.652914 -412228.214971 2.367732 1542894366.159100 -0.035761 0.034945
7431092.652949 -412228.215006 2.367732 1542894366.208995 -0.035761 0.034945
7431092.652984 -412228.215040 2.367732 1542894366.258930 -0.035761 0.034945
7431092.653021 -412228.215075 2.367732 1542894366.308916 -0.035761 0.034945
7431092.653057 -412228.215111 2.367732 1542894366.358802 -0.035761 0.034945
7431092.653093 -412228.215146 2.367732 1542894366.408779 -0.035761 0.034945
7431092.653129 -412228.215181 2.367732 1542894366.458726 -0.035761 0.034945
7431092.653165 -412228.215216 2.367732 1542894366.508636 -0.035761 0.034945
7431092.653200 -412228.215251 2.367732 1542894366.558587 -0.035761 0.034945
7431092.653237 -412228.215287 2.367732 1542894366.608560 -0.035761 0.034945
7431092.653273 -412228.215322 2.367732 1542894366.658516 -0.035761 0.034945
7431092.653308 -412228.215356 2.367732 1542894366.708442 -0.035761 0.034945
7431092.653343 -412228.215391 2.367732 1542894366.758395 -0.035761 0.034945
7431092.653380 -412228.215426 2.367732 1542894366.808364 -0.035761 0.034945
7431092.653416 -412228.215462 2.367732 1542894366.858283 -0.035761 0.034945
7431092.653452 -412228.215497 2.367732 1542894366.908239 -0.035761 0.034945
7431092.653488 -412228.215532 2.367732 1542894366.958268 -0.035761 0.034945
7431092.653524 -412228.215567 2.367732 1542894367.008221 -0.035761 0.034945
7431092.653559 -412228.215602 2.367732 1542894367.058166 -0.035761 0.034945
7431092.653594 -412228.215636 2.367732 1542894367.108202 -0.035761 0.034945
7431092.653630 -412228.215671 2.367732 1542894367.158166 -0.035761 0.034945
7431092.653666 -412228.215706 2.367732 1542894367.208133 -0.035761 0.034945
7431092.653702 -412228.215741 2.367732 1542894367.258056 -0.035761 0.034945
7431092.653738 -412228.215776 2.367732 1542894367.308051 -0.035761 0.034945
7431092.653773 -412228.215811 2.367732 1542894367.358003 -0.035761 0.034945
7431092.653809 -412228.215846 2.367732 1542894367.407963 -0.035761 0.034945
7431092.653845 -412228.215881 2.367732 1542894367.457960 -0.035761 0.034945
7431092.653881 -412228.215916 2.367732 1542894367.507906 -0.035761 0.034945
7431092.653917 -412228.215951 2.367732 1542894367.557807 -0.035761 0.034945
7431092.653953 -412228.215986 2.367732 1542894367.607728 -0.035761 0.034945
7431092.653989 -412228.216022 2.367732 1542894367.657656 -0.035761 0.034945
7431092.654025 -412228.216057 2.367732 1542894367.707621 -0.035761 0.034945
7431092.654062 -412228.216092 2.367732 1542894367.757540 -0.035761 0.034945
7431092.654097 -412228.216127 2.367732 1542894367.807497 -0.035761 0.034945
7431092.654134 -412228.216163 2.367732 1542894367.857452 -0.035761 0.034945
7431092.654170 -412228.216199 2.367732 1542894367.907393 -0.035761 0.034945
7431092.654206 -412228.216234 2.367732 1542894367.957340 -0.035761 0.034945
7431092.654242 -412228.216268 2.367732 1542894368.007242 -0.035761 0.034945
7431092.654278 -412228.216303 2.367732 1542894368.057208 -0.035761 0.034945
7431092.654314 -412228.216339 2.367732 1542894368.107157 -0.035761 0.034945
7431092.654350 -412228.216374 2.367732 1542894368.157130 -0.035761 0.034945
7431092.654386 -412228.216409 2.367732 1542894368.207046 -0.035761 0.034945
7431092.654422 -412228.216445 2.367732 1542894368.257036 -0.035761 0.034945
7431092.654458 -412228.216480 2.367732 1542894368.306990 -0.035761 0.034945
7431092.654495 -412228.216516 2.367732 1542894368.356926 -0.035761 0.034945
7431092.654531 -412228.216551 2.367732 1542894368.406896 -0.035761 0.034945
7431092.654566 -412228.216586 2.367732 1542894368.456891 -0.035761 0.034945
7431092.654603 -412228.216621 2.367732 1542894368.506856 -0.035761 0.034945
7431092.654638 -412228.216656 2.367732 1542894368.556784 -0.035761 0.034945
7431092.654674 -412228.216691 2.367732 1542894368.606808 -0.035761 0.034945
7431092.654710 -412228.216726 2.367732 1542894368.656739 -0.035761 0.034945
7431092.654745 -412228.216760 2.367732 1542894368.706662 -0.035761 0.034945
7431092.654781 -412228.216795 2.367732 1542894368.756699 -0.035761 0.034945
7431092.654817 -412228.216831 2.367732 1542894368.806639 -0.035761 0.034945
7431092.654854 -412228.216867 2.367732 1542894368.856538 -0.035761 0.034945
7431092.654890 -412228.216902 2.367732 1542894368.906487 -0.035761 0.034945
7431092.654925 -412228.216937 2.367732 1542894368.956462 -0.035761 0.034945
7431092.654961 -412228.216972 2.367732 1542894369.006386 -0.035761 0.034945
7431092.654997 -412228.217007 2.367732 1542894369.056311 -0.035761 0.034945
7431092.655032 -412228.217041 2.367732 1542894369.106247 -0.035761 0.034945
7431092.655068 -412228.217076 2.367732 1542894369.156190 -0.035761 0.034945
7431092.655104 -412228.217111 2.367732 1542894369.206184 -0.035761 0.034945
7431092.655140 -412228.217146 2.367732 1542894369.256091 -0.035761 0.034945
7431092.655176 -412228.217181 2.367732 1542894369.306062 -0.035761 0.034945
7431092.655212 -412228.217216 2.367732 1542894369.356005 -0.035761 0.034945
7431092.655247 -412228.217251 2.367732 1542894369.406191 -0.035761 0.034945
7431092.655283 -412228.217286 2.367732 1542894369.455912 -0.035761 0.034945
7431092.655320 -412228.217322 2.367732 1542894369.505838 -0.035761 0.034945
7431092.655355 -412228.217357 2.367732 1542894369.555825 -0.035761 0.034945
7431092.655392 -412228.217392 2.367732 1542894369.605850 -0.035761 0.034945
7431092.655428 -412228.217428 2.367732 1542894369.655803 -0.035761 0.034945
7431092.655464 -412228.217463 2.367732 1542894369.705695 -0.035761 0.034945
7431092.655500 -412228.217498 2.367732 1542894369.755684 -0.035761 0.034945
7431092.655536 -412228.217534 2.367732 1542894369.805748 -0.035761 0.034945
7431092.655573 -412228.217569 2.367732 1542894369.855631 -0.035761 0.034945
7431092.655609 -412228.217604 2.367732 1542894369.905524 -0.035761 0.034945
7431092.655645 -412228.217640 2.367732 1542894369.955590 -0.035761 0.034945
7431092.655681 -412228.217675 2.367732 1542894370.005538 -0.035761 0.034945
7431092.655716 -412228.217710 2.367732 1542894370.055459 -0.035761 0.034945
7431092.655752 -412228.217745 2.367732 1542894370.105409 -0.035761 0.034945
7431092.655788 -412228.217780 2.367732 1542894370.155398 -0.035761 0.034945
7431092.655823 -412228.217814 2.367732 1542894370.205353 -0.035761 0.034945
7431092.655859 -412228.217849 2.367732 1542894370.255353 -0.035761 0.034945
7431092.655895 -412228.217884 2.367732 1542894370.305305 -0.035761 0.034945
7431092.655930 -412228.217918 2.367732 1542894370.355250 -0.035761 0.034945
7431092.655965 -412228.217953 2.367732 1542894370.405224 -0.035761 0.034945
7431092.656001 -412228.217988 2.367732 1542894370.455237 -0.035761 0.034945
7431092.656038 -412228.218024 2.367732 1542894370.505234 -0.035761 0.034945
7431092.656073 -412228.218058 2.367732 1542894370.555127 -0.035761 0.034945
7431092.656109 -412228.218093 2.367732 1542894370.605074 -0.035761 0.034945
7431092.656145 -412228.218128 2.367732 1542894370.655001 -0.035761 0.034945
7431092.656181 -412228.218163 2.367732 1542894370.704939 -0.035761 0.034945
7431092.656216 -412228.218198 2.367732 1542894370.754836 -0.035761 0.034945
7431092.656252 -412228.218233 2.367732 1542894370.804753 -0.035761 0.034945
7431092.656288 -412228.218268 2.367732 1542894370.854680 -0.035761 0.034945
7431092.656324 -412228.218303 2.367732 1542894370.904572 -0.035761 0.034945
