7431093.630507 -412228.883226 2.413878 1542894307.518814 -0.037335 0.033258
7431093.632460 -412228.887014 2.413879 1542894307.581319 -0.037335 0.033258
7431093.622283 -412228.874027 2.413886 1542894307.643900 -0.037335 0.033258
7431093.609025 -412228.855267 2.413895 1542894307.706364 -0.037335 0.033258
7431093.591274 -412228.830880 2.413907 1542894307.768862 -0.037336 0.033257
7431093.575939 -412228.810663 2.413921 1542894307.831344 -0.037336 0.033257
7431093.559045 -412228.787015 2.413936 1542894307.893863 -0.037337 0.033256
7431093.537176 -412228.755598 2.413956 1542894307.956365 -0.037337 0.033255
7431093.523334 -412228.736084 2.413973 1542894308.018853 -0.037338 0.033255
7431093.513113 -412228.722365 2.413992 1542894308.081379 -0.037339 0.033254
7431093.507759 -412228.715933 2.414010 1542894308.143972 -0.037339 0.033253
7431093.506210 -412228.715633 2.414030 1542894308.206430 -0.037340 0.033253
7431093.495564 -412228.702419 2.414054 1542894308.268931 -0.037341 0.033252
7431093.487293 -412228.693100 2.414079 1542894308.337070 -0.037342 0.033251
7431093.483270 -412228.690548 2.414104 1542894308.404671 -0.037342 0.033250
7431093.481998 -412228.691356 2.414126 1542894308.461110 -0.037343 0.033249
7431093.473094 -412228.677050 2.414153 1542894308.518921 -0.037344 0.033248
7431093.467415 -412228.667828 2.414179 1542894308.581430 -0.037345 0.033247
7431093.464749 -412228.663603 2.414206 1542894308.643945 -0.037346 0.033246
7431093.465254 -412228.664605 2.414236 1542894308.706441 -0.037347 0.033245
7431093.456776 -412228.650796 2.414267 1542894308.768961 -0.037348 0.033244
7431093.448547 -412228.637499 2.414303 1542894308.831445 -0.037349 0.033242
7431093.444081 -412228.630474 2.414335 1542894308.894073 -0.037350 0.033241
7431093.441867 -412228.627030 2.414375 1542894308.966427 -0.037351 0.033240
7431093.443236 -412228.628823 2.414403 1542894309.021731 -0.037352 0.033239
7431093.448225 -412228.636222 2.414440 1542894309.081495 -0.037354 0.033237
7431093.454981 -412228.646759 2.414472 1542894309.144140 -0.037355 0.033236
7431093.456674 -412228.648487 2.414512 1542894309.206548 -0.037356 0.033235
7431093.457005 -412228.647548 2.414553 1542894309.269033 -0.037357 0.033233
7431093.460234 -412228.651279 2.414590 1542894309.331764 -0.037358 0.033232
7431093.467517 -412228.661103 2.414632 1542894309.394090 -0.037360 0.033230
7431093.477061 -412228.674836 2.414669 1542894309.456557 -0.037361 0.033229
7431093.477612 -412228.673807 2.414716 1542894309.519039 -0.037363 0.033227
7431093.479835 -412228.675557 2.414757 1542894309.581546 -0.037364 0.033225
7431093.485451 -412228.682278 2.414798 1542894309.644064 -0.037365 0.033224
7431093.499404 -412228.700761 2.414858 1542894309.720231 -0.037367 0.033222
7431093.513896 -412228.720888 2.414900 1542894309.775729 -0.037369 0.033220
7431093.525510 -412228.736957 2.414944 1542894309.831606 -0.037370 0.033218
7431093.523004 -412228.732521 2.414993 1542894309.894303 -0.037372 0.033217
7431093.516492 -412228.722530 2.415051 1542894309.956590 -0.037374 0.033214
7431093.513859 -412228.718530 2.415103 1542894310.019101 -0.037376 0.033212
7431093.515826 -412228.721733 2.415162 1542894310.081661 -0.037377 0.033210
7431093.521256 -412228.730029 2.415214 1542894310.144243 -0.037379 0.033208
7431093.519224 -412228.727531 2.415285 1542894310.209785 -0.037382 0.033206
7431093.505019 -412228.705929 2.415346 1542894310.269183 -0.037384 0.033203
7431093.494132 -412228.689307 2.415406 1542894310.331635 -0.037386 0.033201
7431093.485964 -412228.676830 2.415476 1542894310.394524 -0.037388 0.033199
7431093.482376 -412228.671417 2.415537 1542894310.456646 -0.037390 0.033196
7431093.483018 -412228.672255 2.415598 1542894310.519199 -0.037392 0.033194
7431093.486976 -412228.678194 2.415660 1542894310.581661 -0.037394 0.033192
7431093.494367 -412228.689239 2.415722 1542894310.645594 -0.037396 0.033189
7431093.507142 -412228.708280 2.415793 1542894310.706706 -0.037398 0.033187
7431093.504999 -412228.706568 2.415850 1542894310.769229 -0.037400 0.033185
7431093.491914 -412228.688380 2.415931 1542894310.831734 -0.037403 0.033182
7431093.475263 -412228.664128 2.416005 1542894310.894246 -0.037405 0.033179
7431093.455203 -412228.634289 2.416080 1542894310.956733 -0.037408 0.033176
7431093.441198 -412228.613401 2.416145 1542894311.019241 -0.037410 0.033174
7431093.425603 -412228.590116 2.416232 1542894311.081738 -0.037413 0.033170
7431093.414311 -412228.573347 2.416308 1542894311.144235 -0.037416 0.033167
7431093.403567 -412228.557429 2.416395 1542894311.206742 -0.037418 0.033164
7431093.396906 -412228.547562 2.416472 1542894311.269268 -0.037421 0.033161
7431093.391708 -412228.539991 2.416549 1542894311.331761 -0.037424 0.033158
7431093.387661 -412228.534247 2.416638 1542894311.394255 -0.037426 0.033155
7431093.385608 -412228.531752 2.416727 1542894311.456765 -0.037429 0.033152
7431093.385751 -412228.532707 2.416816 1542894311.531771 -0.037432 0.033148
7431093.387224 -412228.535710 2.416894 1542894311.585427 -0.037435 0.033145
7431093.389728 -412228.540198 2.416961 1542894311.644310 -0.037437 0.033143
7431093.396580 -412228.551398 2.417074 1542894311.706878 -0.037441 0.033139
7431093.402492 -412228.560782 2.417142 1542894311.769380 -0.037443 0.033136
7431093.412612 -412228.576679 2.417233 1542894311.831851 -0.037446 0.033133
7431093.423527 -412228.593877 2.417313 1542894311.894325 -0.037449 0.033130
7431093.438827 -412228.617766 2.417417 1542894311.956883 -0.037452 0.033126
7431093.440754 -412228.619461 2.417489 1542894312.019394 -0.037455 0.033123
7431093.447703 -412228.628151 2.417598 1542894312.086326 -0.037458 0.033119
7431093.455883 -412228.639124 2.417684 1542894312.155303 -0.037461 0.033116
7431093.463715 -412228.649959 2.417758 1542894312.213295 -0.037464 0.033113
7431093.461983 -412228.648356 2.417848 1542894312.269359 -0.037467 0.033110
7431093.463111 -412228.651297 2.417938 1542894312.331862 -0.037470 0.033106
7431093.467517 -412228.659503 2.418041 1542894312.394380 -0.037473 0.033103
7431093.474353 -412228.671134 2.418145 1542894312.456974 -0.037476 0.033099
7431093.473128 -412228.668397 2.418240 1542894312.519507 -0.037480 0.033095
7431093.470266 -412228.662963 2.418336 1542894312.581892 -0.037483 0.033091
7431093.459294 -412228.644950 2.418436 1542894312.644666 -0.037486 0.033088
7431093.449525 -412228.628460 2.418565 1542894312.706917 -0.037490 0.033083
7431093.445987 -412228.621786 2.418651 1542894312.769412 -0.037493 0.033080
7431093.444606 -412228.617620 2.418766 1542894312.831918 -0.037497 0.033075
7431093.446202 -412228.618071 2.418867 1542894312.896621 -0.037500 0.033072
7431093.449955 -412228.621212 2.418999 1542894312.956919 -0.037505 0.033067
7431093.442766 -412228.609865 2.419090 1542894313.021420 -0.037508 0.033063
7431093.436617 -412228.599616 2.419211 1542894313.082054 -0.037512 0.033059
7431093.433617 -412228.593990 2.419318 1542894313.144551 -0.037515 0.033055
7431093.432965 -412228.591432 2.419456 1542894313.207051 -0.037520 0.033049
7431093.435632 -412228.594006 2.419564 1542894313.269520 -0.037523 0.033045
7431093.433272 -412228.590896 2.419673 1542894313.332034 -0.037527 0.033041
7431093.421767 -412228.576926 2.419802 1542894313.394536 -0.037531 0.033037
7431093.413394 -412228.567123 2.419931 1542894313.456997 -0.037535 0.033032
7431093.408642 -412228.562180 2.420044 1542894313.519515 -0.037539 0.033027
7431093.405745 -412228.559642 2.420158 1542894313.582054 -0.037543 0.033023
7431093.404853 -412228.559833 2.420272 1542894313.644522 -0.037547 0.033019
7431093.406613 -412228.564300 2.420420 1542894313.707068 -0.037552 0.033013
7431093.409785 -412228.570296 2.420518 1542894313.769534 -0.037555 0.033010
7431093.416378 -412228.581977 2.420651 1542894313.832020 -0.037559 0.033005
7431093.424386 -412228.595593 2.420767 1542894313.894959 -0.037563 0.033000
7431093.422307 -412228.593879 2.420921 1542894313.957081 -0.037568 0.032994
7431093.420062 -412228.591483 2.421025 1542894314.019613 -0.037572 0.032991
7431093.420073 -412228.592696 2.421164 1542894314.082137 -0.037576 0.032985
7431093.422251 -412228.596938 2.421286 1542894314.144627 -0.037580 0.032981
7431093.428159 -412228.607145 2.421444 1542894314.207123 -0.037585 0.032975
7431093.431495 -412228.613144 2.421568 1542894314.269581 -0.037589 0.032970
7431093.426055 -412228.606114 2.421696 1542894314.332099 -0.037594 0.032965
7431093.422430 -412228.601926 2.421842 1542894314.394596 -0.037599 0.032960
7431093.421942 -412228.602662 2.421989 1542894314.457109 -0.037603 0.032954
7431093.424388 -412228.607710 2.422119 1542894314.519613 -0.037608 0.032949
7431093.428904 -412228.615961 2.422248 1542894314.582156 -0.037612 0.032945
7431093.429897 -412228.618240 2.422380 1542894314.644662 -0.037616 0.032940
7431093.424484 -412228.609813 2.422573 1542894314.707187 -0.037623 0.032932
7431093.423551 -412228.608292 2.422689 1542894314.769674 -0.037626 0.032928
7431093.424715 -412228.610144 2.422825 1542894314.833323 -0.037631 0.032923
7431093.428498 -412228.616286 2.422961 1542894314.894695 -0.037635 0.032918
7431093.435353 -412228.627274 2.423098 1542894314.957179 -0.037640 0.032913
7431093.442192 -412228.638209 2.423196 1542894315.019727 -0.037643 0.032909
7431093.447352 -412228.645921 2.423336 1542894315.082174 -0.037648 0.032904
7431093.449172 -412228.647978 2.423458 1542894315.144744 -0.037652 0.032899
7431093.455457 -412228.656613 2.423622 1542894315.207195 -0.037657 0.032893
7431093.464774 -412228.669791 2.423765 1542894315.269719 -0.037662 0.032887
7431093.477297 -412228.687814 2.423910 1542894315.332211 -0.037667 0.032882
7431093.483710 -412228.698405 2.424078 1542894315.394816 -0.037672 0.032876
7431093.484742 -412228.701397 2.424249 1542894315.457279 -0.037678 0.032869
7431093.480026 -412228.693073 2.424403 1542894315.519757 -0.037683 0.032863
7431093.478372 -412228.689505 2.424535 1542894315.582238 -0.037687 0.032858
7431093.471531 -412228.677403 2.424715 1542894315.644798 -0.037693 0.032852
7431093.461014 -412228.659178 2.424897 1542894315.707250 -0.037699 0.032845
7431093.455424 -412228.648464 2.425058 1542894315.769820 -0.037704 0.032839
7431093.453449 -412228.643321 2.425196 1542894315.832316 -0.037709 0.032834
7431093.454105 -412228.641253 2.425381 1542894315.894765 -0.037715 0.032827
7431093.441275 -412228.622937 2.425570 1542894315.957307 -0.037721 0.032819
7431093.430959 -412228.608586 2.425737 1542894316.019789 -0.037727 0.032813
7431093.423500 -412228.598220 2.425905 1542894316.082288 -0.037732 0.032807
7431093.417588 -412228.589947 2.426097 1542894316.144839 -0.037738 0.032800
7431093.414689 -412228.585662 2.426290 1542894316.207374 -0.037745 0.032792
7431093.415219 -412228.585994 2.426485 1542894316.269860 -0.037751 0.032785
7431093.417555 -412228.588865 2.426631 1542894316.332369 -0.037756 0.032779
7431093.422523 -412228.595196 2.426802 1542894316.394884 -0.037762 0.032773
7431093.428875 -412228.603599 2.426999 1542894316.457341 -0.037768 0.032766
7431093.422695 -412228.595080 2.427176 1542894316.519909 -0.037774 0.032759
7431093.418649 -412228.589483 2.427354 1542894316.582391 -0.037780 0.032752
7431093.416977 -412228.587152 2.427532 1542894316.644872 -0.037785 0.032745
7431093.418976 -412228.589679 2.427788 1542894316.707377 -0.037794 0.032736
7431093.422416 -412228.594255 2.427942 1542894316.769879 -0.037799 0.032730
7431093.428779 -412228.602848 2.428123 1542894316.834169 -0.037805 0.032723
7431093.427132 -412228.601778 2.428281 1542894316.894875 -0.037810 0.032717
7431093.421392 -412228.596819 2.428520 1542894316.957394 -0.037818 0.032708
7431093.419771 -412228.596707 2.428680 1542894317.019960 -0.037823 0.032702
7431093.411397 -412228.586445 2.428870 1542894317.082413 -0.037829 0.032695
7431093.398376 -412228.569095 2.429063 1542894317.144904 -0.037836 0.032687
7431093.385788 -412228.552391 2.429284 1542894317.207428 -0.037843 0.032679
7431093.375906 -412228.539377 2.429506 1542894317.269974 -0.037850 0.032671
7431093.370045 -412228.531776 2.429674 1542894317.337404 -0.037855 0.032664
7431093.364568 -412228.524844 2.429870 1542894317.394940 -0.037862 0.032657
7431093.360634 -412228.520160 2.430067 1542894317.457471 -0.037868 0.032650
7431093.357937 -412228.517346 2.430293 1542894317.519961 -0.037876 0.032641
7431093.356842 -412228.516458 2.430463 1542894317.582511 -0.037881 0.032634
7431093.356834 -412228.517273 2.430691 1542894317.645003 -0.037889 0.032626
7431093.358587 -412228.520790 2.430920 1542894317.707478 -0.037896 0.032617
7431093.361431 -412228.525974 2.431121 1542894317.769997 -0.037903 0.032610
7431093.365081 -412228.532171 2.431295 1542894317.832482 -0.037908 0.032603
7431093.371606 -412228.542604 2.431527 1542894317.895056 -0.037916 0.032594
7431093.380337 -412228.556034 2.431760 1542894317.957502 -0.037924 0.032585
7431093.389911 -412228.570619 2.431965 1542894318.020056 -0.037930 0.032578
7431093.401691 -412228.588326 2.432171 1542894318.082551 -0.037937 0.032570
7431093.405634 -412228.594945 2.432411 1542894318.145044 -0.037945 0.032561
7431093.405247 -412228.595550 2.432653 1542894318.207563 -0.037953 0.032551
7431093.408143 -412228.601006 2.432896 1542894318.270090 -0.037961 0.032542
7431093.412260 -412228.607792 2.433080 1542894318.333049 -0.037967 0.032535
7431093.421280 -412228.621900 2.433356 1542894318.395087 -0.037976 0.032525
7431093.429351 -412228.634424 2.433573 1542894318.457568 -0.037983 0.032517
7431093.426941 -412228.632507 2.433825 1542894318.520075 -0.037991 0.032507
7431093.427011 -412228.633953 2.434015 1542894318.585495 -0.037997 0.032500
7431093.429937 -412228.639924 2.434238 1542894318.645133 -0.038004 0.032491
7431093.438061 -412228.654116 2.434525 1542894318.707641 -0.038014 0.032480
7431093.443150 -412228.663359 2.434751 1542894318.770112 -0.038021 0.032472
7431093.440055 -412228.660425 2.434981 1542894318.832610 -0.038028 0.032463
7431093.440968 -412228.664618 2.435311 1542894318.912674 -0.038039 0.032450
7431093.441430 -412228.666844 2.435544 1542894318.968634 -0.038047 0.032442
7431093.436152 -412228.658907 2.435747 1542894319.024556 -0.038053 0.032434
7431093.433032 -412228.654514 2.435985 1542894319.082822 -0.038061 0.032425
7431093.432356 -412228.654184 2.436258 1542894319.145135 -0.038070 0.032414
7431093.423181 -412228.639625 2.436536 1542894319.207697 -0.038079 0.032404
7431093.414115 -412228.624577 2.436816 1542894319.271298 -0.038088 0.032393
7431093.409524 -412228.616460 2.437027 1542894319.332720 -0.038095 0.032385
7431093.405551 -412228.608553 2.437345 1542894319.395269 -0.038105 0.032373
7431093.405428 -412228.606871 2.437593 1542894319.457685 -0.038113 0.032364
7431093.408442 -412228.609780 2.437879 1542894319.526502 -0.038122 0.032353
7431093.412398 -412228.614508 2.438094 1542894319.583824 -0.038129 0.032344
7431093.420492 -412228.624974 2.438381 1542894319.645291 -0.038138 0.032334
7431093.429580 -412228.637512 2.438708 1542894319.707772 -0.038149 0.032321
7431093.426571 -412228.634956 2.438966 1542894319.770229 -0.038157 0.032311
7431093.426341 -412228.636388 2.439225 1542894319.832762 -0.038166 0.032301
7431093.429400 -412228.642796 2.439523 1542894319.895215 -0.038175 0.032290
7431093.436322 -412228.654864 2.439822 1542894319.957790 -0.038185 0.032279
7431093.445740 -412228.670344 2.440084 1542894320.020259 -0.038193 0.032269
7431093.458786 -412228.691048 2.440349 1542894320.082794 -0.038202 0.032258
7431093.477341 -412228.720005 2.440652 1542894320.145237 -0.038212 0.032247
7431093.487268 -412228.735509 2.440960 1542894320.207767 -0.038222 0.032235
7431093.498671 -412228.753093 2.441271 1542894320.270313 -0.038232 0.032223
7431093.504947 -412228.762212 2.441507 1542894320.332769 -0.038239 0.032214
7431093.499263 -412228.752990 2.441868 1542894320.395272 -0.038251 0.032200
7431093.490694 -412228.740098 2.442152 1542894320.457778 -0.038260 0.032189
7431093.470338 -412228.710755 2.442483 1542894320.520289 -0.038271 0.032177
7431093.460011 -412228.695864 2.442690 1542894320.582801 -0.038277 0.032169
7431093.447312 -412228.677521 2.443023 1542894320.645320 -0.038288 0.032156
7431093.441457 -412228.669117 2.443275 1542894320.707813 -0.038296 0.032147
7431093.438176 -412228.664411 2.443569 1542894320.770316 -0.038306 0.032135
7431093.437938 -412228.664157 2.443865 1542894320.832857 -0.038315 0.032124
7431093.441235 -412228.669220 2.444205 1542894320.895337 -0.038326 0.032111
7431093.444608 -412228.674348 2.444547 1542894320.963984 -0.038337 0.032098
7431093.438823 -412228.665608 2.444852 1542894321.025102 -0.038347 0.032086
7431093.436816 -412228.662103 2.445114 1542894321.082838 -0.038355 0.032076
7431093.437631 -412228.662325 2.445465 1542894321.145350 -0.038367 0.032063
7431093.442040 -412228.667850 2.445774 1542894321.207931 -0.038376 0.032051
7431093.444020 -412228.670397 2.446130 1542894321.270465 -0.038388 0.032037
7431093.438936 -412228.663645 2.446401 1542894321.332943 -0.038397 0.032027
7431093.435629 -412228.659554 2.446763 1542894321.395451 -0.038408 0.032013
7431093.436257 -412228.661000 2.447037 1542894321.457946 -0.038417 0.032002
7431093.434775 -412228.658315 2.447359 1542894321.520397 -0.038427 0.031990
7431093.428765 -412228.647713 2.447638 1542894321.582945 -0.038436 0.031979
7431093.424249 -412228.638290 2.448012 1542894321.645480 -0.038448 0.031965
7431093.424501 -412228.635607 2.448342 1542894321.707977 -0.038459 0.031952
7431093.427677 -412228.636645 2.448673 1542894321.770475 -0.038469 0.031939
7431093.427253 -412228.632128 2.449007 1542894321.833002 -0.038480 0.031926
7431093.419933 -412228.615760 2.449442 1542894321.902422 -0.038494 0.031910
7431093.418101 -412228.608335 2.449733 1542894321.959089 -0.038503 0.031899
7431093.418805 -412228.602769 2.450075 1542894322.020504 -0.038514 0.031885
7431093.421982 -412228.600914 2.450369 1542894322.082976 -0.038523 0.031874
7431093.429549 -412228.601903 2.450764 1542894322.145485 -0.038536 0.031859
7431093.441372 -412228.607307 2.451161 1542894322.207977 -0.038549 0.031844
7431093.456102 -412228.616074 2.451510 1542894322.270603 -0.038560 0.031830
7431093.471740 -412228.626389 2.451811 1542894322.333049 -0.038569 0.031818
7431093.499966 -412228.646352 2.452265 1542894322.395500 -0.038584 0.031801
7431093.528060 -412228.667325 2.452619 1542894322.458072 -0.038595 0.031787
7431093.542123 -412228.675670 2.452864 1542894322.520579 -0.038603 0.031778
7431093.525878 -412228.658714 2.452845 1542894322.583006 -0.038602 0.031779
7431093.509765 -412228.640836 2.452817 1542894322.645608 -0.038601 0.031780
7431093.500048 -412228.628493 2.452801 1542894322.708044 -0.038601 0.031780
7431093.497704 -412228.623967 2.452803 1542894322.770548 -0.038601 0.031780
7431093.497113 -412228.621389 2.452868 1542894322.833060 -0.038603 0.031778
7431093.502294 -412228.623973 2.452988 1542894322.895623 -0.038607 0.031773
7431093.513261 -412228.632049 2.453185 1542894322.958172 -0.038613 0.031765
7431093.517037 -412228.639474 2.453506 1542894323.020618 -0.038623 0.031753
7431093.501963 -412228.643679 2.454062 1542894323.083082 -0.038641 0.031732
7431093.491537 -412228.654860 2.454754 1542894323.145590 -0.038663 0.031705
7431093.471595 -412228.649883 2.455567 1542894323.208099 -0.038688 0.031673
7431093.443667 -412228.630505 2.456518 1542894323.270629 -0.038719 0.031637
7431093.415634 -412228.606872 2.457572 1542894323.333161 -0.038752 0.031596
7431093.369338 -412228.554344 2.458942 1542894323.395614 -0.038795 0.031543
7431093.326381 -412228.503189 2.460455 1542894323.458115 -0.038843 0.031484
7431093.274477 -412228.445135 2.462407 1542894323.520632 -0.038904 0.031408
7431093.230299 -412228.410104 2.464673 1542894323.583131 -0.038975 0.031320
7431093.184372 -412228.375470 2.467467 1542894323.645632 -0.039063 0.031211
7431093.146608 -412228.349606 2.470469 1542894323.708184 -0.039156 0.031093
7431093.108109 -412228.321364 2.473668 1542894323.770652 -0.039255 0.030968
7431093.058711 -412228.278135 2.477248 1542894323.833417 -0.039366 0.030827
7431093.002437 -412228.224623 2.481349 1542894323.895712 -0.039492 0.030665
7431092.953539 -412228.181863 2.485679 1542894323.958253 -0.039625 0.030494
7431092.905262 -412228.143723 2.490515 1542894324.020752 -0.039772 0.030302
7431092.857870 -412228.113845 2.496025 1542894324.083181 -0.039938 0.030083
7431092.801594 -412228.071456 2.502148 1542894324.145675 -0.040121 0.029837
7431092.731288 -412228.008070 2.508238 1542894324.208303 -0.040302 0.029593
7431092.665916 -412227.962094 2.514975 1542894324.270715 -0.040501 0.029320
7431092.595346 -412227.918778 2.522121 1542894324.334227 -0.040709 0.029030
7431092.519603 -412227.870696 2.529896 1542894324.395719 -0.040934 0.028713
7431092.435575 -412227.807998 2.537474 1542894324.458284 -0.041150 0.028402
7431092.357548 -412227.749655 2.545630 1542894324.520735 -0.041380 0.028065
7431092.290902 -412227.705551 2.553860 1542894324.583233 -0.041610 0.027724
7431092.207501 -412227.643234 2.562495 1542894324.645731 -0.041848 0.027363
7431092.116754 -412227.579481 2.571141 1542894324.708269 -0.042083 0.027001
7431092.031402 -412227.531742 2.580114 1542894324.770749 -0.042323 0.026622
7431091.929708 -412227.470386 2.589444 1542894324.833269 -0.042570 0.026226
7431091.848356 -412227.419711 2.599442 1542894324.895763 -0.042830 0.025799
7431091.756992 -412227.359500 2.609591 1542894324.958345 -0.043090 0.025363
7431091.659635 -412227.296937 2.620036 1542894325.020819 -0.043352 0.024912
7431091.562865 -412227.237051 2.630984 1542894325.083387 -0.043622 0.024435
7431091.464507 -412227.177679 2.642540 1542894325.145798 -0.043902 0.023930
7431091.358291 -412227.126583 2.653682 1542894325.208341 -0.044166 0.023439
7431091.231676 -412227.063371 2.665136 1542894325.270859 -0.044431 0.022932
7431091.159817 -412227.022056 2.676413 1542894325.333316 -0.044687 0.022429
7431091.047733 -412226.956545 2.688184 1542894325.395887 -0.044948 0.021902
7431090.917919 -412226.882472 2.698977 1542894325.458369 -0.045182 0.021415
7431090.806211 -412226.824626 2.709846 1542894325.520873 -0.045412 0.020923
7431090.666649 -412226.778425 2.720476 1542894325.583394 -0.045632 0.020439
7431090.535372 -412226.731937 2.731255 1542894325.645897 -0.045849 0.019946
7431090.406912 -412226.679577 2.740676 1542894325.708393 -0.046035 0.019513
7431090.277840 -412226.626082 2.749582 1542894325.770881 -0.046207 0.019102
7431090.149674 -412226.572339 2.757876 1542894325.833405 -0.046364 0.018718
7431090.020094 -412226.516423 2.766065 1542894325.895933 -0.046516 0.018338
7431089.887183 -412226.463791 2.773817 1542894325.958434 -0.046656 0.017977
7431089.745573 -412226.413366 2.780661 1542894326.020927 -0.046778 0.017657
7431089.605750 -412226.360532 2.787331 1542894326.083413 -0.046895 0.017345
7431089.470237 -412226.309284 2.793095 1542894326.145933 -0.046994 0.017074
7431089.320562 -412226.258415 2.798463 1542894326.208472 -0.047085 0.016822
7431089.174459 -412226.207205 2.803227 1542894326.271009 -0.047165 0.016597
7431089.030436 -412226.155894 2.807598 1542894326.333487 -0.047237 0.016391
7431088.879090 -412226.104725 2.812195 1542894326.395991 -0.047312 0.016174
7431088.729623 -412226.053666 2.816135 1542894326.458435 -0.047375 0.015987
7431088.578089 -412225.999991 2.819595 1542894326.520976 -0.047430 0.015823
7431088.425898 -412225.946961 2.822589 1542894326.583473 -0.047477 0.015681
7431088.274537 -412225.894744 2.825313 1542894326.645974 -0.047520 0.015552
7431088.119498 -412225.842554 2.827533 1542894326.708475 -0.047554 0.015446
7431087.963381 -412225.790308 2.829737 1542894326.770977 -0.047588 0.015341
7431087.806233 -412225.737750 2.832158 1542894326.833528 -0.047625 0.015226
7431087.646883 -412225.684533 2.834529 1542894326.896265 -0.047661 0.015113
7431087.486353 -412225.631355 2.836807 1542894326.958771 -0.047696 0.015004
7431087.325535 -412225.579154 2.838762 1542894327.021000 -0.047725 0.014911
7431087.164387 -412225.527124 2.840719 1542894327.083557 -0.047754 0.014818
7431087.003579 -412225.475225 2.842820 1542894327.146089 -0.047785 0.014717
7431086.842149 -412225.423881 2.844797 1542894327.208546 -0.047814 0.014623
7431086.679374 -412225.372468 2.846602 1542894327.271035 -0.047840 0.014537
7431086.516501 -412225.321748 2.847978 1542894327.333533 -0.047860 0.014471
7431086.352451 -412225.268468 2.850030 1542894327.396091 -0.047890 0.014372
7431086.096727 -412225.136250 2.851261 1542894327.458562 -0.047907 0.014313
7431085.811199 -412224.978465 2.852108 1542894327.521077 -0.047920 0.014273
7431085.649645 -412224.929910 2.852272 1542894327.583573 -0.047922 0.014265
7431085.490540 -412224.883234 2.851992 1542894327.646088 -0.047918 0.014278
7431085.329018 -412224.835363 2.850649 1542894327.708676 -0.047899 0.014343
7431085.166229 -412224.786116 2.848781 1542894327.771079 -0.047872 0.014432
7431085.006016 -412224.738643 2.846247 1542894327.833632 -0.047835 0.014554
7431084.848735 -412224.692802 2.842998 1542894327.896104 -0.047788 0.014709
7431084.687435 -412224.643980 2.839085 1542894327.958602 -0.047730 0.014896
7431084.508015 -412224.588395 2.834299 1542894328.028052 -0.047658 0.015124
7431084.330439 -412224.532456 2.829434 1542894328.096291 -0.047584 0.015356
7431084.177334 -412224.483414 2.825080 1542894328.155297 -0.047516 0.015563
7431084.023176 -412224.433129 2.820567 1542894328.214639 -0.047446 0.015777
7431083.876705 -412224.384846 2.816235 1542894328.271118 -0.047377 0.015982
7431083.715514 -412224.330756 2.811616 1542894328.333673 -0.047302 0.016201
7431083.554833 -412224.276167 2.807223 1542894328.396210 -0.047231 0.016409
7431083.394758 -412224.220795 2.802758 1542894328.458665 -0.047157 0.016619
7431083.234180 -412224.164434 2.798244 1542894328.521154 -0.047082 0.016832
7431083.073026 -412224.107027 2.793638 1542894328.583748 -0.047004 0.017049
7431082.912935 -412224.049501 2.789099 1542894328.646257 -0.046926 0.017262
7431082.741866 -412223.986989 2.783951 1542894328.713655 -0.046836 0.017503
7431082.596300 -412223.932889 2.779296 1542894328.771451 -0.046754 0.017721
7431082.438943 -412223.873795 2.774269 1542894328.833699 -0.046665 0.017956
7431082.280096 -412223.813276 2.769279 1542894328.896240 -0.046574 0.018189
7431082.121144 -412223.751571 2.764392 1542894328.958733 -0.046485 0.018416
7431081.962671 -412223.688938 2.759749 1542894329.021257 -0.046399 0.018632
7431081.805217 -412223.625991 2.755634 1542894329.083763 -0.046322 0.018822
7431081.648828 -412223.562492 2.752076 1542894329.146225 -0.046255 0.018987
7431081.492311 -412223.498187 2.749023 1542894329.208733 -0.046196 0.019128
7431081.335128 -412223.432879 2.746375 1542894329.271326 -0.046146 0.019250
7431081.178668 -412223.365631 2.744675 1542894329.333799 -0.046113 0.019329
7431081.022614 -412223.297428 2.744180 1542894329.396381 -0.046103 0.019352
7431080.866670 -412223.230754 2.744936 1542894329.458851 -0.046118 0.019317
7431080.712277 -412223.163338 2.746955 1542894329.521322 -0.046157 0.019224
7431080.560820 -412223.094755 2.750366 1542894329.583775 -0.046222 0.019066
7431080.404932 -412223.026736 2.755070 1542894329.646326 -0.046311 0.018849
7431080.247904 -412222.959687 2.760964 1542894329.708854 -0.046422 0.018575
7431080.090014 -412222.894285 2.767883 1542894329.771394 -0.046549 0.018254
7431079.932724 -412222.828902 2.775861 1542894329.833851 -0.046693 0.017882
7431079.774346 -412222.764022 2.784775 1542894329.896376 -0.046851 0.017465
7431079.613996 -412222.700274 2.794583 1542894329.959154 -0.047020 0.017004
7431079.453761 -412222.639345 2.805333 1542894330.021380 -0.047200 0.016498
7431079.292986 -412222.578200 2.817665 1542894330.084253 -0.047400 0.015915
7431079.133952 -412222.519599 2.830439 1542894330.146388 -0.047599 0.015308
7431078.973460 -412222.462325 2.844355 1542894330.208842 -0.047807 0.014644
7431078.810963 -412222.406753 2.859836 1542894330.271346 -0.048028 0.013902
7431078.646376 -412222.353074 2.875944 1542894330.333853 -0.048246 0.013127
7431078.480863 -412222.302361 2.892802 1542894330.396358 -0.048461 0.012312
7431078.316243 -412222.256144 2.910733 1542894330.458858 -0.048674 0.011441
7431078.151946 -412222.214405 2.929310 1542894330.521388 -0.048878 0.010535
7431077.987833 -412222.177542 2.948493 1542894330.583933 -0.049071 0.009595
7431077.802317 -412222.134524 2.971698 1542894330.654287 -0.049280 0.008454
7431077.645648 -412222.100610 2.991960 1542894330.713510 -0.049441 0.007454
7431077.480300 -412222.072832 3.012515 1542894330.775409 -0.049584 0.006436
7431077.315615 -412222.044973 3.033874 1542894330.836942 -0.049710 0.005376
7431077.147140 -412222.018300 3.055690 1542894330.898847 -0.049816 0.004290
7431076.976263 -412221.996359 3.077256 1542894330.960664 -0.049897 0.003215
7431076.785884 -412221.978080 3.100691 1542894331.028517 -0.049958 0.002044
7431076.625708 -412221.963261 3.121224 1542894331.085305 -0.049990 0.001018
7431076.451507 -412221.952314 3.141441 1542894331.146443 -0.050000 0.000008
7431076.271956 -412221.945889 -3.120639 1542894331.208991 -0.049989 -0.001048
7431076.092038 -412221.942653 -3.097889 1542894331.271453 -0.049952 -0.002184
7431075.894328 -412221.942220 -3.072486 1542894331.340088 -0.049881 -0.003453
7431075.730942 -412221.946337 -3.052014 1542894331.396487 -0.049800 -0.004473
7431075.548639 -412221.956469 -3.031312 1542894331.458994 -0.049696 -0.005503
7431075.349542 -412221.972856 -3.007939 1542894331.526793 -0.049554 -0.006663
7431075.181857 -412221.988343 -2.986670 1542894331.583975 -0.049401 -0.007715
7431074.998680 -412222.008363 -2.963535 1542894331.646554 -0.049209 -0.008856
7431074.817445 -412222.047325 -2.940603 1542894331.709074 -0.048993 -0.009982
7431074.640056 -412222.098118 -2.918152 1542894331.771602 -0.048757 -0.011079
7431074.457240 -412222.145827 -2.894553 1542894331.836196 -0.048482 -0.012227
7431074.287528 -412222.207443 -2.872266 1542894331.896659 -0.048198 -0.013304
7431074.109284 -412222.265335 -2.850150 1542894331.959033 -0.047892 -0.014367
7431073.927320 -412222.324448 -2.829066 1542894332.021544 -0.047578 -0.015373
7431073.740425 -412222.378426 -2.808076 1542894332.084048 -0.047245 -0.016368
7431073.555266 -412222.436941 -2.787169 1542894332.146657 -0.046892 -0.017353
7431073.373534 -412222.505574 -2.767585 1542894332.209105 -0.046544 -0.018267
7431073.188426 -412222.575496 -2.748705 1542894332.271628 -0.046190 -0.019143
7431073.001143 -412222.646283 -2.730359 1542894332.334155 -0.045831 -0.019987
7431072.813485 -412222.720739 -2.712491 1542894332.396589 -0.045467 -0.020803
7431072.632625 -412222.809427 -2.695557 1542894332.459127 -0.045108 -0.021570
7431072.458604 -412222.910008 -2.679515 1542894332.521589 -0.044756 -0.022290
7431072.275584 -412223.001552 -2.664324 1542894332.584115 -0.044413 -0.022968
7431072.046803 -412223.114632 -2.648025 1542894332.661058 -0.044032 -0.023689
7431071.878176 -412223.202188 -2.636800 1542894332.717858 -0.043764 -0.024181
7431071.714769 -412223.290736 -2.626518 1542894332.773163 -0.043513 -0.024630
7431071.534661 -412223.389223 -2.615362 1542894332.834110 -0.043235 -0.025114
7431071.354718 -412223.498205 -2.604555 1542894332.896628 -0.042961 -0.025580
7431071.175060 -412223.611538 -2.594631 1542894332.959656 -0.042705 -0.026005
7431070.991422 -412223.720663 -2.586401 1542894333.021641 -0.042490 -0.026355
7431070.806254 -412223.832458 -2.578495 1542894333.084144 -0.042280 -0.026690
7431070.620410 -412223.946717 -2.571531 1542894333.146709 -0.042093 -0.026984
7431070.437237 -412224.065253 -2.565116 1542894333.209189 -0.041919 -0.027254
7431070.254995 -412224.186014 -2.558928 1542894333.271702 -0.041750 -0.027513
7431070.074448 -412224.306071 -2.552722 1542894333.334191 -0.041578 -0.027771
7431069.889355 -412224.427255 -2.546436 1542894333.396673 -0.041403 -0.028032
7431069.702787 -412224.550572 -2.540049 1542894333.459184 -0.041223 -0.028296
7431069.516579 -412224.675235 -2.533352 1542894333.521729 -0.041033 -0.028571
7431069.331262 -412224.801065 -2.525953 1542894333.584200 -0.040820 -0.028874
7431069.147173 -412224.929216 -2.518097 1542894333.646795 -0.040592 -0.029194
7431068.970803 -412225.063461 -2.509299 1542894333.709239 -0.040334 -0.029550
7431068.790950 -412225.195262 -2.499974 1542894333.771712 -0.040056 -0.029925
7431068.612436 -412225.327013 -2.489486 1542894333.834275 -0.039740 -0.030343
7431068.430873 -412225.459751 -2.478085 1542894333.896772 -0.039392 -0.030794
7431068.254791 -412225.596664 -2.466166 1542894333.959243 -0.039022 -0.031262
7431068.082047 -412225.736709 -2.453760 1542894334.021748 -0.038631 -0.031743
7431067.915288 -412225.875837 -2.440140 1542894334.084268 -0.038195 -0.032266
7431067.746665 -412226.015823 -2.425595 1542894334.146758 -0.037722 -0.032819
7431067.583358 -412226.161420 -2.410117 1542894334.209264 -0.037209 -0.033398
7431067.417944 -412226.304024 -2.393518 1542894334.271816 -0.036650 -0.034011
7431067.257478 -412226.449313 -2.375799 1542894334.334265 -0.036042 -0.034655
7431067.097201 -412226.594746 -2.357304 1542894334.396833 -0.035395 -0.035316
7431066.952222 -412226.747211 -2.338446 1542894334.459285 -0.034722 -0.035977
7431066.815086 -412226.904460 -2.319431 1542894334.521865 -0.034032 -0.036631
7431066.666124 -412227.054693 -2.300607 1542894334.584303 -0.033336 -0.037265
7431066.539512 -412227.217451 -2.280910 1542894334.646849 -0.032596 -0.037914
7431066.405455 -412227.374350 -2.260665 1542894334.709305 -0.031822 -0.038566
7431066.270435 -412227.531889 -2.239406 1542894334.771829 -0.030995 -0.039234
7431066.137352 -412227.687964 -2.216352 1542894334.834318 -0.030082 -0.039938
7431066.006801 -412227.849078 -2.191230 1542894334.897892 -0.029069 -0.040681
7431065.885698 -412228.007079 -2.165856 1542894334.959332 -0.028028 -0.041406
7431065.764509 -412228.174558 -2.139077 1542894335.023452 -0.026909 -0.042141
7431065.670645 -412228.352616 -2.111945 1542894335.085980 -0.025756 -0.042856
7431065.579377 -412228.525712 -2.085999 1542894335.146892 -0.024636 -0.043510
7431065.483202 -412228.695714 -2.059257 1542894335.209415 -0.023463 -0.044153
7431065.404470 -412228.863149 -2.031919 1542894335.271924 -0.022248 -0.044778
7431065.314971 -412229.027013 -2.003368 1542894335.334459 -0.020960 -0.045395
7431065.228610 -412229.199321 -1.974888 1542894335.396891 -0.019659 -0.045973
7431065.151089 -412229.375885 -1.945621 1542894335.459401 -0.018305 -0.046529
7431065.079710 -412229.554646 -1.916027 1542894335.521916 -0.016921 -0.047050
7431065.019501 -412229.738122 -1.884584 1542894335.584411 -0.015433 -0.047559
7431064.973395 -412229.926583 -1.854258 1542894335.646907 -0.013984 -0.048005
7431064.931706 -412230.106780 -1.823143 1542894335.709423 -0.012484 -0.048416
7431064.887119 -412230.289417 -1.792427 1542894335.771914 -0.010991 -0.048777
7431064.835537 -412230.469560 -1.759733 1542894335.834421 -0.009391 -0.049110
7431064.813147 -412230.658205 -1.727139 1542894335.896934 -0.007785 -0.049390
7431064.797255 -412230.843432 -1.693879 1542894335.959493 -0.006139 -0.049622
7431064.779355 -412231.033973 -1.660600 1542894336.021941 -0.004484 -0.049799
7431064.785565 -412231.218567 -1.625953 1542894336.084507 -0.002756 -0.049924
7431064.771068 -412231.409752 -1.592542 1542894336.146969 -0.001087 -0.049988
7431064.769020 -412231.602974 -1.559095 1542894336.210003 0.000585 -0.049997
7431064.777378 -412231.795840 -1.525899 1542894336.272011 0.002244 -0.049950
7431064.799279 -412231.996161 -1.491565 1542894336.334539 0.003957 -0.049843
7431064.825211 -412232.190566 -1.457526 1542894336.396990 0.005651 -0.049680
7431064.854619 -412232.389864 -1.424125 1542894336.459551 0.007307 -0.049463
7431064.885477 -412232.587566 -1.391176 1542894336.522074 0.008933 -0.049196
7431064.935178 -412232.777284 -1.356872 1542894336.584561 0.010615 -0.048860
7431064.979347 -412232.975046 -1.325789 1542894336.647023 0.012128 -0.048507
7431065.046495 -412233.169931 -1.294544 1542894336.709517 0.013638 -0.048104
7431065.112709 -412233.369528 -1.265634 1542894336.772046 0.015022 -0.047690
7431065.190004 -412233.573348 -1.235739 1542894336.834570 0.016441 -0.047220
7431065.276941 -412233.800104 -1.205017 1542894336.905962 0.017884 -0.046692
7431065.369822 -412234.025352 -1.176630 1542894336.976518 0.019202 -0.046166
7431065.452757 -412234.211368 -1.154175 1542894337.032777 0.020234 -0.045723
7431065.536156 -412234.399345 -1.131153 1542894337.091272 0.021281 -0.045245
7431065.633666 -412234.575696 -1.110856 1542894337.147055 0.022195 -0.044804
7431065.735388 -412234.774067 -1.089721 1542894337.209587 0.023137 -0.044325
7431065.840780 -412234.976871 -1.068733 1542894337.272079 0.024062 -0.043830
7431065.947412 -412235.179697 -1.047958 1542894337.334584 0.024967 -0.043320
7431066.058105 -412235.381773 -1.029287 1542894337.397104 0.025772 -0.042847
7431066.180361 -412235.582829 -1.011655 1542894337.459599 0.026523 -0.042386
7431066.315612 -412235.785843 -0.994294 1542894337.522100 0.027255 -0.041919
7431066.442864 -412235.988997 -0.977537 1542894337.584613 0.027953 -0.041456
7431066.573922 -412236.191936 -0.962141 1542894337.647155 0.028588 -0.041021
7431066.710326 -412236.394306 -0.947590 1542894337.709628 0.029182 -0.040601
7431066.851842 -412236.597366 -0.933755 1542894337.772168 0.029741 -0.040193
7431066.996569 -412236.802488 -0.920109 1542894337.834690 0.030287 -0.039783
7431067.147637 -412237.007482 -0.907580 1542894337.897146 0.030783 -0.039401
7431067.308267 -412237.213221 -0.896113 1542894337.959690 0.031233 -0.039045
7431067.478172 -412237.415522 -0.885256 1542894338.022148 0.031655 -0.038704
7431067.642840 -412237.620879 -0.875483 1542894338.084655 0.032031 -0.038393
7431067.810830 -412237.827879 -0.867051 1542894338.147177 0.032354 -0.038121
7431067.983282 -412238.034656 -0.860585 1542894338.209668 0.032600 -0.037911
7431068.157912 -412238.242413 -0.854749 1542894338.272191 0.032820 -0.037720
7431068.348332 -412238.444348 -0.850135 1542894338.334678 0.032994 -0.037568
7431068.530347 -412238.650474 -0.847238 1542894338.397198 0.033103 -0.037473
7431068.715629 -412238.860617 -0.846131 1542894338.459686 0.033144 -0.037436
7431068.903259 -412239.072667 -0.845532 1542894338.522203 0.033167 -0.037416
7431069.090486 -412239.286930 -0.845388 1542894338.584710 0.033172 -0.037411
7431069.279662 -412239.503041 -0.845592 1542894338.647219 0.033164 -0.037418
7431069.471222 -412239.721217 -0.845834 1542894338.709728 0.033155 -0.037426
7431069.664225 -412239.940953 -0.846172 1542894338.772235 0.033143 -0.037437
7431069.857494 -412240.162142 -0.846429 1542894338.834727 0.033133 -0.037446
7431070.052347 -412240.384782 -0.846833 1542894338.897253 0.033118 -0.037459
7431070.248691 -412240.609081 -0.847366 1542894338.959753 0.033098 -0.037477
7431070.446519 -412240.835407 -0.847854 1542894339.022244 0.033080 -0.037493
7431070.645834 -412241.064401 -0.847906 1542894339.084798 0.033078 -0.037495
7431070.846904 -412241.295018 -0.848120 1542894339.147304 0.033070 -0.037502
7431071.050109 -412241.527586 -0.848637 1542894339.209816 0.033050 -0.037519
7431071.254226 -412241.762025 -0.848856 1542894339.272286 0.033042 -0.037526
7431071.459664 -412241.998331 -0.848993 1542894339.334784 0.033037 -0.037531
7431071.666588 -412242.236246 -0.849007 1542894339.397288 0.033036 -0.037531
7431071.875290 -412242.475724 -0.849073 1542894339.459811 0.033034 -0.037533
7431072.085563 -412242.717487 -0.848734 1542894339.522296 0.033047 -0.037522
7431072.296579 -412242.961619 -0.846835 1542894339.584825 0.033118 -0.037459
7431072.534589 -412243.233585 -0.846534 1542894339.654361 0.033129 -0.037449
7431072.726564 -412243.453241 -0.846043 1542894339.710196 0.033148 -0.037433
7431072.941614 -412243.698494 -0.845734 1542894339.772374 0.033159 -0.037423
7431073.158939 -412243.947577 -0.844983 1542894339.834886 0.033187 -0.037398
7431073.378513 -412244.197586 -0.844598 1542894339.897362 0.033202 -0.037385
7431073.599889 -412244.450115 -0.843868 1542894339.959958 0.033229 -0.037361
7431073.822566 -412244.703419 -0.843158 1542894340.022382 0.033255 -0.037337
7431074.048981 -412244.960877 -0.841641 1542894340.084938 0.033312 -0.037287
7431074.274611 -412245.216505 -0.840753 1542894340.147400 0.033345 -0.037257
7431074.501869 -412245.473456 -0.839860 1542894340.209917 0.033378 -0.037227
7431074.730532 -412245.731272 -0.839010 1542894340.272375 0.033410 -0.037199
7431074.960462 -412245.991395 -0.837720 1542894340.334881 0.033458 -0.037156
7431075.193308 -412246.253148 -0.836664 1542894340.397513 0.033497 -0.037121
7431075.439315 -412246.529166 -0.835258 1542894340.463150 0.033549 -0.037073
7431075.698313 -412246.819934 -0.833291 1542894340.531799 0.033622 -0.037007
7431075.916970 -412247.064290 -0.831556 1542894340.589192 0.033686 -0.036949
7431076.141040 -412247.312617 -0.829991 1542894340.647408 0.033744 -0.036896
7431076.382501 -412247.580117 -0.828091 1542894340.709920 0.033814 -0.036832
7431076.625688 -412247.848047 -0.826516 1542894340.772498 0.033872 -0.036779
7431076.868751 -412248.116322 -0.824633 1542894340.834938 0.033941 -0.036715
7431077.114512 -412248.385059 -0.823191 1542894340.897454 0.033994 -0.036666
7431077.360803 -412248.654688 -0.821492 1542894340.959946 0.034056 -0.036608
7431077.609206 -412248.924361 -0.820306 1542894341.022482 0.034100 -0.036568
7431077.856858 -412249.194819 -0.818550 1542894341.085008 0.034164 -0.036508
7431078.105988 -412249.464894 -0.817141 1542894341.147528 0.034215 -0.036460
7431078.356954 -412249.734910 -0.816091 1542894341.210074 0.034254 -0.036424
7431078.608270 -412250.005173 -0.814883 1542894341.272572 0.034298 -0.036382
7431078.859376 -412250.276137 -0.813286 1542894341.334982 0.034356 -0.036327
7431079.112434 -412250.546856 -0.812092 1542894341.397567 0.034399 -0.036286
7431079.365561 -412250.817144 -0.810913 1542894341.460020 0.034442 -0.036246
7431079.619300 -412251.087495 -0.809903 1542894341.522518 0.034478 -0.036211
7431079.881169 -412251.367250 -0.808582 1542894341.587034 0.034526 -0.036165
7431080.128238 -412251.628722 -0.808016 1542894341.647534 0.034547 -0.036146
7431080.383255 -412251.899131 -0.807250 1542894341.710133 0.034574 -0.036119
7431080.637833 -412252.167743 -0.807017 1542894341.772610 0.034583 -0.036111
7431080.891280 -412252.435901 -0.806348 1542894341.835094 0.034607 -0.036088
7431081.157806 -412252.717377 -0.805096 1542894341.901001 0.034652 -0.036045
7431081.400029 -412252.972366 -0.804679 1542894341.960673 0.034667 -0.036030
7431081.652478 -412253.237478 -0.804284 1542894342.022697 0.034681 -0.036017
7431081.906111 -412253.505042 -0.803399 1542894342.085131 0.034713 -0.035986
7431082.161003 -412253.772883 -0.802676 1542894342.147646 0.034739 -0.035961
7431082.416699 -412254.040032 -0.802391 1542894342.210169 0.034749 -0.035951
7431082.671953 -412254.307392 -0.801751 1542894342.272672 0.034772 -0.035929
7431082.925314 -412254.573918 -0.800312 1542894342.335126 0.034824 -0.035879
7431083.180893 -412254.840586 -0.799569 1542894342.397636 0.034851 -0.035853
7431083.437163 -412255.106745 -0.799087 1542894342.460259 0.034868 -0.035836
7431083.691701 -412255.371790 -0.798169 1542894342.522647 0.034901 -0.035804
7431083.946404 -412255.637315 -0.797012 1542894342.585229 0.034942 -0.035764
7431084.201217 -412255.901063 -0.796255 1542894342.647681 0.034969 -0.035737
7431084.456015 -412256.164553 -0.795450 1542894342.710189 0.034998 -0.035709
7431084.710480 -412256.427225 -0.794674 1542894342.772694 0.035026 -0.035682
7431084.964207 -412256.689174 -0.793738 1542894342.835143 0.035059 -0.035649
7431085.218130 -412256.950852 -0.792801 1542894342.897780 0.035093 -0.035616
7431085.470209 -412257.209736 -0.792021 1542894342.960156 0.035120 -0.035589
7431085.732538 -412257.478622 -0.791225 1542894343.025404 0.035149 -0.035561
7431085.971175 -412257.723691 -0.790428 1542894343.085259 0.035177 -0.035533
7431086.219333 -412257.977673 -0.789924 1542894343.147740 0.035195 -0.035515
7431086.466719 -412258.229572 -0.789986 1542894343.210176 0.035193 -0.035517
7431086.712337 -412258.480461 -0.789751 1542894343.272730 0.035201 -0.035509
7431086.955676 -412258.729298 -0.789616 1542894343.335196 0.035206 -0.035504
7431087.196946 -412258.975532 -0.789610 1542894343.397710 0.035206 -0.035504
7431087.436108 -412259.218935 -0.789899 1542894343.460211 0.035196 -0.035514
7431087.672448 -412259.460315 -0.789798 1542894343.522699 0.035199 -0.035511
7431087.905758 -412259.699206 -0.789435 1542894343.585204 0.035212 -0.035498
7431088.137198 -412259.935030 -0.789428 1542894343.647776 0.035213 -0.035498
7431088.365452 -412260.167742 -0.789330 1542894343.710231 0.035216 -0.035494
7431088.591704 -412260.398346 -0.789131 1542894343.772775 0.035223 -0.035487
7431088.815835 -412260.627071 -0.788699 1542894343.835262 0.035238 -0.035472
7431089.025755 -412260.844597 -0.787880 1542894343.897773 0.035267 -0.035443
7431089.230016 -412261.056229 -0.787119 1542894343.960252 0.035294 -0.035416
7431089.447394 -412261.275227 -0.785933 1542894344.028200 0.035336 -0.035374
7431089.629941 -412261.458609 -0.785104 1542894344.085259 0.035366 -0.035345
7431089.833619 -412261.666607 -0.784355 1542894344.147834 0.035392 -0.035318
7431090.043081 -412261.878479 -0.783984 1542894344.211794 0.035405 -0.035305
7431090.241367 -412262.078935 -0.783227 1542894344.272836 0.035432 -0.035279
7431090.419447 -412262.259155 -0.781888 1542894344.335286 0.035479 -0.035231
7431090.614268 -412262.454539 -0.781106 1542894344.397804 0.035507 -0.035203
7431090.822224 -412262.662623 -0.780403 1542894344.464648 0.035532 -0.035178
7431091.004752 -412262.845555 -0.779748 1542894344.522806 0.035555 -0.035155
7431091.183478 -412263.021950 -0.778511 1542894344.585338 0.035598 -0.035111
7431091.363978 -412263.199250 -0.777294 1542894344.648001 0.035641 -0.035068
7431091.543351 -412263.377079 -0.776162 1542894344.710318 0.035680 -0.035027
7431091.722536 -412263.558527 -0.774866 1542894344.772921 0.035726 -0.034981
7431091.895284 -412263.730577 -0.773192 1542894344.835344 0.035784 -0.034921
7431092.077222 -412263.910689 -0.771579 1542894344.897858 0.035841 -0.034863
7431092.287370 -412264.117587 -0.769759 1542894344.970792 0.035904 -0.034798
7431092.438008 -412264.264840 -0.768118 1542894345.025691 0.035961 -0.034739
7431092.599596 -412264.416673 -0.766073 1542894345.085386 0.036032 -0.034666
7431092.772331 -412264.582331 -0.764180 1542894345.147883 0.036097 -0.034597
7431092.948556 -412264.753030 -0.762907 1542894345.210433 0.036142 -0.034551
7431093.122037 -412264.921349 -0.761285 1542894345.272896 0.036198 -0.034493
7431093.290025 -412265.081510 -0.759344 1542894345.335377 0.036264 -0.034422
7431093.452453 -412265.233522 -0.757349 1542894345.397915 0.036333 -0.034350
7431093.616038 -412265.388290 -0.755737 1542894345.460385 0.036388 -0.034291
7431093.774937 -412265.539111 -0.753622 1542894345.522960 0.036461 -0.034214
7431093.933115 -412265.695037 -0.751589 1542894345.585420 0.036530 -0.034140
7431094.095979 -412265.850002 -0.749360 1542894345.648001 0.036606 -0.034059
7431094.253056 -412265.998199 -0.747169 1542894345.710471 0.036681 -0.033978
7431094.416512 -412266.151793 -0.745018 1542894345.772983 0.036754 -0.033899
7431094.580730 -412266.305655 -0.742696 1542894345.835510 0.036832 -0.033814
7431094.745303 -412266.458089 -0.739937 1542894345.900506 0.036926 -0.033712
7431094.920179 -412266.620035 -0.737011 1542894345.967728 0.037024 -0.033604
7431095.063572 -412266.751988 -0.734584 1542894346.023001 0.037105 -0.033514
7431095.215773 -412266.887182 -0.731044 1542894346.085451 0.037224 -0.033382
7431095.372250 -412267.027519 -0.727296 1542894346.148017 0.037349 -0.033243
7431095.530899 -412267.169015 -0.723911 1542894346.210523 0.037461 -0.033116
7431095.682349 -412267.304579 -0.719760 1542894346.272982 0.037598 -0.032960
7431095.834468 -412267.441762 -0.715383 1542894346.335538 0.037742 -0.032795
7431095.981246 -412267.573916 -0.710747 1542894346.398140 0.037894 -0.032620
7431096.132187 -412267.709164 -0.706274 1542894346.460502 0.038039 -0.032450
7431096.284269 -412267.845728 -0.701091 1542894346.523068 0.038207 -0.032253
7431096.435149 -412267.976666 -0.695264 1542894346.585566 0.038394 -0.032029
7431096.586794 -412268.104989 -0.689471 1542894346.648042 0.038579 -0.031806
7431096.737541 -412268.231052 -0.683000 1542894346.710561 0.038784 -0.031556
7431096.891797 -412268.359116 -0.675735 1542894346.773077 0.039012 -0.031274
7431097.047272 -412268.488366 -0.667286 1542894346.835571 0.039275 -0.030943
7431097.205036 -412268.615110 -0.657918 1542894346.898122 0.039563 -0.030574
7431097.360949 -412268.735790 -0.647426 1542894346.960552 0.039882 -0.030157
7431097.519237 -412268.858215 -0.636096 1542894347.023119 0.040221 -0.029703
7431097.677789 -412268.975009 -0.623619 1542894347.085598 0.040589 -0.029199
7431097.838133 -412269.095250 -0.610425 1542894347.148067 0.040970 -0.028661
7431098.001307 -412269.209267 -0.596748 1542894347.210570 0.041358 -0.028098
7431098.165158 -412269.324179 -0.581794 1542894347.273212 0.041774 -0.027476
7431098.327414 -412269.435864 -0.565412 1542894347.335585 0.042218 -0.026788
7431098.491790 -412269.543293 -0.547590 1542894347.398137 0.042689 -0.026032
7431098.661007 -412269.644998 -0.529437 1542894347.460660 0.043155 -0.025252
7431098.829633 -412269.746339 -0.510082 1542894347.523113 0.043635 -0.024412
7431098.999094 -412269.840825 -0.489897 1542894347.585607 0.044119 -0.023527
7431099.170991 -412269.934562 -0.469394 1542894347.648317 0.044592 -0.022617
7431099.343843 -412270.026326 -0.448567 1542894347.710608 0.045053 -0.021684
7431099.519408 -412270.114613 -0.426710 1542894347.773181 0.045517 -0.020694
7431099.700579 -412270.182543 -0.403372 1542894347.835636 0.045987 -0.019626
7431099.884814 -412270.255161 -0.379469 1542894347.898141 0.046443 -0.018521
7431100.072311 -412270.321866 -0.355235 1542894347.960681 0.046878 -0.017391
7431100.256946 -412270.393582 -0.330243 1542894348.023195 0.047298 -0.016214
7431100.447587 -412270.450286 -0.305467 1542894348.085689 0.047685 -0.015037
7431100.650529 -412270.521918 -0.278721 1542894348.153340 0.048070 -0.013756
7431100.835224 -412270.566631 -0.255894 1542894348.211314 0.048372 -0.012656
7431101.037130 -412270.609630 -0.230061 1542894348.273220 0.048683 -0.011402
7431101.238209 -412270.655926 -0.204397 1542894348.335726 0.048959 -0.010149
7431101.440872 -412270.702233 -0.177999 1542894348.398186 0.049210 -0.008853
7431101.652566 -412270.736726 -0.152334 1542894348.460739 0.049421 -0.007587
7431101.872912 -412270.757952 -0.125125 1542894348.523210 0.049609 -0.006240
7431102.090560 -412270.772124 -0.098019 1542894348.585756 0.049760 -0.004893
7431102.309524 -412270.790311 -0.071144 1542894348.648757 0.049874 -0.003554
7431102.530216 -412270.798164 -0.044573 1542894348.710708 0.049950 -0.002228
7431102.751304 -412270.808421 -0.017081 1542894348.773256 0.049993 -0.000854
7431102.978272 -412270.803790 0.009590 1542894348.835720 0.049998 0.000479
7431103.201116 -412270.798102 0.036700 1542894348.898239 0.049966 0.001835
7431103.428979 -412270.780657 0.063710 1542894348.960739 0.049899 0.003183
7431103.659608 -412270.759481 0.091462 1542894349.023264 0.049791 0.004567
7431103.886342 -412270.735129 0.119349 1542894349.085778 0.049644 0.005953
7431104.115347 -412270.695835 0.147568 1542894349.148255 0.049457 0.007352
7431104.341292 -412270.651135 0.175230 1542894349.210800 0.049234 0.008717
7431104.566446 -412270.593133 0.204127 1542894349.273357 0.048962 0.010136
7431104.792914 -412270.535187 0.232188 1542894349.335814 0.048658 0.011505
7431105.019517 -412270.470867 0.260543 1542894349.398261 0.048313 0.012880
7431105.247913 -412270.402329 0.287858 1542894349.460816 0.047943 0.014195
7431105.474000 -412270.327364 0.316115 1542894349.523368 0.047523 0.015544
7431105.695595 -412270.240541 0.343484 1542894349.585898 0.047079 0.016838
7431105.925794 -412270.158288 0.369461 1542894349.648379 0.046626 0.018056
7431106.162228 -412270.059848 0.395502 1542894349.712997 0.046140 0.019264
7431106.384131 -412269.955803 0.419716 1542894349.773364 0.045660 0.020375
7431106.606247 -412269.847956 0.443112 1542894349.835964 0.045171 0.021438
7431106.833220 -412269.739894 0.465431 1542894349.898450 0.044681 0.022440
7431107.055866 -412269.617278 0.486301 1542894349.961349 0.044203 0.023368
7431107.277955 -412269.501681 0.505682 1542894350.023396 0.043742 0.024220
7431107.502770 -412269.380750 0.523738 1542894350.085899 0.043298 0.025006
7431107.726583 -412269.258358 0.541090 1542894350.148359 0.042857 0.025754
7431107.948062 -412269.129767 0.557524 1542894350.210860 0.042428 0.026454
7431108.168198 -412269.000377 0.574314 1542894350.273377 0.041978 0.027163
7431108.404028 -412268.844410 0.592191 1542894350.341722 0.041486 0.027909
7431108.601209 -412268.707632 0.607291 1542894350.399426 0.041060 0.028532
7431108.807421 -412268.559382 0.623014 1542894350.460884 0.040606 0.029174
7431109.017593 -412268.409965 0.639771 1542894350.523389 0.040112 0.029851
7431109.227925 -412268.259801 0.656429 1542894350.585954 0.039609 0.030515
7431109.431261 -412268.099756 0.673288 1542894350.648415 0.039089 0.031178
7431109.629577 -412267.934996 0.690690 1542894350.710902 0.038540 0.031853
7431109.830065 -412267.774221 0.708817 1542894350.773456 0.037957 0.032547
7431110.029132 -412267.610095 0.727120 1542894350.835966 0.037355 0.033236
7431110.222679 -412267.438729 0.745765 1542894350.898567 0.036728 0.033927
7431110.410868 -412267.263145 0.764606 1542894350.960926 0.036083 0.034613
7431110.616317 -412267.075347 0.785810 1542894351.028730 0.035341 0.035370
7431110.786512 -412266.910111 0.803715 1542894351.085997 0.034702 0.035997
7431110.969741 -412266.730126 0.824459 1542894351.148505 0.033948 0.036709
7431111.146562 -412266.544068 0.845178 1542894351.210997 0.033180 0.037404
7431111.317141 -412266.356212 0.866991 1542894351.273488 0.032356 0.038119
7431111.471723 -412266.155649 0.889097 1542894351.336036 0.031506 0.038825
7431111.637288 -412265.962279 0.911805 1542894351.398572 0.030616 0.039531
7431111.796649 -412265.762314 0.935013 1542894351.461078 0.029690 0.040230
7431111.964374 -412265.544356 0.961984 1542894351.528894 0.028595 0.041016
7431112.088361 -412265.348901 0.986015 1542894351.586782 0.027601 0.041692
7431112.226718 -412265.140105 1.012447 1542894351.648767 0.026489 0.042407
7431112.359222 -412264.926869 1.039523 1542894351.711002 0.025332 0.043108
7431112.494248 -412264.715195 1.067628 1542894351.773523 0.024110 0.043803
7431112.620006 -412264.498394 1.096003 1542894351.836022 0.022858 0.044469
7431112.737998 -412264.276696 1.125097 1542894351.898877 0.021554 0.045115
7431112.847767 -412264.054902 1.154455 1542894351.961033 0.020221 0.045729
7431112.957434 -412263.831909 1.184711 1542894352.023533 0.018828 0.046320
7431113.056560 -412263.603020 1.215371 1542894352.086126 0.017399 0.046875
7431113.152056 -412263.373339 1.246789 1542894352.148575 0.015918 0.047398
7431113.237256 -412263.139520 1.278055 1542894352.211043 0.014429 0.047873
7431113.319205 -412262.906557 1.309721 1542894352.273608 0.012906 0.048306
7431113.389805 -412262.671188 1.342745 1542894352.336124 0.011304 0.048705
7431113.453210 -412262.435751 1.374913 1542894352.398583 0.009732 0.049044
7431113.506070 -412262.196555 1.405802 1542894352.461093 0.008212 0.049321
7431113.558046 -412261.960518 1.439115 1542894352.523637 0.006565 0.049567
7431113.598829 -412261.721347 1.471587 1542894352.586191 0.004952 0.049754
7431113.629633 -412261.481534 1.503870 1542894352.648615 0.003344 0.049888
7431113.652504 -412261.240846 1.535652 1542894352.711105 0.001757 0.049969
7431113.648913 -412261.009472 1.568727 1542894352.773631 0.000103 0.050000
7431113.655635 -412260.769168 1.600455 1542894352.836130 -0.001483 0.049978
7431113.653499 -412260.529064 1.631628 1542894352.898656 -0.003040 0.049908
7431113.649338 -412260.291759 1.663551 1542894352.961126 -0.004631 0.049785
7431113.609634 -412260.060176 1.695143 1542894353.023660 -0.006201 0.049614
7431113.590102 -412259.822719 1.726671 1542894353.086531 -0.007762 0.049394
7431113.561065 -412259.588764 1.757632 1542894353.148719 -0.009288 0.049130
7431113.524518 -412259.354783 1.787642 1542894353.211191 -0.010757 0.048829
7431113.482204 -412259.122266 1.817824 1542894353.273691 -0.012226 0.048482
7431113.432762 -412258.890578 1.846704 1542894353.336213 -0.013621 0.048109
7431113.374361 -412258.660021 1.874226 1542894353.398821 -0.014940 0.047716
7431113.295833 -412258.437393 1.901022 1542894353.461165 -0.016213 0.047298
7431113.221749 -412258.211620 1.927268 1542894353.523747 -0.017448 0.046857
7431113.128523 -412257.962202 1.955479 1542894353.593253 -0.018763 0.046346
7431113.040610 -412257.762516 1.976646 1542894353.649725 -0.019740 0.045938
7431112.947414 -412257.543301 1.999341 1542894353.711229 -0.020777 0.045479
7431112.840283 -412257.325326 2.021135 1542894353.773748 -0.021764 0.045015
7431112.737574 -412257.102409 2.041988 1542894353.836302 -0.022697 0.044551
7431112.629295 -412256.880492 2.061555 1542894353.898745 -0.023565 0.044099
7431112.516673 -412256.659077 2.080419 1542894353.961219 -0.024392 0.043646
7431112.401571 -412256.439053 2.098995 1542894354.023711 -0.025199 0.043186
7431112.276506 -412256.222959 2.115642 1542894354.086256 -0.025914 0.042760
7431112.144037 -412256.014247 2.132013 1542894354.148790 -0.026611 0.042330
7431112.010358 -412255.799535 2.146716 1542894354.211234 -0.027230 0.041935
7431111.875740 -412255.581271 2.160862 1542894354.273784 -0.027821 0.041545
7431111.734857 -412255.363483 2.173965 1542894354.336287 -0.028363 0.041177
7431111.590855 -412255.146567 2.185581 1542894354.398761 -0.028839 0.040845
7431111.441848 -412254.931234 2.196261 1542894354.461265 -0.029274 0.040535
7431111.292181 -412254.715209 2.206523 1542894354.523816 -0.029688 0.040232
7431111.138562 -412254.500477 2.215921 1542894354.586280 -0.030065 0.039951
7431110.980711 -412254.286001 2.224702 1542894354.648816 -0.030415 0.039686
7431110.819885 -412254.071486 2.232992 1542894354.711386 -0.030743 0.039432
7431110.657841 -412253.857033 2.240857 1542894354.773863 -0.031052 0.039189
7431110.491882 -412253.643312 2.247863 1542894354.836354 -0.031325 0.038971
7431110.323279 -412253.429042 2.254382 1542894354.899122 -0.031579 0.038766
7431110.154288 -412253.217134 2.260961 1542894354.961326 -0.031833 0.038557
7431109.982909 -412253.003654 2.266899 1542894355.023876 -0.032062 0.038367
7431109.808788 -412252.791330 2.271953 1542894355.086327 -0.032255 0.038205
7431109.633200 -412252.578904 2.277427 1542894355.148847 -0.032464 0.038028
7431109.454957 -412252.367001 2.282111 1542894355.211339 -0.032642 0.037875
7431109.275570 -412252.154207 2.286004 1542894355.273860 -0.032789 0.037748
7431109.093461 -412251.941937 2.289162 1542894355.336355 -0.032908 0.037644
7431108.910320 -412251.728693 2.292148 1542894355.398894 -0.033020 0.037546
7431108.725271 -412251.516217 2.294539 1542894355.461348 -0.033110 0.037467
7431108.539934 -412251.302133 2.296938 1542894355.523858 -0.033199 0.037387
7431108.352615 -412251.088309 2.298930 1542894355.586394 -0.033274 0.037321
7431108.163815 -412250.874059 2.300721 1542894355.648877 -0.033341 0.037261
7431107.973804 -412250.658930 2.302575 1542894355.711419 -0.033410 0.037199
7431107.783174 -412250.443126 2.304413 1542894355.773887 -0.033478 0.037138
7431107.590686 -412250.227092 2.305960 1542894355.836415 -0.033535 0.037086
7431107.397685 -412250.010856 2.307424 1542894355.898916 -0.033590 0.037037
7431107.203844 -412249.794552 2.308668 1542894355.961421 -0.033636 0.036995
7431107.009522 -412249.577661 2.309839 1542894356.023923 -0.033679 0.036956
7431106.787401 -412249.331005 2.310904 1542894356.095045 -0.033718 0.036920
7431106.611668 -412249.136113 2.311631 1542894356.151133 -0.033745 0.036895
7431106.421985 -412248.926654 2.312191 1542894356.211432 -0.033766 0.036876
7431106.225402 -412248.708899 2.312883 1542894356.273966 -0.033791 0.036853
7431106.028586 -412248.491882 2.313321 1542894356.336439 -0.033807 0.036838
7431105.831550 -412248.274511 2.313757 1542894356.398972 -0.033824 0.036823
7431105.634164 -412248.057851 2.313958 1542894356.461451 -0.033831 0.036817
7431105.437112 -412247.840286 2.314345 1542894356.523958 -0.033845 0.036804
7431105.239958 -412247.623292 2.314571 1542894356.586506 -0.033854 0.036796
7431105.042882 -412247.407029 2.314633 1542894356.649000 -0.033856 0.036794
7431104.846503 -412247.191503 2.314538 1542894356.711486 -0.033852 0.036797
7431104.650109 -412246.975385 2.314338 1542894356.774077 -0.033845 0.036804
7431104.454371 -412246.760603 2.313771 1542894356.836498 -0.033824 0.036823
7431104.258674 -412246.545500 2.312989 1542894356.898991 -0.033795 0.036849
7431104.061792 -412246.328988 2.311772 1542894356.962126 -0.033750 0.036891
7431103.869754 -412246.117108 2.310293 1542894357.024005 -0.033696 0.036940
7431103.676933 -412245.903693 2.308847 1542894357.086558 -0.033642 0.036989
7431103.484966 -412245.690977 2.306596 1542894357.149050 -0.033559 0.037065
7431103.293316 -412245.478303 2.302664 1542894357.211585 -0.033413 0.037196
7431103.102901 -412245.265756 2.298008 1542894357.274051 -0.033239 0.037352
7431102.913935 -412245.053082 2.292007 1542894357.336531 -0.033015 0.037550
7431102.727043 -412244.840566 2.285391 1542894357.399088 -0.032766 0.037768
7431102.542803 -412244.627987 2.276966 1542894357.461548 -0.032446 0.038043
7431102.359547 -412244.414766 2.268285 1542894357.524087 -0.032115 0.038323
7431102.177777 -412244.199381 2.257920 1542894357.586942 -0.031716 0.038654
7431102.001283 -412243.984862 2.247379 1542894357.649095 -0.031307 0.038986
7431101.825744 -412243.767448 2.236017 1542894357.711568 -0.030862 0.039339
7431101.652223 -412243.549061 2.224363 1542894357.774092 -0.030401 0.039696
7431101.483205 -412243.329722 2.212478 1542894357.836582 -0.029927 0.040055
7431101.317176 -412243.109488 2.200594 1542894357.899118 -0.029449 0.040407
7431101.154806 -412242.888481 2.188662 1542894357.961589 -0.028965 0.040756
7431100.994227 -412242.665703 2.176834 1542894358.024132 -0.028481 0.041096
7431100.837448 -412242.441569 2.164988 1542894358.086643 -0.027992 0.041430
7431100.683490 -412242.215930 2.153163 1542894358.149170 -0.027500 0.041758
7431100.533342 -412241.989140 2.141251 1542894358.211663 -0.027001 0.042083
7431100.384714 -412241.761298 2.129597 1542894358.274135 -0.026508 0.042395
7431100.240705 -412241.532531 2.117806 1542894358.336631 -0.026007 0.042704
7431100.098953 -412241.302546 2.106124 1542894358.399158 -0.025506 0.043005
7431099.961226 -412241.071649 2.094395 1542894358.461657 -0.025000 0.043301
7431099.825084 -412240.839373 2.083042 1542894358.524176 -0.024507 0.043582
7431099.692531 -412240.606234 2.071979 1542894358.586697 -0.024023 0.043851
7431099.563844 -412240.372607 2.061273 1542894358.649168 -0.023552 0.044105
7431099.437821 -412240.138133 2.051021 1542894358.711710 -0.023099 0.044345
7431099.313935 -412239.903187 2.041266 1542894358.774172 -0.022665 0.044568
7431099.193294 -412239.667344 2.031841 1542894358.836730 -0.022244 0.044779
7431099.075229 -412239.431187 2.022631 1542894358.899202 -0.021831 0.044982
7431098.959890 -412239.194484 2.014014 1542894358.961704 -0.021442 0.045169
7431098.846052 -412238.956510 2.006133 1542894359.024304 -0.021086 0.045336
7431098.734921 -412238.718245 1.998779 1542894359.086773 -0.020752 0.045490
7431098.625508 -412238.479221 1.991558 1542894359.149220 -0.020423 0.045639
7431098.518204 -412238.239186 1.985099 1542894359.211785 -0.020128 0.045770
7431098.412516 -412237.998160 1.979387 1542894359.274531 -0.019866 0.045884
7431098.310088 -412237.758999 1.974142 1542894359.336732 -0.019625 0.045988
7431098.207593 -412237.517874 1.969828 1542894359.399237 -0.019426 0.046072
7431098.106461 -412237.276574 1.966337 1542894359.461751 -0.019265 0.046139
7431098.008881 -412237.036982 1.963822 1542894359.524244 -0.019149 0.046188
7431097.919263 -412236.802420 1.961779 1542894359.586835 -0.019055 0.046227
7431097.824577 -412236.564325 1.961618 1542894359.649308 -0.019047 0.046230
7431097.727021 -412236.323958 1.962787 1542894359.711799 -0.019101 0.046208
7431097.632045 -412236.084912 1.965423 1542894359.774302 -0.019223 0.046157
7431097.537208 -412235.848327 1.969239 1542894359.836794 -0.019399 0.046083
7431097.437362 -412235.602861 1.974317 1542894359.902037 -0.019633 0.045984
7431097.342552 -412235.369944 1.980218 1542894359.964337 -0.019904 0.045868
7431097.246845 -412235.142594 1.986666 1542894360.024294 -0.020199 0.045738
7431097.145361 -412234.906337 1.993978 1542894360.086824 -0.020533 0.045589
7431097.043202 -412234.671124 2.002034 1542894360.149339 -0.020900 0.045422
7431096.928139 -412234.414442 2.011478 1542894360.218406 -0.021328 0.045223
7431096.813385 -412234.163000 2.021447 1542894360.288823 -0.021778 0.045008
7431096.694464 -412233.914793 2.031556 1542894360.358749 -0.022231 0.044786
7431096.596997 -412233.710367 2.039893 1542894360.415077 -0.022604 0.044599
7431096.494236 -412233.508289 2.048548 1542894360.471494 -0.022989 0.044402
7431096.395209 -412233.311670 2.057518 1542894360.527955 -0.023387 0.044194
7431096.288352 -412233.102658 2.067511 1542894360.586884 -0.023827 0.043958
7431096.163621 -412232.865346 2.079078 1542894360.653531 -0.024334 0.043679
7431096.054490 -412232.667881 2.089692 1542894360.713129 -0.024796 0.043418
7431095.939602 -412232.460461 2.100947 1542894360.774359 -0.025283 0.043137
7431095.819726 -412232.256462 2.112537 1542894360.836957 -0.025781 0.042841
7431095.698384 -412232.049609 2.123988 1542894360.899413 -0.026270 0.042543
7431095.577102 -412231.851221 2.135194 1542894360.961883 -0.026745 0.042246
7431095.459093 -412231.658976 2.146381 1542894361.024428 -0.027216 0.041944
7431095.337478 -412231.467327 2.157199 1542894361.086936 -0.027668 0.041647
7431095.216485 -412231.284239 2.167958 1542894361.149452 -0.028115 0.041347
7431095.089891 -412231.093823 2.178533 1542894361.211955 -0.028551 0.041047
7431094.974781 -412230.928185 2.189171 1542894361.274444 -0.028986 0.040741
7431094.858218 -412230.757037 2.199676 1542894361.336920 -0.029412 0.040434
7431094.740262 -412230.602620 2.210101 1542894361.399447 -0.029832 0.040126
7431094.621823 -412230.445567 2.220383 1542894361.461945 -0.030243 0.039817
7431094.512902 -412230.302992 2.230710 1542894361.524476 -0.030652 0.039502
7431094.396417 -412230.148571 2.240926 1542894361.586981 -0.031054 0.039187
7431094.280353 -412229.996117 2.250903 1542894361.649487 -0.031444 0.038875
7431094.170459 -412229.868946 2.260620 1542894361.711999 -0.031820 0.038568
7431094.068817 -412229.752180 2.269858 1542894361.774492 -0.032175 0.038272
7431093.955392 -412229.612446 2.278699 1542894361.836958 -0.032512 0.037986
7431093.858016 -412229.491989 2.287235 1542894361.899459 -0.032835 0.037707
7431093.760422 -412229.375338 2.295484 1542894361.961987 -0.033145 0.037435
7431093.686241 -412229.283777 2.303192 1542894362.024520 -0.033433 0.037179
7431093.583726 -412229.169138 2.310603 1542894362.086975 -0.033707 0.036930
7431093.491070 -412229.065915 2.317735 1542894362.149556 -0.033970 0.036689
7431093.410206 -412228.976251 2.324635 1542894362.212075 -0.034222 0.036453
7431093.335178 -412228.893853 2.331196 1542894362.274552 -0.034461 0.036228
7431093.254491 -412228.810331 2.337656 1542894362.340678 -0.034694 0.036005
7431093.194196 -412228.753173 2.342712 1542894362.399506 -0.034875 0.035829
7431093.128439 -412228.687558 2.347495 1542894362.462162 -0.035046 0.035662
7431093.060364 -412228.598743 2.351877 1542894362.525954 -0.035202 0.035508
7431093.011633 -412228.563018 2.355438 1542894362.587106 -0.035329 0.035382
7431092.904401 -412228.460173 2.358717 1542894362.649548 -0.035444 0.035266
7431092.851658 -412228.410015 2.361399 1542894362.712143 -0.035539 0.035171
7431092.867243 -412228.421635 2.363497 1542894362.774608 -0.035613 0.035096
7431092.822201 -412228.376622 2.365117 1542894362.840751 -0.035669 0.035038
7431092.790197 -412228.344463 2.366137 1542894362.899661 -0.035705 0.035002
7431092.759888 -412228.314266 2.366816 1542894362.962093 -0.035729 0.034978
7431092.731792 -412228.287696 2.367477 1542894363.024571 -0.035752 0.034954
7431092.709505 -412228.266986 2.367877 1542894363.087096 -0.035766 0.034940
7431092.691513 -412228.250496 2.368119 1542894363.149635 -0.035774 0.034931
7431092.671511 -412228.237954 2.368179 1542894363.212134 -0.035777 0.034929
7431092.631832 -412228.248584 2.368016 1542894363.274657 -0.035771 0.034935
7431092.598175 -412228.258915 2.367873 1542894363.337136 -0.035766 0.034940
7431092.566239 -412228.277095 2.367801 1542894363.399612 -0.035763 0.034943
7431092.538885 -412228.293578 2.367770 1542894363.462172 -0.035762 0.034944
7431092.531110 -412228.298274 2.367787 1542894363.534502 -0.035763 0.034943
7431092.587233 -412228.254136 2.367804 1542894363.594117 -0.035763 0.034943
7431092.638447 -412228.217574 2.367844 1542894363.651661 -0.035765 0.034941
7431092.644825 -412228.210916 2.367835 1542894363.712131 -0.035764 0.034941
7431092.644109 -412228.209698 2.367821 1542894363.774664 -0.035764 0.034942
7431092.644238 -412228.209306 2.367807 1542894363.837211 -0.035764 0.034942
7431092.644765 -412228.209229 2.367791 1542894363.899683 -0.035763 0.034943
7431092.645572 -412228.209425 2.367776 1542894363.962166 -0.035762 0.034944
7431092.646681 -412228.209991 2.367762 1542894364.024652 -0.035762 0.034944
7431092.648494 -412228.211245 2.367748 1542894364.087205 -0.035761 0.034945
7431092.651075 -412228.213248 2.367734 1542894364.149716 -0.035761 0.034945
7431092.651517 -412228.213606 2.367732 1542894364.219911 -0.035761 0.034945
7431092.651557 -412228.213645 2.367732 1542894364.276863 -0.035761 0.034945
7431092.651600 -412228.213687 2.367732 1542894364.337246 -0.035761 0.034945
7431092.651646 -412228.213732 2.367732 1542894364.399721 -0.035761 0.034945
7431092.651691 -412228.213776 2.367732 1542894364.462300 -0.035761 0.034945
7431092.651736 -412228.213820 2.367732 1542894364.524718 -0.035761 0.034945
7431092.651781 -412228.213864 2.367732 1542894364.587202 -0.035761 0.034945
7431092.651826 -412228.213908 2.367732 1542894364.649749 -0.035761 0.034945
7431092.651871 -412228.213952 2.367732 1542894364.712209 -0.035761 0.034945
7431092.651917 -412228.213997 2.367732 1542894364.774727 -0.035761 0.034945
7431092.651962 -412228.214041 2.367732 1542894364.837972 -0.035761 0.034945
7431092.652007 -412228.214084 2.367732 1542894364.899772 -0.035761 0.034945
7431092.652052 -412228.214128 2.367732 1542894364.962289 -0.035761 0.034945
7431092.652096 -412228.214172 2.367732 1542894365.024794 -0.035761 0.034945
7431092.652141 -412228.214216 2.367732 1542894365.087397 -0.035761 0.034945
7431092.652185 -412228.214259 2.367732 1542894365.149785 -0.035761 0.034945
7431092.652231 -412228.214304 2.367732 1542894365.212318 -0.035761 0.034945
7431092.652276 -412228.214347 2.367732 1542894365.274763 -0.035761 0.034945
7431092.652321 -412228.214391 2.367732 1542894365.337319 -0.035761 0.034945
7431092.652366 -412228.214435 2.367732 1542894365.399778 -0.035761 0.034945
7431092.652411 -412228.214479 2.367732 1542894365.462284 -0.035761 0.034945
7431092.652467 -412228.214534 2.367732 1542894365.539317 -0.035761 0.034945
7431092.652515 -412228.214581 2.367732 1542894365.606917 -0.035761 0.034945
7431092.652555 -412228.214620 2.367732 1542894365.662464 -0.035761 0.034945
7431092.652596 -412228.214660 2.367732 1542894365.719426 -0.035761 0.034945
7431092.652637 -412228.214700 2.367732 1542894365.775685 -0.035761 0.034945
7431092.652680 -412228.214743 2.367732 1542894365.837329 -0.035761 0.034945
7431092.652726 -412228.214787 2.367732 1542894365.899847 -0.035761 0.034945
7431092.652771 -412228.214832 2.367732 1542894365.962360 -0.035761 0.034945
7431092.652817 -412228.214876 2.367732 1542894366.024865 -0.035761 0.034945
7431092.652862 -412228.214920 2.367732 1542894366.087335 -0.035761 0.034945
7431092.652907 -412228.214964 2.367732 1542894366.149911 -0.035761 0.034945
7431092.652952 -412228.215008 2.367732 1542894366.212465 -0.035761 0.034945
7431092.652996 -412228.215051 2.367732 1542894366.274951 -0.035761 0.034945
7431092.653042 -412228.215096 2.367732 1542894366.337395 -0.035761 0.034945
7431092.653087 -412228.215140 2.367732 1542894366.399904 -0.035761 0.034945
7431092.653133 -412228.215185 2.367732 1542894366.464913 -0.035761 0.034945
7431092.653176 -412228.215227 2.367732 1542894366.524917 -0.035761 0.034945
7431092.653221 -412228.215271 2.367732 1542894366.587412 -0.035761 0.034945
7431092.653273 -412228.215321 2.367732 1542894366.657933 -0.035761 0.034945
7431092.653321 -412228.215369 2.367732 1542894366.726723 -0.035761 0.034945
7431092.653361 -412228.215408 2.367732 1542894366.782842 -0.035761 0.034945
7431092.653402 -412228.215448 2.367732 1542894366.839011 -0.035761 0.034945
7431092.653446 -412228.215491 2.367732 1542894366.899916 -0.035761 0.034945
7431092.653491 -412228.215535 2.367732 1542894366.962442 -0.035761 0.034945
7431092.653536 -412228.215579 2.367732 1542894367.024938 -0.035761 0.034945
7431092.653581 -412228.215623 2.367732 1542894367.088142 -0.035761 0.034945
7431092.653625 -412228.215665 2.367732 1542894367.149919 -0.035761 0.034945
7431092.653670 -412228.215709 2.367732 1542894367.212484 -0.035761 0.034945
7431092.653714 -412228.215753 2.367732 1542894367.274939 -0.035761 0.034945
7431092.653759 -412228.215797 2.367732 1542894367.337501 -0.035761 0.034945
7431092.653803 -412228.215840 2.367732 1542894367.400015 -0.035761 0.034945
7431092.653848 -412228.215883 2.367732 1542894367.462514 -0.035761 0.034945
7431092.653893 -412228.215928 2.367732 1542894367.524970 -0.035761 0.034945
7431092.653938 -412228.215971 2.367732 1542894367.587467 -0.035761 0.034945
7431092.653984 -412228.216016 2.367732 1542894367.649966 -0.035761 0.034945
7431092.654029 -412228.216060 2.367732 1542894367.712490 -0.035761 0.034945
7431092.654074 -412228.216105 2.367732 1542894367.775007 -0.035761 0.034945
7431092.654119 -412228.216148 2.367732 1542894367.837489 -0.035761 0.034945
7431092.654165 -412228.216194 2.367732 1542894367.899997 -0.035761 0.034945
7431092.654210 -412228.216237 2.367732 1542894367.962551 -0.035761 0.034945
7431092.654255 -412228.216281 2.367732 1542894368.025012 -0.035761 0.034945
7431092.654300 -412228.216325 2.367732 1542894368.087572 -0.035761 0.034945
7431092.654345 -412228.216369 2.367732 1542894368.150132 -0.035761 0.034945
7431092.654392 -412228.216415 2.367732 1542894368.215524 -0.035761 0.034945
7431092.654435 -412228.216457 2.367732 1542894368.275035 -0.035761 0.034945
7431092.654481 -412228.216502 2.367732 1542894368.337567 -0.035761 0.034945
7431092.654526 -412228.216546 2.367732 1542894368.400075 -0.035761 0.034945
7431092.654571 -412228.216590 2.367732 1542894368.462577 -0.035761 0.034945
7431092.654616 -412228.216634 2.367732 1542894368.525089 -0.035761 0.034945
7431092.654660 -412228.216677 2.367732 1542894368.587562 -0.035761 0.034945
7431092.654704 -412228.216721 2.367732 1542894368.650088 -0.035761 0.034945
7431092.654749 -412228.216764 2.367732 1542894368.712581 -0.035761 0.034945
7431092.654795 -412228.216809 2.367732 1542894368.775059 -0.035761 0.034945
7431092.654840 -412228.216853 2.367732 1542894368.837596 -0.035761 0.034945
7431092.654885 -412228.216898 2.367732 1542894368.900182 -0.035761 0.034945
7431092.654930 -412228.216942 2.367732 1542894368.963421 -0.035761 0.034945
7431092.654975 -412228.216985 2.367732 1542894369.025146 -0.035761 0.034945
7431092.655021 -412228.217030 2.367732 1542894369.089422 -0.035761 0.034945
7431092.655064 -412228.217072 2.367732 1542894369.150166 -0.035761 0.034945
7431092.655108 -412228.217115 2.367732 1542894369.212625 -0.035761 0.034945
7431092.655154 -412228.217160 2.367732 1542894369.275172 -0.035761 0.034945
7431092.655198 -412228.217203 2.367732 1542894369.337673 -0.035761 0.034945
7431092.655243 -412228.217247 2.367732 1542894369.400134 -0.035761 0.034945
7431092.655289 -412228.217292 2.367732 1542894369.463638 -0.035761 0.034945
7431092.655333 -412228.217335 2.367732 1542894369.525154 -0.035761 0.034945
7431092.655378 -412228.217379 2.367732 1542894369.587644 -0.035761 0.034945
7431092.655424 -412228.217424 2.367732 1542894369.650152 -0.035761 0.034945
7431092.655469 -412228.217468 2.367732 1542894369.712752 -0.035761 0.034945
7431092.655514 -412228.217512 2.367732 1542894369.775212 -0.035761 0.034945
7431092.655559 -412228.217556 2.367732 1542894369.837678 -0.035761 0.034945
7431092.655605 -412228.217601 2.367732 1542894369.900199 -0.035761 0.034945
7431092.655650 -412228.217645 2.367732 1542894369.962726 -0.035761 0.034945
7431092.655695 -412228.217689 2.367732 1542894370.025187 -0.035761 0.034945
7431092.655740 -412228.217733 2.367732 1542894370.087696 -0.035761 0.034945
7431092.655784 -412228.217776 2.367732 1542894370.150200 -0.035761 0.034945
7431092.655833 -412228.217824 2.367732 1542894370.219164 -0.035761 0.034945
7431092.655873 -412228.217863 2.367732 1542894370.275251 -0.035761 0.034945
7431092.655917 -412228.217906 2.367732 1542894370.337735 -0.035761 0.034945
7431092.655962 -412228.217949 2.367732 1542894370.400269 -0.035761 0.034945
7431092.656007 -412228.217993 2.367732 1542894370.462783 -0.035761 0.034945
7431092.656052 -412228.218037 2.367732 1542894370.525230 -0.035761 0.034945
7431092.656097 -412228.218082 2.367732 1542894370.587783 -0.035761 0.034945
7431092.656141 -412228.218125 2.367732 1542894370.650299 -0.035761 0.034945
7431092.656186 -412228.218169 2.367732 1542894370.712768 -0.035761 0.034945
7431092.656231 -412228.218212 2.367732 1542894370.775284 -0.035761 0.034945
7431092.656276 -412228.218256 2.367732 1542894370.837771 -0.035761 0.034945
