7431094.418637 -412229.412103 2.646067 -0.879719 0.475494
7431094.419151 -412229.411819 2.645969 -0.879672 0.475581
7431094.418371 -412229.411932 2.645958 -0.879667 0.475590
7431094.417467 -412229.411784 2.645861 -0.879621 0.475676
7431094.415482 -412229.410137 2.645926 -0.879652 0.475618
7431094.414253 -412229.409683 2.645939 -0.879658 0.475607
7431094.410562 -412229.408326 2.645882 -0.879631 0.475657
7431094.409710 -412229.409071 2.645824 -0.879603 0.475708
7431094.410862 -412229.409969 2.645809 -0.879596 0.475721
7431094.408862 -412229.408744 2.645904 -0.879641 0.475638
7431094.407614 -412229.406811 2.646034 -0.879703 0.475523
7431094.405646 -412229.406466 2.645927 -0.879652 0.475618
7431094.403999 -412229.406150 2.645852 -0.879617 0.475683
7431094.401847 -412229.405427 2.645739 -0.879563 0.475783
7431094.400240 -412229.405402 2.645695 -0.879542 0.475821
7431094.398286 -412229.404641 2.645661 -0.879526 0.475851
7431094.396160 -412229.403411 2.645769 -0.879577 0.475756
7431094.394542 -412229.402143 2.645865 -0.879623 0.475672
7431094.392318 -412229.401341 2.645762 -0.879574 0.475762
7431094.391640 -412229.400949 2.645776 -0.879581 0.475750
7431094.391012 -412229.401644 2.645693 -0.879541 0.475824
7431094.390257 -412229.400748 2.645642 -0.879517 0.475868
7431094.385570 -412229.384153 2.645499 -0.879449 0.475994
7431094.356076 -412229.332627 2.647033 -0.880178 0.474644
7431094.312790 -412229.317260 2.651298 -0.882194 0.470886
7431094.274713 -412229.317643 2.657237 -0.884975 0.465638
7431094.232245 -412229.342110 2.660673 -0.886570 0.462595
7431094.188397 -412229.365471 2.665425 -0.888758 0.458377
7431094.171545 -412229.393039 2.669339 -0.890545 0.454895
7431094.142210 -412229.427210 2.672342 -0.891907 0.452218
7431094.121488 -412229.456038 2.676746 -0.893890 0.448286
7431094.117716 -412229.500269 2.682694 -0.896541 0.442961
7431094.094252 -412229.560346 2.686672 -0.898296 0.439391
7431094.066828 -412229.613049 2.690771 -0.900089 0.435705
7431094.026943 -412229.708381 2.694440 -0.901682 0.432400
7431094.021430 -412229.778364 2.701704 -0.904799 0.425839
7431094.007190 -412229.854138 2.707796 -0.907377 0.420319
7431094.000925 -412229.942518 2.714054 -0.909989 0.414633
7431093.958533 -412229.996022 2.719705 -0.912318 0.409483
7431093.959478 -412230.021498 2.732884 -0.917635 0.397425
7431093.933224 -412230.136827 2.738319 -0.919781 0.392431
7431093.938602 -412230.212105 2.749686 -0.924182 0.381951
7431093.918117 -412230.276775 2.758013 -0.927331 0.374243
7431093.869745 -412230.312481 2.763844 -0.929498 0.368828
7431093.828630 -412230.407429 2.770364 -0.931883 0.362760
7431093.791935 -412230.494044 2.777457 -0.934432 0.356142
7431093.754942 -412230.451737 2.801951 -0.942874 0.333150
7431093.741230 -412230.539888 2.810101 -0.945558 0.325454
7431093.726978 -412230.666274 2.818094 -0.948129 0.317885
7431093.714747 -412230.792804 2.825823 -0.950558 0.310548
7431093.681719 -412230.899756 2.832761 -0.952689 0.303946
7431093.679803 -412231.038462 2.841322 -0.955256 0.295779
7431093.657649 -412231.133026 2.849343 -0.957598 0.288107
7431093.645102 -412231.250815 2.857792 -0.959998 0.280006
7431093.677615 -412231.368640 2.869749 -0.963277 0.268508
7431093.682282 -412231.488905 2.878682 -0.965638 0.259892
7431093.703034 -412231.590277 2.888818 -0.968222 0.250092
7431093.722087 -412231.627097 2.901582 -0.971336 0.237713
7431093.659937 -412231.656120 2.908497 -0.972956 0.230991
7431093.642402 -412231.723641 2.915628 -0.974579 0.224046
7431093.643207 -412231.781016 2.923406 -0.976291 0.216460
7431093.616955 -412231.771499 2.935551 -0.978848 0.204587
7431093.610396 -412231.813992 2.942896 -0.980325 0.197392
7431093.586737 -412231.837697 2.949569 -0.981620 0.190846
7431093.562264 -412231.844239 2.955712 -0.982774 0.184812
7431093.503637 -412231.811718 2.963391 -0.984164 0.177260
7431093.471053 -412231.819487 2.967816 -0.984939 0.172903
7431093.427703 -412231.810240 2.972269 -0.985699 0.168516
7431093.373932 -412231.788434 2.976368 -0.986381 0.164474
7431093.330468 -412231.753804 2.981663 -0.987239 0.159249
7431093.286175 -412231.729784 2.985221 -0.987799 0.155735
7431093.233226 -412231.681801 2.988502 -0.988305 0.152493
7431093.164778 -412231.624430 2.990916 -0.988670 0.150107
7431093.093698 -412231.568908 2.993457 -0.989048 0.147594
7431093.032225 -412231.512163 2.996511 -0.989494 0.144574
7431092.969030 -412231.456790 2.999295 -0.989893 0.141818
7431092.903964 -412231.401499 3.001685 -0.990229 0.139451
7431092.828295 -412231.340242 3.004376 -0.990600 0.136787
7431092.753252 -412231.289293 3.006371 -0.990871 0.134810
7431092.683210 -412231.237074 3.008516 -0.991158 0.132684
7431092.612897 -412231.178250 3.011019 -0.991487 0.130203
7431092.544878 -412231.120563 3.013654 -0.991827 0.127590
7431092.462787 -412231.060155 3.016434 -0.992178 0.124832
7431092.386228 -412230.994679 3.018416 -0.992423 0.122866
7431092.306099 -412230.935378 3.019739 -0.992585 0.121552
7431092.228024 -412230.871765 3.020999 -0.992737 0.120301
7431092.148800 -412230.805396 3.021458 -0.992793 0.119846
7431092.067179 -412230.732830 3.021498 -0.992797 0.119806
7431091.987169 -412230.661059 3.020367 -0.992661 0.120929
7431091.884715 -412230.580654 3.018135 -0.992389 0.123145
7431091.787396 -412230.489605 3.015243 -0.992028 0.126014
7431091.692451 -412230.381979 3.012896 -0.991730 0.128341
7431091.594557 -412230.273962 3.009759 -0.991323 0.131452
7431091.486812 -412230.153141 3.005864 -0.990803 0.135313
7431091.382531 -412230.026416 3.002348 -0.990321 0.138796
7431091.270637 -412229.890878 2.998152 -0.989730 0.142950
7431091.181254 -412229.768342 2.994752 -0.989238 0.146313
7431091.090449 -412229.634540 2.991715 -0.988789 0.149317
7431090.992141 -412229.518322 2.987166 -0.988100 0.153813
7431090.888553 -412229.388447 2.982885 -0.987432 0.158042
7431090.778199 -412229.260341 2.978673 -0.986758 0.162200
7431090.676991 -412229.134343 2.974887 -0.986137 0.165935
7431090.577444 -412229.012330 2.969545 -0.985236 0.171200
7431090.474999 -412228.876740 2.965582 -0.984550 0.175104
7431090.372899 -412228.747916 2.961618 -0.983848 0.179004
7431090.288586 -412228.621714 2.958585 -0.983301 0.181988
7431090.200234 -412228.502042 2.954362 -0.982524 0.186138
7431090.106427 -412228.377882 2.950504 -0.981798 0.189928
7431090.020289 -412228.237942 2.947404 -0.981205 0.192971
7431089.933804 -412228.120604 2.943429 -0.980430 0.196869
7431089.835063 -412227.986535 2.939238 -0.979596 0.200976
7431089.738404 -412227.860377 2.935040 -0.978744 0.205087
7431089.653076 -412227.750956 2.931879 -0.978091 0.208180
7431089.564763 -412227.633286 2.929232 -0.977536 0.210768
7431089.499667 -412227.541008 2.927470 -0.977163 0.212491
7431089.414125 -412227.438781 2.925811 -0.976809 0.214111
7431089.337751 -412227.349756 2.924327 -0.976490 0.215561
7431089.269198 -412227.271067 2.924550 -0.976539 0.215343
7431089.211118 -412227.204517 2.927532 -0.977176 0.212430
7431089.152163 -412227.155880 2.930880 -0.977882 0.209157
7431089.091792 -412227.114495 2.935159 -0.978768 0.204970
7431089.031128 -412227.053296 2.946950 -0.981117 0.193416
7431089.017424 -412227.108037 2.952706 -0.982214 0.187766
7431089.083591 -412227.393613 2.959360 -0.983442 0.181225
7431089.152403 -412227.614253 2.967185 -0.984829 0.173525
7431089.105278 -412227.611090 2.975099 -0.986172 0.165726
7431089.140945 -412227.774083 2.983607 -0.987546 0.157330
7431089.402349 -412228.236212 2.995452 -0.989340 0.145621
7431089.429833 -412228.304986 3.007345 -0.991002 0.133844
7431089.370131 -412228.330061 3.017564 -0.992318 0.123711
7431089.385353 -412228.439686 3.029761 -0.993753 0.111598
7431089.405073 -412228.552177 3.041984 -0.995043 0.099444
7431089.451721 -412228.673960 3.056435 -0.996376 0.085055
7431089.552540 -412228.771450 3.077923 -0.997974 0.063626
7431089.545111 -412228.841032 3.096138 -0.998967 0.045439
7431089.601823 -412229.007567 3.111142 -0.999536 0.030446
7431089.679183 -412229.198947 3.126726 -0.999889 0.014867
7431089.763916 -412229.410264 -3.139741 -0.999998 -0.001851
7431089.898581 -412229.575340 -3.118004 -0.999722 -0.023587
7431090.022295 -412229.735740 -3.097971 -0.999049 -0.043607
7431090.197342 -412229.838484 -3.071166 -0.997521 -0.070368
7431090.356958 -412229.985281 -3.050197 -0.995826 -0.091269
7431090.441510 -412230.147583 -3.032925 -0.994102 -0.108453
7431090.591747 -412230.103263 -2.994929 -0.989264 -0.146138
7431090.730310 -412230.269462 -2.975799 -0.986288 -0.165036
7431090.879002 -412230.429118 -2.955633 -0.982759 -0.184889
7431091.000558 -412230.640310 -2.939019 -0.979552 -0.201191
7431091.082329 -412230.777588 -2.921792 -0.975941 -0.218035
7431091.231533 -412230.910589 -2.900525 -0.971084 -0.238739
7431091.395142 -412230.809838 -2.854314 -0.959018 -0.283344
7431091.607372 -412230.816913 -2.818388 -0.948222 -0.317607
7431091.764388 -412230.935349 -2.796603 -0.941079 -0.338187
7431091.939855 -412230.791294 -2.750711 -0.924574 -0.381004
7431092.129218 -412230.673068 -2.703424 -0.905530 -0.424281
7431092.300612 -412230.793248 -2.683274 -0.896798 -0.442441
7431092.472072 -412230.864970 -2.659094 -0.885838 -0.463994
7431095.871646 -412235.031811 -2.651914 -0.882484 -0.470342
7431099.292695 -412238.685939 -2.642410 -0.877974 -0.478708
7431099.334874 -412238.441187 -2.597237 -0.855461 -0.517867
7431099.465964 -412238.624076 -2.583590 -0.848315 -0.529493
7431102.233981 -412242.097526 -2.577709 -0.845186 -0.534472
7431102.385373 -412242.151133 -2.557922 -0.834446 -0.551090
7431102.381023 -412242.097834 -2.514771 -0.809896 -0.586574
7431102.625606 -412242.220003 -2.500949 -0.801711 -0.597711
7431105.396546 -412244.557046 -2.492724 -0.796768 -0.604285
7431105.461799 -412244.627485 -2.479399 -0.788645 -0.614849
7431105.439738 -412244.569902 -2.444379 -0.766634 -0.642084
7431105.501586 -412244.652637 -2.433770 -0.759779 -0.650181
7431105.551665 -412244.698830 -2.417047 -0.748801 -0.662795
7431105.592288 -412244.723294 -2.399224 -0.736869 -0.676035
7431105.637770 -412244.745491 -2.383538 -0.726175 -0.687510
7431105.671135 -412244.741041 -2.365820 -0.713880 -0.700268
7431105.673987 -412244.865230 -2.358086 -0.708443 -0.705768
7431105.661410 -412244.813577 -2.338336 -0.694367 -0.719621
7431105.622935 -412244.814944 -2.327761 -0.686718 -0.726924
7431105.536364 -412244.818324 -2.313599 -0.676355 -0.736576
7431105.498221 -412244.848618 -2.305651 -0.670480 -0.741928
7431105.461669 -412244.843110 -2.295408 -0.662845 -0.748757
7431105.433739 -412244.859827 -2.289098 -0.658107 -0.752925
7431105.355930 -412244.933190 -2.284992 -0.655010 -0.755620
7431105.291727 -412244.988102 -2.279950 -0.651192 -0.758913
7431105.229501 -412245.037067 -2.273029 -0.645924 -0.763402
7431105.162366 -412245.095886 -2.266810 -0.641164 -0.767404
7431105.144297 -412245.153331 -2.259816 -0.635781 -0.771869
7431105.088389 -412245.149606 -2.247148 -0.625952 -0.779862
7431105.075371 -412245.183754 -2.237956 -0.618757 -0.785582
7431105.062319 -412245.250575 -2.231730 -0.613854 -0.789419
7431105.094471 -412245.292940 -2.223006 -0.606944 -0.794744
7431105.068347 -412245.351260 -2.211742 -0.597953 -0.801531
7431105.059659 -412245.399304 -2.200055 -0.588545 -0.808464
7431105.078392 -412245.411003 -2.185312 -0.576563 -0.817053
7431105.071856 -412245.474347 -2.174516 -0.567709 -0.823230
7431105.098205 -412245.573372 -2.165954 -0.560639 -0.828060
7431105.136610 -412245.557848 -2.145336 -0.543448 -0.839443
7431105.236195 -412245.520449 -2.120247 -0.522219 -0.852812
7431105.324576 -412245.447094 -2.094247 -0.499871 -0.866100
7431105.487494 -412245.503484 -2.080407 -0.487838 -0.872934
7431105.640382 -412245.495485 -2.059366 -0.469363 -0.883005
7431105.866713 -412245.522349 -2.046195 -0.457693 -0.889110
7431106.025343 -412245.606581 -2.033298 -0.446189 -0.894939
7431106.096973 -412245.691163 -2.020623 -0.434810 -0.900522
7431106.216343 -412245.657980 -1.994657 -0.411282 -0.911508
7431106.394642 -412245.690019 -1.978542 -0.396541 -0.918017
7431106.642283 -412245.699914 -1.959287 -0.378792 -0.925482
7431106.929544 -412245.719628 -1.941101 -0.361900 -0.932217
7431107.186026 -412245.749195 -1.921628 -0.343679 -0.939087
7431107.363040 -412245.746138 -1.897778 -0.321186 -0.947016
7431107.308658 -412245.720202 -1.849531 -0.275139 -0.961404
7431107.538426 -412245.844336 -1.828671 -0.255026 -0.966934
7431107.488140 -412245.791881 -1.777868 -0.205595 -0.978637
7431107.483702 -412245.926750 -1.723773 -0.152381 -0.988322
7431107.823706 -412245.956573 -1.711066 -0.139810 -0.990178
7431108.177558 -412245.915877 -1.693298 -0.122196 -0.992506
7431108.615617 -412245.771917 -1.672542 -0.101570 -0.994828
7431108.583305 -412245.864107 -1.606585 -0.035781 -0.999360
7431108.583707 -412246.053922 -1.538663 0.032128 -0.999484
7431108.898537 -412245.955677 -1.519532 0.051242 -0.998686
7431108.851881 -412245.968318 -1.446565 0.123913 -0.992293
7431108.829127 -412246.080274 -1.371026 0.198445 -0.980112
7431109.135856 -412245.969107 -1.346883 0.222047 -0.975036
7431109.065374 -412245.930460 -1.268392 0.297816 -0.954623
7431108.996987 -412245.864600 -1.187847 0.373658 -0.927566
7431108.989208 -412245.865867 -1.110411 0.444293 -0.895881
7431108.899563 -412245.780026 -1.029579 0.515179 -0.857082
7431109.123687 -412245.548522 -1.002779 0.537961 -0.842969
7431109.044258 -412245.387067 -0.934224 0.594442 -0.804138
7431109.261673 -412245.092424 -0.910656 0.613228 -0.789906
7431109.473273 -412244.749302 -0.886308 0.632277 -0.774743
7431109.511260 -412244.381470 -0.842228 0.665802 -0.746128
7431109.420901 -412244.443716 -0.758413 0.725929 -0.687770
7431109.591106 -412244.211125 -0.734340 0.742273 -0.670098
7431109.747480 -412243.980618 -0.711790 0.757194 -0.653190
7431109.867327 -412243.764969 -0.689362 0.771652 -0.636045
7431109.630313 -412243.513915 -0.623973 0.811563 -0.584264
7431109.652006 -412243.178182 -0.592969 0.829285 -0.558826
7431109.745316 -412243.002730 -0.571720 0.840971 -0.541079
7431109.848549 -412242.896150 -0.552856 0.851028 -0.525120
7431109.947092 -412242.760160 -0.536275 0.859618 -0.510938
7431110.004663 -412242.501067 -0.517774 0.868923 -0.494947
7431109.451373 -412242.275778 -0.465230 0.893719 -0.448628
7431109.429912 -412242.040281 -0.442273 0.903781 -0.427995
7431109.482005 -412241.806518 -0.427868 0.909853 -0.414932
7431109.509631 -412241.675400 -0.409839 0.917185 -0.398462
7431109.540246 -412241.473571 -0.395543 0.922788 -0.385309
7431109.585732 -412241.343783 -0.381396 0.928146 -0.372216
7431109.599027 -412241.163962 -0.367139 0.933358 -0.358946
7431109.663400 -412241.052617 -0.356545 0.937108 -0.349039
7431109.656995 -412240.994813 -0.339310 0.942985 -0.332836
7431109.649613 -412240.901988 -0.323486 0.948133 -0.317874
7431109.513647 -412240.941717 -0.294443 0.956964 -0.290207
7431109.532692 -412240.885347 -0.281245 0.960711 -0.277552
7431109.538218 -412240.797421 -0.268394 0.964198 -0.265183
7431109.567522 -412240.754035 -0.256638 0.967249 -0.253830
7431109.628078 -412240.771833 -0.246679 0.969729 -0.244185
7431109.680815 -412240.753378 -0.236987 0.972050 -0.234775
7431109.725368 -412240.805801 -0.219905 0.975918 -0.218137
7431109.582953 -412240.702560 -0.206600 0.978734 -0.205134
7431109.648363 -412240.745116 -0.198900 0.980285 -0.197591
7431109.664685 -412240.799938 -0.190518 0.981906 -0.189368
7431109.746090 -412240.862283 -0.185797 0.982789 -0.184729
7431109.880754 -412240.976274 -0.183246 0.983257 -0.182222
7431110.006930 -412241.104584 -0.182522 0.983389 -0.181511
7431110.147514 -412241.242392 -0.183736 0.983168 -0.182704
7431110.308075 -412241.387801 -0.185898 0.982771 -0.184829
7431110.442205 -412241.537478 -0.187459 0.982481 -0.186363
7431110.592779 -412241.683732 -0.189232 0.982149 -0.188104
7431110.740318 -412241.824889 -0.191426 0.981734 -0.190259
7431110.883030 -412241.964707 -0.192980 0.981437 -0.191785
7431111.045559 -412242.115460 -0.195049 0.981038 -0.193814
7431111.206690 -412242.311540 -0.196327 0.980790 -0.195068
7431111.346492 -412242.457935 -0.197761 0.980509 -0.196474
7431111.497166 -412242.618210 -0.198686 0.980327 -0.197381
7431111.635441 -412242.757883 -0.199649 0.980136 -0.198326
7431111.788205 -412242.910861 -0.201390 0.979789 -0.200032
7431111.937816 -412243.060674 -0.203274 0.979411 -0.201877
7431112.085811 -412243.202645 -0.205290 0.979002 -0.203851
7431112.234009 -412243.359291 -0.206223 0.978811 -0.204764
7431112.392961 -412243.510140 -0.208030 0.978440 -0.206533
7431112.541173 -412243.670370 -0.208200 0.978405 -0.206699
7431112.693754 -412243.816993 -0.208533 0.978336 -0.207025
7431112.838716 -412243.963300 -0.208460 0.978351 -0.206954
7431112.990787 -412244.114318 -0.208677 0.978306 -0.207166
7431113.154577 -412244.265903 -0.209834 0.978066 -0.208297
7431113.316633 -412244.413877 -0.210706 0.977883 -0.209151
7431113.473737 -412244.575955 -0.211349 0.977749 -0.209779
7431113.647179 -412244.741830 -0.212160 0.977578 -0.210572
7431113.812976 -412244.913784 -0.211899 0.977633 -0.210317
7431113.963968 -412245.067447 -0.211746 0.977665 -0.210167
7431114.136165 -412245.220322 -0.212594 0.977487 -0.210996
7431114.317583 -412245.395229 -0.212780 0.977448 -0.211178
7431114.469701 -412245.553426 -0.212170 0.977576 -0.210582
7431114.638229 -412245.705705 -0.212388 0.977530 -0.210795
7431114.813595 -412245.855713 -0.213215 0.977356 -0.211603
7431114.972347 -412246.010964 -0.213003 0.977401 -0.211396
7431115.133318 -412246.172672 -0.212397 0.977528 -0.210803
7431115.293251 -412246.322652 -0.211951 0.977622 -0.210368
7431115.457440 -412246.484746 -0.210656 0.977894 -0.209101
7431115.616718 -412246.641112 -0.209074 0.978224 -0.207554
7431115.768972 -412246.802881 -0.206192 0.978818 -0.204734
7431115.915062 -412246.965019 -0.203611 0.979343 -0.202207
7431116.070488 -412247.135524 -0.201794 0.979709 -0.200427
7431116.234932 -412247.279771 -0.201263 0.979815 -0.199907
7431116.379028 -412247.433781 -0.199983 0.980070 -0.198652
7431116.547579 -412247.601472 -0.198659 0.980332 -0.197355
7431116.708665 -412247.760884 -0.197136 0.980631 -0.195862
7431116.890182 -412247.936950 -0.196023 0.980849 -0.194770
7431117.051815 -412248.117734 -0.194280 0.981187 -0.193061
7431117.209492 -412248.284448 -0.192869 0.981458 -0.191676
7431117.391558 -412248.453973 -0.191755 0.981671 -0.190582
7431117.574901 -412248.613384 -0.191318 0.981755 -0.190153
7431117.733568 -412248.782089 -0.190313 0.981945 -0.189166
7431117.904041 -412248.942662 -0.189437 0.982110 -0.188306
7431118.086864 -412249.104450 -0.189426 0.982112 -0.188295
7431118.268765 -412249.279839 -0.189207 0.982154 -0.188080
7431118.452250 -412249.464695 -0.188969 0.982198 -0.187846
7431118.619597 -412249.639102 -0.188536 0.982280 -0.187421
7431118.815900 -412249.833433 -0.188170 0.982348 -0.187061
7431118.992930 -412250.009695 -0.188317 0.982321 -0.187206
7431119.180552 -412250.186225 -0.188472 0.982292 -0.187358
7431119.342689 -412250.343607 -0.188519 0.982283 -0.187404
7431119.502287 -412250.512865 -0.188204 0.982342 -0.187094
7431119.662701 -412250.670270 -0.188785 0.982233 -0.187666
7431119.831124 -412250.830201 -0.189425 0.982113 -0.188295
7431119.988484 -412250.990445 -0.189452 0.982108 -0.188320
7431120.159616 -412251.152404 -0.189364 0.982124 -0.188235
7431120.325338 -412251.304938 -0.190258 0.981955 -0.189112
7431120.499162 -412251.461697 -0.191378 0.981743 -0.190212
7431120.664939 -412251.632262 -0.191300 0.981758 -0.190135
7431120.844925 -412251.801277 -0.191232 0.981771 -0.190068
7431121.028441 -412251.966260 -0.190300 0.981948 -0.189153
7431121.216849 -412252.128102 -0.190464 0.981916 -0.189315
7431121.390683 -412252.273240 -0.191567 0.981707 -0.190397
7431121.552339 -412252.427115 -0.191710 0.981680 -0.190538
7431121.724907 -412252.583956 -0.191805 0.981662 -0.190631
7431121.895563 -412252.741250 -0.191185 0.981780 -0.190022
7431122.057370 -412252.893826 -0.191278 0.981762 -0.190114
7431122.220111 -412253.046340 -0.191385 0.981742 -0.190219
7431122.381242 -412253.191407 -0.191980 0.981628 -0.190803
7431122.536226 -412253.342387 -0.192408 0.981547 -0.191223
7431122.685690 -412253.490230 -0.193342 0.981368 -0.192140
7431122.844481 -412253.641089 -0.194825 0.981082 -0.193595
7431122.993544 -412253.779770 -0.196235 0.980808 -0.194978
7431123.156439 -412253.931291 -0.197548 0.980551 -0.196265
7431123.321711 -412254.084440 -0.199199 0.980225 -0.197884
7431123.460060 -412254.230246 -0.200374 0.979992 -0.199036
7431123.605489 -412254.369559 -0.201776 0.979712 -0.200410
7431123.741587 -412254.520082 -0.202023 0.979663 -0.200651
7431123.880418 -412254.662047 -0.202904 0.979485 -0.201515
7431124.014799 -412254.791067 -0.204792 0.979103 -0.203364
7431124.146845 -412254.928735 -0.204995 0.979062 -0.203562
7431124.295538 -412255.062023 -0.205656 0.978927 -0.204209
7431124.434206 -412255.203817 -0.205984 0.978860 -0.204530
7431124.544009 -412255.328260 -0.206067 0.978843 -0.204611
7431124.662948 -412255.447894 -0.206602 0.978734 -0.205135
7431124.791182 -412255.572538 -0.207115 0.978628 -0.205638
7431124.907342 -412255.697039 -0.207263 0.978598 -0.205782
7431125.026714 -412255.816090 -0.207823 0.978482 -0.206331
7431125.138031 -412255.936427 -0.208293 0.978385 -0.206790
7431125.250920 -412256.050322 -0.208300 0.978384 -0.206797
7431125.367936 -412256.168278 -0.208084 0.978428 -0.206586
7431125.483988 -412256.286885 -0.208652 0.978311 -0.207141
7431125.598493 -412256.405095 -0.208686 0.978304 -0.207175
7431125.725922 -412256.521854 -0.209037 0.978231 -0.207517
7431125.866721 -412256.639298 -0.209228 0.978192 -0.207704
7431125.964131 -412256.761741 -0.207505 0.978548 -0.206019
7431126.079154 -412256.869568 -0.206669 0.978720 -0.205201
7431126.192556 -412256.966468 -0.205643 0.978930 -0.204197
7431126.294446 -412257.064101 -0.203214 0.979423 -0.201818
7431126.390315 -412257.155259 -0.201949 0.979678 -0.200579
7431126.486389 -412257.247282 -0.201087 0.979850 -0.199735
7431126.586275 -412257.338425 -0.199742 0.980118 -0.198417
7431126.678868 -412257.430253 -0.198545 0.980355 -0.197243
7431126.772584 -412257.524001 -0.197901 0.980481 -0.196612
7431126.860569 -412257.614976 -0.197330 0.980594 -0.196052
7431126.947964 -412257.711335 -0.196446 0.980766 -0.195185
7431127.046905 -412257.805320 -0.195909 0.980871 -0.194658
7431127.141647 -412257.892506 -0.195137 0.981021 -0.193901
7431127.228266 -412257.982413 -0.193734 0.981292 -0.192525
7431127.317389 -412258.060121 -0.192165 0.981593 -0.190984
7431127.409100 -412258.137651 -0.190801 0.981853 -0.189645
7431127.499695 -412258.219173 -0.188705 0.982248 -0.187587
7431127.592172 -412258.289514 -0.186441 0.982670 -0.185363
7431127.679596 -412258.361473 -0.183444 0.983221 -0.182417
7431127.766648 -412258.442099 -0.179808 0.983878 -0.178841
7431127.850807 -412258.521019 -0.175805 0.984586 -0.174901
7431127.911876 -412258.598254 -0.171764 0.985285 -0.170921
7431127.998624 -412258.664355 -0.168557 0.985828 -0.167760
7431128.068244 -412258.728024 -0.164597 0.986484 -0.163855
7431128.146067 -412258.796083 -0.160303 0.987179 -0.159617
7431128.193830 -412258.849510 -0.155725 0.987899 -0.155096
7431128.225141 -412258.916710 -0.148893 0.988936 -0.148344
7431128.272789 -412258.974056 -0.142881 0.989810 -0.142395
7431128.339948 -412259.022883 -0.136817 0.990655 -0.136391
7431128.388279 -412259.078427 -0.129769 0.991592 -0.129405
7431128.437072 -412259.121001 -0.122613 0.992492 -0.122306
7431128.467702 -412259.156263 -0.113313 0.993587 -0.113071
7431128.491508 -412259.182860 -0.103218 0.994678 -0.103034
7431128.487070 -412259.154947 -0.092939 0.995684 -0.092805
7431128.506978 -412259.160717 -0.080583 0.996755 -0.080495
7431128.448020 -412259.085717 -0.067255 0.997739 -0.067205
7431128.490338 -412259.088244 -0.055523 0.998459 -0.055494
7431128.459862 -412259.038157 -0.041786 0.999127 -0.041774
7431128.488978 -412259.001123 -0.029283 0.999571 -0.029279
7431128.474026 -412258.947724 -0.014401 0.999896 -0.014400
7431128.466789 -412258.892899 0.000562 1.000000 0.000562
7431128.409921 -412258.790182 0.017979 0.999838 0.017978
7431128.423046 -412258.670289 0.029690 0.999559 0.029685
7431128.438801 -412258.618296 0.044363 0.999016 0.044348
7431128.378566 -412258.538702 0.062843 0.998026 0.062802
7431128.327694 -412258.401511 0.079648 0.996830 0.079564
7431128.258619 -412258.242204 0.096280 0.995369 0.096131
7431128.104132 -412258.003575 0.114950 0.993401 0.114697
7431128.050903 -412257.919257 0.134835 0.990924 0.134427
7431127.910715 -412257.699327 0.151872 0.988490 0.151289
7431127.742781 -412257.485323 0.171427 0.985342 0.170589
7431127.638152 -412257.303422 0.189852 0.982032 0.188714
7431127.552710 -412257.085836 0.205125 0.979035 0.203690
7431125.641052 -412255.458096 0.226597 0.974437 0.224663
7431125.620110 -412255.593122 0.274178 0.962648 0.270755
7431124.619508 -412254.810379 0.295758 0.956581 0.291465
7431124.500222 -412254.692383 0.319722 0.949323 0.314303
7431124.294365 -412254.624745 0.351732 0.938778 0.344524
7431124.048722 -412254.366364 0.372078 0.931574 0.363552
7431123.929862 -412254.223250 0.394012 0.923376 0.383897
7431123.883556 -412254.016288 0.412275 0.916212 0.400695
7431123.566532 -412253.833997 0.435061 0.906844 0.421465
7431123.438475 -412253.802642 0.465343 0.893668 0.448729
7431123.408767 -412253.930058 0.519703 0.867967 0.496622
7431123.465344 -412254.012791 0.579189 0.836907 0.547346
7431123.326370 -412253.976977 0.606796 0.821479 0.570238
7431123.252063 -412253.834727 0.626698 0.809969 0.586473
7431123.309748 -412253.886180 0.690930 0.770654 0.637254
7431123.004030 -412253.483985 0.706034 0.760941 0.648821
7431122.690897 -412253.153724 0.724527 0.748813 0.662782
7431122.076170 -412253.067176 0.755435 0.727973 0.685605
7431121.508119 -412252.960098 0.782575 0.709100 0.705108
7431121.125963 -412253.267184 0.837274 0.669490 0.742821
7431121.223149 -412253.199871 0.899969 0.621634 0.783308
7431120.899649 -412252.993696 0.921171 0.604888 0.796311
7431120.537975 -412252.738330 0.934375 0.594321 0.804228
7431120.511444 -412252.904674 0.988218 0.550178 0.835047
7431120.395132 -412252.833254 1.009437 0.532338 0.846532
7431120.049946 -412252.706793 1.024113 0.519857 0.854253
7431119.786062 -412252.603397 1.040026 0.506198 0.862417
7431119.534120 -412252.502190 1.054365 0.493780 0.869587
7431119.350590 -412252.391238 1.066195 0.483458 0.875367
7431119.163675 -412252.285854 1.077033 0.473943 0.880555
7431118.883657 -412252.255446 1.090815 0.461763 0.887003
7431118.652934 -412252.234021 1.104513 0.449570 0.893245
7431118.512135 -412252.180286 1.116684 0.438665 0.898651
7431118.490990 -412252.113551 1.127992 0.428475 0.903553
7431118.482457 -412252.036467 1.138272 0.419164 0.907911
7431118.376906 -412252.074671 1.154631 0.404256 0.914646
7431118.483095 -412252.055774 1.184304 0.376942 0.926237
7431118.484640 -412251.991112 1.194547 0.367435 0.930049
7431118.408411 -412251.924273 1.204344 0.358306 0.933604
7431118.385646 -412251.901415 1.219920 0.343721 0.939072
7431118.305252 -412251.917954 1.236853 0.327771 0.944757
7431118.254505 -412251.802735 1.247859 0.317354 0.948307
7431118.155901 -412251.682322 1.258916 0.306849 0.951758
7431118.141678 -412251.610863 1.272799 0.293606 0.955926
7431117.763787 -412251.871805 1.298643 0.268806 0.963194
7431117.661908 -412251.836015 1.314183 0.253806 0.967255
7431117.552575 -412251.822571 1.330338 0.238148 0.971229
7431117.469844 -412251.797962 1.346745 0.222181 0.975005
7431117.379447 -412251.806089 1.364315 0.205017 0.978758
7431117.103810 -412252.114944 1.397117 0.172807 0.984956
7431116.834368 -412252.199861 1.415117 0.155051 0.987906
7431116.731365 -412252.138754 1.429439 0.140887 0.990026
7431116.482667 -412252.142746 1.443490 0.126963 0.991907
7431116.568821 -412252.237643 1.493115 0.077603 0.996984
7431116.360823 -412252.241050 1.508648 0.062108 0.998069
7431116.231034 -412252.309167 1.536648 0.034141 0.999417
7431114.836967 -412253.733071 1.563575 0.007221 0.999974
7431114.151634 -412254.045797 1.582430 -0.011633 0.999932
7431113.025241 -412254.403740 1.596362 -0.025563 0.999673
7431112.574235 -412254.583304 1.618302 -0.047487 0.998872
7431112.299873 -412255.205870 1.664582 -0.093648 0.995605
7431111.783163 -412255.504418 1.685642 -0.114593 0.993412
7431111.769754 -412255.330785 1.753535 -0.181723 0.983350
7431111.199723 -412256.201447 1.787245 -0.214762 0.976666
7431110.900750 -412256.419615 1.810602 -0.237514 0.971384
7431110.986648 -412256.672374 1.881138 -0.305384 0.952229
7431111.161904 -412256.808352 1.959322 -0.378825 0.925468
7431110.861815 -412257.012550 1.979448 -0.397372 0.917658
7431110.660918 -412256.783106 2.047562 -0.458908 0.888484
7431110.593500 -412256.548589 2.124004 -0.525419 0.850844
7431110.692545 -412256.880169 2.176043 -0.568965 0.822362
7431110.740583 -412256.884979 2.248536 -0.627034 0.778992
7431111.166798 -412257.187942 2.321431 -0.682103 0.731256
7431110.822272 -412257.553318 2.340105 -0.695639 0.718391
7431110.618925 -412258.002724 2.362913 -0.711842 0.702340
7431110.503886 -412258.554148 2.387692 -0.729024 0.684488
7431110.614215 -412258.657798 2.452608 -0.771892 0.635754
7431110.441530 -412258.823968 2.471206 -0.783581 0.621289
7431110.589900 -412258.993277 2.533833 -0.820930 0.571029
7431110.602654 -412259.063572 2.599819 -0.856796 0.515656
7431110.638762 -412259.482508 2.635312 -0.874554 0.484928
7431110.489586 -412259.980637 2.651222 -0.882158 0.470953
7431110.826656 -412260.045072 2.706600 -0.906873 0.421404
7431110.947757 -412259.992672 2.762272 -0.928916 0.370290
7431111.503686 -412260.156117 2.819696 -0.948637 0.316366
7431111.510559 -412260.415666 2.842667 -0.955653 0.294494
7431111.596424 -412260.793942 2.867147 -0.962576 0.271014
7431111.560358 -412261.051924 2.885414 -0.967365 0.253386
7431111.484208 -412261.341647 2.897675 -0.970399 0.241506
7431111.926050 -412262.121877 2.921055 -0.975780 0.218754
7431112.186838 -412262.359846 2.956635 -0.982944 0.183904
7431112.162322 -412262.523190 2.970868 -0.985462 0.169897
7431112.316878 -412262.729040 2.996012 -0.989422 0.145067
7431112.522136 -412262.776943 3.032070 -0.994008 0.109304
7431112.611799 -412262.965907 3.051046 -0.995903 0.090423
7431112.901458 -412263.593746 3.063041 -0.996916 0.078471
7431112.857006 -412263.713373 3.072482 -0.997613 0.069056
7431112.955077 -412264.060767 3.082274 -0.998241 0.059284
7431113.236587 -412264.393697 3.096666 -0.998991 0.044911
7431113.253066 -412264.515888 3.107786 -0.999429 0.033800
7431113.368216 -412264.918564 3.115159 -0.999651 0.026431
7431113.371916 -412265.136142 3.120842 -0.999785 0.020749
7431113.398376 -412265.087523 3.140822 -1.000000 0.000770
7431113.392118 -412265.136321 -3.132570 -0.999959 -0.009023
7431113.397024 -412265.207100 -3.123337 -0.999833 -0.018255
7431113.464221 -412265.326974 -3.114409 -0.999631 -0.027181
7431113.393764 -412265.323203 -3.107251 -0.999410 -0.034335
7431113.369732 -412265.281060 -3.095395 -0.998933 -0.046181
7431113.342838 -412265.310477 -3.087520 -0.998538 -0.054047
7431113.284238 -412265.258886 -3.078582 -0.998015 -0.062969
7431113.267029 -412265.328404 -3.073723 -0.997698 -0.067818
7431113.177626 -412265.307614 -3.068576 -0.997335 -0.072952
7431113.128010 -412265.302198 -3.062982 -0.996912 -0.078530
7431112.996637 -412265.218944 -3.056817 -0.996409 -0.084674
7431112.928516 -412265.148771 -3.050939 -0.995894 -0.090529
7431112.811031 -412265.086453 -3.046160 -0.995450 -0.095288
7431112.707113 -412265.037322 -3.042734 -0.995118 -0.098697
7431112.557803 -412264.956112 -3.039351 -0.994778 -0.102063
7431112.429097 -412264.894282 -3.037192 -0.994555 -0.104211
7431112.276027 -412264.824253 -3.035075 -0.994332 -0.106317
7431112.123905 -412264.749749 -3.032366 -0.994041 -0.109010
7431111.966246 -412264.683113 -3.030264 -0.993809 -0.111099
7431111.806382 -412264.609299 -3.028319 -0.993591 -0.113031
7431111.664579 -412264.556294 -3.027179 -0.993462 -0.114164
7431111.526025 -412264.493717 -3.025556 -0.993275 -0.115777
7431111.359020 -412264.430265 -3.025421 -0.993260 -0.115911
7431111.202259 -412264.356834 -3.025009 -0.993212 -0.116320
7431111.023095 -412264.281419 -3.024798 -0.993187 -0.116529
7431110.840822 -412264.201806 -3.025008 -0.993212 -0.116321
7431110.675943 -412264.122966 -3.025204 -0.993234 -0.116126
7431110.515086 -412264.040504 -3.024982 -0.993209 -0.116347
7431110.353982 -412263.967908 -3.025298 -0.993245 -0.116032
7431110.191050 -412263.884693 -3.025109 -0.993223 -0.116220
7431110.026168 -412263.801125 -3.025555 -0.993275 -0.115778
7431109.853200 -412263.724297 -3.026898 -0.993430 -0.114443
7431109.696831 -412263.651987 -3.027242 -0.993469 -0.114102
7431109.522493 -412263.557258 -3.027527 -0.993502 -0.113818
7431109.358850 -412263.472235 -3.028168 -0.993574 -0.113181
7431109.190217 -412263.380922 -3.028637 -0.993627 -0.112715
7431109.002846 -412263.289710 -3.029590 -0.993734 -0.111769
7431108.811758 -412263.200446 -3.031929 -0.993993 -0.109444
7431108.616852 -412263.091232 -3.033980 -0.994215 -0.107405
7431108.417389 -412262.972313 -3.036157 -0.994447 -0.105240
7431108.202715 -412262.852145 -3.040603 -0.994905 -0.100818
7431107.969191 -412262.672209 -3.043738 -0.995216 -0.097699
7431107.730137 -412262.493940 -3.048474 -0.995668 -0.092984
7431107.547846 -412262.330288 -3.051812 -0.995972 -0.089660
7431107.334750 -412262.157599 -3.056586 -0.996389 -0.084905
7431107.098672 -412261.852967 -3.059716 -0.996650 -0.081785
7431106.661720 -412261.592887 -3.073513 -0.997683 -0.068027
7431106.370911 -412261.256184 -3.079261 -0.998058 -0.062291
7431105.932295 -412261.144604 -3.099981 -0.999134 -0.041599
7431105.553841 -412260.637747 -3.106012 -0.999367 -0.035574
7431105.232230 -412260.440239 -3.125783 -0.999875 -0.015809
7431104.955867 -412260.118410 -3.133825 -0.999970 -0.007768
7431104.738157 -412259.869237 3.141224 -1.000000 0.000369
7431104.508603 -412259.594675 3.132614 -0.999960 0.008979
7431104.273438 -412259.359785 3.122049 -0.999809 0.019542
7431104.047085 -412259.110125 3.112427 -0.999575 0.029161
7431103.820494 -412258.805077 3.104738 -0.999321 0.036846
7431103.474342 -412258.752336 3.078395 -0.998004 0.063155
7431103.243439 -412258.423503 3.070429 -0.997469 0.071104
7431102.991042 -412257.914730 3.065626 -0.997116 0.075894
7431102.775663 -412257.605108 3.057911 -0.996501 0.083584
7431102.593030 -412257.332672 3.049871 -0.995797 0.091593
7431102.383473 -412257.103338 3.037471 -0.994584 0.103933
7431102.220138 -412256.882889 3.029549 -0.993730 0.111809
7431102.029325 -412256.641929 3.020022 -0.992619 0.121271
7431101.863250 -412256.445520 3.010935 -0.991476 0.130286
7431101.703239 -412256.232914 3.003598 -0.990494 0.137557
7431101.561368 -412256.026655 2.996933 -0.989555 0.144155
7431101.420888 -412255.829597 2.990462 -0.988601 0.150556
7431101.286327 -412255.677594 2.983794 -0.987576 0.157144
7431101.131397 -412255.468636 2.977376 -0.986547 0.163479
7431100.986700 -412255.257482 2.971717 -0.985606 0.169060
7431100.846711 -412255.068114 2.966351 -0.984684 0.174346
7431100.714221 -412254.897305 2.960825 -0.983706 0.179785
7431100.579998 -412254.741284 2.955447 -0.982725 0.185073
7431100.457323 -412254.590272 2.951207 -0.981931 0.189237
7431100.330760 -412254.434881 2.947518 -0.981227 0.192859
7431100.222408 -412254.286388 2.944346 -0.980610 0.195970
7431100.111221 -412254.144258 2.941724 -0.980093 0.198540
7431099.990735 -412253.999795 2.939633 -0.979675 0.200589
7431099.874485 -412253.882254 2.938265 -0.979400 0.201929
7431099.768604 -412253.772062 2.938895 -0.979527 0.201312
7431099.665266 -412253.671660 2.941752 -0.980098 0.198513
7431099.577404 -412253.581004 2.946898 -0.981107 0.193467
7431099.491428 -412253.476950 2.954759 -0.982597 0.185748
7431099.422594 -412253.405594 2.962895 -0.984076 0.177748
7431099.345051 -412253.316069 2.973354 -0.985881 0.167446
7431099.310732 -412253.249138 2.986536 -0.988003 0.154436
7431099.260573 -412253.187402 2.999395 -0.989907 0.141719
7431099.203403 -412253.142862 3.010098 -0.991367 0.131116
7431099.148384 -412253.078437 3.023637 -0.993051 0.117682
7431099.116859 -412253.021416 3.036788 -0.994513 0.104613
7431099.071803 -412253.033386 3.045935 -0.995428 0.095512
7431099.026373 -412252.955416 3.063577 -0.996958 0.077937
7431099.000714 -412253.015299 3.072055 -0.997583 0.069482
7431098.914119 -412252.921269 3.088457 -0.998589 0.053111
7431098.847861 -412252.871162 3.100053 -0.999137 0.041528
7431098.802408 -412252.770826 3.120706 -0.999782 0.020885
7431098.736594 -412252.747976 3.130538 -0.999939 0.011055
7431098.725297 -412252.680505 -3.132271 -0.999957 -0.009322
7431098.703183 -412252.608261 -3.112626 -0.999581 -0.028962
7431098.619948 -412252.536222 -3.089589 -0.998648 -0.051980
7431098.639123 -412252.570182 -3.076574 -0.997887 -0.064973
7431098.602703 -412252.655888 -3.070364 -0.997464 -0.071168
7431098.560564 -412252.736928 -3.064135 -0.997002 -0.077380
7431098.512005 -412252.671801 -3.042472 -0.995092 -0.098958
7431098.501120 -412252.740400 -3.034605 -0.994282 -0.106784
7431098.458178 -412252.825285 -3.028828 -0.993649 -0.112526
7431098.447634 -412252.883585 -3.021301 -0.992774 -0.120002
7431098.452969 -412252.912263 -3.010511 -0.991421 -0.130707
7431098.463193 -412252.962006 -3.000632 -0.990081 -0.140494
7431098.449643 -412252.986221 -2.991423 -0.988746 -0.149606
7431098.441822 -412252.972053 -2.978809 -0.986780 -0.162066
7431098.428451 -412253.042485 -2.972699 -0.985771 -0.168092
7431098.412632 -412253.057885 -2.963574 -0.984197 -0.177080
7431098.392572 -412253.088679 -2.953821 -0.982423 -0.186670
7431098.370851 -412253.059795 -2.941258 -0.980000 -0.198998
7431098.368152 -412253.127325 -2.935903 -0.978920 -0.204242
7431098.375474 -412253.177158 -2.929690 -0.977632 -0.210321
7431098.373533 -412253.195404 -2.921013 -0.975771 -0.218795
7431098.348737 -412253.217289 -2.913098 -0.974009 -0.226511
7431098.334658 -412253.248270 -2.907451 -0.972714 -0.232008
7431098.332044 -412253.301389 -2.903506 -0.971791 -0.235843
7431098.327834 -412253.334544 -2.899290 -0.970788 -0.239938
7431098.309620 -412253.343395 -2.894110 -0.969532 -0.244964
7431098.286144 -412253.356529 -2.890559 -0.968656 -0.248406
7431098.258896 -412253.370199 -2.886747 -0.967702 -0.252096
7431098.236402 -412253.386900 -2.883974 -0.966999 -0.254779
7431098.216390 -412253.394410 -2.881224 -0.966295 -0.257436
7431098.203576 -412253.385790 -2.877538 -0.965340 -0.260996
7431098.179672 -412253.389708 -2.875736 -0.964868 -0.262736
7431098.157307 -412253.384353 -2.873542 -0.964289 -0.264852
7431098.135343 -412253.378585 -2.872101 -0.963906 -0.266242
7431098.117955 -412253.375360 -2.870834 -0.963568 -0.267462
7431098.099607 -412253.372897 -2.870098 -0.963371 -0.268171
7431098.082897 -412253.369677 -2.869753 -0.963279 -0.268504
7431098.054582 -412253.360917 -2.869569 -0.963229 -0.268681
7431098.033473 -412253.355785 -2.870103 -0.963372 -0.268167
7431098.030961 -412253.357185 -2.870224 -0.963405 -0.268051
7431098.046019 -412253.368648 -2.870352 -0.963439 -0.267927
7431098.044680 -412253.369669 -2.870391 -0.963450 -0.267890
7431098.042992 -412253.369703 -2.870294 -0.963424 -0.267983
7431098.041372 -412253.370157 -2.870210 -0.963401 -0.268063
7431098.040207 -412253.371038 -2.870267 -0.963416 -0.268009
7431098.038891 -412253.370812 -2.870290 -0.963423 -0.267987
7431098.037653 -412253.371272 -2.870305 -0.963427 -0.267973
7431098.035710 -412253.373154 -2.870407 -0.963454 -0.267874
7431098.035066 -412253.373266 -2.870414 -0.963456 -0.267867
7431098.033383 -412253.373560 -2.870445 -0.963464 -0.267837
7431098.031794 -412253.373012 -2.870311 -0.963428 -0.267966
