7989969.287000	-205108.289000	-1.817348	2.777778	0.000000	1642785408.625570	
7989969.164000	-205108.779000	-1.817084	2.777778	0.001369	1642785408.807443	
7989969.043000	-205109.256000	-1.819860	2.777778	-0.014806	1642785408.984601	
7989968.921000	-205109.730000	-1.825764	2.777778	-0.031651	1642785409.160803	
7989968.794000	-205110.209000	-1.835014	2.777778	-0.048961	1642785409.339201	
7989968.660000	-205110.694000	-1.847922	2.777778	-0.067239	1642785409.520343	
7989968.522000	-205111.164000	-1.863991	2.777778	-0.085899	1642785409.696686	
7989968.374000	-205111.639000	-1.883932	2.777778	-0.104823	1642785409.875794	
7989968.216000	-205112.109000	-1.907376	2.777778	-0.123485	1642785410.054299	
7989968.046000	-205112.573000	-1.934370	2.777778	-0.142422	1642785410.232197	
7989967.864000	-205113.032000	-1.964896	2.777778	-0.160881	1642785410.409953	
7989967.667000	-205113.484000	-1.998751	2.777778	-0.178323	1642785410.587456	
7989967.454000	-205113.929000	-2.028993	2.777778	-0.159545	1642785410.765062	
7989967.179000	-205114.537000	-2.024725	2.777778	0.016791	1642785411.005290	
7989966.934000	-205115.091000	-2.025367	2.777778	-0.002784	1642785411.223362	
7989966.672000	-205115.634000	-2.031831	2.777778	-0.028136	1642785411.440408	
7989966.464000	-205116.164000	-2.032845	2.777778	-0.004677	1642785411.645375	
7989966.222000	-205116.607000	-2.034417	2.777778	-0.008171	1642785411.827100	
7989965.981000	-205117.076000	-2.033214	2.777778	0.005988	1642785412.016927	
7989965.766000	-205117.566000	-2.035079	2.777778	-0.009148	1642785412.209560	
7989965.512000	-205118.093000	-2.033509	2.777778	0.007046	1642785412.420166	
7989965.239000	-205118.733000	-2.038916	2.777778	-0.020400	1642785412.670652	
7989965.020000	-205119.214000	-2.041466	2.777778	-0.012661	1642785412.860915	
7989964.776000	-205119.747000	-2.040381	2.777778	0.004859	1642785413.071945	
7989964.544000	-205120.226000	-2.041382	2.777778	-0.004937	1642785413.263547	
7989964.260000	-205120.757000	-2.040682	2.777778	0.003052	1642785413.480331	
7989964.021000	-205121.266000	-2.044353	2.777778	-0.017135	1642785413.682765	
7989963.751000	-205121.784000	-2.045298	2.777778	-0.004248	1642785413.893057	
7989963.468000	-205122.400000	-2.042559	2.777778	0.010607	1642785414.137100	
7989963.197000	-205122.967000	-2.049736	2.777778	-0.029970	1642785414.363337	
7989962.905000	-205123.550000	-2.051917	2.777778	-0.008781	1642785414.598070	
7989962.603000	-205124.175000	-2.056301	2.777778	-0.016576	1642785414.847960	
7989962.380000	-205124.627000	-2.059680	2.777778	-0.017598	1642785415.029406	
7989962.096000	-205125.163000	-2.059133	2.777778	0.002368	1642785415.247779	
7989961.823000	-205125.750000	-2.059858	2.777778	-0.002940	1642785415.480835	
7989961.595000	-205126.174000	-2.063824	2.777778	-0.021623	1642785415.654144	
7989961.373000	-205126.590000	-2.059534	2.777778	0.023877	1642785415.823895	
7989961.155000	-205127.020000	-2.030037	2.777778	0.159251	1642785415.997452	
7989960.936000	-205127.450000	-2.067155	2.777778	-0.199238	1642785416.171173	
7989960.606000	-205128.047000	-2.070390	2.777778	-0.012448	1642785416.416741	
7989960.281000	-205128.694000	-2.075744	2.777778	-0.019407	1642785416.677396	
7989960.019000	-205129.164000	-2.074846	2.777778	0.004378	1642785416.871109	
7989959.767000	-205129.630000	-2.074187	2.777778	0.003265	1642785417.061828	
7989959.489000	-205130.118000	-2.072210	2.777778	0.009241	1642785417.264014	
7989959.289000	-205130.458000	-2.116076	2.777778	-0.284022	1642785417.406021	
7989959.090000	-205130.797000	-2.068994	2.777778	0.304619	1642785417.547534	
7989958.863000	-205131.272000	-2.069527	2.777778	-0.002657	1642785417.737057	
7989958.647000	-205131.746000	-2.071878	2.777778	-0.011845	1642785417.924580	
7989958.430000	-205132.215000	-2.072392	2.777778	-0.002611	1642785418.110617	
7989958.167000	-205132.651000	-2.077622	2.777778	-0.026955	1642785418.293922	
7989957.933000	-205133.093000	-2.075772	2.777778	0.009706	1642785418.473965	
7989957.678000	-205133.543000	-2.078743	2.777778	-0.015074	1642785418.660167	
7989957.443000	-205133.965000	-2.082623	2.777778	-0.021085	1642785418.834054	
7989957.216000	-205134.368000	-2.082737	2.777778	-0.000648	1642785419.000567	
7989956.918000	-205135.030000	-2.081885	2.777778	0.003082	1642785419.261920	
7989956.731000	-205135.374000	-2.060593	2.777778	0.141790	1642785419.402875	
7989956.544000	-205135.719000	-2.080505	2.777778	-0.132419	1642785419.544146	
7989956.205000	-205136.386000	-2.084289	2.777778	-0.013276	1642785419.813500	
7989955.889000	-205136.872000	-2.087986	2.777778	-0.016740	1642785420.022192	
7989955.647000	-205137.314000	-2.084535	2.777778	0.017978	1642785420.203600	
7989955.371000	-205137.787000	-2.088643	2.777778	-0.019690	1642785420.400749	
7989955.115000	-205138.310000	-2.091108	2.777778	-0.011112	1642785420.610375	
7989954.881000	-205138.763000	-2.089112	2.777778	0.010278	1642785420.793927	
7989954.607000	-205139.260000	-2.092521	2.777778	-0.015767	1642785420.998236	
7989954.418000	-205139.601000	-2.071526	2.777778	0.140425	1642785421.138591	
7989954.233000	-205139.933000	-2.090689	2.777778	-0.131590	1642785421.275414	
7989953.955000	-205140.425000	-2.093440	2.777778	-0.012776	1642785421.478853	
7989953.680000	-205140.904000	-2.095110	2.777778	-0.007935	1642785421.677691	
7989953.394000	-205141.441000	-2.092542	2.777778	0.011076	1642785421.896720	
7989953.097000	-205141.985000	-2.093820	2.777778	-0.005413	1642785422.119846	
7989952.815000	-205142.503000	-2.095025	2.777778	-0.005361	1642785422.332169	
7989952.513000	-205143.039000	-2.095542	2.777778	-0.002206	1642785422.553649	
7989952.212000	-205143.548000	-2.096281	2.777778	-0.003281	1642785422.766531	
7989952.005000	-205143.906000	-2.094425	2.777778	0.011785	1642785422.915405	
7989951.804000	-205144.255000	-2.093711	2.777778	0.004651	1642785423.060392	
7989951.499000	-205144.788000	-2.094811	2.777778	-0.004700	1642785423.281467	
7989951.198000	-205145.305000	-2.093847	2.777778	0.004226	1642785423.496833	
7989950.895000	-205145.879000	-2.095955	2.777778	-0.008524	1642785423.730496	
7989950.531000	-205146.513000	-2.098546	2.777778	-0.009301	1642785423.993679	
7989950.254000	-205147.024000	-2.102896	2.777778	-0.019646	1642785424.202928	
7989949.850000	-205147.648000	-2.101312	2.777778	0.005594	1642785424.470540	
7989949.549000	-205148.146000	-2.101740	2.777778	-0.001932	1642785424.680023	
7989949.220000	-205148.676000	-2.102683	2.777778	-0.003965	1642785424.904595	
7989948.855000	-205149.258000	-2.100449	2.777778	0.008535	1642785425.151910	
7989948.575000	-205149.682000	-2.100498	2.777778	-0.000251	1642785425.334829	
7989948.297000	-205150.217000	-2.095582	2.777778	0.021400	1642785425.551879	
7989948.000000	-205150.779000	-2.088413	2.777778	0.029596	1642785425.780714	
7989947.795000	-205151.139000	-2.091313	2.777778	-0.018374	1642785425.929854	
7989947.594000	-205151.490000	-2.087598	2.777778	0.024102	1642785426.075465	
7989947.303000	-205152.114000	-2.088868	2.777778	-0.004841	1642785426.323332	
7989947.006000	-205152.657000	-2.088727	2.777778	0.000598	1642785426.546142	
7989946.712000	-205153.228000	-2.087348	2.777778	0.005639	1642785426.777350	
7989946.423000	-205153.739000	-2.085836	2.777778	0.006758	1642785426.988692	
7989946.233000	-205154.092000	-2.052376	2.777778	0.215689	1642785427.133011	
7989946.048000	-205154.437000	-2.086587	2.777778	-0.225501	1642785427.273940	
7989945.768000	-205154.933000	-2.087950	2.777778	-0.006279	1642785427.478987	
7989945.425000	-205155.540000	-2.085843	2.777778	0.007931	1642785427.729982	
7989945.226000	-205155.916000	-2.041725	2.777778	0.265788	1642785427.883131	
7989945.038000	-205156.275000	-2.080399	2.777778	-0.245463	1642785428.029020	
7989944.861000	-205156.626000	-2.017076	2.777778	0.400046	1642785428.170537	
7989944.693000	-205156.960000	-2.076433	2.777778	-0.394860	1642785428.305131	
7989944.512000	-205157.310000	-2.033189	2.777778	0.280492	1642785428.446982	
7989944.341000	-205157.642000	-2.073172	2.777778	-0.273978	1642785428.581424	
7989943.990000	-205158.291000	-2.070800	2.777778	0.008437	1642785428.847045	
7989943.819000	-205158.630000	-2.021650	2.777778	0.327563	1642785428.983733	
7989943.652000	-205158.961000	-2.070840	2.777778	-0.335142	1642785429.117200	
7989943.331000	-205159.570000	-2.072387	2.777778	-0.005899	1642785429.365031	
7989942.993000	-205160.203000	-2.075673	2.777778	-0.012021	1642785429.623363	
7989942.815000	-205160.550000	-2.029656	2.777778	0.300370	1642785429.763760	
7989942.646000	-205160.879000	-2.074245	2.777778	-0.306485	1642785429.896912	
7989942.327000	-205161.531000	-2.074511	2.777778	-0.000962	1642785430.158220	
7989942.133000	-205161.905000	-2.037105	2.777778	0.228964	1642785430.309896	
7989941.943000	-205162.270000	-2.075429	2.777778	-0.239773	1642785430.458032	
7989941.748000	-205162.611000	-2.096987	2.777778	-0.143078	1642785430.599447	
7989941.564000	-205162.933000	-2.076818	2.777778	0.141804	1642785430.732958	
7989941.375000	-205163.313000	-2.009359	2.777778	0.395279	1642785430.885744	
7989941.196000	-205163.675000	-2.072293	2.777778	-0.388307	1642785431.031126	
7989940.932000	-205164.212000	-2.073832	2.777778	-0.006751	1642785431.246545	
7989940.586000	-205164.825000	-2.078478	2.777778	-0.017325	1642785431.499951	
7989940.305000	-205165.309000	-2.080642	2.777778	-0.010152	1642785431.701428	
7989940.105000	-205165.701000	-2.022523	2.777778	0.333710	1642785431.859854	
7989939.904000	-205166.093000	-2.085266	2.777778	-0.357779	1642785432.018445	
7989939.640000	-205166.614000	-2.091381	2.777778	-0.027475	1642785432.228709	
7989939.461000	-205166.950000	-2.048231	2.777778	0.289181	1642785432.365764	
7989939.285000	-205167.277000	-2.095179	2.777778	-0.320422	1642785432.499452	
7989939.042000	-205167.697000	-2.094249	2.777778	0.005028	1642785432.674135	
7989938.800000	-205168.117000	-2.096279	2.777778	-0.010993	1642785432.848638	
7989938.508000	-205168.644000	-2.065843	2.777778	0.131841	1642785433.065534	
7989938.216000	-205169.171000	-2.099262	2.777778	-0.144591	1642785433.282430	
7989937.886000	-205169.748000	-2.099444	2.777778	-0.000718	1642785433.521723	
7989937.531000	-205170.363000	-2.101709	2.777778	-0.008370	1642785433.777361	
7989937.200000	-205170.946000	-2.104336	2.777778	-0.010287	1642785434.018709	
7989936.852000	-205171.546000	-2.105699	2.777778	-0.005160	1642785434.268411	
7989936.656000	-205171.875000	-2.110536	2.777778	-0.033139	1642785434.406276	
7989936.464000	-205172.195000	-2.110378	2.777778	0.001107	1642785434.540621	
7989936.139000	-205172.805000	-2.109779	2.777778	0.002276	1642785434.789444	
7989935.800000	-205173.450000	-2.107464	2.777778	0.008339	1642785435.051762	
7989935.427000	-205174.090000	-2.110365	2.777778	-0.010281	1642785435.318437	
7989935.119000	-205174.625000	-2.109224	2.777778	0.004855	1642785435.540673	
7989934.753000	-205175.232000	-2.112864	2.777778	-0.013482	1642785435.795843	
7989934.450000	-205175.740000	-2.114847	2.777778	-0.008800	1642785436.008783	
7989934.101000	-205176.298000	-2.109331	2.777778	0.021997	1642785436.245718	
7989933.719000	-205176.934000	-2.115300	2.777778	-0.021116	1642785436.512803	
7989933.405000	-205177.494000	-2.112938	2.777778	0.009658	1642785436.743932	
7989933.055000	-205178.072000	-2.116166	2.777778	-0.012540	1642785436.987188	
7989932.804000	-205178.516000	-2.114714	2.777778	0.007472	1642785437.170801	
7989932.580000	-205178.883000	-2.122140	2.777778	-0.045304	1642785437.325586	
7989932.365000	-205179.233000	-2.119084	2.777778	0.019522	1642785437.473460	
7989932.002000	-205179.849000	-2.118432	2.777778	0.002395	1642785437.730860	
7989931.627000	-205180.437000	-2.121337	2.777778	-0.010932	1642785437.981925	
7989931.384000	-205180.938000	-2.124106	2.777778	-0.013054	1642785438.182381	
7989931.036000	-205181.488000	-2.124180	2.777778	-0.000297	1642785438.416686	
7989930.737000	-205181.977000	-2.120765	2.777778	0.015635	1642785438.623027	
7989930.392000	-205182.483000	-2.122803	2.777778	-0.008731	1642785438.843499	
7989930.047000	-205183.042000	-2.120895	2.777778	0.007622	1642785439.079980	
7989929.841000	-205183.364000	-2.151369	2.777778	-0.206290	1642785439.217592	
7989929.639000	-205183.677000	-2.128789	2.777778	0.157789	1642785439.351700	
7989929.432000	-205184.009000	-2.128409	2.777778	0.002546	1642785439.492548	
7989929.229000	-205184.333000	-2.134629	2.777778	-0.042674	1642785439.630191	
7989928.846000	-205184.957000	-2.136433	2.777778	-0.006470	1642785439.893771	
7989928.533000	-205185.464000	-2.139757	2.777778	-0.014644	1642785440.108271	
7989928.268000	-205185.935000	-2.141374	2.777778	-0.007854	1642785440.302826	
7989927.862000	-205186.553000	-2.143193	2.777778	-0.006455	1642785440.569022	
7989927.542000	-205187.069000	-2.151202	2.777778	-0.034614	1642785440.787603	
7989927.314000	-205187.410000	-2.162998	2.777778	-0.075339	1642785440.935276	
7989927.097000	-205187.735000	-2.156761	2.777778	0.041869	1642785441.075959	
7989926.734000	-205188.237000	-2.158598	2.777778	-0.007785	1642785441.298977	
7989926.420000	-205188.678000	-2.161655	2.777778	-0.014822	1642785441.493868	
7989926.065000	-205189.148000	-2.159291	2.777778	0.010536	1642785441.705909	
7989925.731000	-205189.642000	-2.160540	2.777778	-0.005497	1642785441.920583	
7989925.494000	-205190.004000	-2.146958	2.777778	0.082211	1642785442.076348	
7989925.260000	-205190.356000	-2.156644	2.777778	-0.060078	1642785442.228514	
7989924.987000	-205190.778000	-2.147165	2.777778	0.049464	1642785442.409452	
7989924.712000	-205191.199000	-2.152989	2.777778	-0.030389	1642785442.590481	
7989924.435000	-205191.618000	-2.158658	2.777778	-0.029621	1642785442.771303	
7989924.161000	-205192.026000	-2.164079	2.777778	-0.028945	1642785442.948232	
7989923.879000	-205192.441000	-2.169464	2.777778	-0.028166	1642785443.128860	
7989923.596000	-205192.855000	-2.174698	2.777778	-0.027390	1642785443.309394	
7989923.310000	-205193.267000	-2.179781	2.777778	-0.026599	1642785443.489948	
7989923.028000	-205193.669000	-2.184643	2.777778	-0.025981	1642785443.666725	
7989922.738000	-205194.078000	-2.189435	2.777778	-0.025085	1642785443.847221	
7989922.447000	-205194.485000	-2.194093	2.777778	-0.024435	1642785444.027340	
7989922.154000	-205194.891000	-2.198592	2.777778	-0.023582	1642785444.207586	
7989921.859000	-205195.296000	-2.202907	2.777778	-0.022602	1642785444.387964	
7989921.562000	-205195.699000	-2.207093	2.777778	-0.021947	1642785444.568186	
7989921.270000	-205196.093000	-2.211080	2.777778	-0.021336	1642785444.744733	
7989920.970000	-205196.494000	-2.214943	2.777778	-0.020246	1642785444.925021	
7989920.669000	-205196.893000	-2.218703	2.777778	-0.019745	1642785445.104950	
7989920.366000	-205197.291000	-2.222274	2.777778	-0.018740	1642785445.285027	
7989920.062000	-205197.689000	-2.225721	2.777778	-0.018067	1642785445.465322	
7989919.757000	-205198.085000	-2.228999	2.777778	-0.017212	1642785445.645264	
7989919.451000	-205198.480000	-2.232148	2.777778	-0.016541	1642785445.825142	
7989919.143000	-205198.874000	-2.235129	2.777778	-0.015647	1642785446.005178	
7989918.834000	-205199.267000	-2.237954	2.777778	-0.014832	1642785446.185153	
7989918.525000	-205199.659000	-2.240635	2.777778	-0.014098	1642785446.364845	
7989918.214000	-205200.050000	-2.243169	2.777778	-0.013310	1642785446.544702	
7989917.902000	-205200.441000	-2.245535	2.777778	-0.012417	1642785446.724783	
7989917.590000	-205200.830000	-2.247746	2.777778	-0.011640	1642785446.904302	
7989917.277000	-205201.219000	-2.249836	2.777778	-0.010984	1642785447.084046	
7989916.969000	-205201.600000	-2.251703	2.777778	-0.010008	1642785447.260418	
7989916.654000	-205201.987000	-2.253443	2.777778	-0.009151	1642785447.440056	
7989916.339000	-205202.374000	-2.255092	2.777778	-0.008675	1642785447.619693	
7989916.023000	-205202.761000	-2.256515	2.777778	-0.007476	1642785447.799558	
7989915.707000	-205203.147000	-2.282965	2.777778	-0.138293	1642785447.979144	
7989915.281000	-205203.685000	-2.315708	2.777778	-0.124600	1642785448.226189	
7989914.791000	-205204.211000	-2.318621	2.777778	-0.010637	1642785448.484983	
7989914.437000	-205204.578000	-2.323970	2.777778	-0.027529	1642785448.668550	
7989914.070000	-205204.963000	-2.336710	2.777778	-0.062794	1642785448.860032	
7989913.685000	-205205.399000	-2.335092	2.777778	0.007306	1642785449.069428	
7989913.238000	-205205.903000	-2.337931	2.777778	-0.011064	1642785449.311947	
7989912.883000	-205206.313000	-2.338151	2.777778	-0.001064	1642785449.507187	
7989912.620000	-205206.595000	-2.313647	2.777778	0.165288	1642785449.646006	
7989912.357000	-205206.875000	-2.343465	2.777778	-0.201007	1642785449.784299	
7989911.874000	-205207.337000	-2.341737	2.777778	0.006786	1642785450.024916	
7989911.484000	-205207.738000	-2.343357	2.777778	-0.007602	1642785450.226291	
7989911.040000	-205208.232000	-2.347188	2.777778	-0.015139	1642785450.465406	
7989910.524000	-205208.744000	-2.349321	2.777778	-0.007701	1642785450.727094	
7989910.016000	-205209.240000	-2.345349	2.777778	0.014685	1642785450.982689	
7989909.748000	-205209.525000	-2.313839	2.777778	0.208361	1642785451.123526	
7989909.480000	-205209.810000	-2.349213	2.777778	-0.233044	1642785451.264364	
7989909.082000	-205210.283000	-2.351624	2.777778	-0.010237	1642785451.486905	
7989908.610000	-205210.768000	-2.342456	2.777778	0.035545	1642785451.730540	
7989908.205000	-205211.125000	-2.336532	2.777778	0.028795	1642785451.924898	
7989907.727000	-205211.621000	-2.340501	2.777778	-0.015123	1642785452.172880	
7989907.269000	-205212.139000	-2.338255	2.777778	0.008525	1642785452.421798	
7989906.781000	-205212.599000	-2.341596	2.777778	-0.013077	1642785452.663225	
7989906.285000	-205213.126000	-2.344518	2.777778	-0.010596	1642785452.923758	
7989905.869000	-205213.559000	-2.340567	2.777778	0.017268	1642785453.139921	
7989905.509000	-205213.972000	-2.332791	2.777778	0.037241	1642785453.337157	
7989905.052000	-205214.456000	-2.338356	2.777778	-0.021942	1642785453.576795	
7989904.633000	-205214.908000	-2.337859	2.777778	0.002113	1642785453.798674	
7989904.161000	-205215.410000	-2.334839	2.777778	0.011508	1642785454.046732	
7989903.792000	-205215.830000	-2.332651	2.777778	0.010273	1642785454.247998	
7989903.399000	-205216.199000	-2.336277	2.777778	-0.017658	1642785454.442067	
7989903.056000	-205216.622000	-2.331535	2.777778	0.022852	1642785454.638119	
7989902.663000	-205217.056000	-2.327768	2.777778	0.016891	1642785454.848898	
7989902.280000	-205217.475000	-2.321147	2.777778	0.030605	1642785455.053259	
7989901.906000	-205217.922000	-2.324932	2.777778	-0.017046	1642785455.263076	
7989901.508000	-205218.353000	-2.312522	2.777778	0.055471	1642785455.474272	
7989901.087000	-205218.791000	-2.320107	2.777778	-0.032762	1642785455.692981	
7989900.699000	-205219.237000	-2.314068	2.777778	0.026810	1642785455.905796	
7989900.334000	-205219.672000	-2.314670	2.777778	-0.002782	1642785456.110220	
7989899.967000	-205220.135000	-2.313474	2.777778	0.005314	1642785456.322912	
7989899.578000	-205220.559000	-2.312417	2.777778	0.004824	1642785456.530060	
7989899.173000	-205220.979000	-2.309837	2.777778	0.011606	1642785456.740105	
7989898.752000	-205221.463000	-2.303205	2.777778	0.027133	1642785456.971038	
7989898.358000	-205221.900000	-2.299201	2.777778	0.017858	1642785457.182859	
7989898.009000	-205222.311000	-2.303280	2.777778	-0.019856	1642785457.376966	
7989897.609000	-205222.817000	-2.294157	2.777778	0.037114	1642785457.609169	
7989897.144000	-205223.338000	-2.292182	2.777778	0.007424	1642785457.860569	
7989896.747000	-205223.738000	-2.285234	2.777778	0.032350	1642785458.063453	
7989896.372000	-205224.138000	-2.281133	2.777778	0.019632	1642785458.260838	
7989895.983000	-205224.582000	-2.277851	2.777778	0.014592	1642785458.473347	
7989895.574000	-205225.094000	-2.259752	2.777778	0.072374	1642785458.709257	
7989895.173000	-205225.603000	-2.246733	2.777778	0.052692	1642785458.942531	
7989894.798000	-205226.101000	-2.238072	2.777778	0.036453	1642785459.166955	
7989894.438000	-205226.553000	-2.226643	2.777778	0.051875	1642785459.374979	
7989894.006000	-205227.067000	-2.204318	2.777778	0.087059	1642785459.616695	
7989893.643000	-205227.517000	-2.200367	2.777778	0.017935	1642785459.824832	
7989893.243000	-205228.091000	-2.183032	2.777778	0.064949	1642785460.076697	
7989892.866000	-205228.624000	-2.158979	2.777778	0.096414	1642785460.311725	
7989892.508000	-205229.140000	-2.153157	2.777778	0.024330	1642785460.537815	
7989892.192000	-205229.604000	-2.130742	2.777778	0.104429	1642785460.739913	
7989891.891000	-205230.105000	-2.111274	2.777778	0.087216	1642785460.950321	
7989891.657000	-205230.563000	-2.094055	2.777778	0.087657	1642785461.135475	
7989891.328000	-205231.059000	-2.075879	2.777778	0.079992	1642785461.349745	
7989891.037000	-205231.564000	-2.057526	2.777778	0.082471	1642785461.559569	
7989890.767000	-205232.059000	-2.045150	2.777778	0.057550	1642785461.762554	
7989890.434000	-205232.681000	-2.035957	2.777778	0.034193	1642785462.016545	
7989890.178000	-205233.216000	-2.016876	2.777778	0.084249	1642785462.230059	
7989889.885000	-205233.822000	-1.997593	2.777778	0.075058	1642785462.472381	
7989889.621000	-205234.444000	-1.970892	2.777778	0.103361	1642785462.715635	
7989889.378000	-205235.014000	-1.950130	2.777778	0.087727	1642785462.938704	
7989889.146000	-205235.630000	-1.924085	2.777778	0.103495	1642785463.175671	
7989888.974000	-205236.185000	-1.905611	2.777778	0.083266	1642785463.384845	
7989888.768000	-205236.713000	-1.892401	2.777778	0.061107	1642785463.588880	
7989888.621000	-205237.310000	-1.867712	2.777778	0.105020	1642785463.810220	
7989888.491000	-205237.844000	-1.851942	2.777778	0.075182	1642785464.008074	
7989888.344000	-205238.372000	-1.833763	2.777778	0.086848	1642785464.205383	
7989888.202000	-205238.942000	-1.813836	2.777778	0.088811	1642785464.416855	
7989888.084000	-205239.471000	-1.795620	2.777778	0.087997	1642785464.611975	
7989887.991000	-205240.000000	-1.774855	2.777778	0.101135	1642785464.805336	
7989887.865000	-205240.537000	-1.763965	2.777778	0.051779	1642785465.003906	
7989887.777000	-205241.078000	-1.745519	2.777778	0.088116	1642785465.201226	
7989887.685000	-205241.598000	-1.726132	2.777778	0.096072	1642785465.391333	
7989887.607000	-205242.174000	-1.701084	2.777778	0.112639	1642785465.600586	
7989887.583000	-205242.720000	-1.679112	2.777778	0.105143	1642785465.797336	
7989887.534000	-205243.251000	-1.658954	2.777778	0.098905	1642785465.989308	
7989887.527000	-205243.851000	-1.640363	2.777778	0.081155	1642785466.205323	
7989887.505000	-205244.513000	-1.619159	2.777778	0.083833	1642785466.443774	
7989887.474000	-205245.058000	-1.594904	2.777778	0.116114	1642785466.640291	
7989887.451000	-205245.643000	-1.567258	2.777778	0.123327	1642785466.851054	
7989887.499000	-205246.280000	-1.546342	2.777778	0.085738	1642785467.081024	
7989887.547000	-205246.855000	-1.527447	2.777778	0.085751	1642785467.288744	
7989887.584000	-205247.435000	-1.503540	2.777778	0.107561	1642785467.497969	
7989887.587000	-205248.093000	-1.483666	2.777778	0.079120	1642785467.734851	
7989887.597000	-205248.626000	-1.460846	2.777778	0.111899	1642785467.926765	
7989887.680000	-205249.272000	-1.436106	2.777778	0.099382	1642785468.161237	
7989887.765000	-205249.856000	-1.415727	2.777778	0.090396	1642785468.373692	
7989887.868000	-205250.436000	-1.392278	2.777778	0.104115	1642785468.585759	
7989887.971000	-205250.991000	-1.372215	2.777778	0.093031	1642785468.788970	
7989888.134000	-205251.673000	-1.341534	2.777778	0.114353	1642785469.041405	
7989888.272000	-205252.213000	-1.332253	2.777778	0.043684	1642785469.242053	
7989888.434000	-205252.718000	-1.304535	2.777778	0.136340	1642785469.432978	
7989888.605000	-205253.255000	-1.280700	2.777778	0.110568	1642785469.635863	
7989888.844000	-205253.913000	-1.263700	2.777778	0.063658	1642785469.887885	
7989889.018000	-205254.455000	-1.249659	2.777778	0.064656	1642785470.092813	
7989889.224000	-205255.076000	-1.230929	2.777778	0.075008	1642785470.328352	
7989889.416000	-205255.585000	-1.215784	2.777778	0.072948	1642785470.524195	
7989889.610000	-205256.119000	-1.209768	2.777778	0.027791	1642785470.728729	
7989889.811000	-205256.620000	-1.199814	2.777778	0.048366	1642785470.923063	
7989890.090000	-205257.169000	-1.187070	2.777778	0.054269	1642785471.144760	
7989890.302000	-205257.672000	-1.183241	2.777778	0.018411	1642785471.341267	
7989890.495000	-205258.215000	-1.169343	2.777778	0.063220	1642785471.548727	
7989890.788000	-205258.850000	-1.155233	2.777778	0.052913	1642785471.800489	
7989891.044000	-205259.376000	-1.138128	2.777778	0.076607	1642785472.011085	
7989891.324000	-205259.948000	-1.119733	2.777778	0.075673	1642785472.240353	
7989891.573000	-205260.431000	-1.109318	2.777778	0.050271	1642785472.435979	
7989891.860000	-205260.973000	-1.098413	2.777778	0.046639	1642785472.656766	
7989892.136000	-205261.521000	-1.089059	2.777778	0.039997	1642785472.877654	
7989892.461000	-205262.150000	-1.077289	2.777778	0.043612	1642785473.132535	
7989892.727000	-205262.615000	-1.069762	2.777778	0.036869	1642785473.325389	
7989892.988000	-205263.076000	-1.064482	2.777778	0.026156	1642785473.516101	
7989893.300000	-205263.611000	-1.048503	2.777778	0.067620	1642785473.739060	
7989893.568000	-205264.036000	-1.038344	2.777778	0.053027	1642785473.919940	
7989893.865000	-205264.488000	-1.033800	2.777778	0.022050	1642785474.114644	
7989894.198000	-205265.064000	-1.016919	2.777778	0.066507	1642785474.354163	
7989894.572000	-205265.654000	-1.011325	2.777778	0.021017	1642785474.605642	
7989894.853000	-205266.093000	-1.006524	2.777778	0.024177	1642785474.793285	
7989895.153000	-205266.540000	-0.998066	2.777778	0.041216	1642785474.987087	
7989895.495000	-205267.032000	-0.988511	2.777778	0.041836	1642785475.202795	
7989895.820000	-205267.535000	-0.980119	2.777778	0.036766	1642785475.418385	
7989896.133000	-205267.980000	-0.965727	2.777778	0.069331	1642785475.614244	
7989896.403000	-205268.401000	-0.959899	2.777778	0.030577	1642785475.794295	
7989896.836000	-205269.004000	-0.942359	2.777778	0.061944	1642785476.061545	
7989897.222000	-205269.489000	-0.930778	2.777778	0.049002	1642785476.284693	
7989897.594000	-205269.979000	-0.920951	2.777778	0.041907	1642785476.506169	
7989897.958000	-205270.453000	-0.913747	2.777778	0.031630	1642785476.721318	
7989898.345000	-205270.965000	-0.900887	2.777778	0.052550	1642785476.952368	
7989898.683000	-205271.423000	-0.893585	2.777778	0.033663	1642785477.157286	
7989899.094000	-205271.952000	-0.878852	2.777778	0.057668	1642785477.398449	
7989899.394000	-205272.302000	-0.852872	2.777778	0.146872	1642785477.564401	
7989899.684000	-205272.636000	-0.864901	2.777778	-0.071262	1642785477.723640	
7989900.069000	-205273.001000	-0.850711	2.777778	0.070098	1642785477.914626	
7989900.445000	-205273.391000	-0.843169	2.777778	0.036529	1642785478.109651	
7989900.817000	-205273.798000	-0.834776	2.777778	0.039932	1642785478.308152	
7989901.261000	-205274.250000	-0.812352	2.777778	0.092638	1642785478.536245	
7989901.611000	-205274.635000	-0.798030	2.777778	0.072132	1642785478.723557	
7989902.064000	-205275.050000	-0.770295	2.777778	0.117955	1642785478.944726	
7989902.454000	-205275.409000	-0.747130	2.777778	0.114213	1642785479.135553	
7989902.873000	-205275.791000	-0.722395	2.777778	0.114018	1642785479.339672	
7989903.263000	-205276.134000	-0.700461	2.777778	0.110410	1642785479.526647	
7989903.665000	-205276.457000	-0.676489	2.777778	0.121420	1642785479.712294	
7989904.182000	-205276.814000	-0.638514	2.777778	0.157352	1642785479.938475	
7989904.636000	-205277.121000	-0.605479	2.777778	0.156927	1642785480.135775	
7989905.088000	-205277.414000	-0.573315	2.777778	0.155477	1642785480.329692	
7989905.609000	-205277.706000	-0.533145	2.777778	0.174752	1642785480.544702	
7989906.223000	-205278.054000	-0.490548	2.777778	0.157129	1642785480.798776	
7989906.753000	-205278.339000	-0.443609	2.777778	0.201963	1642785481.015413	
7989907.236000	-205278.522000	-0.405607	2.777778	0.190783	1642785481.201355	
7989907.709000	-205278.756000	-0.374307	2.777778	0.154459	1642785481.391333	
7989908.269000	-205279.011000	-0.313530	2.777778	0.253688	1642785481.612850	
7989908.828000	-205279.210000	-0.263410	2.777778	0.218196	1642785481.826461	
7989909.440000	-205279.340000	-0.223230	2.777778	0.167011	1642785482.051697	
7989909.989000	-205279.436000	-0.188445	2.777778	0.162394	1642785482.252336	
7989910.598000	-205279.532000	-0.136041	2.777778	0.219527	1642785482.474283	
7989910.995000	-205279.587000	-0.131446	2.777778	0.030084	1642785482.618568	
7989911.393000	-205279.630000	-0.048279	2.777778	0.499270	1642785482.762681	
7989911.895000	-205279.636000	-0.000151	2.777778	0.246529	1642785482.943414	
7989912.392000	-205279.630000	0.024042	2.777778	0.127083	1642785483.122348	
7989912.893000	-205279.612000	0.048154	2.777778	0.125588	1642785483.302824	
7989913.388000	-205279.582000	0.074026	2.777778	0.136104	1642785483.481351	
7989913.888000	-205279.538000	0.100751	2.777778	0.138866	1642785483.662046	
7989914.382000	-205279.481000	0.127584	2.777778	0.140708	1642785483.841066	
7989914.870000	-205279.411000	0.155445	2.777778	0.147273	1642785484.018544	
7989915.362000	-205279.327000	0.183799	2.777778	0.148029	1642785484.198227	
7989915.848000	-205279.230000	0.212780	2.777778	0.152319	1642785484.376638	
7989916.338000	-205279.116000	0.241995	2.777778	0.151276	1642785484.557749	
7989916.813000	-205278.992000	0.271072	2.777778	0.154240	1642785484.734480	
7989917.291000	-205278.851000	0.301275	2.777778	0.157763	1642785484.913890	
7989917.764000	-205278.697000	0.330935	2.777778	0.155260	1642785485.092968	
7989918.231000	-205278.528000	0.360821	2.777778	0.156667	1642785485.271758	
7989918.702000	-205278.342000	0.391081	2.777778	0.155592	1642785485.454061	
7989919.159000	-205278.146000	0.420537	2.777778	0.154264	1642785485.633073	
7989919.610000	-205277.936000	0.449927	2.777778	0.153847	1642785485.812171	
7989920.056000	-205277.713000	0.478916	2.777778	0.151438	1642785485.991683	
7989920.488000	-205277.481000	0.507233	2.777778	0.150444	1642785486.168211	
7989920.925000	-205277.230000	0.535221	2.777778	0.144761	1642785486.349634	
7989921.348000	-205276.971000	0.562797	2.777778	0.144921	1642785486.528192	
7989921.766000	-205276.699000	0.589544	2.777778	0.139866	1642785486.707726	
7989922.172000	-205276.420000	0.615229	2.777778	0.136024	1642785486.885071	
7989922.574000	-205276.129000	0.659936	2.777778	0.232209	1642785487.063728	
7989922.968000	-205275.761000	0.761662	2.777778	0.459879	1642785487.257814	
7989923.356000	-205275.370000	0.781583	2.777778	0.094652	1642785487.456117	
7989923.733000	-205274.998000	0.784535	2.777778	0.014629	1642785487.646785	
7989924.161000	-205274.587000	0.874467	2.777778	0.378642	1642785487.860404	
7989924.455000	-205274.193000	0.935396	2.777778	0.314542	1642785488.037380	
7989924.747000	-205273.791000	0.947555	2.777778	0.064151	1642785488.216249	
7989925.030000	-205273.391000	0.961119	2.777778	0.072538	1642785488.392645	
7989925.309000	-205272.986000	0.976429	2.777778	0.081535	1642785488.569693	
7989925.576000	-205272.583000	0.993228	2.777778	0.090968	1642785488.743725	
7989925.842000	-205272.168000	1.012297	2.777778	0.101198	1642785488.921180	
7989926.098000	-205271.749000	1.033535	2.777778	0.113059	1642785489.097946	
7989926.343000	-205271.326000	1.057104	2.777778	0.125892	1642785489.273925	
7989926.575000	-205270.901000	1.083242	2.777778	0.140769	1642785489.448236	
7989926.799000	-205270.465000	1.112856	2.777778	0.157276	1642785489.624700	
7989927.009000	-205270.019000	1.146480	2.777778	0.177170	1642785489.802168	
7989927.201000	-205269.572000	1.183872	2.777778	0.199086	1642785489.977304	
7989927.379000	-205269.108000	1.227251	2.777778	0.225241	1642785490.156214	
7989927.533000	-205268.644000	1.275702	2.777778	0.254504	1642785490.332214	
7989927.662000	-205268.174000	1.330843	2.777778	0.288690	1642785490.507671	
7989927.763000	-205267.699000	1.382068	2.777778	0.270129	1642785490.682494	
7989927.882000	-205267.141000	1.415459	2.777778	0.152435	1642785490.887891	
7989927.902000	-205266.595000	1.466842	2.777778	0.242027	1642785491.084583	
7989927.909000	-205266.094000	1.502488	2.777778	0.184623	1642785491.264961	
7989927.923000	-205265.514000	1.556029	2.777778	0.237672	1642785491.473822	
7989927.951000	-205264.945000	1.605186	2.777778	0.222747	1642785491.678910	
7989927.914000	-205264.379000	1.657740	2.777778	0.238581	1642785491.883105	
7989927.815000	-205263.840000	1.699753	2.777778	0.198591	1642785492.080390	
7989927.656000	-205263.294000	1.747612	2.777778	0.217424	1642785492.285115	
7989927.580000	-205262.757000	1.797319	2.777778	0.236095	1642785492.480362	
7989927.429000	-205262.212000	1.846409	2.777778	0.224036	1642785492.683953	
7989927.214000	-205261.688000	1.894893	2.777778	0.221031	1642785492.887855	
7989927.047000	-205261.186000	1.934870	2.777778	0.195813	1642785493.078312	
7989926.783000	-205260.704000	1.983215	2.777778	0.226942	1642785493.276155	
7989926.558000	-205260.189000	2.025110	2.777778	0.193241	1642785493.478477	
7989926.343000	-205259.695000	2.073806	2.777778	0.232954	1642785493.672430	
7989926.092000	-205259.211000	2.106883	2.777778	0.157930	1642785493.868707	
7989925.779000	-205258.770000	2.145418	2.777778	0.184912	1642785494.063390	
7989925.429000	-205258.281000	2.184045	2.777778	0.167046	1642785494.279876	
7989925.101000	-205257.857000	2.218209	2.777778	0.165760	1642785494.472857	
7989924.787000	-205257.409000	2.253608	2.777778	0.168245	1642785494.669807	
7989924.445000	-205256.969000	2.288325	2.777778	0.162094	1642785494.870429	
7989924.019000	-205256.573000	2.311482	2.777778	0.104131	1642785495.079815	
7989923.595000	-205256.145000	2.330219	2.777778	0.081460	1642785495.296701	
7989923.173000	-205255.804000	2.349924	2.777778	0.095048	1642785495.492021	
7989922.794000	-205255.447000	2.358381	2.777778	0.042613	1642785495.679460	
7989922.426000	-205255.064000	2.360360	2.777778	0.009782	1642785495.870671	
7989922.056000	-205254.651000	2.363186	2.777778	0.013378	1642785496.070291	
7989921.663000	-205254.307000	2.368721	2.777778	0.027810	1642785496.258314	
7989921.318000	-205253.935000	2.365902	2.777778	-0.014584	1642785496.440962	
7989920.891000	-205253.531000	2.369749	2.777778	0.017176	1642785496.652581	
7989920.527000	-205253.176000	2.375810	2.777778	0.031285	1642785496.835623	
7989920.120000	-205252.772000	2.366798	2.777778	-0.041230	1642785497.042071	
7989919.714000	-205252.417000	2.371018	2.777778	0.020535	1642785497.236225	
7989919.309000	-205251.987000	2.372548	2.777778	0.006799	1642785497.448876	
7989918.891000	-205251.644000	2.368339	2.777778	-0.020430	1642785497.643534	
7989918.536000	-205251.241000	2.369583	2.777778	0.006079	1642785497.836876	
7989918.145000	-205250.862000	2.361096	2.777778	-0.040888	1642785498.032909	
7989917.781000	-205250.494000	2.354423	2.777778	-0.033828	1642785498.219249	
7989917.374000	-205250.143000	2.355768	2.777778	0.006569	1642785498.412730	
7989916.986000	-205249.698000	2.348091	2.777778	-0.034119	1642785498.625273	
7989916.638000	-205249.282000	2.339972	2.777778	-0.039273	1642785498.820525	
7989916.250000	-205248.947000	2.333299	2.777778	-0.034162	1642785499.005064	
7989915.789000	-205248.562000	2.326054	2.777778	-0.031651	1642785499.221288	
7989915.410000	-205248.107000	2.316741	2.777778	-0.041259	1642785499.434469	
7989915.014000	-205247.697000	2.309257	2.777778	-0.034452	1642785499.639674	
7989914.624000	-205247.248000	2.286421	2.777778	-0.100453	1642785499.853776	
7989914.247000	-205246.874000	2.269358	2.777778	-0.084145	1642785500.044951	
7989913.868000	-205246.417000	2.252979	2.777778	-0.072293	1642785500.258687	
7989913.493000	-205245.935000	2.229335	2.777778	-0.101285	1642785500.478537	
7989913.168000	-205245.429000	2.203984	2.777778	-0.110205	1642785500.695035	
7989912.766000	-205244.962000	2.177238	2.777778	-0.113453	1642785500.916864	
7989912.464000	-205244.537000	2.159381	2.777778	-0.089662	1642785501.104558	
7989912.199000	-205244.060000	2.135191	2.777778	-0.115850	1642785501.300998	
7989911.885000	-205243.522000	2.118053	2.777778	-0.072092	1642785501.525253	
7989911.630000	-205243.060000	2.098206	2.777778	-0.098411	1642785501.715225	
7989911.346000	-205242.562000	2.081856	2.777778	-0.074725	1642785501.921609	
7989911.028000	-205242.003000	2.063766	2.777778	-0.073703	1642785502.153133	
7989910.824000	-205241.511000	2.045269	2.777778	-0.090909	1642785502.344875	
7989910.575000	-205241.033000	2.027665	2.777778	-0.085531	1642785502.538903	
7989910.353000	-205240.495000	2.005954	2.777778	-0.097612	1642785502.748424	
7989910.107000	-205240.021000	1.986649	2.777778	-0.094607	1642785502.940676	
7989909.864000	-205239.565000	1.955179	2.777778	-0.158535	1642785503.126691	
7989909.692000	-205239.087000	1.927429	2.777778	-0.142422	1642785503.309572	
7989909.428000	-205238.521000	1.898064	2.777778	-0.122802	1642785503.534407	
7989909.231000	-205237.985000	1.859089	2.777778	-0.177277	1642785503.739987	
7989909.035000	-205237.339000	1.818645	2.777778	-0.155986	1642785503.983016	
7989908.866000	-205236.677000	1.777549	2.777778	-0.156600	1642785504.228979	
7989908.739000	-205236.143000	1.746538	2.777778	-0.147232	1642785504.426581	
7989908.614000	-205235.498000	1.703659	2.777778	-0.169672	1642785504.663101	
7989908.557000	-205234.996000	1.669716	2.777778	-0.174565	1642785504.844983	
7989908.516000	-205234.361000	1.652125	2.777778	-0.072440	1642785505.074059	
7989908.450000	-205233.749000	1.630499	2.777778	-0.091962	1642785505.295656	
7989908.457000	-205233.177000	1.594355	2.777778	-0.164361	1642785505.501591	
7989908.464000	-205232.566000	1.568850	2.777778	-0.109136	1642785505.721566	
7989908.448000	-205232.061000	1.546515	2.777778	-0.115519	1642785505.903457	
7989908.434000	-205231.505000	1.516530	2.777778	-0.140590	1642785506.103681	
7989908.451000	-205230.963000	1.493844	2.777778	-0.109381	1642785506.298897	
7989908.493000	-205230.397000	1.481716	2.777778	-0.056033	1642785506.503217	
7989908.546000	-205229.723000	1.462632	2.777778	-0.073961	1642785506.746606	
7989908.620000	-205229.113000	1.439432	2.777778	-0.098788	1642785506.967816	
7989908.696000	-205228.545000	1.416550	2.777778	-0.104433	1642785507.174118	
7989908.761000	-205227.875000	1.389985	2.777778	-0.103225	1642785507.416451	
7989908.842000	-205227.237000	1.362464	2.777778	-0.111863	1642785507.647974	
7989908.965000	-205226.597000	1.332576	2.777778	-0.119808	1642785507.882591	
7989909.109000	-205225.972000	1.311536	2.777778	-0.085897	1642785508.113486	
7989909.339000	-205225.395000	1.276015	2.777778	-0.149001	1642785508.337100	
7989909.499000	-205224.762000	1.243570	2.777778	-0.129711	1642785508.572147	
7989909.711000	-205224.153000	1.208832	2.777778	-0.140478	1642785508.804291	
7989909.949000	-205223.529000	1.177645	2.777778	-0.121976	1642785509.044716	
7989910.175000	-205222.915000	1.153145	2.777778	-0.097981	1642785509.280254	
7989910.320000	-205222.547000	1.210932	2.777778	0.366207	1642785509.422647	
7989910.467000	-205222.192000	1.123027	2.777778	-0.540821	1642785509.560971	
7989910.745000	-205221.548000	1.098181	2.777778	-0.092714	1642785509.813490	
7989911.045000	-205220.980000	1.058322	2.777778	-0.161467	1642785510.044739	
7989911.357000	-205220.389000	1.031608	2.777778	-0.104547	1642785510.285326	
7989911.728000	-205219.805000	0.993967	2.777778	-0.141852	1642785510.534403	
7989912.101000	-205219.219000	0.973684	2.777778	-0.076496	1642785510.784474	
7989912.448000	-205218.666000	0.950829	2.777778	-0.091639	1642785511.019501	
7989912.875000	-205218.120000	0.931507	2.777778	-0.073046	1642785511.269032	
7989913.298000	-205217.525000	0.909903	2.777778	-0.077524	1642785511.531845	
7989913.637000	-205217.101000	0.894446	2.777778	-0.074604	1642785511.727275	
7989914.091000	-205216.510000	0.884017	2.777778	-0.036721	1642785511.995564	
7989914.408000	-205216.121000	0.879531	2.777778	-0.023458	1642785512.176215	
7989914.724000	-205215.744000	0.867451	2.777778	-0.064378	1642785512.353306	
7989915.044000	-205215.371000	0.856008	2.777778	-0.061040	1642785512.530230	
7989915.374000	-205214.995000	0.845033	2.777778	-0.057528	1642785512.710330	
7989915.702000	-205214.629000	0.834965	2.777778	-0.053718	1642785512.887258	
7989916.034000	-205214.267000	0.825491	2.777778	-0.050587	1642785513.064086	
7989916.375000	-205213.900000	0.816577	2.777778	-0.046675	1642785513.244435	
7989916.713000	-205213.544000	0.808492	2.777778	-0.043205	1642785513.421158	
7989917.053000	-205213.190000	0.801051	2.777778	-0.039777	1642785513.597858	
7989917.403000	-205212.831000	0.794164	2.777778	-0.036039	1642785513.778354	
7989917.748000	-205212.483000	0.788056	2.777778	-0.032711	1642785513.954765	
7989918.102000	-205212.128000	0.782484	2.777778	-0.029167	1642785514.135247	
7989918.451000	-205211.783000	0.777754	2.777778	-0.025291	1642785514.311913	
7989918.801000	-205211.440000	0.773645	2.777778	-0.022009	1642785514.488332	
7989919.159000	-205211.091000	0.770151	2.777778	-0.018343	1642785514.668319	
7989919.512000	-205210.750000	0.767387	2.777778	-0.014781	1642785514.845009	
7989919.872000	-205210.404000	0.765234	2.777778	-0.011322	1642785515.024762	
7989920.225000	-205210.065000	0.763814	2.777778	-0.007616	1642785515.200953	
7989920.586000	-205209.720000	0.763021	2.777778	-0.004166	1642785515.380717	
7989920.939000	-205209.382000	0.762933	2.777778	-0.000472	1642785515.556659	
7989921.300000	-205209.037000	0.763537	2.777778	0.003176	1642785515.736423	
7989921.652000	-205208.700000	0.745104	2.777778	-0.098971	1642785515.911855	
7989922.094000	-205208.311000	0.725596	2.777778	-0.086751	1642785516.123823	
7989922.543000	-205207.895000	0.725254	2.777778	-0.001467	1642785516.344177	
7989923.038000	-205207.423000	0.732365	2.777778	0.027282	1642785516.590404	
7989923.393000	-205207.066000	0.736151	2.777778	0.019741	1642785516.771651	
7989923.848000	-205206.625000	0.740525	2.777778	0.018115	1642785516.999763	
7989924.256000	-205206.229000	0.737699	2.777778	-0.013043	1642785517.204451	
7989924.691000	-205205.812000	0.740826	2.777778	0.013620	1642785517.421383	
7989925.172000	-205205.388000	0.739119	2.777778	-0.006989	1642785517.652215	
7989925.612000	-205204.969000	0.748493	2.777778	0.040479	1642785517.870946	
7989925.979000	-205204.622000	0.759475	2.777778	0.057013	1642785518.052772	
7989926.341000	-205204.276000	0.764652	2.777778	0.027132	1642785518.233045	
7989926.698000	-205203.932000	0.769751	2.777778	0.026992	1642785518.411521	
7989927.058000	-205203.581000	0.774884	2.777778	0.026789	1642785518.592527	
7989927.414000	-205203.232000	0.779935	2.777778	0.026588	1642785518.771999	
7989927.764000	-205202.883000	0.784948	2.777778	0.026621	1642785518.949936	
7989928.117000	-205202.528000	0.789896	2.777778	0.025937	1642785519.130164	
7989928.467000	-205202.174000	0.794777	2.777778	0.025732	1642785519.309376	
7989928.811000	-205201.821000	0.799549	2.777778	0.025410	1642785519.486818	
7989929.159000	-205201.462000	0.804294	2.777778	0.024906	1642785519.666812	
7989929.503000	-205201.103000	0.808893	2.777778	0.024278	1642785519.845808	
7989929.850000	-205200.737000	0.813421	2.777778	0.023563	1642785520.027372	
7989930.194000	-205200.373000	0.817793	2.777778	0.022907	1642785520.207672	
7989930.534000	-205200.008000	0.822025	2.777778	0.022268	1642785520.387248	
7989930.870000	-205199.644000	0.826061	2.777778	0.021385	1642785520.565582	
7989931.204000	-205199.281000	0.829879	2.777778	0.020314	1642785520.743162	
7989931.542000	-205198.910000	0.833620	2.777778	0.019564	1642785520.923840	
7989931.877000	-205198.540000	0.837127	2.777778	0.018443	1642785521.103524	
7989932.210000	-205198.170000	0.840416	2.777778	0.017345	1642785521.282727	
7989932.540000	-205197.800000	0.843469	2.777778	0.016159	1642785521.461208	
7989932.875000	-205197.422000	0.846373	2.777778	0.015096	1642785521.643038	
7989933.202000	-205197.051000	0.848998	2.777778	0.013932	1642785521.821073	
7989933.534000	-205196.673000	0.851397	2.777778	0.012515	1642785522.002188	
7989933.859000	-205196.302000	0.853476	2.777778	0.011066	1642785522.179747	
7989934.189000	-205195.923000	0.855392	2.777778	0.010006	1642785522.360660	
7989934.512000	-205195.551000	0.856986	2.777778	0.008492	1642785522.538017	
7989934.841000	-205195.171000	0.858376	2.777778	0.007257	1642785522.718965	
7989935.163000	-205194.797000	0.859466	2.777778	0.005802	1642785522.896632	
7989935.492000	-205194.415000	0.860316	2.777778	0.004423	1642785523.078125	
7989935.815000	-205194.040000	0.860899	2.777778	0.003092	1642785523.256299	
7989936.138000	-205193.663000	0.861214	2.777778	0.001664	1642785523.435019	
7989936.469000	-205193.278000	0.861297	2.777778	0.000434	1642785523.617801	
7989936.788000	-205192.907000	0.861110	2.777778	-0.001006	1642785523.793944	
7989937.114000	-205192.526000	0.860707	2.777778	-0.002107	1642785523.974461	
7989937.443000	-205192.145000	0.860032	2.777778	-0.003521	1642785524.155681	
7989937.766000	-205191.769000	0.859118	2.777778	-0.004843	1642785524.334128	
7989938.092000	-205191.392000	0.858014	2.777778	-0.005814	1642785524.513553	
7989938.419000	-205191.014000	0.856687	2.777778	-0.006966	1642785524.693486	
7989938.743000	-205190.641000	0.855169	2.777778	-0.008069	1642785524.871351	
7989939.069000	-205190.267000	0.868822	2.777778	0.072113	1642785525.049960	
7989939.518000	-205189.765000	0.893726	2.777778	0.096762	1642785525.292421	
7989939.961000	-205189.207000	0.897705	2.777778	0.014657	1642785525.548910	
7989940.336000	-205188.738000	0.896997	2.777778	-0.003092	1642785525.765086	
7989940.769000	-205188.210000	0.900368	2.777778	0.012958	1642785526.010909	
7989941.205000	-205187.694000	0.903774	2.777778	0.013233	1642785526.254103	
7989941.473000	-205187.369000	0.867507	2.777778	-0.222265	1642785526.405752	
7989941.746000	-205187.047000	0.871134	2.777778	0.022553	1642785526.557727	
7989942.006000	-205186.728000	0.913076	2.777778	0.261407	1642785526.705879	
7989942.495000	-205186.169000	0.924930	2.777778	0.041872	1642785526.973251	
7989942.936000	-205185.623000	0.932742	2.777778	0.029209	1642785527.225918	
7989943.361000	-205185.092000	0.941291	2.777778	0.032980	1642785527.470767	
7989943.729000	-205184.600000	0.951273	2.777778	0.042625	1642785527.691951	
7989944.157000	-205184.046000	0.957027	2.777778	0.021569	1642785527.943977	
7989944.390000	-205183.741000	0.901496	2.777778	-0.362961	1642785528.082150	
7989944.621000	-205183.436000	0.963380	2.777778	0.401512	1642785528.219888	
7989945.036000	-205182.841000	0.968183	2.777778	0.017378	1642785528.481043	
7989945.441000	-205182.234000	0.982135	2.777778	0.050149	1642785528.743738	
7989945.865000	-205181.617000	0.991238	2.777778	0.031909	1642785529.013249	
7989946.098000	-205181.265000	0.984251	2.777778	-0.043423	1642785529.165215	
7989946.324000	-205180.921000	1.001413	2.777778	0.109017	1642785529.313390	
7989946.623000	-205180.467000	1.003202	2.777778	0.008640	1642785529.509092	
7989946.979000	-205179.878000	1.009998	2.777778	0.025917	1642785529.756854	
7989947.301000	-205179.379000	1.036756	2.777778	0.117726	1642785529.970648	
7989947.550000	-205178.944000	1.046946	2.777778	0.053318	1642785530.151089	
7989947.796000	-205178.521000	1.042257	2.777778	-0.025149	1642785530.327248	
7989948.046000	-205178.094000	1.039094	2.777778	-0.016782	1642785530.505377	
7989948.295000	-205177.673000	1.037470	2.777778	-0.008716	1642785530.681461	
7989948.544000	-205177.250000	1.037171	2.777778	-0.001599	1642785530.858166	
7989948.794000	-205176.827000	1.038201	2.777778	0.005501	1642785531.035053	
7989949.042000	-205176.405000	1.040646	2.777778	0.013114	1642785531.211265	
7989949.292000	-205175.976000	1.044594	2.777778	0.020871	1642785531.390016	
7989949.538000	-205175.551000	1.050085	2.777778	0.029341	1642785531.566797	
7989949.782000	-205175.123000	1.057426	2.777778	0.039094	1642785531.744157	
7989950.022000	-205174.692000	1.067009	2.777778	0.050946	1642785531.921751	
7989950.255000	-205174.262000	1.079190	2.777778	0.065288	1642785532.097816	
7989950.484000	-205173.827000	1.094811	2.777778	0.083220	1642785532.274791	
7989950.705000	-205173.389000	1.101172	2.777778	0.034025	1642785532.451405	
7989950.890000	-205173.020000	1.114183	2.777778	0.082553	1642785532.600005	
7989951.065000	-205172.670000	1.090549	2.777778	-0.157233	1642785532.740878	
7989951.401000	-205172.043000	1.103092	2.777778	0.046251	1642785532.996965	
7989951.583000	-205171.686000	1.097747	2.777778	-0.034996	1642785533.141223	
7989951.765000	-205171.328000	1.107947	2.777778	0.066571	1642785533.285801	
7989952.051000	-205170.711000	1.112793	2.777778	0.018702	1642785533.530624	
7989952.226000	-205170.372000	1.085636	2.777778	-0.184730	1642785533.667965	
7989952.395000	-205170.040000	1.122120	2.777778	0.251626	1642785533.802079	
7989952.672000	-205169.498000	1.130718	2.777778	0.037064	1642785534.021204	
7989952.929000	-205168.896000	1.136795	2.777778	0.024367	1642785534.256847	
7989953.091000	-205168.549000	1.135286	2.777778	-0.010346	1642785534.394710	
7989953.247000	-205168.210000	1.142289	2.777778	0.049225	1642785534.529052	
7989953.498000	-205167.709000	1.091373	2.777778	-0.234145	1642785534.730781	
7989953.745000	-205167.206000	1.156989	2.777778	0.298209	1642785534.932515	
7989953.909000	-205166.825000	1.168568	2.777778	0.073145	1642785535.081842	
7989954.067000	-205166.453000	1.165636	2.777778	-0.019040	1642785535.227341	
7989954.340000	-205165.827000	1.169447	2.777778	0.014647	1642785535.473199	
7989954.550000	-205165.337000	1.163083	2.777778	-0.031328	1642785535.665117	
7989954.756000	-205164.857000	1.173179	2.777778	0.050697	1642785535.853158	
7989954.955000	-205164.376000	1.181449	2.777778	0.041676	1642785536.040552	
7989955.149000	-205163.904000	1.177816	2.777778	-0.018685	1642785536.224265	
7989955.370000	-205163.374000	1.174373	2.777778	-0.015735	1642785536.430988	
7989955.586000	-205162.853000	1.182418	2.777778	0.037425	1642785536.634029	
7989955.717000	-205162.495000	1.238797	2.777778	0.370310	1642785536.771266	
7989955.849000	-205162.137000	1.181015	2.777778	-0.378365	1642785536.908628	
7989956.119000	-205161.480000	1.186024	2.777778	0.018506	1642785537.164341	
7989956.343000	-205160.903000	1.183875	2.777778	-0.009110	1642785537.387165	
7989956.585000	-205160.313000	1.182990	2.777778	-0.003643	1642785537.616738	
7989956.857000	-205159.643000	1.181021	2.777778	-0.007150	1642785537.877056	
7989957.013000	-205159.259000	1.189346	2.777778	0.052679	1642785538.026268	
7989957.168000	-205158.874000	1.182419	2.777778	-0.043787	1642785538.175679	
7989957.430000	-205158.192000	1.179159	2.777778	-0.011711	1642785538.438693	
7989957.670000	-205157.521000	1.176331	2.777778	-0.010420	1642785538.695240	
7989957.826000	-205157.139000	1.189219	2.777778	0.081812	1642785538.843785	
7989957.981000	-205156.757000	1.176471	2.777778	-0.080998	1642785538.992195	
7989958.125000	-205156.371000	1.228938	2.777778	0.322618	1642785539.140509	
7989958.267000	-205155.995000	1.174478	2.777778	-0.341731	1642785539.285201	
7989958.497000	-205155.455000	1.174695	2.777778	0.000971	1642785539.496500	
7989958.650000	-205155.070000	1.201810	2.777778	0.170140	1642785539.645643	
7989958.799000	-205154.695000	1.172896	2.777778	-0.185922	1642785539.790909	
7989958.960000	-205154.327000	1.152304	2.777778	-0.133763	1642785539.935513	
7989959.113000	-205153.978000	1.165410	2.777778	0.090037	1642785540.072696	
7989959.381000	-205153.321000	1.162021	2.777778	-0.012538	1642785540.328137	
7989959.619000	-205152.767000	1.162696	2.777778	0.002939	1642785540.545202	
7989959.902000	-205152.113000	1.159509	2.777778	-0.011740	1642785540.801740	
7989960.125000	-205151.531000	1.157734	2.777778	-0.007477	1642785541.026114	
7989960.326000	-205151.043000	1.154807	2.777778	-0.014555	1642785541.216112	
7989960.552000	-205150.513000	1.150829	2.777778	-0.018119	1642785541.423535	
7989960.724000	-205150.117000	1.163125	2.777778	0.074618	1642785541.578961	
7989960.894000	-205149.731000	1.145875	2.777778	-0.106945	1642785541.730801	
7989961.178000	-205149.064000	1.140919	2.777778	-0.017947	1642785541.991781	
7989961.324000	-205148.712000	1.195157	2.777778	0.357553	1642785542.128969	
7989961.470000	-205148.361000	1.138238	2.777778	-0.374484	1642785542.265825	
7989961.733000	-205147.712000	1.134846	2.777778	-0.012714	1642785542.517920	
7989961.964000	-205147.229000	1.133332	2.777778	-0.007423	1642785542.710663	
7989962.123000	-205146.860000	1.180875	2.777778	0.301157	1642785542.855310	
7989962.278000	-205146.500000	1.129654	2.777778	-0.330460	1642785542.996412	
7989962.448000	-205146.123000	1.157009	2.777778	0.171916	1642785543.145292	
7989962.618000	-205145.746000	1.127207	2.777778	-0.186954	1642785543.294173	
7989962.806000	-205145.346000	1.133660	2.777778	0.038308	1642785543.453284	
7989962.989000	-205144.955000	1.126122	2.777778	-0.045805	1642785543.608698	
7989963.321000	-205144.290000	1.126704	2.777778	0.002056	1642785543.876275	
7989963.591000	-205143.673000	1.123222	2.777778	-0.013569	1642785544.118732	
7989963.766000	-205143.297000	1.142173	2.777778	0.119380	1642785544.268034	
7989963.936000	-205142.931000	1.121916	2.777778	-0.131013	1642785544.413314	
7989964.241000	-205142.285000	1.117474	2.777778	-0.016320	1642785544.670491	
7989964.495000	-205141.664000	1.117310	2.777778	-0.000644	1642785544.912029	
7989964.818000	-205141.007000	1.112054	2.777778	-0.018843	1642785545.175587	
7989965.016000	-205140.636000	1.063506	2.777778	-0.294248	1642785545.326977	
7989965.205000	-205140.283000	1.112072	2.777778	0.308242	1642785545.471126	
7989965.500000	-205139.621000	1.104363	2.777778	-0.027914	1642785545.732037	
7989965.662000	-205139.277000	1.143781	2.777778	0.265695	1642785545.868922	
7989965.820000	-205138.941000	1.108475	2.777778	-0.244611	1642785546.002589	
7989966.158000	-205138.278000	1.103541	2.777778	-0.017402	1642785546.270496	
7989966.331000	-205137.924000	1.120125	2.777778	0.110042	1642785546.412340	
7989966.505000	-205137.570000	1.101594	2.777778	-0.122701	1642785546.554342	
7989966.690000	-205137.202000	1.107573	2.777778	0.038084	1642785546.702621	
7989966.866000	-205136.853000	1.100974	2.777778	-0.044291	1642785546.843333	
7989967.160000	-205136.250000	1.096686	2.777778	-0.016776	1642785547.084840	
7989967.337000	-205135.898000	1.108869	2.777778	0.080992	1642785547.226679	
7989967.509000	-205135.556000	1.099978	2.777778	-0.060888	1642785547.364493	
7989967.839000	-205134.914000	1.095630	2.777778	-0.015812	1642785547.624358	
7989968.022000	-205134.542000	1.121688	2.777778	0.163522	1642785547.773605	
7989968.202000	-205134.180000	1.093016	2.777778	-0.184061	1642785547.919146	
7989968.516000	-205133.577000	1.089625	2.777778	-0.013093	1642785548.163895	
7989968.695000	-205133.231000	1.092584	2.777778	0.019936	1642785548.304136	
7989968.871000	-205132.894000	1.086280	2.777778	-0.043496	1642785548.441005	
7989969.055000	-205132.538000	1.095896	2.777778	0.062903	1642785548.585271	
7989969.231000	-205132.201000	1.083806	2.777778	-0.083277	1642785548.722140	
7989969.505000	-205131.648000	1.083981	2.777778	0.000744	1642785548.944317	
7989969.784000	-205131.083000	1.083061	2.777778	-0.003835	1642785549.171165	
7989970.061000	-205130.550000	1.095105	2.777778	0.052587	1642785549.387410	
7989970.338000	-205130.017000	1.083594	2.777778	-0.050262	1642785549.603655	
7989970.531000	-205129.653000	1.084522	2.777778	0.005909	1642785549.751975	
7989970.719000	-205129.297000	1.083496	2.777778	-0.006688	1642785549.896908	
7989970.910000	-205128.956000	1.046615	2.777778	-0.242808	1642785550.037613	
7989971.096000	-205128.624000	1.086304	2.777778	0.267221	1642785550.174612	
7989971.287000	-205128.247000	1.112852	2.777778	0.163423	1642785550.326756	
7989971.477000	-205127.870000	1.085848	2.777778	-0.166357	1642785550.478738	
7989971.828000	-205127.211000	1.084221	2.777778	-0.005717	1642785550.747531	
7989972.114000	-205126.610000	1.083084	2.777778	-0.004487	1642785550.987140	
7989972.358000	-205126.098000	1.081802	2.777778	-0.005930	1642785551.191321	
7989972.667000	-205125.529000	1.082769	2.777778	0.003918	1642785551.424417	
7989972.939000	-205124.930000	1.078709	2.777778	-0.016198	1642785551.661248	
7989973.233000	-205124.373000	1.078170	2.777778	-0.002249	1642785551.887986	
7989973.425000	-205124.021000	1.070869	2.777778	-0.047763	1642785552.032331	
7989973.606000	-205123.687000	1.076865	2.777778	0.041414	1642785552.169092	
7989973.792000	-205123.328000	1.104068	2.777778	0.174803	1642785552.314648	
7989973.977000	-205122.968000	1.076057	2.777778	-0.179704	1642785552.460360	
7989974.288000	-205122.364000	1.072862	2.777778	-0.012344	1642785552.704931	
7989974.616000	-205121.709000	1.072355	2.777778	-0.001815	1642785552.968644	
7989974.916000	-205121.134000	1.071556	2.777778	-0.003234	1642785553.202124	
7989975.232000	-205120.521000	1.068638	2.777778	-0.011108	1642785553.450400	
7989975.535000	-205119.964000	1.068579	2.777778	-0.000243	1642785553.678669	
7989975.855000	-205119.315000	1.068670	2.777778	0.000329	1642785553.939166	
7989976.159000	-205118.724000	1.063702	2.777778	-0.019619	1642785554.178423	
7989976.353000	-205118.359000	1.092377	2.777778	0.180127	1642785554.327230	
7989976.541000	-205118.003000	1.064989	2.777778	-0.176713	1642785554.472163	
7989976.739000	-205117.652000	1.055617	2.777778	-0.060975	1642785554.617242	
7989976.931000	-205117.310000	1.064556	2.777778	0.059761	1642785554.758437	
7989977.131000	-205116.969000	1.030739	2.777778	-0.220885	1642785554.900753	
7989977.320000	-205116.645000	1.062979	2.777778	0.221904	1642785555.035788	
7989977.621000	-205116.067000	1.062293	2.777778	-0.002761	1642785555.270392	
7989977.951000	-205115.452000	1.067468	2.777778	0.019459	1642785555.521652	
7989978.162000	-205115.062000	1.078664	2.777778	0.066180	1642785555.681283	
7989978.374000	-205114.672000	1.065127	2.777778	-0.079877	1642785555.841086	
7989978.658000	-205114.161000	1.063722	2.777778	-0.006310	1642785556.051548	
7989978.937000	-205113.658000	1.065002	2.777778	0.005844	1642785556.258618	
7989979.228000	-205113.117000	1.063365	2.777778	-0.006997	1642785556.479765	
7989979.448000	-205112.743000	1.028292	2.777778	-0.209079	1642785556.635972	
7989979.662000	-205112.378000	1.063666	2.777778	0.216037	1642785556.788291	
7989979.854000	-205112.033000	1.064242	2.777778	0.003828	1642785556.930429	
7989980.046000	-205111.687000	1.062450	2.777778	-0.011887	1642785557.072882	
7989980.246000	-205111.347000	1.025568	2.777778	-0.240675	1642785557.214888	
7989980.442000	-205111.016000	1.063084	2.777778	0.250621	1642785557.353372	
7989980.733000	-205110.481000	1.058148	2.777778	-0.021270	1642785557.572620	
7989980.928000	-205110.138000	1.052805	2.777778	-0.035535	1642785557.714660	
7989981.122000	-205109.794000	1.062664	2.777778	0.065439	1642785557.856836	
7989981.386000	-205109.320000	1.061804	2.777778	-0.004161	1642785558.052157	
7989981.698000	-205108.700000	1.062671	2.777778	0.003277	1642785558.302025	
7989981.902000	-205108.343000	1.050226	2.777778	-0.079285	1642785558.450048	
7989982.095000	-205108.003000	1.058622	2.777778	0.056317	1642785558.590794	
7989982.287000	-205107.670000	1.043106	2.777778	-0.105564	1642785558.729173	
7989982.473000	-205107.346000	1.059322	2.777778	0.113446	1642785558.863666	
7989982.752000	-205106.823000	1.058286	2.777778	-0.004587	1642785559.077062	
7989983.061000	-205106.226000	1.057870	2.777778	-0.001623	1642785559.319064	
7989983.404000	-205105.590000	1.057346	2.777778	-0.001906	1642785559.579198	
7989983.662000	-205105.088000	1.058018	2.777778	0.003127	1642785559.782389	
7989984.038000	-205104.467000	1.056824	2.777778	-0.004317	1642785560.043734	
7989984.221000	-205104.120000	1.099367	2.777778	0.277330	1642785560.184962	
7989984.400000	-205103.782000	1.053288	2.777778	-0.306300	1642785560.322652	
7989984.658000	-205103.317000	1.051130	2.777778	-0.010648	1642785560.514092	
7989984.890000	-205102.816000	1.052582	2.777778	0.006899	1642785560.712852	
7989985.077000	-205102.484000	1.060630	2.777778	0.055392	1642785560.850027	
7989985.258000	-205102.162000	1.054497	2.777778	-0.043559	1642785560.983005	
7989985.525000	-205101.642000	1.050040	2.777778	-0.020011	1642785561.193440	
7989985.727000	-205101.306000	1.017370	2.777778	-0.215359	1642785561.334577	
7989985.924000	-205100.979000	1.049950	2.777778	0.220386	1642785561.472009	
7989986.227000	-205100.451000	1.049218	2.777778	-0.003154	1642785561.691164	
7989986.526000	-205099.928000	1.051852	2.777778	0.011475	1642785561.908041	
7989986.825000	-205099.407000	1.045835	2.777778	-0.026287	1642785562.124294	
7989987.162000	-205098.772000	1.046262	2.777778	0.001560	1642785562.383092	
7989987.509000	-205098.191000	1.050481	2.777778	0.016363	1642785562.626716	
7989987.849000	-205097.623000	1.053098	2.777778	0.010374	1642785562.865031	
7989988.154000	-205097.050000	1.047296	2.777778	-0.023456	1642785563.098713	
7989988.512000	-205096.440000	1.039808	2.777778	-0.027783	1642785563.353339	
7989988.820000	-205095.871000	1.039010	2.777778	-0.003239	1642785563.586263	
7989989.124000	-205095.353000	1.038777	2.777778	-0.001018	1642785563.802485	
7989989.507000	-205094.750000	1.032563	2.777778	-0.022831	1642785564.059652	
7989989.793000	-205094.259000	1.034654	2.777778	0.009661	1642785564.264212	
7989990.092000	-205093.757000	1.028569	2.777778	-0.027333	1642785564.474560	
7989990.412000	-205093.170000	1.026383	2.777778	-0.008582	1642785564.715240	
7989990.745000	-205092.621000	1.042729	2.777778	0.066727	1642785564.946396	
7989990.986000	-205092.189000	1.055509	2.777778	0.067714	1642785565.124479	
7989991.232000	-205091.761000	1.042913	2.777778	-0.066879	1642785565.302197	
7989991.483000	-205091.336000	1.031070	2.777778	-0.062901	1642785565.479887	
7989991.738000	-205090.915000	1.019371	2.777778	-0.062311	1642785565.657081	
7989992.004000	-205090.489000	1.007647	2.777778	-0.061204	1642785565.837883	
7989992.268000	-205090.075000	0.997094	2.777778	-0.056357	1642785566.014647	
7989992.537000	-205089.663000	0.986421	2.777778	-0.056875	1642785566.191782	
7989992.810000	-205089.255000	0.976458	2.777778	-0.053224	1642785566.368510	
7989993.087000	-205088.850000	0.966733	2.777778	-0.051985	1642785566.545150	
7989993.373000	-205088.439000	0.957510	2.777778	-0.048310	1642785566.725408	
7989993.658000	-205088.039000	0.948446	2.777778	-0.048407	1642785566.902220	
7989993.945000	-205087.642000	0.939913	2.777778	-0.045693	1642785567.078576	
7989994.236000	-205087.247000	0.931976	2.777778	-0.042440	1642785567.255198	
7989994.536000	-205086.847000	0.924322	2.777778	-0.040163	1642785567.435198	
7989994.833000	-205086.456000	0.917005	2.777778	-0.039097	1642785567.611961	
7989995.132000	-205086.068000	0.910235	2.777778	-0.036262	1642785567.788304	
7989995.441000	-205085.674000	0.903741	2.777778	-0.034031	1642785567.968562	
7989995.745000	-205085.290000	0.897799	2.777778	-0.031839	1642785568.144879	
7989996.052000	-205084.908000	0.892273	2.777778	-0.029591	1642785568.321306	
7989996.367000	-205084.519000	0.887042	2.777778	-0.027422	1642785568.501502	
7989996.677000	-205084.140000	0.882327	2.777778	-0.025275	1642785568.677770	
7989996.989000	-205083.762000	0.878039	2.777778	-0.022959	1642785568.854217	
7989997.303000	-205083.386000	0.851598	2.777778	-0.140749	1642785569.030570	
7989997.718000	-205082.946000	0.815243	2.777778	-0.156493	1642785569.248311	
7989998.200000	-205082.394000	0.800039	2.777778	-0.054407	1642785569.512126	
7989998.711000	-205081.870000	0.780063	2.777778	-0.071521	1642785569.775615	
7989999.037000	-205081.487000	0.765590	2.777778	-0.075397	1642785569.956680	
7989999.418000	-205081.140000	0.754663	2.777778	-0.055601	1642785570.142200	
7989999.919000	-205080.661000	0.741928	2.777778	-0.048192	1642785570.391730	
7990000.196000	-205080.385000	0.802774	2.777778	0.387777	1642785570.532501	
7990000.474000	-205080.111000	0.726108	2.777778	-0.476031	1642785570.673021	
7990000.967000	-205079.681000	0.709328	2.777778	-0.067233	1642785570.908525	
7990001.450000	-205079.274000	0.702215	2.777778	-0.029549	1642785571.135907	
7990001.760000	-205078.999000	0.735600	2.777778	0.208404	1642785571.285090	
7990002.064000	-205078.732000	0.716810	2.777778	-0.121309	1642785571.430748	
7990002.439453	-205078.396926	0.716522	2.777778	-0.001502	1642785571.611910	
7990002.822130	-205078.071038	0.694825	2.777778	-0.112828	1642785571.792860	
7990003.211000	-205077.753188	0.676165	2.777778	-0.097219	1642785571.973668	
7990003.597109	-205077.448385	0.660836	2.777778	-0.081619	1642785572.150759	
7990003.995205	-205077.143059	0.648216	2.777778	-0.065937	1642785572.331371	
7990004.396427	-205076.842345	0.638648	2.777778	-0.050048	1642785572.511877	
7990004.799744	-205076.545096	0.632133	2.777778	-0.034119	1642785572.692245	
7990005.204127	-205076.250162	0.628675	2.777778	-0.018137	1642785572.872429	
7990005.608547	-205075.956394	0.628280	2.777778	-0.002073	1642785573.052377	
7990006.011974	-205075.662643	0.630962	2.777778	0.014108	1642785573.232032	
7990006.413378	-205075.367759	0.636740	2.777778	0.030443	1642785573.411340	
7990006.811730	-205075.070595	0.645639	2.777778	0.046964	1642785573.590253	
7990007.206000	-205074.770000	0.642518	2.777778	-0.016520	1642785573.768737	
7990007.745000	-205074.362000	0.626663	2.777778	-0.061488	1642785574.012099	
7990008.205000	-205073.985000	0.633912	2.777778	0.031984	1642785574.226210	
7990008.810000	-205073.559000	0.635244	2.777778	0.004724	1642785574.492586	
7990009.286000	-205073.198000	0.635418	2.777778	0.000764	1642785574.707653	
7990009.738000	-205072.887000	0.632001	2.777778	-0.016344	1642785574.905169	
7990010.237000	-205072.504000	0.627539	2.777778	-0.018618	1642785575.131624	
7990010.755000	-205072.138000	0.630995	2.777778	0.014301	1642785575.359956	
7990011.186000	-205071.860000	0.624312	2.777778	-0.034195	1642785575.544592	
7990011.726000	-205071.461000	0.630718	2.777778	0.025043	1642785575.786302	
7990012.247000	-205071.112000	0.636063	2.777778	0.022371	1642785576.012055	
7990012.683000	-205070.799000	0.646607	2.777778	0.051519	1642785576.205273	
7990013.189000	-205070.380000	0.659854	2.777778	0.052884	1642785576.441778	
7990013.707000	-205069.990000	0.677080	2.777778	0.069627	1642785576.675203	
7990014.189000	-205069.573000	0.699277	2.777778	0.091166	1642785576.904648	
7990014.690000	-205069.181000	0.721476	2.777778	0.091348	1642785577.133656	
7990015.180000	-205068.812000	0.726422	2.777778	0.021166	1642785577.354481	
7990015.683000	-205068.377000	0.762066	2.777778	0.139781	1642785577.593883	
7990016.110000	-205068.028000	0.781217	2.777778	0.090904	1642785577.792416	
7990016.503000	-205067.655000	0.800236	2.777778	0.091884	1642785577.987474	
7990016.863000	-205067.278000	0.817891	2.777778	0.088670	1642785578.175133	
7990017.281000	-205066.868000	0.840609	2.777778	0.101499	1642785578.385918	
7990017.657000	-205066.460000	0.861677	2.777778	0.099349	1642785578.585658	
7990018.114000	-205065.990000	0.908455	2.777778	0.185168	1642785578.821656	
7990018.421000	-205065.587000	0.932631	2.777778	0.124618	1642785579.004038	
7990018.738000	-205065.145000	0.957652	2.777778	0.120166	1642785579.199850	
7990019.053000	-205064.684000	0.993456	2.777778	0.166768	1642785579.400853	
7990019.352000	-205064.210000	1.030484	2.777778	0.171731	1642785579.602607	
7990019.637000	-205063.724000	1.067818	2.777778	0.172223	1642785579.805431	
7990019.900000	-205063.228000	1.103625	2.777778	0.165882	1642785580.007540	
7990020.145000	-205062.728000	1.141817	2.777778	0.178147	1642785580.207987	
7990020.371000	-205062.212000	1.180682	2.777778	0.179163	1642785580.410783	
7990020.575000	-205061.703000	1.218413	2.777778	0.178693	1642785580.608192	
7990020.756000	-205061.189000	1.238284	2.777778	0.095430	1642785580.804370	
7990020.914000	-205060.712000	1.280860	2.777778	0.218856	1642785580.985265	
7990021.040000	-205060.242000	1.335981	2.777778	0.289027	1642785581.160440	
7990021.142000	-205059.758000	1.387684	2.777778	0.267795	1642785581.338507	
7990021.220000	-205059.272000	1.434504	2.777778	0.244690	1642785581.515706	
7990021.278000	-205058.774000	1.476677	2.777778	0.217318	1642785581.696198	
7990021.315000	-205058.284000	1.510628	2.777778	0.179414	1642785581.873101	
7990021.335000	-205057.793000	1.545779	2.777778	0.185609	1642785582.050007	
7990021.342000	-205057.301000	1.570338	2.777778	0.130276	1642785582.227145	
7990021.338000	-205056.810000	1.598744	2.777778	0.150711	1642785582.403911	
7990021.311000	-205056.279000	1.651507	2.777778	0.254834	1642785582.595318	
7990021.262000	-205055.745000	1.694216	2.777778	0.206099	1642785582.788365	
7990021.189000	-205055.214000	1.736772	2.777778	0.205470	1642785582.981323	
7990021.094000	-205054.689000	1.779097	2.777778	0.205309	1642785583.173393	
7990020.978000	-205054.175000	1.820432	2.777778	0.203084	1642785583.363086	
7990020.842000	-205053.667000	1.859591	2.777778	0.193027	1642785583.552407	
7990020.686000	-205053.162000	1.899691	2.777778	0.196583	1642785583.742683	
7990020.509000	-205052.671000	1.940009	2.777778	0.200066	1642785583.930578	
7990020.312000	-205052.184000	1.978350	2.777778	0.189287	1642785584.119699	
7990020.097000	-205051.704000	2.015507	2.777778	0.183368	1642785584.309041	
7990019.864000	-205051.228000	2.052927	2.777778	0.183264	1642785584.499829	
7990019.612000	-205050.767000	2.090303	2.777778	0.184619	1642785584.688966	
7990019.343000	-205050.309000	2.128239	2.777778	0.185331	1642785584.880182	
7990019.060000	-205049.864000	2.165434	2.777778	0.183067	1642785585.070033	
7990018.756000	-205049.427000	2.202466	2.777778	0.180616	1642785585.261675	
7990018.439000	-205049.009000	2.237086	2.777778	0.171530	1642785585.450534	
7990018.112000	-205048.597000	2.272064	2.777778	0.172816	1642785585.639893	
7990017.803000	-205048.177000	2.301423	2.777778	0.146737	1642785585.827605	
7990017.448000	-205047.792000	2.336121	2.777778	0.172204	1642785586.016133	
7990017.083000	-205047.418000	2.370458	2.777778	0.170796	1642785586.204266	
7990016.698000	-205047.054000	2.405438	2.777778	0.171602	1642785586.395005	
7990016.310000	-205046.709000	2.440280	2.777778	0.174365	1642785586.581917	
7990015.909000	-205046.377000	2.474383	2.777778	0.170294	1642785586.769333	
7990015.497000	-205046.060000	2.527372	2.777778	0.261451	1642785586.956475	
7990015.075000	-205045.784000	2.580192	2.777778	0.268338	1642785587.138002	
7990014.650000	-205045.526000	2.610368	2.777778	0.157996	1642785587.316988	
7990014.168000	-205045.254000	2.645453	2.777778	0.164894	1642785587.516230	
7990013.679000	-205045.000000	2.680857	2.777778	0.167083	1642785587.714602	
7990013.182000	-205044.764000	2.714770	2.777778	0.160413	1642785587.912669	
7990012.688000	-205044.549000	2.746614	2.777778	0.153925	1642785588.106622	
7990012.259000	-205044.376000	2.772812	2.777778	0.147592	1642785588.273147	
7990011.825000	-205044.215000	2.797973	2.777778	0.141723	1642785588.439791	
7990011.389000	-205044.065000	2.822078	2.777778	0.136382	1642785588.605780	
7990010.950000	-205043.925000	2.845139	2.777778	0.130625	1642785588.771662	
7990010.508000	-205043.796000	2.875596	2.777778	0.171925	1642785588.937421	
7990009.982000	-205043.667000	2.915629	2.777778	0.191652	1642785589.132392	
7990009.460067	-205043.557649	2.954399	2.777778	0.188578	1642785589.324368	
7990008.944000	-205043.466000	2.973460	2.777778	0.095174	1642785589.513059	
