7382379.989386 -337578.908349 -2.522278 1642019247.277906
7382379.982147 -337578.913509 -2.522272 1642019247.327910
7382379.975167 -337578.918486 -2.522266 1642019247.377954
7382379.963789 -337578.926597 -2.522261 1642019247.427999
7382379.957668 -337578.930960 -2.522258 1642019247.478017
7382379.949793 -337578.936575 -2.522256 1642019247.528009
7382379.940442 -337578.943241 -2.522253 1642019247.577986
7382379.924574 -337578.954554 -2.522249 1642019247.627981
7382379.916550 -337578.960274 -2.522248 1642019247.677995
7382379.906179 -337578.967668 -2.522244 1642019247.727949
7382379.884593 -337578.983057 -2.522240 1642019247.777955
7382379.871396 -337578.992466 -2.522236 1642019247.828860
7382379.858540 -337579.001631 -2.522233 1642019247.877844
7382379.840074 -337579.014796 -2.522232 1642019247.927826
7382379.811625 -337579.035079 -2.522232 1642019247.977767
7382379.794094 -337579.047578 -2.522232 1642019248.027788
7382379.758908 -337579.072664 -2.522236 1642019248.077745
7382379.739690 -337579.086365 -2.522239 1642019248.127715
7382379.704493 -337579.111458 -2.522243 1642019248.177619
7382379.678550 -337579.129954 -2.522246 1642019248.227609
7382379.640823 -337579.156851 -2.522250 1642019248.277637
7382379.610015 -337579.178814 -2.522254 1642019248.327584
7382379.568394 -337579.208487 -2.522266 1642019248.377584
7382379.532322 -337579.234202 -2.522277 1642019248.427569
7382379.493441 -337579.261920 -2.522297 1642019248.477618
7382379.454103 -337579.289963 -2.522317 1642019248.527658
7382379.414196 -337579.318412 -2.522337 1642019248.577719
7382379.372360 -337579.348234 -2.522352 1642019248.627734
7382379.330084 -337579.378367 -2.522372 1642019248.677870
7382379.285525 -337579.410126 -2.522394 1642019248.727866
7382379.237238 -337579.444541 -2.522420 1642019248.777958
7382379.190356 -337579.477953 -2.522471 1642019248.827992
7382379.142355 -337579.512160 -2.522534 1642019248.877970
7382379.095733 -337579.545381 -2.522615 1642019248.928014
7382379.043174 -337579.582831 -2.522727 1642019248.978079
7382378.991296 -337579.619791 -2.522850 1642019249.028414
7382378.938630 -337579.657302 -2.522957 1642019249.078097
7382378.896908 -337579.686994 -2.523038 1642019249.128175
7382378.832071 -337579.733162 -2.523192 1642019249.178169
7382378.773222 -337579.775039 -2.523338 1642019249.229043
7382378.716972 -337579.815048 -2.523483 1642019249.278095
7382378.664918 -337579.852056 -2.523614 1642019249.328100
7382378.602754 -337579.896254 -2.523770 1642019249.378090
7382378.542011 -337579.939420 -2.523913 1642019249.428117
7382378.479315 -337579.983962 -2.524070 1642019249.478114
7382378.420538 -337580.025698 -2.524219 1642019249.528114
7382378.354053 -337580.072908 -2.524386 1642019249.578103
7382378.289657 -337580.118611 -2.524544 1642019249.628095
7382378.220543 -337580.167648 -2.524715 1642019249.678160
7382378.157215 -337580.212554 -2.524871 1642019249.728234
7382378.085461 -337580.263438 -2.525048 1642019249.778129
7382378.013503 -337580.314437 -2.525212 1642019249.828123
7382377.941793 -337580.365242 -2.525362 1642019249.878147
7382377.872652 -337580.414198 -2.525498 1642019249.928099
7382377.795348 -337580.468937 -2.525581 1642019249.978049
7382377.717243 -337580.524214 -2.525675 1642019250.028898
7382377.641889 -337580.577522 -2.525758 1642019250.077925
7382377.578701 -337580.622207 -2.525867 1642019250.127878
7382377.485882 -337580.687884 -2.525921 1642019250.177916
7382377.402188 -337580.747079 -2.526012 1642019250.228684
7382377.324764 -337580.801829 -2.526087 1642019250.277726
7382377.246990 -337580.856824 -2.526139 1642019250.327719
7382377.159343 -337580.918800 -2.526199 1642019250.377668
7382377.077195 -337580.976877 -2.526254 1642019250.427670
7382377.009398 -337581.024800 -2.526299 1642019250.477622
7382376.911534 -337581.093972 -2.526366 1642019250.527637
7382376.813369 -337581.163353 -2.526433 1642019250.577646
7382376.742516 -337581.213418 -2.526480 1642019250.627572
7382376.648723 -337581.279691 -2.526544 1642019250.677622
7382376.570252 -337581.335122 -2.526597 1642019250.727700
7382376.471154 -337581.405129 -2.526665 1642019250.777636
7382376.379570 -337581.469814 -2.526727 1642019250.827717
7382376.289927 -337581.533119 -2.526788 1642019250.877713
7382376.196532 -337581.599062 -2.526852 1642019250.927732
7382376.101917 -337581.665864 -2.526917 1642019250.977758
7382376.007263 -337581.732682 -2.526981 1642019251.028336
7382375.915562 -337581.797405 -2.527044 1642019251.077818
7382375.831201 -337581.856928 -2.527102 1642019251.127859
7382375.714823 -337581.939064 -2.527182 1642019251.177932
7382375.609252 -337582.013549 -2.527255 1642019251.227911
7382375.509087 -337582.084207 -2.527323 1642019251.277987
7382375.412924 -337582.152028 -2.527382 1642019251.328045
7382375.308460 -337582.225705 -2.527449 1642019251.378073
7382375.201347 -337582.301232 -2.527504 1642019251.428101
7382375.089385 -337582.380164 -2.527582 1642019251.478168
7382374.983419 -337582.454856 -2.527656 1642019251.528207
7382374.871059 -337582.534053 -2.527727 1642019251.578243
7382374.753588 -337582.616836 -2.527803 1642019251.628278
7382374.639309 -337582.697354 -2.527876 1642019251.678375
7382374.529465 -337582.774731 -2.527946 1642019251.728366
7382374.407875 -337582.860382 -2.528024 1642019251.778409
7382374.286633 -337582.945766 -2.528102 1642019251.828928
7382374.163148 -337583.032718 -2.528182 1642019251.878350
7382374.046349 -337583.114940 -2.528257 1642019251.928397
7382373.913436 -337583.208507 -2.528343 1642019251.978369
7382373.788913 -337583.296144 -2.528424 1642019252.028367
7382373.662555 -337583.385055 -2.528505 1642019252.078359
7382373.562178 -337583.455652 -2.528571 1642019252.128361
7382373.412762 -337583.560780 -2.528668 1642019252.178353
7382373.270330 -337583.660963 -2.528762 1642019252.228414
7382373.140970 -337583.751922 -2.528796 1642019252.278417
7382373.009488 -337583.844349 -2.528840 1642019252.328408
7382372.868841 -337583.943219 -2.528795 1642019252.378382
7382372.727936 -337584.042252 -2.528689 1642019252.428407
7382372.593544 -337584.136702 -2.528537 1642019252.478446
7382372.462688 -337584.228679 -2.528536 1642019252.528439
7382372.319290 -337584.329501 -2.528469 1642019252.578455
7382372.173636 -337584.431956 -2.528370 1642019252.629197
7382372.033212 -337584.530777 -2.528242 1642019252.678491
7382371.898921 -337584.625320 -2.528119 1642019252.728418
7382371.753434 -337584.727744 -2.528064 1642019252.778500
7382371.610753 -337584.828232 -2.527988 1642019252.828806
7382371.477582 -337584.922055 -2.527862 1642019252.878329
7382371.336348 -337585.021572 -2.527755 1642019252.928292
7382371.168116 -337585.140101 -2.527655 1642019252.978278
7382371.034685 -337585.234145 -2.527572 1642019253.028939
7382370.897050 -337585.331168 -2.527488 1642019253.078266
7382370.774684 -337585.417464 -2.527414 1642019253.128234
7382370.595826 -337585.543551 -2.527307 1642019253.178228
7382370.456208 -337585.642022 -2.527248 1642019253.228887
7382370.326197 -337585.733745 -2.527246 1642019253.278240
7382370.183518 -337585.834422 -2.527201 1642019253.328264
7382370.006769 -337585.959133 -2.527237 1642019253.378348
7382369.858324 -337586.063898 -2.527280 1642019253.428251
7382369.720801 -337586.160951 -2.527336 1642019253.478277
7382369.582457 -337586.258565 -2.527352 1642019253.528269
7382369.423159 -337586.370954 -2.527390 1642019253.578220
7382369.262985 -337586.483916 -2.527469 1642019253.628743
7382369.119086 -337586.585375 -2.527548 1642019253.678088
7382368.976826 -337586.685653 -2.527625 1642019253.728096
7382368.819222 -337586.796749 -2.527713 1642019253.778041
7382368.667614 -337586.903589 -2.527796 1642019253.828008
7382368.484739 -337587.032449 -2.527902 1642019253.878006
7382368.333845 -337587.138734 -2.527959 1642019253.928002
7382368.212635 -337587.224104 -2.528019 1642019253.977978
7382368.052748 -337587.336700 -2.528080 1642019254.028048
7382367.872439 -337587.463663 -2.528143 1642019254.077989
7382367.728322 -337587.565105 -2.528175 1642019254.127972
7382367.548100 -337587.691999 -2.528139 1642019254.177959
7382367.387601 -337587.804970 -2.528077 1642019254.227983
7382367.219588 -337587.923227 -2.527906 1642019254.277959
7382367.061990 -337588.034163 -2.527828 1642019254.327986
7382366.888571 -337588.156259 -2.527706 1642019254.378023
7382366.724169 -337588.272070 -2.527608 1642019254.427994
7382366.560935 -337588.387113 -2.527471 1642019254.478001
7382366.398934 -337588.501352 -2.527316 1642019254.527977
7382366.219260 -337588.628054 -2.527145 1642019254.578002
7382366.051205 -337588.746627 -2.526984 1642019254.628016
7382365.875941 -337588.870325 -2.526817 1642019254.677985
7382365.713225 -337588.985230 -2.526662 1642019254.728054
7382365.534928 -337589.111135 -2.526492 1642019254.778050
7382365.367731 -337589.229270 -2.526332 1642019254.828126
7382365.191228 -337589.354020 -2.526164 1642019254.878092
7382365.021789 -337589.473834 -2.526002 1642019254.928131
7382364.849721 -337589.595516 -2.525837 1642019254.978171
7382364.655567 -337589.732873 -2.525654 1642019255.029044
7382364.485846 -337589.853005 -2.525492 1642019255.078205
7382364.342688 -337589.954422 -2.525354 1642019255.128276
7382364.147540 -337590.092558 -2.525168 1642019255.178316
7382363.972268 -337590.216738 -2.525000 1642019255.228341
7382363.794620 -337590.342649 -2.524831 1642019255.278413
7382363.620623 -337590.466036 -2.524666 1642019255.328447
7382363.439017 -337590.594820 -2.524492 1642019255.378497
7382363.264911 -337590.718358 -2.524260 1642019255.428513
7382363.095523 -337590.838593 -2.524067 1642019255.478568
7382362.925862 -337590.959076 -2.523823 1642019255.528616
7382362.744905 -337591.087589 -2.523560 1642019255.578719
7382362.566435 -337591.214416 -2.523299 1642019255.628663
7382362.397015 -337591.334884 -2.523001 1642019255.678746
7382362.225811 -337591.456729 -2.522704 1642019255.728739
7382362.050372 -337591.581612 -2.522320 1642019255.778781
7382361.875260 -337591.706362 -2.521978 1642019255.828791
7382361.701617 -337591.830189 -2.521589 1642019255.878808
7382361.529410 -337591.953115 -2.521239 1642019255.928739
7382361.350099 -337592.081148 -2.520741 1642019255.978740
7382361.174703 -337592.206547 -2.520202 1642019256.029149
7382361.003951 -337592.328755 -2.519700 1642019256.078706
7382360.855391 -337592.435351 -2.519316 1642019256.128635
7382360.658595 -337592.576266 -2.518619 1642019256.178585
7382360.481535 -337592.703373 -2.518002 1642019256.228581
7382360.304695 -337592.830519 -2.517330 1642019256.278552
7382360.137574 -337592.950923 -2.516617 1642019256.328522
7382359.957535 -337593.080633 -2.515749 1642019256.378510
7382359.784008 -337593.205933 -2.514816 1642019256.428486
7382359.601455 -337593.337936 -2.513715 1642019256.478456
7382359.437000 -337593.457251 -2.512752 1642019256.528445
7382359.257297 -337593.587624 -2.511575 1642019256.578445
7382359.078575 -337593.717691 -2.510255 1642019256.628394
7382358.902040 -337593.846556 -2.508908 1642019256.678371
7382358.733569 -337593.970096 -2.507583 1642019256.728462
7382358.549011 -337594.105422 -2.506094 1642019256.778349
7382358.373768 -337594.234565 -2.504596 1642019256.828304
7382358.193683 -337594.367675 -2.502957 1642019256.878309
7382358.024496 -337594.493402 -2.501412 1642019256.928320
7382357.842078 -337594.628987 -2.499541 1642019256.978320
7382357.666441 -337594.760207 -2.497767 1642019257.028314
7382357.486468 -337594.895089 -2.495892 1642019257.078284
7382357.324191 -337595.017693 -2.494227 1642019257.128356
7382357.132600 -337595.161863 -2.492067 1642019257.178360
7382356.956627 -337595.295407 -2.490056 1642019257.228335
7382356.778837 -337595.430860 -2.487928 1642019257.278347
7382356.605618 -337595.563711 -2.485694 1642019257.328382
7382356.422687 -337595.704051 -2.483176 1642019257.378414
7382356.246346 -337595.840229 -2.480821 1642019257.428368
7382356.069993 -337595.977073 -2.478336 1642019257.478374
7382355.900340 -337596.109805 -2.475745 1642019257.528294
7382355.712700 -337596.256494 -2.472773 1642019257.578214
7382355.537993 -337596.394387 -2.470032 1642019257.628196
7382355.362418 -337596.533702 -2.467120 1642019257.678094
7382355.191044 -337596.670900 -2.464058 1642019257.728074
7382354.975055 -337596.843607 -2.460163 1642019257.785967
7382354.828362 -337596.962734 -2.457170 1642019257.829041
7382354.658727 -337597.100982 -2.453644 1642019257.877868
7382354.486645 -337597.242514 -2.450100 1642019257.927773
7382354.303987 -337597.392791 -2.446065 1642019257.977740
7382354.129808 -337597.537853 -2.442106 1642019258.027721
7382353.956145 -337597.683664 -2.438216 1642019258.077674
7382353.793339 -337597.822439 -2.434382 1642019258.127620
7382353.608973 -337597.978813 -2.429497 1642019258.177570
7382353.431442 -337598.131636 -2.424786 1642019258.228489
7382353.260044 -337598.280696 -2.420391 1642019258.277521
7382353.097312 -337598.424174 -2.416162 1642019258.327523
7382352.916362 -337598.583698 -2.411305 1642019258.377553
7382352.745676 -337598.736406 -2.406661 1642019258.427519
7382352.575781 -337598.890008 -2.401964 1642019258.477453
7382352.410736 -337599.041250 -2.397343 1642019258.527449
7382352.234548 -337599.202696 -2.392415 1642019258.577476
7382352.066356 -337599.359173 -2.387678 1642019258.627518
7382351.897956 -337599.517220 -2.382915 1642019258.677552
7382351.737362 -337599.670290 -2.378307 1642019258.727600
7382351.566770 -337599.832750 -2.373172 1642019258.777582
7382351.400089 -337599.993713 -2.368042 1642019258.827529
7382351.237567 -337600.152284 -2.362939 1642019258.877526
7382351.083992 -337600.304436 -2.358036 1642019258.927559
7382350.896616 -337600.489649 -2.351677 1642019258.977563
7382350.735101 -337600.652380 -2.346209 1642019259.027553
7382350.561109 -337600.829079 -2.340129 1642019259.077522
7382350.426556 -337600.969559 -2.335179 1642019259.127565
7382350.272183 -337601.129159 -2.329409 1642019259.177624
7382350.111097 -337601.298843 -2.323366 1642019259.227576
7382349.931093 -337601.490330 -2.316214 1642019259.277630
7382349.788689 -337601.645801 -2.310497 1642019259.327635
7382349.613433 -337601.836015 -2.303492 1642019259.377709
7382349.464988 -337602.001017 -2.297454 1642019259.427701
7382349.314772 -337602.170079 -2.291131 1642019259.477746
7382349.164819 -337602.341772 -2.284721 1642019259.527797
7382348.987132 -337602.545066 -2.276953 1642019259.577806
7382348.830369 -337602.728581 -2.269739 1642019259.628348
7382348.685323 -337602.900903 -2.263056 1642019259.677843
7382348.553664 -337603.061163 -2.256824 1642019259.727906
7382348.396508 -337603.251648 -2.249087 1642019259.777952
7382348.242817 -337603.442004 -2.241477 1642019259.827973
7382348.088732 -337603.635748 -2.233850 1642019259.878032
7382347.942257 -337603.824059 -2.226258 1642019259.928042
7382347.787813 -337604.023327 -2.218230 1642019259.978035
7382347.638148 -337604.220576 -2.210375 1642019260.029065
7382347.503482 -337604.402096 -2.203171 1642019260.078100
7382347.368573 -337604.588199 -2.195792 1642019260.128017
7382347.219107 -337604.792864 -2.187599 1642019260.177984
7382347.075283 -337604.995564 -2.179284 1642019260.227989
7382346.933570 -337605.198645 -2.170952 1642019260.277987
7382346.801489 -337605.393105 -2.163222 1642019260.328003
7382346.658034 -337605.603863 -2.154504 1642019260.378041
7382346.521270 -337605.810749 -2.146009 1642019260.428047
7382346.388136 -337606.015993 -2.137504 1642019260.477962
7382346.259254 -337606.219905 -2.129086 1642019260.527960
7382346.120035 -337606.440106 -2.119866 1642019260.577946
7382345.991244 -337606.650527 -2.111006 1642019260.627959
7382345.861279 -337606.866723 -2.101684 1642019260.677969
7382345.741228 -337607.072944 -2.092887 1642019260.727860
7382345.610248 -337607.297614 -2.083226 1642019260.777874
7382345.487899 -337607.514953 -2.073768 1642019260.827881
7382345.366109 -337607.735801 -2.063847 1642019260.877865
7382345.252136 -337607.949832 -2.054482 1642019260.927837
7382345.126531 -337608.185040 -2.043950 1642019260.977906
7382345.010456 -337608.411608 -2.033638 1642019261.027879
7382344.898130 -337608.636405 -2.023402 1642019261.077895
7382344.794802 -337608.852085 -2.013775 1642019261.127942
7382344.677374 -337609.094879 -2.002723 1642019261.177944
7382344.570065 -337609.327002 -1.992302 1642019261.227923
7382344.466191 -337609.558919 -1.981887 1642019261.278012
7382344.367298 -337609.788577 -1.971621 1642019261.328023
7382344.262435 -337610.032415 -1.960698 1642019261.378065
7382344.164989 -337610.269434 -1.950151 1642019261.428069
7382344.070538 -337610.506687 -1.939690 1642019261.478114
7382343.982323 -337610.738732 -1.929571 1642019261.528229
7382343.885348 -337610.992747 -1.918551 1642019261.578251
7382343.797016 -337611.235885 -1.908257 1642019261.628186
7382343.711120 -337611.481359 -1.897965 1642019261.678120
7382343.633455 -337611.715341 -1.888116 1642019261.728179
7382343.548064 -337611.970766 -1.877476 1642019261.778168
7382343.468778 -337612.221440 -1.867058 1642019261.828174
7382343.392657 -337612.470797 -1.856753 1642019261.878179
7382343.323235 -337612.711620 -1.846893 1642019261.928216
7382343.246590 -337612.976011 -1.836077 1642019261.978246
7382343.176842 -337613.232569 -1.825672 1642019262.028249
7382343.111511 -337613.483055 -1.815570 1642019262.078356
7382343.054834 -337613.720140 -1.806113 1642019262.128277
7382342.985990 -337613.994771 -1.795373 1642019262.178244
7382342.926325 -337614.256144 -1.785460 1642019262.228803
7382342.871218 -337614.510198 -1.775785 1642019262.278254
7382342.821086 -337614.759518 -1.766260 1642019262.328257
7382342.765736 -337615.032422 -1.756243 1642019262.378226
7382342.716142 -337615.297461 -1.746557 1642019262.428321
7382342.669628 -337615.559391 -1.736953 1642019262.478316
7382342.629032 -337615.810247 -1.727816 1642019262.528342
7382342.584951 -337616.081412 -1.718006 1642019262.578327
7382342.545851 -337616.345646 -1.708501 1642019262.628318
7382342.508963 -337616.611208 -1.699001 1642019262.678322
7382342.476996 -337616.867964 -1.689797 1642019262.728313
7382342.443270 -337617.140913 -1.679924 1642019262.778285
7382342.413389 -337617.411475 -1.670057 1642019262.828236
7382342.387095 -337617.676220 -1.660123 1642019262.878187
7382342.364478 -337617.938113 -1.650334 1642019262.928206
7382342.340698 -337618.214911 -1.639802 1642019262.978138
7382342.322485 -337618.477849 -1.629537 1642019263.028147
7382342.306227 -337618.746818 -1.619057 1642019263.078083
7382342.294873 -337619.008645 -1.608985 1642019263.128077
7382342.281731 -337619.291953 -1.597496 1642019263.178022
7382342.274625 -337619.558953 -1.586821 1642019263.227982
7382342.270059 -337619.827903 -1.576195 1642019263.277925
7382342.269913 -337620.089004 -1.565759 1642019263.327893
7382342.269646 -337620.373464 -1.554262 1642019263.377855
7382342.274273 -337620.638144 -1.543593 1642019263.427815
7382342.281583 -337620.908876 -1.532705 1642019263.477838
7382342.292911 -337621.174638 -1.521987 1642019263.527843
7382342.305045 -337621.455665 -1.510682 1642019263.577792
7382342.321292 -337621.725176 -1.499841 1642019263.627732
7382342.340580 -337621.994204 -1.489021 1642019263.677778
7382342.363391 -337622.257000 -1.478563 1642019263.727828
7382342.387796 -337622.537162 -1.467582 1642019263.777819
7382342.415999 -337622.806654 -1.456963 1642019263.827836
7382342.447116 -337623.076204 -1.446423 1642019263.877913
7382342.481602 -337623.342674 -1.436224 1642019263.927943
7382342.518106 -337623.620917 -1.425866 1642019263.977947
7382342.558063 -337623.894205 -1.415527 1642019264.028477
7382342.599349 -337624.154054 -1.405744 1642019264.077990
7382342.651133 -337624.464942 -1.394254 1642019264.128057
7382342.706419 -337624.774844 -1.382794 1642019264.178064
7382342.765619 -337625.086015 -1.371258 1642019264.228112
7382342.828756 -337625.398217 -1.359652 1642019264.278186
7382342.895403 -337625.709159 -1.348065 1642019264.328179
7382342.965759 -337626.019800 -1.336525 1642019264.378251
7382343.039720 -337626.329706 -1.325112 1642019264.428339
7382343.117186 -337626.638643 -1.313817 1642019264.478410
7382342.976106 -337626.547700 -1.319516 1642019264.528506
7382343.050075 -337626.860107 -1.308780 1642019264.578553
7382343.123373 -337627.169688 -1.298604 1642019264.628568
7382343.196676 -337627.479288 -1.288468 1642019264.678586
7382343.272381 -337627.799027 -1.278316 1642019264.728719
7382343.343315 -337628.098610 -1.269082 1642019264.778642
7382343.419640 -337628.420963 -1.259413 1642019264.828663
7382343.493265 -337628.731913 -1.249739 1642019264.878632
7382343.567029 -337629.043440 -1.240018 1642019264.928694
7382343.642538 -337629.350279 -1.229904 1642019264.978690
7382343.735616 -337629.617038 -1.220057 1642019265.028711
7382343.833834 -337629.875227 -1.210604 1642019265.078783
7382343.936446 -337630.120866 -1.201338 1642019265.128795
7382344.034899 -337630.388845 -1.191983 1642019265.178862
7382344.138698 -337630.645068 -1.183286 1642019265.228879
7382344.244511 -337630.900493 -1.175763 1642019265.278916
7382344.355591 -337631.146218 -1.170075 1642019265.328986
7382344.467729 -337631.426072 -1.163374 1642019265.379026
7382344.579559 -337631.682084 -1.159669 1642019265.429063
7382344.688856 -337631.918217 -1.156676 1642019265.479158
7382344.807828 -337632.159130 -1.152133 1642019265.529197
7382344.923935 -337632.420819 -1.148275 1642019265.579216
7382345.044485 -337632.673360 -1.144665 1642019265.629338
7382345.167451 -337632.921976 -1.140840 1642019265.679344
7382345.294710 -337633.159977 -1.135456 1642019265.729459
7382345.420232 -337633.417080 -1.131061 1642019265.779582
7382345.549176 -337633.661281 -1.125374 1642019265.829488
7382345.686151 -337633.923826 -1.119334 1642019265.879514
7382345.819074 -337634.158376 -1.112103 1642019265.929615
7382345.951242 -337634.411529 -1.105402 1642019265.979501
7382346.086125 -337634.657467 -1.098127 1642019266.029577
7382346.220605 -337634.898343 -1.090970 1642019266.079406
7382346.354541 -337635.131358 -1.084220 1642019266.129376
7382346.497280 -337635.398909 -1.077841 1642019266.179324
7382346.624641 -337635.622617 -1.073286 1642019266.229228
7382346.759963 -337635.863493 -1.069164 1642019266.279103
7382346.894213 -337636.094846 -1.065613 1642019266.329042
7382347.031268 -337636.343969 -1.062279 1642019266.378871
7382347.167736 -337636.582932 -1.060016 1642019266.428770
7382347.305761 -337636.824363 -1.058433 1642019266.478679
7382347.456873 -337637.082034 -1.054697 1642019266.533384
7382347.584152 -337637.303743 -1.054940 1642019266.578537
7382347.724739 -337637.542109 -1.052592 1642019266.628409
7382347.866749 -337637.780677 -1.050943 1642019266.678391
7382348.008373 -337638.010624 -1.049358 1642019266.728388
7382348.154826 -337638.258447 -1.048569 1642019266.778400
7382348.291232 -337638.479537 -1.047861 1642019266.828384
7382348.436193 -337638.715029 -1.046619 1642019266.878304
7382348.580511 -337638.944573 -1.044686 1642019266.928315
7382348.737405 -337639.203838 -1.041963 1642019266.978343
7382348.875636 -337639.424646 -1.038577 1642019267.028334
7382349.031046 -337639.674316 -1.035304 1642019267.078430
7382349.175792 -337639.902896 -1.032590 1642019267.128516
7382349.325425 -337640.146048 -1.030925 1642019267.178579
7382349.473686 -337640.383285 -1.029698 1642019267.228658
7382349.612191 -337640.602919 -1.028354 1642019267.278754
7382349.756504 -337640.831876 -1.026641 1642019267.328838
7382349.915552 -337641.090544 -1.025241 1642019267.378918
7382350.052764 -337641.310028 -1.024513 1642019267.429005
7382350.207139 -337641.559960 -1.025272 1642019267.479003
7382350.348030 -337641.784701 -1.025583 1642019267.529058
7382350.499366 -337642.030539 -1.025625 1642019267.579054
7382350.645688 -337642.265180 -1.025476 1642019267.629093
7382350.783589 -337642.485100 -1.025159 1642019267.679098
7382350.935163 -337642.726362 -1.024561 1642019267.729041
7382351.086688 -337642.970376 -1.024131 1642019267.779071
7382351.233713 -337643.205678 -1.023090 1642019267.828985
7382351.379512 -337643.438750 -1.022101 1642019267.878893
7382351.521529 -337643.664563 -1.021031 1642019267.928864
7382351.672390 -337643.906947 -1.019988 1642019267.978817
7382351.809872 -337644.126861 -1.018755 1642019268.028746
7382351.965201 -337644.376576 -1.017849 1642019268.078703
7382352.098557 -337644.590482 -1.017040 1642019268.128712
7382352.257801 -337644.847718 -1.016348 1642019268.178749
7382352.404076 -337645.084072 -1.016112 1642019268.228612
7382352.539458 -337645.303006 -1.015966 1642019268.278583
7382352.689862 -337645.546312 -1.015848 1642019268.328579
7382352.839739 -337645.789221 -1.015719 1642019268.378576
7382352.985630 -337646.025513 -1.015624 1642019268.428521
7382353.131686 -337646.262020 -1.015529 1642019268.478540
7382353.271857 -337646.488565 -1.015448 1642019268.528470
7382353.413523 -337646.717733 -1.015293 1642019268.578420
7382353.569099 -337646.968968 -1.015099 1642019268.628351
7382353.705893 -337647.189438 -1.014907 1642019268.678481
7382353.847330 -337647.416870 -1.014684 1642019268.728318
7382354.007920 -337647.675680 -1.014414 1642019268.778762
7382354.152769 -337647.908559 -1.014168 1642019268.828309
7382354.290282 -337648.129447 -1.013932 1642019268.878332
7382354.440947 -337648.371225 -1.013680 1642019268.928326
7382354.592036 -337648.614107 -1.013424 1642019268.978313
7382354.738500 -337648.849057 -1.013176 1642019269.028366
7382354.876666 -337649.070545 -1.012939 1642019269.078364
7382355.019568 -337649.299256 -1.012698 1642019269.128381
7382355.173195 -337649.545687 -1.012613 1642019269.179131
7382355.316681 -337649.775341 -1.012370 1642019269.228398
7382355.464044 -337650.011145 -1.012121 1642019269.278407
7382355.606461 -337650.238579 -1.011878 1642019269.328457
7382355.769102 -337650.498939 -1.011610 1642019269.379220
7382355.914365 -337650.730972 -1.011365 1642019269.428531
7382356.061065 -337650.965126 -1.011117 1642019269.478502
7382356.193581 -337651.176100 -1.010887 1642019269.528483
7382356.345856 -337651.419325 -1.010634 1642019269.578470
7382356.493281 -337651.654288 -1.010559 1642019269.628498
7382356.640073 -337651.888082 -1.010137 1642019269.678418
7382356.782782 -337652.115097 -1.009911 1642019269.728377
7382356.933974 -337652.356103 -1.009670 1642019269.778297
7382357.080635 -337652.589433 -1.009611 1642019269.828279
7382357.227057 -337652.822253 -1.009205 1642019269.878213
7382357.370041 -337653.049255 -1.008978 1642019269.928094
7382357.520557 -337653.288644 -1.008913 1642019269.977930
7382357.668591 -337653.523719 -1.008505 1642019270.027843
7382357.815665 -337653.757071 -1.008446 1642019270.077771
7382357.957773 -337653.982138 -1.008047 1642019270.127655
7382358.110907 -337654.225343 -1.007815 1642019270.177873
7382358.256577 -337654.456122 -1.007584 1642019270.227489
7382358.403672 -337654.689073 -1.007525 1642019270.277400
7382358.536621 -337654.899105 -1.007478 1642019270.327295
7382358.698176 -337655.155204 -1.007420 1642019270.377216
7382358.845729 -337655.388540 -1.007187 1642019270.427155
7382358.992704 -337655.620797 -1.006954 1642019270.477101
7382359.134855 -337655.845092 -1.006735 1642019270.527046
7382359.287897 -337656.087078 -1.006504 1642019270.577183
7382359.435507 -337656.320150 -1.006285 1642019270.626942
7382359.583086 -337656.553004 -1.006066 1642019270.676957
7382359.716824 -337656.763441 -1.005839 1642019270.726982
7382359.879430 -337657.020090 -1.005598 1642019270.777159
7382360.026732 -337657.252168 -1.005380 1642019270.826953
7382360.174790 -337657.485421 -1.005175 1642019270.876950
7382360.317407 -337657.709824 -1.004648 1642019270.927032
7382360.471813 -337657.953216 -1.003396 1642019270.977662
7382360.618536 -337658.184180 -1.002505 1642019271.027036
7382360.765691 -337658.415646 -1.001277 1642019271.077018
7382360.909724 -337658.641925 -1.000632 1642019271.127039
7382361.063422 -337658.883772 -0.999152 1642019271.177480
7382361.211335 -337659.116226 -0.997724 1642019271.227145
7382361.358934 -337659.348031 -0.995622 1642019271.277022
7382361.501659 -337659.571842 -0.994908 1642019271.327043
7382361.655337 -337659.813265 -0.993855 1642019271.377346
7382361.802948 -337660.044807 -0.992974 1642019271.427127
7382361.951878 -337660.278179 -0.992037 1642019271.477102
7382362.086028 -337660.487204 -0.990318 1642019271.527125
7382362.240091 -337660.727935 -0.987999 1642019271.577224
7382362.399059 -337660.975197 -0.985891 1642019271.627148
7382362.549141 -337661.208015 -0.983638 1642019271.677188
7382362.694505 -337661.431808 -0.981095 1642019271.727180
7382362.850123 -337661.672304 -0.978188 1642019271.777366
7382362.999567 -337661.900753 -0.975851 1642019271.827159
7382363.151564 -337662.132778 -0.972463 1642019271.877137
7382363.299368 -337662.356294 -0.969763 1642019271.927117
7382363.458090 -337662.598015 -0.966806 1642019271.977923
7382363.607585 -337662.823392 -0.963719 1642019272.027119
7382363.760623 -337663.052860 -0.960788 1642019272.077128
7382363.919013 -337663.287923 -0.958389 1642019272.127028
7382364.069778 -337663.512998 -0.955875 1642019272.177736
7382364.232135 -337663.752325 -0.953214 1642019272.227033
7382364.378224 -337663.964329 -0.950301 1642019272.277057
7382364.541337 -337664.199045 -0.947397 1642019272.327042
7382364.704414 -337664.436183 -0.944117 1642019272.377538
7382364.852081 -337664.645364 -0.941402 1642019272.427046
7382365.011471 -337664.870217 -0.938360 1642019272.477082
7382365.165956 -337665.080833 -0.935289 1642019272.527069
7382365.333791 -337665.319155 -0.931015 1642019272.577111
7382365.505871 -337665.556533 -0.927090 1642019272.627084
7382365.659641 -337665.764343 -0.922811 1642019272.677083
7382365.831857 -337665.994558 -0.918872 1642019272.727104
7382366.000590 -337666.224002 -0.914975 1642019272.777131
7382366.167789 -337666.446078 -0.911599 1642019272.827112
7382366.334866 -337666.665427 -0.908348 1642019272.877151
7382366.500321 -337666.876410 -0.905223 1642019272.927176
7382366.674611 -337667.106512 -0.901499 1642019272.977307
7382366.844216 -337667.323714 -0.898044 1642019273.027213
7382367.005352 -337667.527194 -0.894768 1642019273.077285
7382367.184087 -337667.748790 -0.891030 1642019273.127312
7382367.350948 -337667.960263 -0.887417 1642019273.177473
7382367.524474 -337668.174831 -0.884210 1642019273.227376
7382367.700417 -337668.389467 -0.882038 1642019273.277431
7382367.875728 -337668.597592 -0.880325 1642019273.328028
7382368.054906 -337668.816225 -0.877883 1642019273.377688
7382368.233515 -337669.029542 -0.875464 1642019273.427495
7382368.413314 -337669.241502 -0.874419 1642019273.477597
7382368.589446 -337669.442030 -0.872192 1642019273.527565
7382368.774117 -337669.660101 -0.870859 1642019273.577781
7382368.944073 -337669.854354 -0.869978 1642019273.627581
7382369.125868 -337670.061968 -0.868559 1642019273.677575
7382369.306908 -337670.263436 -0.867517 1642019273.727637
7382369.493106 -337670.477052 -0.866283 1642019273.777522
7382369.688333 -337670.696963 -0.865804 1642019273.827500
7382369.861048 -337670.888711 -0.864349 1642019273.877483
7382370.043034 -337671.088276 -0.862748 1642019273.927563
7382370.221646 -337671.288463 -0.862177 1642019273.977876
7382370.416628 -337671.504572 -0.860410 1642019274.027540
7382370.614079 -337671.723611 -0.858766 1642019274.077610
7382370.773548 -337671.895374 -0.857120 1642019274.127653
7382370.963384 -337672.107442 -0.856793 1642019274.177844
7382370.902846 -337672.030853 -0.855196 1642019274.227784
7382371.109068 -337672.268479 -0.855052 1642019274.277929
7382371.316427 -337672.507416 -0.855699 1642019274.327917
7382371.524060 -337672.746668 -0.856742 1642019274.377971
7382371.725592 -337672.978890 -0.858344 1642019274.428085
7382371.939463 -337673.225330 -0.860385 1642019274.478112
7382372.147114 -337673.464603 -0.862646 1642019274.528170
7382372.344891 -337673.692497 -0.867077 1642019274.578185
7382372.551809 -337673.930924 -0.871920 1642019274.628336
7382372.756402 -337674.166445 -0.876974 1642019274.678341
7382372.934978 -337674.369399 -0.879974 1642019274.728438
7382373.132631 -337674.594912 -0.882438 1642019274.778522
7382373.289861 -337674.773500 -0.883683 1642019274.828606
7382373.470508 -337674.980657 -0.885804 1642019274.878699
7382373.656789 -337675.195434 -0.886809 1642019274.928737
7382373.829411 -337675.394740 -0.888422 1642019274.978828
7382374.007560 -337675.601986 -0.889326 1642019275.028905
7382374.184053 -337675.808529 -0.889855 1642019275.078961
7382374.355737 -337676.012857 -0.890275 1642019275.129030
7382374.539537 -337676.229715 -0.890961 1642019275.179714
7382374.698857 -337676.422123 -0.891806 1642019275.229066
7382374.870494 -337676.631197 -0.893455 1642019275.279059
7382375.036366 -337676.837507 -0.895506 1642019275.329029
7382375.213648 -337677.054744 -0.898097 1642019275.378986
7382375.383131 -337677.266388 -0.900541 1642019275.428968
7382375.549530 -337677.476876 -0.903264 1642019275.478906
7382375.699495 -337677.671833 -0.906224 1642019275.528866
7382375.873494 -337677.890579 -0.909680 1642019275.578784
7382376.040149 -337678.104586 -0.912749 1642019275.628755
7382376.215375 -337678.330774 -0.915804 1642019275.678682
7382376.363221 -337678.526578 -0.918136 1642019275.728704
7382376.534042 -337678.746264 -0.920865 1642019275.778632
7382376.698094 -337678.961283 -0.923435 1642019275.828687
7382376.860425 -337679.175103 -0.925986 1642019275.878604
7382377.018226 -337679.386932 -0.928642 1642019275.929152
7382377.183836 -337679.604522 -0.931969 1642019275.978518
7382377.345437 -337679.820592 -0.935228 1642019276.028539
7382377.505099 -337680.036089 -0.938669 1642019276.078579
7382377.656663 -337680.245194 -0.941842 1642019276.128554
7382377.809983 -337680.452316 -0.944611 1642019276.178589
7382377.980792 -337680.685216 -0.948260 1642019276.228799
7382378.126551 -337680.887825 -0.950903 1642019276.278703
7382378.276478 -337681.099442 -0.953940 1642019276.328747
7382378.438328 -337681.322329 -0.957311 1642019276.378732
7382378.594282 -337681.541285 -0.960202 1642019276.428882
7382378.748956 -337681.759829 -0.962909 1642019276.478891
7382378.896715 -337681.973313 -0.965449 1642019276.528976
7382379.055740 -337682.197975 -0.968399 1642019276.578993
7382379.209516 -337682.419351 -0.971286 1642019276.629082
7382379.360757 -337682.639848 -0.974200 1642019276.679206
7382379.506045 -337682.856061 -0.977048 1642019276.729216
7382379.671085 -337683.095615 -0.980017 1642019276.779188
7382379.821803 -337683.319080 -0.982394 1642019276.829213
7382379.968900 -337683.539987 -0.984762 1642019276.879203
7382380.109431 -337683.756099 -0.986287 1642019276.929180
7382380.262026 -337683.984303 -0.988249 1642019276.979134
7382380.406764 -337684.206481 -0.990337 1642019277.029105
7382380.561242 -337684.443588 -0.993458 1642019277.079004
7382380.699237 -337684.661754 -0.996565 1642019277.129045
7382380.848209 -337684.891701 -0.999686 1642019277.179251
7382380.990546 -337685.115307 -1.002764 1642019277.228792
7382381.142228 -337685.354886 -1.006410 1642019277.278717
7382381.277165 -337685.574024 -1.009972 1642019277.328610
7382381.435592 -337685.823211 -1.014128 1642019277.378789
7382381.564667 -337686.033189 -1.018241 1642019277.428403
7382381.715674 -337686.276258 -1.022021 1642019277.478347
7382381.848569 -337686.496443 -1.025138 1642019277.528306
7382381.995310 -337686.731897 -1.028355 1642019277.578275
7382382.144050 -337686.975219 -1.031252 1642019277.628274
7382382.282764 -337687.204718 -1.033930 1642019277.678275
7382382.416313 -337687.429591 -1.036480 1642019277.728237
7382382.569473 -337687.681244 -1.039553 1642019277.778255
7382382.707477 -337687.913324 -1.042295 1642019277.828256
7382382.853077 -337688.160257 -1.045266 1642019277.878307
7382382.983809 -337688.387521 -1.047807 1642019277.928271
7382383.136147 -337688.644771 -1.050716 1642019277.978318
7382383.270757 -337688.879558 -1.053378 1642019278.028343
7382383.404835 -337689.115405 -1.055535 1642019278.078315
7382383.523564 -337689.331268 -1.057153 1642019278.128331
7382383.662761 -337689.575258 -1.058905 1642019278.178341
7382383.796407 -337689.815129 -1.060627 1642019278.228409
7382383.936195 -337690.067880 -1.062699 1642019278.278388
7382384.071087 -337690.317000 -1.064291 1642019278.328454
7382384.208328 -337690.565014 -1.065610 1642019278.378443
7382384.348928 -337690.823617 -1.068015 1642019278.428442
7382384.478297 -337691.066058 -1.070635 1642019278.478440
7382384.608537 -337691.315625 -1.073687 1642019278.528403
7382384.728516 -337691.539374 -1.075986 1642019278.578355
7382384.847972 -337691.768451 -1.078686 1642019278.628309
7382384.968561 -337691.999669 -1.081280 1642019278.678254
7382385.098503 -337692.252088 -1.084301 1642019278.728240
7382385.240943 -337692.520382 -1.086923 1642019278.778236
7382385.368145 -337692.765795 -1.089509 1642019278.828162
7382385.494906 -337693.011560 -1.091974 1642019278.878144
7382385.617294 -337693.252492 -1.094285 1642019278.928117
7382385.740765 -337693.490741 -1.096080 1642019278.978167
7382385.861644 -337693.726831 -1.097127 1642019279.028108
7382385.996711 -337693.991337 -1.097543 1642019279.078161
7382386.119676 -337694.237097 -1.098554 1642019279.128196
7382386.255920 -337694.503342 -1.098296 1642019279.179765
7382386.376350 -337694.743397 -1.098071 1642019279.228235
7382386.499695 -337694.990403 -1.097901 1642019279.278252
7382386.618477 -337695.232584 -1.098253 1642019279.328316
7382386.746575 -337695.488680 -1.097058 1642019279.378349
7382386.878727 -337695.755933 -1.097257 1642019279.428299
7382387.009050 -337696.021803 -1.097675 1642019279.478243
7382387.116451 -337696.247656 -1.097505 1642019279.528217
7382387.251261 -337696.520822 -1.097221 1642019279.578125
7382387.372899 -337696.770791 -1.097198 1642019279.628084
7382387.484950 -337697.002776 -1.096094 1642019279.677987
7382387.600788 -337697.244548 -1.096189 1642019279.727942
7382387.726964 -337697.501550 -1.095405 1642019279.777858
7382387.847921 -337697.749800 -1.094498 1642019279.827768
7382387.977856 -337698.015729 -1.094099 1642019279.877723
7382388.087814 -337698.241143 -1.094885 1642019279.927658
7382388.222520 -337698.513419 -1.095152 1642019279.977656
7382388.345706 -337698.763347 -1.095507 1642019280.027539
7382388.470053 -337699.013785 -1.095607 1642019280.077495
7382388.590351 -337699.255188 -1.095932 1642019280.127397
7382388.712502 -337699.499627 -1.095805 1642019280.177764
7382388.837229 -337699.746921 -1.095564 1642019280.227373
7382388.963274 -337699.995534 -1.095143 1642019280.277326
7382389.086099 -337700.236256 -1.094759 1642019280.327293
7382389.233360 -337700.525214 -1.094021 1642019280.377442
7382389.352701 -337700.756431 -1.093101 1642019280.427279
7382389.497186 -337701.036445 -1.092108 1642019280.477280
7382389.622068 -337701.275965 -1.091267 1642019280.527360
7382389.738992 -337701.501591 -1.090280 1642019280.577276
7382389.869183 -337701.751642 -1.088478 1642019280.627347
7382389.998311 -337701.998683 -1.086160 1642019280.677311
7382390.133186 -337702.255541 -1.084018 1642019280.727397
7382390.274985 -337702.527678 -1.082216 1642019280.777505
7382390.412375 -337702.789298 -1.080155 1642019280.827469
7382390.534436 -337703.020417 -1.078628 1642019280.877506
7382390.669018 -337703.274514 -1.077780 1642019280.927522
7382390.796844 -337703.517043 -1.076813 1642019280.977597
7382390.936622 -337703.781096 -1.075800 1642019281.027634
7382391.068896 -337704.029532 -1.074916 1642019281.077710
7382391.215920 -337704.305035 -1.073904 1642019281.127731
7382391.343874 -337704.544946 -1.072885 1642019281.177825
7382391.461129 -337704.761921 -1.071945 1642019281.227868
7382391.602152 -337705.022930 -1.070701 1642019281.277911
7382391.749636 -337705.293041 -1.069320 1642019281.327908
7382391.889680 -337705.551177 -1.067890 1642019281.377951
7382392.009702 -337705.768013 -1.066652 1642019281.427969
7382392.163831 -337706.048804 -1.064851 1642019281.477934
7382392.295832 -337706.283569 -1.063504 1642019281.528005
7382392.447276 -337706.560174 -1.061725 1642019281.577971
7382392.586590 -337706.810363 -1.060285 1642019281.627995
7382392.725520 -337707.058516 -1.058855 1642019281.678058
7382392.863034 -337707.301372 -1.057459 1642019281.728108
7382393.015472 -337707.574562 -1.055506 1642019281.778139
7382393.155731 -337707.823062 -1.053513 1642019281.828182
7382393.295187 -337708.068301 -1.051365 1642019281.878228
7382393.434682 -337708.311870 -1.049434 1642019281.928196
7382393.588936 -337708.584638 -1.047055 1642019281.978170
7382393.731928 -337708.834393 -1.045043 1642019282.028280
7382393.865002 -337709.064990 -1.043534 1642019282.078191
7382394.005099 -337709.305545 -1.042170 1642019282.128181
7382394.161562 -337709.578240 -1.040103 1642019282.178191
7382394.316297 -337709.845405 -1.037916 1642019282.228169
7382394.470431 -337710.109862 -1.035389 1642019282.278224
7382394.604088 -337710.335228 -1.033585 1642019282.328255
7382394.754588 -337710.593120 -1.031544 1642019282.378216
7382394.912031 -337710.860372 -1.028664 1642019282.428238
7382395.060300 -337711.109726 -1.025714 1642019282.478246
7382395.201870 -337711.341617 -1.022488 1642019282.528253
7382395.350250 -337711.592842 -1.018639 1642019282.578238
7382395.510123 -337711.858269 -1.015765 1642019282.628329
7382395.670000 -337712.122801 -1.013225 1642019282.678319
7382395.817404 -337712.362179 -1.011452 1642019282.728340
7382395.964113 -337712.603623 -1.009560 1642019282.778298
7382396.126984 -337712.868682 -1.007468 1642019282.828311
7382396.282143 -337713.119054 -1.005493 1642019282.878321
7382396.442230 -337713.373929 -1.003682 1642019282.928281
7382396.602103 -337713.631906 -1.001404 1642019282.978349
7382396.749831 -337713.865051 -0.999214 1642019283.028301
7382396.908084 -337714.113868 -0.996981 1642019283.078420
7382397.082735 -337714.383959 -0.993821 1642019283.128396
7382397.246567 -337714.640547 -0.990967 1642019283.178506
7382397.416090 -337714.900630 -0.987973 1642019283.228467
7382397.578045 -337715.146478 -0.985301 1642019283.278511
7382397.738652 -337715.386159 -0.982694 1642019283.328526
7382397.915149 -337715.655687 -0.979738 1642019283.378523
7382398.089772 -337715.917785 -0.977054 1642019283.428555
7382398.254481 -337716.161482 -0.974401 1642019283.478544
7382398.425399 -337716.410370 -0.971675 1642019283.528549
7382398.607613 -337716.683580 -0.968659 1642019283.578463
7382398.785289 -337716.943140 -0.965788 1642019283.628402
7382398.953859 -337717.187341 -0.963077 1642019283.678384
7382399.127977 -337717.434952 -0.960269 1642019283.728334
7382399.304208 -337717.690977 -0.957394 1642019283.778306
7382399.476438 -337717.935681 -0.954612 1642019283.828258
7382399.669008 -337718.208883 -0.951479 1642019283.878275
7382399.838696 -337718.442962 -0.948789 1642019283.928280
7382400.039201 -337718.728780 -0.945530 1642019283.978244
7382400.216561 -337718.974885 -0.942926 1642019284.028270
7382400.394828 -337719.220358 -0.941333 1642019284.078280
7382400.579854 -337719.470754 -0.940219 1642019284.128273
7382400.776132 -337719.743013 -0.940445 1642019284.178290
7382400.969023 -337720.004839 -0.939507 1642019284.228394
7382401.152610 -337720.251444 -0.937684 1642019284.278360
7382401.352840 -337720.516835 -0.935110 1642019284.328352
7382401.544904 -337720.776015 -0.932313 1642019284.378422
7382401.742112 -337721.037110 -0.929316 1642019284.428371
7382401.942090 -337721.300141 -0.926496 1642019284.478408
7382402.125292 -337721.533410 -0.924725 1642019284.528500
7382402.345231 -337721.825295 -0.923591 1642019284.578543
7382402.539299 -337722.075726 -0.922431 1642019284.628550
7382402.743347 -337722.338495 -0.920633 1642019284.678581
7382402.941672 -337722.591263 -0.918663 1642019284.728576
7382403.142834 -337722.852943 -0.916608 1642019284.778574
7382403.348040 -337723.116488 -0.914317 1642019284.828575
7382403.556514 -337723.384406 -0.912071 1642019284.878518
7382403.749830 -337723.627747 -0.910295 1642019284.928521
7382403.964875 -337723.903729 -0.909385 1642019284.978520
7382404.177565 -337724.173389 -0.908888 1642019285.028421
7382404.378967 -337724.426167 -0.908483 1642019285.078426
7382404.585154 -337724.683828 -0.907280 1642019285.128276
7382404.804744 -337724.962718 -0.906109 1642019285.178171
7382405.020049 -337725.233596 -0.904745 1642019285.228127
7382405.226484 -337725.492602 -0.903296 1642019285.278082
7382405.426097 -337725.739551 -0.901565 1642019285.328014
7382405.639988 -337726.008365 -0.899981 1642019285.378021
7382405.847138 -337726.265046 -0.898306 1642019285.427956
7382406.046753 -337726.511734 -0.896716 1642019285.478046
7382406.248889 -337726.759313 -0.895125 1642019285.527967
7382406.455737 -337727.016298 -0.893697 1642019285.577951
7382406.667023 -337727.277746 -0.892381 1642019285.628005
7382406.866789 -337727.524117 -0.891209 1642019285.678008
7382407.053003 -337727.752054 -0.890172 1642019285.728032
7382407.260339 -337728.009149 -0.889086 1642019285.778045
7382407.541365 -337728.357423 -0.887624 1642019285.828068
7382407.723061 -337728.579573 -0.886695 1642019285.878064
7382407.911928 -337728.809116 -0.885520 1642019285.928100
7382408.154631 -337729.108364 -0.883605 1642019285.978086
7382408.348828 -337729.344815 -0.881755 1642019286.028113
7382408.551670 -337729.591290 -0.879877 1642019286.078104
7382408.774864 -337729.861868 -0.877062 1642019286.128149
7382409.016703 -337730.157206 -0.873962 1642019286.178118
7382409.266318 -337730.460337 -0.870817 1642019286.228180
7382409.412937 -337730.634945 -0.868613 1642019286.278223
7382409.587841 -337730.843448 -0.865935 1642019286.328220
7382409.816607 -337731.120287 -0.862806 1642019286.378191
7382410.068613 -337731.423659 -0.860466 1642019286.428191
7382410.294839 -337731.694697 -0.858172 1642019286.478131
7382410.457552 -337731.885242 -0.857095 1642019286.528133
7382410.680767 -337732.152611 -0.854655 1642019286.578191
7382410.906777 -337732.420662 -0.852883 1642019286.628096
7382411.110844 -337732.660600 -0.851269 1642019286.678073
7382411.323302 -337732.907849 -0.849799 1642019286.728066
7382411.558296 -337733.183476 -0.847786 1642019286.778069
7382411.793055 -337733.455343 -0.845809 1642019286.828138
7382412.000155 -337733.692137 -0.844052 1642019286.878134
7382412.233186 -337733.955745 -0.841674 1642019286.928149
7382412.457981 -337734.212409 -0.838238 1642019286.978212
7382412.668368 -337734.447498 -0.835006 1642019287.028226
7382412.904403 -337734.711270 -0.830717 1642019287.078290
7382413.130774 -337734.959460 -0.827241 1642019287.128341
7382413.358647 -337735.213394 -0.823723 1642019287.178387
7382413.581926 -337735.457582 -0.820572 1642019287.228385
7382413.803985 -337735.698685 -0.817878 1642019287.278363
7382414.033417 -337735.944487 -0.815191 1642019287.328438
7382414.264437 -337736.196493 -0.812240 1642019287.378366
7382414.504137 -337736.454589 -0.809489 1642019287.428325
7382414.729900 -337736.694848 -0.806772 1642019287.478284
7382414.949576 -337736.923159 -0.804184 1642019287.528242
7382415.186011 -337737.175562 -0.800622 1642019287.578140
7382415.428753 -337737.428917 -0.796689 1642019287.628106
7382415.660658 -337737.668208 -0.793295 1642019287.677994
7382415.888401 -337737.897351 -0.790224 1642019287.727947
7382416.140964 -337738.158606 -0.786561 1642019287.777879
7382416.376963 -337738.397134 -0.782780 1642019287.827774
7382416.612549 -337738.632916 -0.779014 1642019287.877657
7382416.844565 -337738.859912 -0.775615 1642019287.927593
7382417.089600 -337739.106520 -0.771602 1642019287.977493
7382417.328963 -337739.341459 -0.768222 1642019288.027437
7382417.582700 -337739.590166 -0.764808 1642019288.077389
7382417.831613 -337739.828075 -0.761533 1642019288.127350
7382418.081524 -337740.072464 -0.758016 1642019288.177210
7382418.326349 -337740.305201 -0.754658 1642019288.227162
7382418.573432 -337740.539366 -0.751244 1642019288.277117
7382418.814745 -337740.761831 -0.747989 1642019288.327114
7382419.069583 -337741.003133 -0.744365 1642019288.377087
7382419.319740 -337741.234068 -0.741054 1642019288.427055
7382419.571566 -337741.464931 -0.737917 1642019288.477106
7382419.817290 -337741.683368 -0.735065 1642019288.527122
7382420.077915 -337741.923592 -0.732861 1642019288.577167
7382420.344933 -337742.163305 -0.730801 1642019288.627209
7382420.601281 -337742.391105 -0.728700 1642019288.677224
7382420.853395 -337742.609060 -0.726560 1642019288.727235
7382421.118841 -337742.846080 -0.725368 1642019288.777275
7382421.365862 -337743.059710 -0.725196 1642019288.827364
7382421.638904 -337743.295246 -0.723786 1642019288.877476
7382421.895480 -337743.511415 -0.722606 1642019288.927494
7382422.150598 -337743.731488 -0.722405 1642019288.977566
7382422.413749 -337743.953712 -0.720335 1642019289.027638
7382422.676853 -337744.174292 -0.718302 1642019289.077652
7382422.935367 -337744.386749 -0.716329 1642019289.127724
7382423.206255 -337744.616455 -0.716015 1642019289.177764
7382423.484969 -337744.848305 -0.714732 1642019289.227765
7382423.751352 -337745.068315 -0.713172 1642019289.277751
7382424.010253 -337745.278577 -0.712583 1642019289.327728
7382424.283669 -337745.507967 -0.713034 1642019289.377715
7382424.548913 -337745.727288 -0.712229 1642019289.427711
7382424.814439 -337745.946507 -0.710892 1642019289.477798
7382425.072858 -337746.158230 -0.709086 1642019289.527865
7382425.345621 -337746.386104 -0.708433 1642019289.577785
7382425.611181 -337746.605947 -0.707450 1642019289.627838
7382425.862573 -337746.813584 -0.707043 1642019289.677925
7382426.132776 -337747.036473 -0.707241 1642019289.727962
7382426.405799 -337747.264735 -0.707678 1642019289.778008
7382426.656589 -337747.472818 -0.707723 1642019289.828032
7382426.928547 -337747.699070 -0.708064 1642019289.878034
7382427.177516 -337747.907214 -0.708490 1642019289.927996
7382427.463217 -337748.147570 -0.708900 1642019289.977943
7382427.715406 -337748.359111 -0.708474 1642019290.027914
7382427.978942 -337748.580229 -0.708072 1642019290.077927
7382428.235218 -337748.795303 -0.707627 1642019290.127849
7382428.506424 -337749.023673 -0.707524 1642019290.177842
7382428.777309 -337749.251566 -0.707332 1642019290.228781
7382429.019574 -337749.456044 -0.707225 1642019290.277795
7382429.275222 -337749.672813 -0.707248 1642019290.327823
7382429.545220 -337749.901980 -0.707495 1642019290.377845
7382429.807576 -337750.125508 -0.707799 1642019290.427840
7382430.057270 -337750.338787 -0.708343 1642019290.477915
7382430.309492 -337750.555344 -0.708552 1642019290.527963
7382430.579819 -337750.786488 -0.709009 1642019290.578002
7382430.842577 -337751.011821 -0.709455 1642019290.627969
7382431.088439 -337751.223117 -0.709862 1642019290.678014
7382431.342117 -337751.441577 -0.710293 1642019290.728049
7382431.597369 -337751.660700 -0.710716 1642019290.778041
7382431.856698 -337751.884001 -0.711155 1642019290.828017
7382432.116971 -337752.108206 -0.711597 1642019290.878104
7382432.368579 -337752.325646 -0.712024 1642019290.928032
7382432.620719 -337752.542904 -0.712442 1642019290.977987
7382432.891978 -337752.777201 -0.712911 1642019291.027956
7382433.138285 -337752.990196 -0.713319 1642019291.077961
7382433.373893 -337753.194697 -0.713711 1642019291.127810
7382433.639020 -337753.423836 -0.714159 1642019291.177912
7382433.895495 -337753.646272 -0.714611 1642019291.227778
7382434.151215 -337753.868168 -0.714829 1642019291.277751
7382434.387258 -337754.073716 -0.715225 1642019291.327724
7382434.649791 -337754.301375 -0.715234 1642019291.377700
7382434.891013 -337754.511307 -0.714993 1642019291.427686
7382435.145717 -337754.733080 -0.714997 1642019291.477761
7382435.391618 -337754.947916 -0.714824 1642019291.527745
7382435.655145 -337755.177113 -0.715000 1642019291.577865
7382435.909903 -337755.399450 -0.715214 1642019291.627837
7382436.161824 -337755.619607 -0.715222 1642019291.677811
7382436.381700 -337755.812456 -0.715029 1642019291.727849
7382436.641393 -337756.039211 -0.714760 1642019291.777964
7382436.906991 -337756.271722 -0.714561 1642019291.828013
7382437.158524 -337756.492123 -0.714545 1642019291.877978
7382437.417176 -337756.718983 -0.714989 1642019291.927973
7382437.675134 -337756.944693 -0.715273 1642019291.977969
7382437.926124 -337757.164636 -0.715593 1642019292.027994
7382438.189079 -337757.394867 -0.715653 1642019292.078009
7382438.442778 -337757.617074 -0.716137 1642019292.127921
7382438.702051 -337757.843703 -0.716067 1642019292.177912
7382438.952577 -337758.062824 -0.715793 1642019292.227924
7382439.174034 -337758.256621 -0.714661 1642019292.277879
7382439.430459 -337758.480503 -0.713917 1642019292.327885
7382439.685961 -337758.703345 -0.712379 1642019292.377852
7382439.920837 -337758.908054 -0.711099 1642019292.427874
7382440.170842 -337759.125855 -0.709776 1642019292.477865
7382440.419559 -337759.342476 -0.708694 1642019292.527911
7382440.683372 -337759.572332 -0.706481 1642019292.577925
7382440.947403 -337759.802323 -0.704456 1642019292.627990
7382441.199277 -337760.021617 -0.703296 1642019292.678030
7382441.442344 -337760.233167 -0.702657 1642019292.728044
7382441.703436 -337760.460337 -0.701466 1642019292.778159
7382441.957011 -337760.680568 -0.701094 1642019292.828154
7382442.208802 -337760.898663 -0.700690 1642019292.878078
7382442.453149 -337761.109053 -0.700290 1642019292.928053
7382442.712253 -337761.332465 -0.699488 1642019292.978097
7382442.952117 -337761.538067 -0.698817 1642019293.028049
7382443.205218 -337761.754469 -0.697952 1642019293.078001
7382443.463717 -337761.973294 -0.697173 1642019293.127951
7382443.724596 -337762.194986 -0.696153 1642019293.177824
7382443.979506 -337762.409590 -0.695124 1642019293.227810
7382444.250658 -337762.637387 -0.693482 1642019293.277753
7382444.500526 -337762.844485 -0.691466 1642019293.327737
7382444.764744 -337763.065635 -0.689507 1642019293.377702
7382445.023944 -337763.280818 -0.686701 1642019293.427727
7382445.280767 -337763.492976 -0.684349 1642019293.477641
7382445.531035 -337763.697643 -0.682559 1642019293.527685
7382445.812183 -337763.930719 -0.680328 1642019293.577678
7382446.055389 -337764.129432 -0.678493 1642019293.627724
7382446.314784 -337764.341560 -0.676491 1642019293.677724
7382446.567714 -337764.546289 -0.675102 1642019293.727747
7382446.848610 -337764.776292 -0.672618 1642019293.777741
7382447.107449 -337764.985605 -0.669999 1642019293.827759
7382447.355634 -337765.185427 -0.666972 1642019293.877791
7382447.612948 -337765.391093 -0.664187 1642019293.927835
7382447.881809 -337765.607651 -0.660528 1642019293.977842
7382448.131525 -337765.805730 -0.656191 1642019294.027831
7382448.409536 -337766.025852 -0.652145 1642019294.077914
7382448.666730 -337766.226248 -0.648935 1642019294.127796
7382448.939943 -337766.442156 -0.645204 1642019294.177743
7382449.205121 -337766.648469 -0.641356 1642019294.227716
7382449.470132 -337766.853461 -0.637732 1642019294.277693
7382449.730798 -337767.052638 -0.634807 1642019294.327690
7382449.991157 -337767.253469 -0.631055 1642019294.377702
7382450.274592 -337767.469622 -0.627328 1642019294.427696
7382450.528538 -337767.660384 -0.623555 1642019294.477722
7382450.782343 -337767.844443 -0.621041 1642019294.527751
7382451.082644 -337768.074073 -0.615938 1642019294.577795
7382451.354359 -337768.273597 -0.612147 1642019294.627803
7382451.612195 -337768.459480 -0.608130 1642019294.677880
7382451.879627 -337768.648530 -0.603435 1642019294.727941
7382452.160505 -337768.851685 -0.597380 1642019294.777930
7382452.435648 -337769.044851 -0.592477 1642019294.828008
7382452.712824 -337769.238179 -0.588021 1642019294.878034
7382452.983456 -337769.420569 -0.584147 1642019294.928087
7382453.267669 -337769.618547 -0.579765 1642019294.978077
7382453.533243 -337769.796599 -0.576147 1642019295.028077
7382453.811510 -337769.981558 -0.571968 1642019295.078042
7382454.086196 -337770.158382 -0.567892 1642019295.128117
7382454.403026 -337770.370747 -0.562189 1642019295.178162
7382454.686974 -337770.554177 -0.556356 1642019295.228103
7382454.969737 -337770.733604 -0.550917 1642019295.278110
7382455.232542 -337770.892331 -0.546093 1642019295.328093
7382455.522935 -337771.075396 -0.540501 1642019295.378047
7382455.810143 -337771.251190 -0.535645 1642019295.427965
7382456.097778 -337771.424097 -0.530324 1642019295.477992
7382456.393351 -337771.595434 -0.524970 1642019295.527947
7382456.673674 -337771.763806 -0.519254 1642019295.577848
7382456.949023 -337771.923462 -0.513761 1642019295.627791
7382457.237884 -337772.088798 -0.507566 1642019295.677752
7382457.521118 -337772.244496 -0.500604 1642019295.727668
7382457.835325 -337772.426306 -0.492492 1642019295.777594
7382458.130660 -337772.589238 -0.485313 1642019295.827524
7382458.426806 -337772.749783 -0.476770 1642019295.877507
7382458.685929 -337772.880678 -0.469888 1642019295.927467
7382459.004213 -337773.055073 -0.461546 1642019295.977458
7382459.301638 -337773.209749 -0.453383 1642019296.027442
7382459.601170 -337773.363994 -0.445750 1642019296.077483
7382459.895653 -337773.507617 -0.439532 1642019296.127478
7382460.217982 -337773.674184 -0.431709 1642019296.177598
7382460.486892 -337773.802808 -0.426131 1642019296.227517
7382460.787081 -337773.945800 -0.418909 1642019296.277483
7382461.084279 -337774.080513 -0.412518 1642019296.327514
7382461.381044 -337774.222097 -0.405119 1642019296.377474
7382461.686592 -337774.358170 -0.397892 1642019296.427500
7382461.995094 -337774.494310 -0.390502 1642019296.477455
7382462.293004 -337774.614165 -0.383418 1642019296.527374
7382462.624709 -337774.761373 -0.374134 1642019296.577394
7382462.918688 -337774.878223 -0.364004 1642019296.627343
7382463.213608 -337774.993502 -0.353195 1642019296.677347
7382463.536491 -337775.113462 -0.340243 1642019296.727392
7382463.857388 -337775.241316 -0.326336 1642019296.777378
7382464.154082 -337775.348169 -0.314866 1642019296.827408
7382464.484547 -337775.467651 -0.301270 1642019296.877411
7382464.776741 -337775.560630 -0.292029 1642019296.927436
7382465.098684 -337775.676599 -0.280177 1642019296.977500
7382465.413975 -337775.779893 -0.270675 1642019297.027493
7382465.713577 -337775.873260 -0.261380 1642019297.077547
7382466.024932 -337775.963610 -0.251050 1642019297.127501
7382466.368034 -337776.074416 -0.238988 1642019297.177511
7382466.687280 -337776.164911 -0.229330 1642019297.227526
7382467.006470 -337776.249736 -0.219121 1642019297.277526
7382467.290348 -337776.310687 -0.211454 1642019297.327477
7382467.619663 -337776.397304 -0.200935 1642019297.377424
7382467.943656 -337776.470166 -0.190633 1642019297.427392
7382468.268982 -337776.537362 -0.180151 1642019297.477351
7382468.586250 -337776.587894 -0.170061 1642019297.527365
7382468.904070 -337776.655590 -0.159033 1642019297.577359
7382469.231884 -337776.711660 -0.147946 1642019297.627373
7382469.558549 -337776.761924 -0.136691 1642019297.677393
7382469.861470 -337776.792309 -0.126565 1642019297.727428
7382470.216217 -337776.851230 -0.114699 1642019297.777488
7382470.528625 -337776.884838 -0.105186 1642019297.827480
7382470.858511 -337776.917739 -0.096015 1642019297.877529
7382471.196348 -337776.941990 -0.087281 1642019297.927465
7382471.532542 -337776.978264 -0.077783 1642019297.977514
7382471.862340 -337777.002373 -0.068897 1642019298.027480
7382472.173492 -337777.017521 -0.059619 1642019298.077506
7382472.493753 -337777.021749 -0.049104 1642019298.127472
7382472.865982 -337777.048858 -0.036203 1642019298.177503
7382473.194582 -337777.056509 -0.024849 1642019298.227492
7382473.522755 -337777.059515 -0.013301 1642019298.277538
7382473.822282 -337777.047419 -0.002386 1642019298.327579
7382474.158162 -337777.052443 0.009480 1642019298.377585
7382474.432648 -337777.041664 0.020175 1642019298.427637
7382474.740574 -337777.030930 0.032431 1642019298.477750
7382475.111036 -337777.014679 0.046578 1642019298.527812
7382475.448115 -337777.009271 0.059338 1642019298.577880
7382475.759097 -337776.992823 0.070143 1642019298.627923
7382476.066413 -337776.971180 0.079872 1642019298.677963
7382476.381602 -337776.939684 0.089593 1642019298.728016
7382476.700652 -337776.921366 0.099701 1642019298.778013
7382477.046355 -337776.891821 0.110675 1642019298.828072
7382477.391063 -337776.859699 0.121659 1642019298.877988
7382477.653988 -337776.815752 0.129479 1642019298.927953
7382478.004740 -337776.782505 0.140507 1642019298.977935
7382478.324360 -337776.738787 0.150703 1642019299.027895
7382478.642725 -337776.691802 0.160134 1642019299.077915
7382478.937112 -337776.633604 0.169196 1642019299.127838
7382479.267022 -337776.585706 0.179902 1642019299.177758
7382479.568030 -337776.527205 0.190115 1642019299.227738
7382479.885182 -337776.465658 0.200935 1642019299.277683
7382480.191843 -337776.393843 0.211513 1642019299.327605
7382480.497605 -337776.334181 0.222071 1642019299.377537
7382480.811572 -337776.262107 0.232866 1642019299.427434
7382481.130961 -337776.185286 0.243673 1642019299.478080
7382481.425624 -337776.101780 0.253906 1642019299.527318
7382481.712459 -337776.032345 0.263827 1642019299.577263
7382482.058199 -337775.943154 0.275611 1642019299.627262
7382482.347212 -337775.856944 0.285696 1642019299.677245
7382482.646443 -337775.762676 0.295946 1642019299.727209
7382482.946395 -337775.678258 0.304909 1642019299.777277
7382483.249971 -337775.582271 0.313527 1642019299.827271
7382483.516986 -337775.489509 0.320301 1642019299.877287
7382483.827476 -337775.379426 0.328458 1642019299.927362
7382484.120005 -337775.283796 0.334828 1642019299.977323
7382484.419655 -337775.176519 0.342247 1642019300.027400
7382484.698285 -337775.069710 0.348493 1642019300.077413
7382484.968494 -337774.956220 0.356076 1642019300.127453
7382485.270163 -337774.845014 0.364713 1642019300.177518
7382485.565248 -337774.725475 0.374337 1642019300.227654
7382485.890675 -337774.593506 0.385542 1642019300.277554
7382486.135631 -337774.474462 0.394474 1642019300.327608
7382486.468517 -337774.341628 0.403293 1642019300.377575
7382486.719872 -337774.223659 0.409739 1642019300.427593
7382487.002446 -337774.093663 0.414500 1642019300.477598
7382487.270750 -337773.957857 0.419753 1642019300.527517
7382487.565103 -337773.828423 0.423356 1642019300.577506
7382487.863951 -337773.687841 0.425902 1642019300.627455
7382488.140782 -337773.551622 0.428783 1642019300.677452
7382488.422333 -337773.406341 0.433324 1642019300.727517
7382488.688914 -337773.275426 0.435982 1642019300.777425
7382488.930676 -337773.147745 0.438656 1642019300.827375
7382489.205610 -337773.003283 0.444026 1642019300.877346
7382489.482136 -337772.850330 0.449484 1642019300.927416
7382489.749453 -337772.710492 0.455245 1642019300.977415
7382490.002774 -337772.569805 0.461896 1642019301.027469
7382490.240166 -337772.435783 0.468489 1642019301.077500
7382490.499968 -337772.287116 0.475233 1642019301.127493
7382490.793144 -337772.130719 0.481514 1642019301.177564
7382491.046802 -337771.988512 0.486819 1642019301.227599
7382491.375805 -337771.810298 0.492346 1642019301.286977
7382491.579418 -337771.688609 0.492352 1642019301.327614
7382491.840500 -337771.546154 0.492177 1642019301.377713
7382492.123742 -337771.389040 0.494257 1642019301.427725
7382492.360168 -337771.254933 0.490248 1642019301.478070
7382492.630919 -337771.099413 0.492210 1642019301.527695
7382492.890340 -337770.955737 0.490963 1642019301.577640
7382493.138037 -337770.813215 0.490745 1642019301.627634
