7757435.789936	-363575.698097	2.848179	2.777778	0.000000	1586496844.931545	
7757435.999346	-363576.126299	-1.003864	2.777778	0.000000	1586496845.111545	
7757436.275586	-363576.545412	-0.976973	2.777778	0.000000	1586496845.291545	
7757436.559879	-363576.960707	-0.965251	2.777778	0.000000	1586496845.471545	
7757436.846526	-363577.371486	-0.958325	2.777778	0.000000	1586496845.651545	
7757437.137560	-363577.783504	-0.953565	2.777778	0.000000	1586496845.831545	
7757437.427789	-363578.190853	-0.950074	2.777778	0.000000	1586496846.011545	
7757437.719853	-363578.598114	-0.947344	2.777778	0.000000	1586496846.191545	
7757438.012356	-363579.003881	-0.945137	2.777778	0.000000	1586496846.371546	
7757438.309710	-363579.414622	-0.943276	2.777778	0.000000	1586496846.551546	
7757438.604896	-363579.820906	-0.941710	2.777778	0.000000	1586496846.731546	
7757438.899722	-363580.225458	-0.940358	2.777778	0.000000	1586496846.911546	
7757439.196992	-363580.632275	-0.939165	2.777778	0.000000	1586496847.091546	
7757439.495299	-363581.039550	-0.938103	2.777778	0.000000	1586496847.271546	
7757439.793334	-363581.445597	-0.937153	2.777778	0.000000	1586496847.451546	
7757440.089872	-363581.848843	-0.936299	2.777778	0.000000	1586496847.631546	
7757440.389290	-363582.255307	-0.935514	2.777778	0.000000	1586496847.811546	
7757440.690934	-363582.664148	-0.934790	2.777778	0.000000	1586496847.991546	
7757440.988399	-363583.066743	-0.934131	2.777778	0.000000	1586496848.171546	
7757441.286629	-363583.469837	-0.933519	2.777778	0.000000	1586496848.351546	
7757441.585080	-363583.872731	-0.932948	2.777778	0.000000	1586496848.531546	
7757441.883234	-363584.274760	-0.932415	2.777778	0.000000	1586496848.711546	
7757442.186849	-363584.683708	-0.931905	2.777778	0.000000	1586496848.891546	
7757442.489416	-363585.090824	-0.931427	2.777778	0.000000	1586496849.071547	
7757442.790479	-363585.495523	-0.930977	2.777778	0.000000	1586496849.251547	
7757443.089602	-363585.897250	-0.930553	2.777778	0.000000	1586496849.431547	
7757443.393019	-363586.304388	-0.930144	2.777778	0.000000	1586496849.611547	
7757443.693871	-363586.707750	-0.929758	2.777778	0.000000	1586496849.791547	
7757443.998592	-363587.115976	-0.929384	2.777778	0.000000	1586496849.971547	
7757444.300169	-363587.519683	-0.929029	2.777778	0.000000	1586496850.151547	
7757444.605221	-363587.927746	-0.928685	2.777778	0.000000	1586496850.331547	
7757444.906593	-363588.330602	-0.928358	2.777778	0.000000	1586496850.511547	
7757445.211076	-363588.737344	-0.928039	2.777778	0.000000	1586496850.691547	
7757445.511383	-363589.138247	-0.927736	2.777778	0.000000	1586496850.871547	
7757445.814464	-363589.542600	-0.927440	2.777778	0.000000	1586496851.051547	
7757446.120222	-363589.950277	-0.927150	2.777778	0.000000	1586496851.231547	
7757446.421191	-363590.351332	-0.926874	2.777778	0.000000	1586496851.411547	
7757446.724532	-363590.755317	-0.926603	2.777778	0.000000	1586496851.591547	
7757447.030154	-363591.162113	-0.926337	2.777778	0.000000	1586496851.771548	
7757447.337969	-363591.571603	-0.926076	2.777778	0.000000	1586496851.951548	
7757447.640304	-363591.973588	-0.925826	2.777778	0.000000	1586496852.131548	
7757447.944557	-363592.377917	-0.925580	2.777778	0.000000	1586496852.311548	
7757448.250647	-363592.784479	-0.925338	2.777778	0.000000	1586496852.491548	
7757448.558490	-363593.193165	-0.925099	2.777778	0.000000	1586496852.671548	
7757448.860246	-363593.593574	-0.924870	2.777778	0.000000	1586496852.851548	
7757449.163512	-363593.995798	-0.924643	2.777778	0.000000	1586496853.031548	
7757449.468213	-363594.399734	-0.924419	2.777778	0.000000	1586496853.211548	
7757449.774271	-363594.805283	-0.924198	2.777778	0.000000	1586496853.391548	
7757450.081609	-363595.212341	-0.923979	2.777778	0.000000	1586496853.571548	
7757450.390151	-363595.620808	-0.923762	2.777778	0.000000	1586496853.751548	
7757450.691866	-363596.020060	-0.923553	2.777778	0.000000	1586496853.931548	
7757450.994580	-363596.420460	-0.923345	2.777778	0.000000	1586496854.111548	
7757451.298221	-363596.821915	-0.923139	2.777778	0.000000	1586496854.291548	
7757451.602718	-363597.224329	-0.922934	2.777778	0.000000	1586496854.471549	
7757451.908001	-363597.627610	-0.922730	2.777778	0.000000	1586496854.651549	
7757452.213998	-363598.031664	-0.922528	2.777778	0.000000	1586496854.831549	
7757452.520638	-363598.436398	-0.922326	2.777778	0.000000	1586496855.011549	
7757452.827851	-363598.841717	-0.922125	2.777778	0.000000	1586496855.191549	
7757453.135564	-363599.247528	-0.921925	2.777778	0.000000	1586496855.371549	
7757453.443707	-363599.653737	-0.921725	2.777778	0.000000	1586496855.551549	
7757453.752209	-363600.060251	-0.921526	2.777778	0.000000	1586496855.731549	
7757454.060999	-363600.466975	-0.921326	2.777778	0.000000	1586496855.911549	
7757454.370005	-363600.873817	-0.921127	2.777778	0.000000	1586496856.091549	
7757454.679157	-363601.280682	-0.920928	2.777778	0.000000	1586496856.271549	
7757454.988384	-363601.687477	-0.920729	2.777778	0.000000	1586496856.451549	
7757455.297614	-363602.094108	-0.920529	2.777778	0.000000	1586496856.631549	
7757455.606776	-363602.500481	-0.920329	2.777778	0.000000	1586496856.811549	
7757455.915800	-363602.906503	-0.920128	2.777778	0.000000	1586496856.991549	
7757456.224614	-363603.312079	-0.919926	2.777778	0.000000	1586496857.171550	
7757456.533146	-363603.717118	-0.919724	2.777778	0.000000	1586496857.351550	
7757456.841327	-363604.121523	-0.919520	2.777778	0.000000	1586496857.531550	
7757457.149085	-363604.525203	-0.919316	2.777778	0.000000	1586496857.711550	
7757457.456348	-363604.928063	-0.919110	2.777778	0.000000	1586496857.891550	
7757457.763047	-363605.330009	-0.918902	2.777778	0.000000	1586496858.071550	
7757458.069109	-363605.730948	-0.918693	2.777778	0.000000	1586496858.251550	
7757458.374463	-363606.130786	-0.918482	2.777778	0.000000	1586496858.431550	
7757458.679039	-363606.529430	-0.918269	2.777778	0.000000	1586496858.611550	
7757458.982766	-363606.926785	-0.918054	2.777778	0.000000	1586496858.791550	
7757459.293527	-363607.333159	-0.917831	2.777778	0.000000	1586496858.971550	
7757459.603241	-363607.737976	-0.917605	2.777778	0.000000	1586496859.151550	
7757459.911833	-363608.141135	-0.917376	2.777778	0.000000	1586496859.331550	
7757460.219223	-363608.542535	-0.917145	2.777778	0.000000	1586496859.511550	
7757460.525337	-363608.942073	-0.916910	2.777778	0.000000	1586496859.691550	
7757460.830097	-363609.339650	-0.916672	2.777778	0.000000	1586496859.871551	
7757461.141184	-363609.745276	-0.916423	2.777778	0.000000	1586496860.051551	
7757461.450683	-363610.148623	-0.916171	2.777778	0.000000	1586496860.231551	
7757461.758511	-363610.549580	-0.915914	2.777778	0.000000	1586496860.411551	
7757462.064585	-363610.948039	-0.915652	2.777778	0.000000	1586496860.591551	
7757462.376404	-363611.353753	-0.915379	2.777778	0.000000	1586496860.771551	
7757462.686204	-363611.756609	-0.915100	2.777778	0.000000	1586496860.951551	
7757462.993896	-363612.156490	-0.914815	2.777778	0.000000	1586496861.131551	
7757463.299390	-363612.553278	-0.914523	2.777778	0.000000	1586496861.311551	
7757463.609963	-363612.956414	-0.914218	2.777778	0.000000	1586496861.491551	
7757463.918040	-363613.356054	-0.913904	2.777778	0.000000	1586496861.671551	
7757464.223526	-363613.752073	-0.913583	2.777778	0.000000	1586496861.851551	
7757464.533499	-363614.153637	-0.913245	2.777778	0.000000	1586496862.031551	
7757464.840553	-363614.551135	-0.912897	2.777778	0.000000	1586496862.211551	
7757465.151617	-363614.953528	-0.912531	2.777778	0.000000	1586496862.391551	
7757465.459405	-363615.351378	-0.912153	2.777778	0.000000	1586496862.571552	
7757465.770684	-363615.753418	-0.911754	2.777778	0.000000	1586496862.751552	
7757466.078304	-363616.150398	-0.911340	2.777778	0.000000	1586496862.931552	
7757466.388854	-363616.550808	-0.910903	2.777778	0.000000	1586496863.111552	
7757466.701947	-363616.954119	-0.910438	2.777778	0.000000	1586496863.291552	
7757467.010652	-363617.351391	-0.909954	2.777778	0.000000	1586496863.471552	
7757467.321257	-363617.750695	-0.909439	2.777778	0.000000	1586496863.651552	
7757467.633319	-363618.151434	-0.908889	2.777778	0.000000	1586496863.831552	
7757467.946372	-363618.552972	-0.908301	2.777778	0.000000	1586496864.011552	
7757468.259922	-363618.954644	-0.907670	2.777778	0.000000	1586496864.191552	
7757468.572507	-363619.354739	-0.907704	2.777778	0.000000	1586496864.371552	
7757468.880467	-363619.749124	-0.907937	2.777778	0.000000	1586496864.551552	
7757469.188513	-363620.143743	-0.908008	2.777778	0.000000	1586496864.731552	
7757469.496698	-363620.538531	-0.907917	2.777778	0.000000	1586496864.911552	
7757469.805075	-363620.933424	-0.907664	2.777778	0.000000	1586496865.091552	
7757470.113697	-363621.328361	-0.907249	2.777778	0.000000	1586496865.271553	
7757470.422618	-363621.723276	-0.906673	2.777778	0.000000	1586496865.451553	
7757470.731891	-363622.118105	-0.905936	2.777778	0.000000	1586496865.631553	
7757471.041568	-363622.512787	-0.905037	2.777778	0.000000	1586496865.811553	
7757471.351704	-363622.907256	-0.903977	2.777778	0.000000	1586496865.991553	
7757471.662351	-363623.301449	-0.902755	2.777778	0.000000	1586496866.171553	
7757471.973563	-363623.695303	-0.901372	2.777778	0.000000	1586496866.351553	
7757472.285393	-363624.088753	-0.899828	2.777778	0.000000	1586496866.531553	
7757472.597894	-363624.481737	-0.898122	2.777778	0.000000	1586496866.711553	
7757472.911120	-363624.874190	-0.896255	2.777778	0.000000	1586496866.891553	
7757473.225123	-363625.266050	-0.894226	2.777778	0.000000	1586496867.071553	
7757473.539957	-363625.657252	-0.892034	2.777778	0.000000	1586496867.251553	
7757473.855675	-363626.047732	-0.889681	2.777778	0.000000	1586496867.431553	
7757474.172330	-363626.437427	-0.887166	2.777778	0.000000	1586496867.611553	
7757474.489976	-363626.826274	-0.884487	2.777778	0.000000	1586496867.791553	
7757474.808665	-363627.214209	-0.881646	2.777778	0.000000	1586496867.971554	
7757475.128452	-363627.601167	-0.878642	2.777778	0.000000	1586496868.151554	
7757475.449389	-363627.987087	-0.875475	2.777778	0.000000	1586496868.331554	
7757475.771529	-363628.371903	-0.872144	2.777778	0.000000	1586496868.511554	
7757476.094925	-363628.755552	-0.868649	2.777778	0.000000	1586496868.691554	
7757476.419632	-363629.137971	-0.864989	2.777778	0.000000	1586496868.871554	
7757476.745702	-363629.519096	-0.861166	2.777778	0.000000	1586496869.051554	
7757477.073188	-363629.898863	-0.857177	2.777778	0.000000	1586496869.231554	
7757477.402144	-363630.277209	-0.853023	2.777778	0.000000	1586496869.411554	
7757477.732623	-363630.654070	-0.848704	2.777778	0.000000	1586496869.591554	
7757478.064677	-363631.029382	-0.844219	2.777778	0.000000	1586496869.771554	
7757478.398361	-363631.403082	-0.839568	2.777778	0.000000	1586496869.951554	
7757478.733727	-363631.775106	-0.834750	2.777778	0.000000	1586496870.131554	
7757479.070830	-363632.145391	-0.829767	2.777778	0.000000	1586496870.311554	
7757479.409721	-363632.513873	-0.824616	2.777778	0.000000	1586496870.491554	
7757479.750454	-363632.880487	-0.819299	2.777778	0.000000	1586496870.671555	
7757480.093083	-363633.245172	-0.813814	2.777778	0.000000	1586496870.851555	
7757480.437660	-363633.607862	-0.808163	2.777778	0.000000	1586496871.031555	
7757480.784239	-363633.968495	-0.802344	2.777778	0.000000	1586496871.211555	
7757481.132873	-363634.327006	-0.796358	2.777778	0.000000	1586496871.391555	
7757481.490653	-363634.690436	-0.790080	2.777778	0.000000	1586496871.571555	
7757481.850682	-363635.051526	-0.783628	2.777778	0.000000	1586496871.751555	
7757482.213018	-363635.410207	-0.777002	2.777778	0.000000	1586496871.931555	
7757482.577717	-363635.766412	-0.770203	2.777778	0.000000	1586496872.111555	
7757482.944835	-363636.120075	-0.763231	2.777778	0.000000	1586496872.291555	
7757483.314429	-363636.471126	-0.756086	2.777778	0.000000	1586496872.471555	
7757483.686556	-363636.819498	-0.748768	2.777778	0.000000	1586496872.651555	
7757484.061271	-363637.165125	-0.741280	2.777778	0.000000	1586496872.831555	
7757484.438632	-363637.507938	-0.733620	2.777778	0.000000	1586496873.011555	
7757484.818695	-363637.847871	-0.725789	2.777778	0.000000	1586496873.191556	
7757485.193983	-363638.178276	-0.717949	2.777778	0.000000	1586496873.371556	
7757485.571975	-363638.505783	-0.709946	2.777778	0.000000	1586496873.551556	
7757485.958170	-363638.835233	-0.704125	2.777778	0.000000	1586496873.731556	
7757486.346422	-363639.164412	-0.702330	2.777778	0.000000	1586496873.911556	
7757486.731104	-363639.489325	-0.700377	2.777778	0.000000	1586496874.091556	
7757487.119291	-363639.815840	-0.698236	2.777778	0.000000	1586496874.271556	
7757487.503484	-363640.137548	-0.695956	2.777778	0.000000	1586496874.451556	
7757487.890900	-363640.460396	-0.693498	2.777778	0.000000	1586496874.631556	
7757488.281464	-363640.784185	-0.690862	2.777778	0.000000	1586496874.811556	
7757488.667501	-363641.102469	-0.688106	2.777778	0.000000	1586496874.991556	
7757489.056422	-363641.421279	-0.685179	2.777778	0.000000	1586496875.171556	
7757489.448156	-363641.740427	-0.682082	2.777778	0.000000	1586496875.351556	
7757489.842632	-363642.059726	-0.678813	2.777778	0.000000	1586496875.531556	
7757490.239780	-363642.378986	-0.675371	2.777778	0.000000	1586496875.711556	
7757490.631665	-363642.691770	-0.671828	2.777778	0.000000	1586496875.891557	
7757491.025982	-363643.004159	-0.668115	2.777778	0.000000	1586496876.071557	
7757491.422665	-363643.315978	-0.664232	2.777778	0.000000	1586496876.251557	
7757491.821646	-363643.627050	-0.660176	2.777778	0.000000	1586496876.431557	
7757492.222859	-363643.937198	-0.655945	2.777778	0.000000	1586496876.611557	
7757492.626236	-363644.246243	-0.651536	2.777778	0.000000	1586496876.791557	
7757493.031711	-363644.554011	-0.646945	2.777778	0.000000	1586496876.971557	
7757493.439217	-363644.860323	-0.642170	2.777778	0.000000	1586496877.151557	
7757493.840479	-363645.158927	-0.637308	2.777778	0.000000	1586496877.331557	
7757494.243564	-363645.455796	-0.632262	2.777778	0.000000	1586496877.511557	
7757494.648410	-363645.750764	-0.627028	2.777778	0.000000	1586496877.691557	
7757495.054952	-363646.043666	-0.621603	2.777778	0.000000	1586496877.871557	
7757495.463129	-363646.334333	-0.615980	2.777778	0.000000	1586496878.051557	
7757495.872877	-363646.622600	-0.610157	2.777778	0.000000	1586496878.231557	
7757496.284134	-363646.908300	-0.604127	2.777778	0.000000	1586496878.411557	
7757496.696836	-363647.191266	-0.597886	2.777778	0.000000	1586496878.591558	
7757497.119386	-363647.477016	-0.591295	2.777778	0.000000	1586496878.771558	
7757497.543308	-363647.759570	-0.584471	2.777778	0.000000	1586496878.951558	
7757497.968535	-363648.038750	-0.577409	2.777778	0.000000	1586496879.131558	
7757498.395002	-363648.314380	-0.570101	2.777778	0.000000	1586496879.311558	
7757498.822640	-363648.586282	-0.562541	2.777778	0.000000	1586496879.491558	
7757499.251383	-363648.854280	-0.554721	2.777778	0.000000	1586496879.671558	
7757499.681164	-363649.118196	-0.546633	2.777778	0.000000	1586496879.851558	
7757500.111917	-363649.377853	-0.538268	2.777778	0.000000	1586496880.031558	
7757500.543573	-363649.633075	-0.529618	2.777778	0.000000	1586496880.211558	
7757500.976311	-363649.884019	-0.521745	2.777778	0.000000	1586496880.391558	
7757501.410944	-363650.131773	-0.514443	2.777778	0.000000	1586496880.571558	
7757501.847514	-363650.376433	-0.507167	2.777778	0.000000	1586496880.751558	
7757502.285983	-363650.617988	-0.499916	2.777778	0.000000	1586496880.931558	
7757502.726314	-363650.856431	-0.492690	2.777778	0.000000	1586496881.111558	
7757503.168470	-363651.091753	-0.485487	2.777778	0.000000	1586496881.291559	
7757503.612415	-363651.323946	-0.478307	2.777778	0.000000	1586496881.471559	
7757504.058112	-363651.553001	-0.471148	2.777778	0.000000	1586496881.651559	
7757504.505523	-363651.778909	-0.464011	2.777778	0.000000	1586496881.831559	
7757504.954612	-363652.001661	-0.456894	2.777778	0.000000	1586496882.011559	
7757505.405343	-363652.221250	-0.449796	2.777778	0.000000	1586496882.191559	
7757505.857677	-363652.437667	-0.442716	2.777778	0.000000	1586496882.371559	
7757506.311579	-363652.650903	-0.435654	2.777778	0.000000	1586496882.551559	
7757506.767011	-363652.860949	-0.428609	2.777778	0.000000	1586496882.731559	
7757507.223936	-363653.067797	-0.421580	2.777778	0.000000	1586496882.911559	
7757507.682319	-363653.271438	-0.414565	2.777778	0.000000	1586496883.091559	
7757508.142121	-363653.471865	-0.407565	2.777778	0.000000	1586496883.271559	
7757508.603306	-363653.669067	-0.400578	2.777778	0.000000	1586496883.451559	
7757509.065837	-363653.863037	-0.393603	2.777778	0.000000	1586496883.631559	
7757509.529678	-363654.053766	-0.386640	2.777778	0.000000	1586496883.811559	
7757509.994791	-363654.241246	-0.379687	2.777778	0.000000	1586496883.991560	
7757510.461139	-363654.425467	-0.372744	2.777778	0.000000	1586496884.171560	
7757510.928686	-363654.606422	-0.365810	2.777778	0.000000	1586496884.351560	
7757511.397394	-363654.784102	-0.358883	2.777778	0.000000	1586496884.531560	
7757511.867228	-363654.958498	-0.351964	2.777778	0.000000	1586496884.711560	
7757512.338149	-363655.129602	-0.345051	2.777778	0.000000	1586496884.891560	
7757512.810122	-363655.297405	-0.338143	2.777778	0.000000	1586496885.071560	
7757513.283109	-363655.461898	-0.331240	2.777778	0.000000	1586496885.251560	
7757513.757073	-363655.623073	-0.324340	2.777778	0.000000	1586496885.431560	
7757514.231978	-363655.780922	-0.317443	2.777778	0.000000	1586496885.611560	
7757514.707787	-363655.935435	-0.310547	2.777778	0.000000	1586496885.791560	
7757515.184608	-363656.086492	-0.302655	2.777778	0.000000	1586496885.971560	
7757515.662689	-363656.233562	-0.294253	2.777778	0.000000	1586496886.151560	
7757516.141976	-363656.376656	-0.286043	2.777778	0.000000	1586496886.331560	
7757516.622426	-363656.515862	-0.278026	2.777778	0.000000	1586496886.511560	
7757517.103999	-363656.651268	-0.270203	2.777778	0.000000	1586496886.691561	
7757517.586653	-363656.782964	-0.262574	2.777778	0.000000	1586496886.871561	
7757518.070348	-363656.911036	-0.255139	2.777778	0.000000	1586496887.051561	
7757518.555042	-363657.035575	-0.247897	2.777778	0.000000	1586496887.231561	
7757519.040695	-363657.156667	-0.240849	2.777778	0.000000	1586496887.411561	
7757519.527264	-363657.274401	-0.233995	2.777778	0.000000	1586496887.591561	
7757520.014709	-363657.388867	-0.227334	2.777778	0.000000	1586496887.771561	
7757520.502989	-363657.500151	-0.220866	2.777778	0.000000	1586496887.951561	
7757520.992062	-363657.608343	-0.214590	2.777778	0.000000	1586496888.131561	
7757521.481887	-363657.713530	-0.208507	2.777778	0.000000	1586496888.311561	
7757521.972424	-363657.815802	-0.202615	2.777778	0.000000	1586496888.491561	
7757522.463631	-363657.915246	-0.196915	2.777778	0.000000	1586496888.671561	
7757522.955466	-363658.011951	-0.191405	2.777778	0.000000	1586496888.851561	
7757523.447890	-363658.106005	-0.186085	2.777778	0.000000	1586496889.031561	
7757523.940859	-363658.197496	-0.180956	2.777778	0.000000	1586496889.211561	
7757524.434334	-363658.286514	-0.176015	2.777778	0.000000	1586496889.391562	
7757524.928274	-363658.373145	-0.171263	2.777778	0.000000	1586496889.571562	
7757525.422636	-363658.457480	-0.166699	2.777778	0.000000	1586496889.751562	
7757525.917381	-363658.539605	-0.162323	2.777778	0.000000	1586496889.931562	
7757526.412466	-363658.619609	-0.158133	2.777778	0.000000	1586496890.111562	
7757526.907850	-363658.697582	-0.154131	2.777778	0.000000	1586496890.291562	
7757527.403493	-363658.773610	-0.150314	2.777778	0.000000	1586496890.471562	
7757527.899354	-363658.847782	-0.146682	2.777778	0.000000	1586496890.651562	
7757528.395390	-363658.920188	-0.143236	2.777778	0.000000	1586496890.831562	
7757528.891562	-363658.990914	-0.139975	2.777778	0.000000	1586496891.011562	
7757529.387827	-363659.060050	-0.136898	2.777778	0.000000	1586496891.191562	
7757529.884145	-363659.127684	-0.134005	2.777778	0.000000	1586496891.371562	
7757530.380474	-363659.193903	-0.131297	2.777778	0.000000	1586496891.551562	
7757530.876774	-363659.258798	-0.128771	2.777778	0.000000	1586496891.731562	
7757531.373012	-363659.322437	-0.126020	2.777778	0.000000	1586496891.911562	
7757531.869427	-363659.384191	-0.121516	2.777778	0.000000	1586496892.091563	
7757532.366132	-363659.443725	-0.117074	2.777778	0.000000	1586496892.271563	
7757532.863117	-363659.501070	-0.112693	2.777778	0.000000	1586496892.451563	
7757533.360371	-363659.556256	-0.108373	2.777778	0.000000	1586496892.631563	
7757533.857884	-363659.609311	-0.104116	2.777778	0.000000	1586496892.811563	
7757534.355645	-363659.660266	-0.099919	2.777778	0.000000	1586496892.991563	
7757534.853646	-363659.709150	-0.095785	2.777778	0.000000	1586496893.171563	
7757535.351875	-363659.755992	-0.091712	2.777778	0.000000	1586496893.351563	
7757535.850322	-363659.800823	-0.087700	2.777778	0.000000	1586496893.531563	
7757536.348977	-363659.843673	-0.083749	2.777778	0.000000	1586496893.711563	
7757536.847829	-363659.884570	-0.079860	2.777778	0.000000	1586496893.891563	
7757537.346869	-363659.923544	-0.076032	2.777778	0.000000	1586496894.071563	
7757537.846087	-363659.960626	-0.072265	2.777778	0.000000	1586496894.251563	
7757538.345471	-363659.995844	-0.068559	2.777778	0.000000	1586496894.431563	
7757538.845012	-363660.029229	-0.064914	2.777778	0.000000	1586496894.611563	
7757539.344700	-363660.060810	-0.061330	2.777778	0.000000	1586496894.791564	
7757539.844523	-363660.090616	-0.057806	2.777778	0.000000	1586496894.971564	
7757540.344473	-363660.118678	-0.054344	2.777778	0.000000	1586496895.151564	
7757540.844539	-363660.145024	-0.050941	2.777778	0.000000	1586496895.331564	
7757541.344710	-363660.169685	-0.047600	2.777778	0.000000	1586496895.511564	
7757541.844977	-363660.192691	-0.044318	2.777778	0.000000	1586496895.691564	
7757542.345329	-363660.214070	-0.041097	2.777778	0.000000	1586496895.871564	
7757542.845755	-363660.233852	-0.037936	2.777778	0.000000	1586496896.051564	
7757543.346247	-363660.252068	-0.034834	2.777778	0.000000	1586496896.231564	
7757543.846793	-363660.268747	-0.031793	2.777778	0.000000	1586496896.411564	
7757544.347383	-363660.283918	-0.028811	2.777778	0.000000	1586496896.591564	
7757544.848007	-363660.297611	-0.025890	2.777778	0.000000	1586496896.771564	
7757545.348654	-363660.309856	-0.023027	2.777778	0.000000	1586496896.951564	
7757545.849315	-363660.320683	-0.020224	2.777778	0.000000	1586496897.131564	
7757546.349980	-363660.330120	-0.017481	2.777778	0.000000	1586496897.311564	
7757546.850637	-363660.338198	-0.014796	2.777778	0.000000	1586496897.491565	
7757547.351277	-363660.344947	-0.012171	2.777778	0.000000	1586496897.671565	
7757547.851890	-363660.350395	-0.009605	2.777778	0.000000	1586496897.851565	
7757548.352465	-363660.354573	-0.007097	2.777778	0.000000	1586496898.031565	
7757548.852993	-363660.357510	-0.004649	2.777778	0.000000	1586496898.211565	
7757549.353462	-363660.359236	-0.002259	2.777778	0.000000	1586496898.391565	
7757549.853862	-363660.359781	0.000072	2.777778	0.000000	1586496898.571565	
7757550.354184	-363660.359174	0.002345	2.777778	0.000000	1586496898.751565	
7757550.864072	-363660.357396	0.004645	2.777778	0.000000	1586496898.931565	
7757551.371299	-363660.354435	0.007048	2.777778	0.000000	1586496899.111565	
7757551.875684	-363660.350256	0.009536	2.777778	0.000000	1586496899.291565	
7757552.377481	-363660.344830	0.012106	2.777778	0.000000	1586496899.471565	
7757552.886710	-363660.337981	0.014808	2.777778	0.000000	1586496899.651565	
7757553.393773	-363660.329769	0.017590	2.777778	0.000000	1586496899.831565	
7757553.898938	-363660.320164	0.020448	2.777778	0.000000	1586496900.011565	
7757554.402469	-363660.309131	0.023379	2.777778	0.000000	1586496900.191566	
7757554.904633	-363660.296639	0.026377	2.777778	0.000000	1586496900.371566	
7757555.405695	-363660.282654	0.029440	2.777778	0.000000	1586496900.551566	
7757555.905922	-363660.267144	0.032561	2.777778	0.000000	1586496900.731566	
7757556.415186	-363660.249733	0.035799	2.777778	0.000000	1586496900.911566	
7757556.924139	-363660.230670	0.039088	2.777778	0.000000	1586496901.091566	
7757557.433064	-363660.209919	0.042422	2.777778	0.000000	1586496901.271566	
7757557.932632	-363660.187886	0.045732	2.777778	0.000000	1586496901.451566	
7757558.432710	-363660.164164	0.049076	2.777778	0.000000	1586496901.631566	
7757558.933564	-363660.138719	0.052447	2.777778	0.000000	1586496901.811566	
7757559.435460	-363660.111518	0.055840	2.777778	0.000000	1586496901.991566	
7757559.938664	-363660.082530	0.059249	2.777778	0.000000	1586496902.171566	
7757560.443443	-363660.051721	0.062668	2.777778	0.000000	1586496902.351566	
7757560.950062	-363660.019059	0.066093	2.777778	0.000000	1586496902.531566	
7757561.448982	-363659.985194	0.069451	2.777778	0.000000	1586496902.711566	
7757561.950179	-363659.949484	0.072804	2.777778	0.000000	1586496902.891567	
7757562.453904	-363659.911898	0.076146	2.777778	0.000000	1586496903.071567	
7757562.960408	-363659.872406	0.079473	2.777778	0.000000	1586496903.251567	
7757563.459920	-363659.831808	0.082715	2.777778	0.000000	1586496903.431567	
7757563.962580	-363659.789319	0.085933	2.777778	0.000000	1586496903.611567	
7757564.468626	-363659.744910	0.089123	2.777778	0.000000	1586496903.791567	
7757564.968063	-363659.699498	0.092219	2.777778	0.000000	1586496903.971567	
7757565.471201	-363659.652188	0.095281	2.777778	0.000000	1586496904.151567	
7757565.978262	-363659.602951	0.098306	2.777778	0.000000	1586496904.331567	
7757566.478993	-363659.552825	0.101230	2.777778	0.000000	1586496904.511567	
7757566.983912	-363659.500799	0.104112	2.777778	0.000000	1586496904.691567	
7757567.482570	-363659.447990	0.106892	2.777778	0.000000	1586496904.871567	
7757567.985641	-363659.393311	0.109628	2.777778	0.000000	1586496905.051567	
7757568.493320	-363659.336736	0.112318	2.777778	0.000000	1586496905.231567	
7757568.994849	-363659.279508	0.114904	2.777778	0.000000	1586496905.411567	
7757569.501164	-363659.220419	0.117442	2.777778	0.000000	1586496905.591568	
7757569.999173	-363659.160955	0.120955	2.777778	0.000000	1586496905.771568	
7757570.504659	-363659.098050	0.126638	2.777778	0.000000	1586496905.951568	
7757571.000930	-363659.033483	0.132097	2.777778	0.000000	1586496906.131568	
7757571.497676	-363658.966123	0.137443	2.777778	0.000000	1586496906.311568	
7757571.994872	-363658.896022	0.142677	2.777778	0.000000	1586496906.491568	
7757572.492491	-363658.823230	0.147801	2.777778	0.000000	1586496906.671568	
7757572.990508	-363658.747801	0.152815	2.777778	0.000000	1586496906.851568	
7757573.488897	-363658.669784	0.157722	2.777778	0.000000	1586496907.031568	
7757573.987633	-363658.589231	0.162521	2.777778	0.000000	1586496907.211568	
7757574.486690	-363658.506194	0.167215	2.777778	0.000000	1586496907.391568	
7757574.986042	-363658.420724	0.171804	2.777778	0.000000	1586496907.571568	
7757575.485663	-363658.332873	0.176291	2.777778	0.000000	1586496907.751568	
7757575.985528	-363658.242692	0.180675	2.777778	0.000000	1586496907.931568	
7757576.485611	-363658.150232	0.184957	2.777778	0.000000	1586496908.111568	
7757576.985886	-363658.055544	0.189140	2.777778	0.000000	1586496908.291569	
7757577.486328	-363657.958681	0.193225	2.777778	0.000000	1586496908.471569	
7757577.977094	-363657.861655	0.197134	2.777778	0.000000	1586496908.651569	
7757578.467971	-363657.762635	0.200949	2.777778	0.000000	1586496908.831569	
7757578.958935	-363657.661670	0.204673	2.777778	0.000000	1586496909.011569	
7757579.449962	-363657.558808	0.208305	2.777778	0.000000	1586496909.191569	
7757579.941027	-363657.454098	0.211847	2.777778	0.000000	1586496909.371569	
7757580.432106	-363657.347588	0.215299	2.777778	0.000000	1586496909.551569	
7757580.923175	-363657.239327	0.218663	2.777778	0.000000	1586496909.731569	
7757581.414210	-363657.129364	0.221938	2.777778	0.000000	1586496909.911569	
7757581.905186	-363657.017746	0.225126	2.777778	0.000000	1586496910.091569	
7757582.396079	-363656.904521	0.228228	2.777778	0.000000	1586496910.271569	
7757582.886866	-363656.789740	0.231244	2.777778	0.000000	1586496910.451569	
7757583.377521	-363656.673449	0.234175	2.777778	0.000000	1586496910.631569	
7757583.868021	-363656.555698	0.237021	2.777778	0.000000	1586496910.811569	
7757584.358341	-363656.436534	0.239784	2.777778	0.000000	1586496910.991570	
7757584.848457	-363656.316007	0.242464	2.777778	0.000000	1586496911.171570	
7757585.338345	-363656.194165	0.245060	2.777778	0.000000	1586496911.351570	
7757585.827981	-363656.071055	0.247575	2.777778	0.000000	1586496911.531570	
7757586.317340	-363655.946728	0.250008	2.777778	0.000000	1586496911.711570	
7757586.806398	-363655.821230	0.252360	2.777778	0.000000	1586496911.891570	
7757587.295131	-363655.694611	0.254632	2.777778	0.000000	1586496912.071570	
7757587.783515	-363655.566919	0.256823	2.777778	0.000000	1586496912.251570	
7757588.271525	-363655.438202	0.258935	2.777778	0.000000	1586496912.431570	
7757588.759137	-363655.308509	0.260967	2.777778	0.000000	1586496912.611570	
7757589.246327	-363655.177888	0.262920	2.777778	0.000000	1586496912.791570	
7757589.733071	-363655.046388	0.264794	2.777778	0.000000	1586496912.971570	
7757590.219345	-363654.914057	0.266590	2.777778	0.000000	1586496913.151570	
7757590.705124	-363654.780943	0.268308	2.777778	0.000000	1586496913.331570	
7757591.190383	-363654.647096	0.269948	2.777778	0.000000	1586496913.511570	
7757591.675100	-363654.512563	0.271510	2.777778	0.000000	1586496913.691571	
7757592.159249	-363654.377393	0.272994	2.777778	0.000000	1586496913.871571	
7757592.642807	-363654.241634	0.274401	2.777778	0.000000	1586496914.051571	
7757593.125748	-363654.105335	0.275730	2.777778	0.000000	1586496914.231571	
7757593.608050	-363653.968545	0.276983	2.777778	0.000000	1586496914.411571	
7757594.089687	-363653.831311	0.278157	2.777778	0.000000	1586496914.591571	
7757594.570672	-363653.693704	0.278893	2.777778	0.000000	1586496914.771571	
7757595.051642	-363653.555951	0.279018	2.777778	0.000000	1586496914.951571	
7757595.532797	-363653.418033	0.279319	2.777778	0.000000	1586496915.131571	
7757596.014096	-363653.279872	0.279796	2.777778	0.000000	1586496915.311571	
7757596.495495	-363653.141387	0.280448	2.777778	0.000000	1586496915.491571	
7757596.976952	-363653.002501	0.281276	2.777778	0.000000	1586496915.671571	
7757597.458424	-363652.863132	0.282279	2.777778	0.000000	1586496915.851571	
7757597.939870	-363652.723202	0.283457	2.777778	0.000000	1586496916.031571	
7757598.421245	-363652.582630	0.284811	2.777778	0.000000	1586496916.211571	
7757598.902509	-363652.441339	0.286340	2.777778	0.000000	1586496916.391572	
7757599.383618	-363652.299247	0.288045	2.777778	0.000000	1586496916.571572	
7757599.864530	-363652.156276	0.289925	2.777778	0.000000	1586496916.751572	
7757600.345202	-363652.012346	0.291981	2.777778	0.000000	1586496916.931572	
7757600.825592	-363651.867377	0.294213	2.777778	0.000000	1586496917.111572	
7757601.305658	-363651.721290	0.296621	2.777778	0.000000	1586496917.291572	
7757601.785356	-363651.574006	0.299205	2.777778	0.000000	1586496917.471572	
7757602.264645	-363651.425445	0.301965	2.777778	0.000000	1586496917.651572	
7757602.743481	-363651.275528	0.304903	2.777778	0.000000	1586496917.831572	
7757603.221823	-363651.124175	0.308017	2.777778	0.000000	1586496918.011572	
7757603.699628	-363650.971306	0.311309	2.777778	0.000000	1586496918.191572	
7757604.176852	-363650.816842	0.314779	2.777778	0.000000	1586496918.371572	
7757604.653455	-363650.660704	0.318426	2.777778	0.000000	1586496918.551572	
7757605.129393	-363650.502812	0.322252	2.777778	0.000000	1586496918.731572	
7757605.604624	-363650.343087	0.326256	2.777778	0.000000	1586496918.911572	
7757606.079104	-363650.181449	0.330440	2.777778	0.000000	1586496919.091573	
7757606.552793	-363650.017818	0.334802	2.777778	0.000000	1586496919.271573	
7757607.025647	-363649.852116	0.339345	2.777778	0.000000	1586496919.451573	
7757607.497623	-363649.684262	0.344067	2.777778	0.000000	1586496919.631573	
7757607.968680	-363649.514177	0.348969	2.777778	0.000000	1586496919.811573	
7757608.438774	-363649.341782	0.354052	2.777778	0.000000	1586496919.991573	
7757608.907864	-363649.166997	0.359316	2.777778	0.000000	1586496920.171573	
7757609.375906	-363648.989743	0.364761	2.777778	0.000000	1586496920.351573	
7757609.842858	-363648.809939	0.370386	2.777778	0.000000	1586496920.531573	
7757610.308678	-363648.627508	0.376193	2.777778	0.000000	1586496920.711573	
7757610.773323	-363648.442369	0.382181	2.777778	0.000000	1586496920.891573	
7757611.236751	-363648.254442	0.388351	2.777778	0.000000	1586496921.071573	
7757611.698919	-363648.063649	0.394702	2.777778	0.000000	1586496921.251573	
7757612.168988	-363647.866004	0.401367	2.777778	0.000000	1586496921.431573	
7757612.637657	-363647.665209	0.408220	2.777778	0.000000	1586496921.611573	
7757613.104881	-363647.461180	0.415261	2.777778	0.000000	1586496921.791574	
7757613.570614	-363647.253833	0.422490	2.777778	0.000000	1586496921.971574	
7757614.034812	-363647.043083	0.429907	2.777778	0.000000	1586496922.151574	
7757614.497429	-363646.828845	0.437510	2.777778	0.000000	1586496922.331574	
7757614.958421	-363646.611037	0.445299	2.777778	0.000000	1586496922.511574	
7757615.417742	-363646.389572	0.453274	2.777778	0.000000	1586496922.691574	
7757615.866391	-363646.168820	0.461271	2.777778	0.000000	1586496922.871574	
7757616.313436	-363645.944739	0.467538	2.777778	0.000000	1586496923.051574	
7757616.767994	-363645.713627	0.473187	2.777778	0.000000	1586496923.231574	
7757617.221146	-363645.480027	0.478739	2.777778	0.000000	1586496923.411574	
7757617.672916	-363645.243983	0.484194	2.777778	0.000000	1586496923.591574	
7757618.123328	-363645.005540	0.489552	2.777778	0.000000	1586496923.771574	
7757618.572406	-363644.764743	0.494812	2.777778	0.000000	1586496923.951574	
7757619.020175	-363644.521635	0.499973	2.777778	0.000000	1586496924.131574	
7757619.466658	-363644.276261	0.505036	2.777778	0.000000	1586496924.311574	
7757619.911881	-363644.028665	0.510001	2.777778	0.000000	1586496924.491575	
7757620.355866	-363643.778893	0.514866	2.777778	0.000000	1586496924.671575	
7757620.798640	-363643.526988	0.519632	2.777778	0.000000	1586496924.851575	
7757621.240225	-363643.272995	0.524298	2.777778	0.000000	1586496925.031575	
7757621.680646	-363643.016958	0.528865	2.777778	0.000000	1586496925.211575	
7757622.119927	-363642.758923	0.533332	2.777778	0.000000	1586496925.391575	
7757622.558093	-363642.498932	0.537699	2.777778	0.000000	1586496925.571575	
7757622.995167	-363642.237031	0.541966	2.777778	0.000000	1586496925.751575	
7757623.431175	-363641.973265	0.546133	2.777778	0.000000	1586496925.931575	
7757623.866139	-363641.707677	0.550200	2.777778	0.000000	1586496926.111575	
7757624.300085	-363641.440312	0.554166	2.777778	0.000000	1586496926.291575	
7757624.733037	-363641.171215	0.558033	2.777778	0.000000	1586496926.471575	
7757625.165018	-363640.900430	0.561799	2.777778	0.000000	1586496926.651575	
7757625.596054	-363640.628001	0.565465	2.777778	0.000000	1586496926.831575	
7757626.026168	-363640.353973	0.569031	2.777778	0.000000	1586496927.011575	
7757626.446977	-363640.083809	0.572430	2.777778	0.000000	1586496927.191576	
7757626.866947	-363639.812193	0.575732	2.777778	0.000000	1586496927.371576	
7757627.286100	-363639.539166	0.578939	2.777778	0.000000	1586496927.551576	
7757627.704458	-363639.264770	0.582049	2.777778	0.000000	1586496927.731576	
7757628.122046	-363638.989048	0.585063	2.777778	0.000000	1586496927.911576	
7757628.538885	-363638.712041	0.587981	2.777778	0.000000	1586496928.091576	
7757628.954999	-363638.433791	0.590803	2.777778	0.000000	1586496928.271576	
7757629.370410	-363638.154341	0.593529	2.777778	0.000000	1586496928.451576	
7757629.785141	-363637.873731	0.596160	2.777778	0.000000	1586496928.631576	
7757630.199215	-363637.592003	0.598695	2.777778	0.000000	1586496928.811576	
7757630.612655	-363637.309201	0.601134	2.777778	0.000000	1586496928.991576	
7757631.025484	-363637.025365	0.603478	2.777778	0.000000	1586496929.171576	
7757631.437725	-363636.740537	0.605726	2.777778	0.000000	1586496929.351576	
7757631.849400	-363636.454760	0.607879	2.777778	0.000000	1586496929.531576	
7757632.260532	-363636.168075	0.609937	2.777778	0.000000	1586496929.711576	
7757632.671144	-363635.880524	0.611899	2.777778	0.000000	1586496929.891577	
7757633.081259	-363635.592149	0.613766	2.777778	0.000000	1586496930.071577	
7757633.490900	-363635.302993	0.615539	2.777778	0.000000	1586496930.251577	
7757633.900090	-363635.013095	0.617216	2.777778	0.000000	1586496930.431577	
7757634.308851	-363634.722500	0.618799	2.777778	0.000000	1586496930.611577	
7757634.717206	-363634.431248	0.620287	2.777778	0.000000	1586496930.791577	
7757635.125179	-363634.139382	0.621680	2.777778	0.000000	1586496930.971577	
7757635.532791	-363633.846943	0.622979	2.777778	0.000000	1586496931.151577	
7757635.940067	-363633.553973	0.624183	2.777778	0.000000	1586496931.331577	
7757636.347028	-363633.260514	0.625292	2.777778	0.000000	1586496931.511577	
7757636.753697	-363632.966609	0.626308	2.777778	0.000000	1586496931.691577	
7757637.160098	-363632.672298	0.627228	2.777778	0.000000	1586496931.871577	
7757637.566253	-363632.377624	0.628055	2.777778	0.000000	1586496932.051577	
7757637.972185	-363632.082629	0.628787	2.777778	0.000000	1586496932.231577	
7757638.377917	-363631.787355	0.629424	2.777778	0.000000	1586496932.411577	
7757638.783472	-363631.491842	0.629968	2.777778	0.000000	1586496932.591578	
7757639.188872	-363631.196135	0.630417	2.777778	0.000000	1586496932.771578	
7757639.594141	-363630.900273	0.630772	2.777778	0.000000	1586496932.951578	
7757639.999301	-363630.604300	0.631033	2.777778	0.000000	1586496933.131578	
7757640.404375	-363630.308257	0.631199	2.777778	0.000000	1586496933.311578	
7757640.809386	-363630.012186	0.631271	2.777778	0.000000	1586496933.491578	
7757641.214356	-363629.716128	0.631249	2.777778	0.000000	1586496933.671578	
7757641.619310	-363629.420126	0.631133	2.777778	0.000000	1586496933.851578	
7757642.024268	-363629.124222	0.630922	2.777778	0.000000	1586496934.031578	
7757642.429255	-363628.828458	0.630617	2.777778	0.000000	1586496934.211578	
7757642.834294	-363628.532875	0.630218	2.777778	0.000000	1586496934.391578	
7757643.239406	-363628.237515	0.629724	2.777778	0.000000	1586496934.571578	
7757643.644615	-363627.942420	0.629135	2.777778	0.000000	1586496934.751578	
7757644.049943	-363627.647632	0.628452	2.777778	0.000000	1586496934.931578	
7757644.455415	-363627.353194	0.627674	2.777778	0.000000	1586496935.111578	
7757644.861051	-363627.059146	0.626802	2.777778	0.000000	1586496935.291579	
7757645.266876	-363626.765531	0.625834	2.777778	0.000000	1586496935.471579	
7757645.672912	-363626.472390	0.624772	2.777778	0.000000	1586496935.651579	
7757646.079181	-363626.179766	0.623614	2.777778	0.000000	1586496935.831579	
7757646.485707	-363625.887701	0.622362	2.777778	0.000000	1586496936.011579	
7757646.892513	-363625.596236	0.621014	2.777778	0.000000	1586496936.191579	
7757647.299622	-363625.305413	0.619571	2.777778	0.000000	1586496936.371579	
7757647.707055	-363625.015274	0.618032	2.777778	0.000000	1586496936.551579	
7757648.114386	-363624.725189	0.619918	2.777778	0.000000	1586496936.731579	
7757648.521079	-363624.434240	0.622049	2.777778	0.000000	1586496936.911579	
7757648.927151	-363624.142444	0.624121	2.777778	0.000000	1586496937.091579	
7757649.332619	-363623.849823	0.626134	2.777778	0.000000	1586496937.271579	
7757649.737500	-363623.556404	0.628087	2.777778	0.000000	1586496937.451579	
7757650.141812	-363623.262208	0.629982	2.777778	0.000000	1586496937.631579	
7757650.545573	-363622.967260	0.631817	2.777778	0.000000	1586496937.811579	
7757650.948799	-363622.671585	0.633594	2.777778	0.000000	1586496937.991580	
7757651.351509	-363622.375205	0.635311	2.777778	0.000000	1586496938.171580	
7757651.753720	-363622.078144	0.636969	2.777778	0.000000	1586496938.351580	
7757652.155449	-363621.780427	0.638568	2.777778	0.000000	1586496938.531580	
7757652.556714	-363621.482078	0.640108	2.777778	0.000000	1586496938.711580	
7757652.957532	-363621.183120	0.641588	2.777778	0.000000	1586496938.891580	
7757653.357921	-363620.883576	0.643009	2.777778	0.000000	1586496939.071580	
7757653.757898	-363620.583472	0.644371	2.777778	0.000000	1586496939.251580	
7757654.157481	-363620.282831	0.645674	2.777778	0.000000	1586496939.431580	
7757654.556687	-363619.981676	0.646918	2.777778	0.000000	1586496939.611580	
7757654.955533	-363619.680032	0.648103	2.777778	0.000000	1586496939.791580	
7757655.354038	-363619.377922	0.649228	2.777778	0.000000	1586496939.971580	
7757655.752218	-363619.075371	0.650294	2.777778	0.000000	1586496940.151580	
7757656.150091	-363618.772402	0.651301	2.777778	0.000000	1586496940.331580	
7757656.547675	-363618.469039	0.652249	2.777778	0.000000	1586496940.511580	
7757656.944987	-363618.165305	0.653138	2.777778	0.000000	1586496940.691581	
7757657.342044	-363617.861226	0.653967	2.777778	0.000000	1586496940.871581	
7757657.738864	-363617.556824	0.654738	2.777778	0.000000	1586496941.051581	
7757658.135465	-363617.252124	0.655449	2.777778	0.000000	1586496941.231581	
7757658.531863	-363616.947149	0.656101	2.777778	0.000000	1586496941.411581	
7757658.928077	-363616.641923	0.656694	2.777778	0.000000	1586496941.591581	
7757659.324123	-363616.336471	0.657228	2.777778	0.000000	1586496941.771581	
7757659.720020	-363616.030815	0.657702	2.777778	0.000000	1586496941.951581	
7757660.115785	-363615.724980	0.658118	2.777778	0.000000	1586496942.131581	
7757660.511435	-363615.418990	0.658474	2.777778	0.000000	1586496942.311581	
7757660.906987	-363615.112868	0.658772	2.777778	0.000000	1586496942.491581	
7757661.302460	-363614.806639	0.659010	2.777778	0.000000	1586496942.671581	
7757661.697870	-363614.500327	0.659189	2.777778	0.000000	1586496942.851581	
7757662.093236	-363614.193954	0.659309	2.777778	0.000000	1586496943.031581	
7757662.488574	-363613.887546	0.659370	2.777778	0.000000	1586496943.211581	
7757662.883902	-363613.581125	0.659371	2.777778	0.000000	1586496943.391582	
7757663.279238	-363613.274716	0.659314	2.777778	0.000000	1586496943.571582	
7757663.674598	-363612.968343	0.659197	2.777778	0.000000	1586496943.751582	
7757664.070001	-363612.662029	0.659022	2.777778	0.000000	1586496943.931582	
7757664.465464	-363612.355799	0.658787	2.777778	0.000000	1586496944.111582	
7757664.861005	-363612.049676	0.658493	2.777778	0.000000	1586496944.291582	
7757665.256640	-363611.743684	0.658140	2.777778	0.000000	1586496944.471582	
7757665.652388	-363611.437847	0.657728	2.777778	0.000000	1586496944.651582	
7757666.048266	-363611.132189	0.657257	2.777778	0.000000	1586496944.831582	
7757666.444290	-363610.826733	0.656726	2.777778	0.000000	1586496945.011582	
7757666.840480	-363610.521505	0.656137	2.777778	0.000000	1586496945.191582	
7757667.236852	-363610.216526	0.655488	2.777778	0.000000	1586496945.371582	
7757667.633424	-363609.911822	0.654780	2.777778	0.000000	1586496945.551582	
7757668.030212	-363609.607416	0.654013	2.777778	0.000000	1586496945.731582	
7757668.427236	-363609.303332	0.653187	2.777778	0.000000	1586496945.911582	
7757668.824512	-363608.999595	0.652302	2.777778	0.000000	1586496946.091583	
7757669.222051	-363608.696220	0.651553	2.777778	0.000000	1586496946.271583	
7757669.619688	-363608.392922	0.651668	2.777778	0.000000	1586496946.451583	
7757670.017336	-363608.089545	0.651781	2.777778	0.000000	1586496946.631583	
7757670.414993	-363607.786090	0.651893	2.777778	0.000000	1586496946.811583	
7757670.812659	-363607.482559	0.652002	2.777778	0.000000	1586496946.991583	
7757671.210333	-363607.178954	0.652109	2.777778	0.000000	1586496947.171583	
7757671.608014	-363606.875276	0.652215	2.777778	0.000000	1586496947.351583	
7757672.005701	-363606.571527	0.652318	2.777778	0.000000	1586496947.531583	
7757672.403394	-363606.267711	0.652419	2.777778	0.000000	1586496947.711583	
7757672.801091	-363605.963827	0.652519	2.777778	0.000000	1586496947.891583	
7757673.198791	-363605.659879	0.652616	2.777778	0.000000	1586496948.071583	
7757673.596495	-363605.355868	0.652712	2.777778	0.000000	1586496948.251583	
7757673.994200	-363605.051796	0.652805	2.777778	0.000000	1586496948.431583	
7757674.391906	-363604.747665	0.652896	2.777778	0.000000	1586496948.611583	
7757674.789612	-363604.443477	0.652986	2.777778	0.000000	1586496948.791584	
7757675.187318	-363604.139234	0.653073	2.777778	0.000000	1586496948.971584	
7757675.585022	-363603.834937	0.653159	2.777778	0.000000	1586496949.151584	
7757675.982723	-363603.530589	0.653243	2.777778	0.000000	1586496949.331584	
7757676.380421	-363603.226192	0.653324	2.777778	0.000000	1586496949.511584	
7757676.778114	-363602.921747	0.653404	2.777778	0.000000	1586496949.691584	
7757677.175803	-363602.617257	0.653482	2.777778	0.000000	1586496949.871584	
7757677.573485	-363602.312722	0.653557	2.777778	0.000000	1586496950.051584	
7757677.971160	-363602.008146	0.653631	2.777778	0.000000	1586496950.231584	
7757678.368828	-363601.703530	0.653703	2.777778	0.000000	1586496950.411584	
7757678.766486	-363601.398876	0.653773	2.777778	0.000000	1586496950.591584	
7757679.164136	-363601.094185	0.653841	2.777778	0.000000	1586496950.771584	
7757679.561775	-363600.789461	0.653907	2.777778	0.000000	1586496950.951584	
7757679.959402	-363600.484704	0.653971	2.777778	0.000000	1586496951.131584	
7757680.357017	-363600.179916	0.654033	2.777778	0.000000	1586496951.311584	
7757680.754620	-363599.875101	0.654093	2.777778	0.000000	1586496951.491585	
7757681.152208	-363599.570258	0.654151	2.777778	0.000000	1586496951.671585	
7757681.549781	-363599.265391	0.654207	2.777778	0.000000	1586496951.851585	
7757681.947339	-363598.960501	0.654261	2.777778	0.000000	1586496952.031585	
7757682.344880	-363598.655590	0.654313	2.777778	0.000000	1586496952.211585	
7757682.742404	-363598.350660	0.654364	2.777778	0.000000	1586496952.391585	
7757683.139909	-363598.045713	0.654412	2.777778	0.000000	1586496952.571585	
7757683.537395	-363597.740751	0.654459	2.777778	0.000000	1586496952.751585	
7757683.934861	-363597.435776	0.654503	2.777778	0.000000	1586496952.931585	
7757684.332306	-363597.130789	0.654545	2.777778	0.000000	1586496953.111585	
7757684.729730	-363596.825793	0.654586	2.777778	0.000000	1586496953.291585	
7757685.127130	-363596.520789	0.654625	2.777778	0.000000	1586496953.471585	
7757685.524507	-363596.215780	0.654661	2.777778	0.000000	1586496953.651585	
7757685.921860	-363595.910767	0.654696	2.777778	0.000000	1586496953.831585	
7757686.319187	-363595.605752	0.654729	2.777778	0.000000	1586496954.011585	
7757686.716488	-363595.300737	0.654760	2.777778	0.000000	1586496954.191586	
7757687.113761	-363594.995724	0.654788	2.777778	0.000000	1586496954.371586	
7757687.511007	-363594.690715	0.654815	2.777778	0.000000	1586496954.551586	
7757687.908224	-363594.385712	0.654840	2.777778	0.000000	1586496954.731586	
7757688.305411	-363594.080716	0.654863	2.777778	0.000000	1586496954.911586	
7757688.702568	-363593.775730	0.654884	2.777778	0.000000	1586496955.091586	
7757689.099693	-363593.470756	0.654903	2.777778	0.000000	1586496955.271586	
7757689.496786	-363593.165795	0.654921	2.777778	0.000000	1586496955.451586	
7757689.893845	-363592.860849	0.654936	2.777778	0.000000	1586496955.631586	
7757690.290870	-363592.555921	0.654949	2.777778	0.000000	1586496955.811586	
7757690.687861	-363592.251011	0.654960	2.777778	0.000000	1586496955.991586	
7757691.084815	-363591.946123	0.654970	2.777778	0.000000	1586496956.171586	
7757691.481733	-363591.641258	0.654977	2.777778	0.000000	1586496956.351586	
7757691.878613	-363591.336417	0.654983	2.777778	0.000000	1586496956.531586	
7757692.275455	-363591.031603	0.654986	2.777778	0.000000	1586496956.711586	
7757692.672257	-363590.726818	0.654988	2.777778	0.000000	1586496956.891587	
7757693.069019	-363590.422064	0.654987	2.777778	0.000000	1586496957.071587	
7757693.465740	-363590.117341	0.654985	2.777778	0.000000	1586496957.251587	
7757693.862418	-363589.812654	0.654981	2.777778	0.000000	1586496957.431587	
7757694.259054	-363589.508002	0.654974	2.777778	0.000000	1586496957.611587	
7757694.655647	-363589.203389	0.654966	2.777778	0.000000	1586496957.791587	
7757695.052194	-363588.898816	0.654956	2.777778	0.000000	1586496957.971587	
7757695.456626	-363588.588194	0.654943	2.777778	0.000000	1586496958.151587	
7757695.861009	-363588.277619	0.654929	2.777778	0.000000	1586496958.331587	
7757696.265343	-363587.967091	0.654913	2.777778	0.000000	1586496958.511587	
7757696.669627	-363587.656613	0.654894	2.777778	0.000000	1586496958.691587	
7757697.073859	-363587.346186	0.654874	2.777778	0.000000	1586496958.871587	
7757697.478040	-363587.035814	0.654851	2.777778	0.000000	1586496959.051587	
7757697.882168	-363586.725497	0.654826	2.777778	0.000000	1586496959.231587	
7757698.286242	-363586.415238	0.654800	2.777778	0.000000	1586496959.411587	
7757698.690261	-363586.105039	0.654771	2.777778	0.000000	1586496959.591588	
7757699.094225	-363585.794902	0.654740	2.777778	0.000000	1586496959.771588	
7757699.498131	-363585.484829	0.654707	2.777778	0.000000	1586496959.951588	
7757699.901981	-363585.174821	0.654672	2.777778	0.000000	1586496960.131588	
7757700.305771	-363584.864882	0.654636	2.777778	0.000000	1586496960.311588	
7757700.709502	-363584.555013	0.654597	2.777778	0.000000	1586496960.491588	
7757701.113173	-363584.245215	0.654556	2.777778	0.000000	1586496960.671588	
7757701.516782	-363583.935492	0.654512	2.777778	0.000000	1586496960.851588	
7757701.920330	-363583.625845	0.654467	2.777778	0.000000	1586496961.031588	
7757702.323814	-363583.316276	0.654420	2.777778	0.000000	1586496961.211588	
7757702.727234	-363583.006787	0.654371	2.777778	0.000000	1586496961.391588	
7757703.130588	-363582.697380	0.654320	2.777778	0.000000	1586496961.571588	
7757703.533877	-363582.388057	0.654266	2.777778	0.000000	1586496961.751588	
7757703.937099	-363582.078820	0.654211	2.777778	0.000000	1586496961.931588	
7757704.340253	-363581.769672	0.654153	2.777778	0.000000	1586496962.111588	
7757704.743339	-363581.460613	0.654094	2.777778	0.000000	1586496962.291589	
7757705.146355	-363581.151647	0.654032	2.777778	0.000000	1586496962.471589	
7757705.549300	-363580.842776	0.653968	2.777778	0.000000	1586496962.651589	
7757705.952173	-363580.534000	0.653902	2.777778	0.000000	1586496962.831589	
7757706.354974	-363580.225323	0.653835	2.777778	0.000000	1586496963.011589	
7757706.757702	-363579.916746	0.653765	2.777778	0.000000	1586496963.191589	
7757707.160400	-363579.608236	0.653695	2.777778	0.000000	1586496963.371589	
7757707.560918	-363579.301396	0.653769	2.777778	0.000000	1586496963.551589	
7757707.960002	-363578.995607	0.653838	2.777778	0.000000	1586496963.731589	
7757708.357087	-363578.691309	0.653902	2.777778	0.000000	1586496963.911589	
7757708.760090	-363578.382436	0.653964	2.777778	0.000000	1586496964.091589	
7757709.160274	-363578.075686	0.654021	2.777778	0.000000	1586496964.271589	
7757709.557139	-363577.771444	0.654075	2.777778	0.000000	1586496964.451589	
7757709.958999	-363577.463340	0.654126	2.777778	0.000000	1586496964.631589	
7757710.356819	-363577.158303	0.654174	2.777778	0.000000	1586496964.811589	
7757710.759147	-363576.849777	0.654221	2.777778	0.000000	1586496964.991590	
7757711.156765	-363576.544835	0.654265	2.777778	0.000000	1586496965.171590	
7757711.558440	-363576.236755	0.654307	2.777778	0.000000	1586496965.351590	
7757711.964046	-363575.925633	0.654347	2.777778	0.000000	1586496965.531590	
7757712.364112	-363575.618736	0.654386	2.777778	0.000000	1586496965.711590	
7757712.767694	-363575.309116	0.654423	2.777778	0.000000	1586496965.891590	
7757713.165175	-363575.004155	0.654458	2.777778	0.000000	1586496966.071590	
7757713.565791	-363574.696767	0.654492	2.777778	0.000000	1586496966.251590	
7757713.969432	-363574.387036	0.654524	2.777778	0.000000	1586496966.431590	
7757714.366276	-363574.082501	0.654555	2.777778	0.000000	1586496966.611590	
7757714.765798	-363573.775891	0.654585	2.777778	0.000000	1586496966.791590	
7757715.167896	-363573.467285	0.654615	2.777778	0.000000	1586496966.971590	
7757715.572469	-363573.156762	0.654643	2.777778	0.000000	1586496967.151590	
7757715.969461	-363572.852039	0.654670	2.777778	0.000000	1586496967.331590	
7757716.368618	-363572.545639	0.654696	2.777778	0.000000	1586496967.511590	
7757716.769845	-363572.237632	0.654721	2.777778	0.000000	1586496967.691591	
7757717.173047	-363571.928094	0.654746	2.777778	0.000000	1586496967.871591	
7757717.578131	-363571.617095	0.654770	2.777778	0.000000	1586496968.051591	
7757717.974809	-363571.312535	0.654793	2.777778	0.000000	1586496968.231591	
7757718.373098	-363571.006723	0.654815	2.777778	0.000000	1586496968.411591	
7757718.772911	-363570.699727	0.654837	2.777778	0.000000	1586496968.591591	
7757719.174161	-363570.391615	0.654858	2.777778	0.000000	1586496968.771591	
7757719.576760	-363570.082453	0.654879	2.777778	0.000000	1586496968.951591	
7757719.980620	-363569.772309	0.654899	2.777778	0.000000	1586496969.131591	
7757720.385655	-363569.461250	0.654919	2.777778	0.000000	1586496969.311591	
7757720.791777	-363569.149344	0.654938	2.777778	0.000000	1586496969.491591	
7757721.188447	-363568.844685	0.654957	2.777778	0.000000	1586496969.671591	
7757721.585986	-363568.539348	0.654975	2.777778	0.000000	1586496969.851591	
7757721.984311	-363568.233395	0.654992	2.777778	0.000000	1586496970.031591	
7757722.383343	-363567.926889	0.655009	2.777778	0.000000	1586496970.211591	
7757722.783001	-363567.619891	0.655026	2.777778	0.000000	1586496970.391592	
7757723.183202	-363567.312464	0.655043	2.777778	0.000000	1586496970.571592	
7757723.583868	-363567.004671	0.655059	2.777778	0.000000	1586496970.751592	
7757723.984916	-363566.696574	0.655074	2.777778	0.000000	1586496970.931592	
7757724.386267	-363566.388235	0.655090	2.777778	0.000000	1586496971.111592	
7757724.787838	-363566.079716	0.655105	2.777778	0.000000	1586496971.291592	
7757725.189550	-363565.771079	0.655120	2.777778	0.000000	1586496971.471592	
7757725.591321	-363565.462388	0.655134	2.777778	0.000000	1586496971.651592	
7757725.993071	-363565.153704	0.655148	2.777778	0.000000	1586496971.831592	
7757726.394718	-363564.845090	0.655162	2.777778	0.000000	1586496972.011592	
7757726.796182	-363564.536608	0.655176	2.777778	0.000000	1586496972.191592	
7757727.197382	-363564.228320	0.655189	2.777778	0.000000	1586496972.371592	
7757727.598237	-363563.920288	0.655203	2.777778	0.000000	1586496972.551592	
7757727.998666	-363563.612576	0.655216	2.777778	0.000000	1586496972.731592	
7757728.398589	-363563.305244	0.655228	2.777778	0.000000	1586496972.911592	
7757728.797924	-363562.998356	0.655241	2.777778	0.000000	1586496973.091593	
7757729.196591	-363562.691974	0.655253	2.777778	0.000000	1586496973.271593	
7757729.594509	-363562.386160	0.655265	2.777778	0.000000	1586496973.451593	
7757729.991596	-363562.080977	0.655277	2.777778	0.000000	1586496973.631593	
7757730.398185	-363561.768483	0.655288	2.777778	0.000000	1586496973.811593	
7757730.803728	-363561.456787	0.655300	2.777778	0.000000	1586496973.991593	
7757731.208136	-363561.145954	0.655312	2.777778	0.000000	1586496974.171593	
7757731.611322	-363560.836054	0.655323	2.777778	0.000000	1586496974.351593	
7757732.013199	-363560.527153	0.655334	2.777778	0.000000	1586496974.531593	
7757732.413679	-363560.219318	0.655345	2.777778	0.000000	1586496974.711593	
7757732.812676	-363559.912617	0.655355	2.777778	0.000000	1586496974.891593	
7757733.210101	-363559.607118	0.655366	2.777778	0.000000	1586496975.071593	
7757733.615992	-363559.295103	0.655376	2.777778	0.000000	1586496975.251593	
7757734.020044	-363558.984496	0.655387	2.777778	0.000000	1586496975.431593	
7757734.422162	-363558.675369	0.655397	2.777778	0.000000	1586496975.611593	
7757734.822253	-363558.367794	0.655407	2.777778	0.000000	1586496975.791594	
7757735.220221	-363558.061844	0.655417	2.777778	0.000000	1586496975.971594	
7757735.625838	-363557.750009	0.655427	2.777778	0.000000	1586496976.151594	
7757736.029023	-363557.440035	0.655436	2.777778	0.000000	1586496976.331594	
7757736.429677	-363557.132002	0.655446	2.777778	0.000000	1586496976.511594	
7757736.827698	-363556.825988	0.655455	2.777778	0.000000	1586496976.691594	
7757737.232590	-363556.514684	0.655465	2.777778	0.000000	1586496976.871594	
7757737.634502	-363556.205666	0.655474	2.777778	0.000000	1586496977.051594	
7757738.033326	-363555.899016	0.655483	2.777778	0.000000	1586496977.231594	
7757738.438332	-363555.587607	0.655492	2.777778	0.000000	1586496977.411594	
7757738.839869	-363555.278859	0.655502	2.777778	0.000000	1586496977.591594	
7757739.237820	-363554.972863	0.655510	2.777778	0.000000	1586496977.771594	
7757739.641192	-363554.662693	0.655519	2.777778	0.000000	1586496977.951594	
7757740.040561	-363554.355595	0.655528	2.777778	0.000000	1586496978.131594	
7757740.444734	-363554.044797	0.655537	2.777778	0.000000	1586496978.311594	
7757740.844456	-363553.737417	0.655546	2.777778	0.000000	1586496978.491595	
7757741.248318	-363553.426847	0.655555	2.777778	0.000000	1586496978.671595	
7757741.647244	-363553.120068	0.655563	2.777778	0.000000	1586496978.851595	
7757742.049594	-363552.810650	0.655572	2.777778	0.000000	1586496979.031595	
7757742.446488	-363552.505422	0.655580	2.777778	0.000000	1586496979.211595	
7757742.846036	-363552.198148	0.655589	2.777778	0.000000	1586496979.391595	
7757743.247704	-363551.889238	0.655598	2.777778	0.000000	1586496979.571595	
7757743.650930	-363551.579124	0.655606	2.777778	0.000000	1586496979.751595	
7757744.055122	-363551.268263	0.655615	2.777778	0.000000	1586496979.931595	
7757744.451951	-363550.963058	0.655623	2.777778	0.000000	1586496980.111595	
7757744.848776	-363550.657851	0.655632	2.777778	0.000000	1586496980.291595	
7757745.252324	-363550.347468	0.655640	2.777778	0.000000	1586496980.471595	
7757745.654165	-363550.038392	0.655649	2.777778	0.000000	1586496980.651595	
7757746.053540	-363549.731207	0.655657	2.777778	0.000000	1586496980.831595	
7757746.456511	-363549.421252	0.655666	2.777778	0.000000	1586496981.011595	
7757746.854999	-363549.114739	0.655675	2.777778	0.000000	1586496981.191596	
7757747.254553	-363548.807400	0.655684	2.777778	0.000000	1586496981.371596	
7757747.653578	-363548.500462	0.655693	2.777778	0.000000	1586496981.551596	
7757748.050370	-363548.195236	0.655702	2.777778	0.000000	1586496981.731596	
7757748.448841	-363547.888713	0.655711	2.777778	0.000000	1586496981.911596	
7757748.846247	-363547.583003	0.655721	2.777778	0.000000	1586496982.091596	
7757749.244779	-363547.276421	0.655730	2.777778	0.000000	1586496982.271596	
7757749.645113	-363546.968446	0.655741	2.777778	0.000000	1586496982.451596	
7757750.041628	-363546.663403	0.655751	2.777778	0.000000	1586496982.631596	
7757750.440374	-363546.356636	0.655762	2.777778	0.000000	1586496982.811596	
7757750.837811	-363546.050869	0.655775	2.777778	0.000000	1586496982.991596	
7757751.237122	-363545.743653	0.655788	2.777778	0.000000	1586496983.171596	
7757751.633483	-363545.438696	0.655804	2.777778	0.000000	1586496983.351596	
7757752.031008	-363545.132833	0.655827	2.777778	0.000000	1586496983.531596	
