7993783.249261 -204297.190220 1.553565 1643220309.341333
7993783.250467 -204297.120281 1.553630 1643220309.391280
7993783.251699 -204297.048550 1.553697 1643220309.441245
7993783.253235 -204296.958704 1.553781 1643220309.491250
7993783.254889 -204296.862070 1.553871 1643220309.541185
7993783.256349 -204296.776130 1.553951 1643220309.591133
7993783.257736 -204296.693830 1.554028 1643220309.641108
7993783.259443 -204296.592287 1.554122 1643220309.691054
7993783.260895 -204296.504952 1.554204 1643220309.741029
7993783.262866 -204296.386582 1.554314 1643220309.791002
7993783.264424 -204296.292073 1.554402 1643220309.841004
7993783.266237 -204296.181686 1.554505 1643220309.891051
7993783.267854 -204296.082141 1.554611 1643220309.941008
7993783.269938 -204295.953940 1.554716 1643220309.991074
7993783.271852 -204295.835028 1.554827 1643220310.041121
7993783.273786 -204295.714010 1.554888 1643220310.091143
7993783.275537 -204295.603115 1.554856 1643220310.141176
7993783.277916 -204295.453069 1.554522 1643220310.191227
7993783.279944 -204295.323432 1.554309 1643220310.241257
7993783.282027 -204295.189698 1.553829 1643220310.291247
7993783.284195 -204295.055206 1.553221 1643220310.341256
7993783.286716 -204294.900001 1.552294 1643220310.391284
7993783.289213 -204294.750600 1.551525 1643220310.441287
7993783.291870 -204294.601719 1.550575 1643220310.491247
7993783.294625 -204294.462824 1.549541 1643220310.541263
7993783.298053 -204294.291714 1.548103 1643220310.591278
7993783.301502 -204294.133109 1.546666 1643220310.641213
7993783.305307 -204293.971700 1.544836 1643220310.691239
7993783.309273 -204293.819024 1.543200 1643220310.741278
7993783.313888 -204293.641315 1.540874 1643220310.791321
7993783.318874 -204293.467873 1.538605 1643220310.841362
7993783.324304 -204293.291965 1.536116 1643220310.891483
7993783.330102 -204293.124004 1.533708 1643220310.941527
7993783.336624 -204292.936912 1.530634 1643220310.991570
7993783.343434 -204292.762051 1.527820 1643220311.041585
7993783.350869 -204292.585681 1.524826 1643220311.091654
7993783.358625 -204292.421544 1.521858 1643220311.141701
7993783.367543 -204292.228423 1.518141 1643220311.191621
7993783.377010 -204292.045012 1.514348 1643220311.241645
7993783.387395 -204291.857946 1.510410 1643220311.291662
7993783.398051 -204291.683446 1.506597 1643220311.341648
7993783.409830 -204291.491617 1.502141 1643220311.391657
7993783.422301 -204291.306801 1.497837 1643220311.441663
7993783.435345 -204291.125518 1.493580 1643220311.491615
7993783.449042 -204290.951513 1.489386 1643220311.541616
7993783.464114 -204290.761662 1.484553 1643220311.591617
7993783.480001 -204290.576920 1.479859 1643220311.641547
7993783.497115 -204290.388310 1.475068 1643220311.691548
7993783.514420 -204290.211453 1.470507 1643220311.741523
7993783.533175 -204290.021035 1.465565 1643220311.791548
7993783.552151 -204289.841583 1.460901 1643220311.841562
7993783.571634 -204289.665075 1.456286 1643220311.891562
7993783.591716 -204289.493861 1.451808 1643220311.941616
7993783.613808 -204289.305477 1.446822 1643220311.991552
7993783.636105 -204289.126667 1.442021 1643220312.041543
7993783.659071 -204288.948935 1.437298 1643220312.091543
7993783.681016 -204288.789706 1.433058 1643220312.141574
7993783.706278 -204288.600127 1.427820 1643220312.191437
7993783.732183 -204288.418865 1.422726 1643220312.241919
7993783.758089 -204288.245012 1.417931 1643220312.291443
7993783.783912 -204288.078994 1.413164 1643220312.341404
7993783.811779 -204287.900880 1.407947 1643220312.391344
7993783.840314 -204287.726460 1.402714 1643220312.442081
7993783.869470 -204287.553896 1.397327 1643220312.491317
7993783.897937 -204287.393584 1.392382 1643220312.541319
7993783.929495 -204287.214696 1.386515 1643220312.591342
7993783.960700 -204287.046681 1.381034 1643220312.641946
7993783.993074 -204286.877428 1.375510 1643220312.691529
7993784.024803 -204286.718844 1.370169 1643220312.741659
7993784.061454 -204286.535848 1.363798 1643220312.791804
7993784.095575 -204286.373289 1.358105 1643220312.842147
7993784.131801 -204286.205229 1.352187 1643220312.892060
7993784.168941 -204286.039353 1.346301 1643220312.942107
7993784.208350 -204285.864195 1.339937 1643220312.992194
7993784.246273 -204285.703024 1.334003 1643220313.042313
7993784.286824 -204285.534597 1.327851 1643220313.092327
7993784.327226 -204285.373870 1.321926 1643220313.142378
7993784.371380 -204285.196762 1.315384 1643220313.192413
7993784.409226 -204285.052665 1.310017 1643220313.242654
7993784.455386 -204284.879594 1.303583 1643220313.292524
7993784.501291 -204284.713235 1.297369 1643220313.342519
7993784.548144 -204284.544512 1.291065 1643220313.392471
7993784.595231 -204284.380339 1.284912 1643220313.442950
7993784.641052 -204284.224720 1.279076 1643220313.492471
7993784.688533 -204284.067945 1.273219 1643220313.542434
7993784.739099 -204283.901492 1.267051 1643220313.592409
7993784.789433 -204283.740981 1.261204 1643220313.643075
7993784.840990 -204283.579948 1.255340 1643220313.692313
7993784.892551 -204283.423429 1.249733 1643220313.742237
7993784.947244 -204283.257756 1.244090 1643220313.792214
7993784.999256 -204283.104686 1.239033 1643220313.842779
7993785.054475 -204282.944966 1.233818 1643220313.892113
7993785.109094 -204282.790680 1.228861 1643220313.942040
7993785.167411 -204282.626246 1.223993 1643220313.992010
7993785.225606 -204282.465548 1.219290 1643220314.041958
7993785.283275 -204282.308968 1.215009 1643220314.091899
7993785.338949 -204282.160841 1.210805 1643220314.141794
7993785.401126 -204281.994597 1.206819 1643220314.191744
7993785.462470 -204281.833968 1.202941 1643220314.242296
7993785.524059 -204281.674672 1.199231 1643220314.291683
7993785.583544 -204281.523170 1.195743 1643220314.341600
7993785.647743 -204281.359713 1.192431 1643220314.391624
7993785.712851 -204281.196198 1.189201 1643220314.442269
7993785.777012 -204281.036689 1.186204 1643220314.491496
7993785.840078 -204280.881862 1.183393 1643220314.541480
7993785.907123 -204280.717348 1.180752 1643220314.591529
7993785.972866 -204280.557841 1.178402 1643220314.641482
7993786.039764 -204280.396758 1.176068 1643220314.691479
7993786.105066 -204280.240999 1.173965 1643220314.741524
7993786.178220 -204280.066479 1.172062 1643220314.791525
7993786.246830 -204279.904183 1.170309 1643220314.842175
7993786.311280 -204279.752968 1.168632 1643220314.891542
7993786.381219 -204279.588888 1.167273 1643220314.941545
7993786.454088 -204279.418234 1.166154 1643220314.991542
7993786.524619 -204279.254010 1.164993 1643220315.041531
7993786.594903 -204279.090763 1.164057 1643220315.091485
7993786.663555 -204278.931898 1.163368 1643220315.141434
7993786.738221 -204278.758963 1.162869 1643220315.191354
7993786.810543 -204278.591997 1.162642 1643220315.241650
7993786.881601 -204278.428121 1.162717 1643220315.291312
7993786.949637 -204278.271424 1.162774 1643220315.341284
7993787.024094 -204278.099744 1.163423 1643220315.391239
7993787.101023 -204277.922417 1.164125 1643220315.441415
7993787.172299 -204277.757639 1.165380 1643220315.491133
7993787.237627 -204277.606044 1.166602 1643220315.541115
7993787.312859 -204277.431211 1.168866 1643220315.591133
7993787.386352 -204277.259352 1.171419 1643220315.641743
7993787.455624 -204277.096203 1.174134 1643220315.691174
7993787.522623 -204276.936833 1.176776 1643220315.741206
7993787.597609 -204276.758157 1.181161 1643220315.791183
7993787.666800 -204276.590804 1.185363 1643220315.841832
7993787.734714 -204276.424699 1.190063 1643220315.891258
7993787.801023 -204276.259551 1.194838 1643220315.941264
7993787.869920 -204276.087371 1.200669 1643220315.991305
7993787.939401 -204275.909901 1.207171 1643220316.041278
7993788.005511 -204275.737504 1.213894 1643220316.091294
7993788.063890 -204275.580579 1.219426 1643220316.141253
7993788.131839 -204275.398815 1.227704 1643220316.191286
7993788.201873 -204275.204742 1.236556 1643220316.242047
7993788.256407 -204275.047954 1.243994 1643220316.291147
7993788.315221 -204274.873981 1.252342 1643220316.341132
7993788.376544 -204274.691562 1.261935 1643220316.391071
7993788.433623 -204274.513656 1.271251 1643220316.441048
7993788.489129 -204274.334944 1.281219 1643220316.490949
7993788.540836 -204274.160629 1.290488 1643220316.540927
7993788.595812 -204273.973894 1.301700 1643220316.590927
7993788.648011 -204273.787129 1.312936 1643220316.641444
7993788.695306 -204273.608771 1.324096 1643220316.690990
7993788.738655 -204273.434853 1.335053 1643220316.741148
7993788.786025 -204273.243613 1.347956 1643220316.791275
7993788.828810 -204273.057380 1.360393 1643220316.842138
7993788.867248 -204272.878074 1.372644 1643220316.891502
7993788.901454 -204272.704277 1.384455 1643220316.941563
7993788.938177 -204272.516384 1.397936 1643220316.991679
7993788.970993 -204272.330162 1.411452 1643220317.041741
7993789.000301 -204272.148234 1.424920 1643220317.091790
7993789.024744 -204271.974353 1.437520 1643220317.141908
7993789.052327 -204271.782379 1.451915 1643220317.191876
7993789.075085 -204271.594512 1.466286 1643220317.242666
7993789.094159 -204271.414360 1.480539 1643220317.291919
7993789.109731 -204271.234034 1.494324 1643220317.341986
7993789.125508 -204271.045614 1.509048 1643220317.391962
7993789.137288 -204270.859389 1.523801 1643220317.442812
7993789.145890 -204270.679530 1.537949 1643220317.492063
7993789.150682 -204270.501519 1.552024 1643220317.541919
7993789.155487 -204270.310891 1.567214 1643220317.591897
7993789.156118 -204270.129046 1.581690 1643220317.642260
7993789.154158 -204269.946410 1.596242 1643220317.691840
7993789.148182 -204269.762688 1.610902 1643220317.741833
7993789.142323 -204269.578053 1.625643 1643220317.791873
7993789.132096 -204269.387950 1.640799 1643220317.841975
7993789.119011 -204269.201764 1.655661 1643220317.891807
7993789.103258 -204269.030978 1.669336 1643220317.941730
7993789.085730 -204268.841302 1.684516 1643220317.991730
7993789.064541 -204268.654407 1.699520 1643220318.041678
7993789.041133 -204268.474515 1.713960 1643220318.091659
7993789.014698 -204268.301712 1.727897 1643220318.141604
7993788.985235 -204268.103656 1.743857 1643220318.191552
7993788.953826 -204267.924464 1.758344 1643220318.242016
7993788.920182 -204267.747341 1.772722 1643220318.291512
7993788.882383 -204267.567569 1.787361 1643220318.341434
7993788.843088 -204267.383413 1.802360 1643220318.391380
7993788.799513 -204267.197512 1.817586 1643220318.441573
7993788.754821 -204267.020552 1.832132 1643220318.491317
7993788.709143 -204266.854132 1.845868 1643220318.541464
7993788.657779 -204266.667632 1.861296 1643220318.591320
7993788.604703 -204266.489872 1.876082 1643220318.641626
7993788.553438 -204266.328160 1.889604 1643220318.691380
7993788.492837 -204266.147136 1.904805 1643220318.741427
7993788.431052 -204265.965004 1.920135 1643220318.791473
7993788.365208 -204265.784350 1.935459 1643220318.841495
7993788.300118 -204265.613898 1.949989 1643220318.891602
7993788.236572 -204265.457469 1.963430 1643220318.941690
7993788.164693 -204265.280815 1.978626 1643220318.991792
7993788.092953 -204265.114651 1.992984 1643220319.041773
7993788.016178 -204264.944007 2.007762 1643220319.091913
7993787.941240 -204264.787056 2.021505 1643220319.141964
7993787.858731 -204264.612276 2.036554 1643220319.191997
7993787.774803 -204264.445480 2.051150 1643220319.242705
7993787.691565 -204264.286228 2.065066 1643220319.292064
7993787.605293 -204264.128295 2.078750 1643220319.342010
7993787.514753 -204263.963562 2.092930 1643220319.392047
7993787.423488 -204263.805069 2.106520 1643220319.442314
7993787.331652 -204263.651159 2.119952 1643220319.492051
7993787.237910 -204263.500016 2.133151 1643220319.542067
7993787.137761 -204263.339226 2.146952 1643220319.592039
7993787.037947 -204263.185584 2.160284 1643220319.642874
7993786.938463 -204263.037473 2.173308 1643220319.692101
7993786.834625 -204262.887954 2.186447 1643220319.742123
7993786.727515 -204262.734799 2.199794 1643220319.792197
7993786.618496 -204262.585083 2.213053 1643220319.842602
7993786.500944 -204262.427498 2.227078 1643220319.895976
7993786.400959 -204262.299825 2.238587 1643220319.942192
7993786.284835 -204262.150993 2.251974 1643220319.992192
7993786.169363 -204262.008415 2.264887 1643220320.042226
7993786.050121 -204261.865044 2.278101 1643220320.092211
7993785.937806 -204261.735878 2.290284 1643220320.142166
7993785.814383 -204261.592731 2.303618 1643220320.192112
7993785.693495 -204261.458431 2.316335 1643220320.242538
7993785.569467 -204261.323907 2.329214 1643220320.292070
7993785.446625 -204261.195697 2.341717 1643220320.342019
7993785.315973 -204261.059649 2.354923 1643220320.391967
7993785.186216 -204260.929534 2.367808 1643220320.442638
7993785.058607 -204260.804843 2.380367 1643220320.491840
7993784.932190 -204260.685844 2.392567 1643220320.541824
7993784.798890 -204260.561668 2.405354 1643220320.591770
7993784.661236 -204260.435784 2.418438 1643220320.641828
7993784.525632 -204260.316055 2.431125 1643220320.691718
7993784.392451 -204260.202621 2.443393 1643220320.741720
7993784.249736 -204260.081622 2.456517 1643220320.791757
7993784.104602 -204259.962821 2.469657 1643220320.842315
7993783.961264 -204259.848622 2.482520 1643220320.891766
7993783.823497 -204259.743186 2.494641 1643220320.941803
7993783.676924 -204259.631267 2.507433 1643220320.991797
7993783.529603 -204259.522929 2.520078 1643220321.041837
7993783.380947 -204259.416492 2.532629 1643220321.091842
7993783.237040 -204259.317749 2.544582 1643220321.141829
7993783.074984 -204259.205741 2.557679 1643220321.192092
7993782.920164 -204259.103413 2.570078 1643220321.242570
7993782.769298 -204259.006772 2.581793 1643220321.291905
7993782.616754 -204258.912325 2.593598 1643220321.341898
7993782.454540 -204258.812306 2.605584 1643220321.391845
7993782.291419 -204258.715571 2.617585 1643220321.442392
7993782.136977 -204258.626596 2.628623 1643220321.491870
7993781.980180 -204258.539368 2.639691 1643220321.541890
7993781.811725 -204258.445891 2.651285 1643220321.591928
7993781.644704 -204258.357001 2.662469 1643220321.642659
7993781.486056 -204258.274879 2.672945 1643220321.691930
7993781.322118 -204258.192836 2.683472 1643220321.741969
7993781.149839 -204258.106942 2.694174 1643220321.791937
7993780.984722 -204258.028076 2.704153 1643220321.842412
7993780.816423 -204257.949636 2.713979 1643220321.891974
7993780.655837 -204257.877638 2.723515 1643220321.942057
7993780.484591 -204257.801010 2.732763 1643220321.992023
7993780.308269 -204257.724821 2.742196 1643220322.042045
7993780.137211 -204257.652950 2.750862 1643220322.092039
7993779.980773 -204257.589972 2.758674 1643220322.142030
7993779.800467 -204257.516143 2.766774 1643220322.192008
7993779.619577 -204257.445011 2.774929 1643220322.242753
7993779.450407 -204257.380547 2.782160 1643220322.291981
7993779.282495 -204257.318330 2.789208 1643220322.341948
7993779.103236 -204257.252062 2.796129 1643220322.391949
7993778.925268 -204257.188225 2.802669 1643220322.442617
7993778.754402 -204257.128472 2.808790 1643220322.491849
7993778.581489 -204257.069449 2.814978 1643220322.541846
7993778.409116 -204257.011395 2.820780 1643220322.591842
7993778.225161 -204256.949990 2.826433 1643220322.642260
7993778.053366 -204256.894217 2.831602 1643220322.691844
7993777.877625 -204256.838568 2.836696 1643220322.741858
7993777.698653 -204256.782036 2.841354 1643220322.791833
7993777.518084 -204256.726324 2.845865 1643220322.842564
7993777.344823 -204256.673799 2.849860 1643220322.891797
7993777.173562 -204256.623030 2.853787 1643220322.941796
7993776.983538 -204256.566639 2.857515 1643220322.991792
7993776.803374 -204256.514323 2.861077 1643220323.041800
7993776.629419 -204256.464430 2.864151 1643220323.091722
7993776.466793 -204256.418730 2.867170 1643220323.141726
7993776.278228 -204256.365394 2.870032 1643220323.191662
7993776.092423 -204256.313803 2.872915 1643220323.241778
7993775.909879 -204256.263693 2.875686 1643220323.291638
7993775.736845 -204256.216827 2.878310 1643220323.341588
7993775.551579 -204256.166724 2.880994 1643220323.391587
7993775.366031 -204256.117237 2.883646 1643220323.441734
7993775.182405 -204256.068799 2.886238 1643220323.491642
7993775.010374 -204256.024103 2.888686 1643220323.541661
7993774.817539 -204255.974033 2.891372 1643220323.591765
7993774.626187 -204255.925086 2.894006 1643220323.642562
7993774.441629 -204255.878440 2.896394 1643220323.691789
7993774.265509 -204255.834640 2.898658 1643220323.741810
7993774.068237 -204255.785567 2.901106 1643220323.791816
7993773.879504 -204255.739393 2.903412 1643220323.842266
7993773.689105 -204255.693257 2.905477 1643220323.891800
7993773.507080 -204255.649763 2.907499 1643220323.941833
7993773.298280 -204255.599848 2.909513 1643220323.991800
7993773.100522 -204255.553243 2.911298 1643220324.041791
7993772.905162 -204255.507594 2.913031 1643220324.091743
7993772.724704 -204255.465987 2.914563 1643220324.141778
7993772.516345 -204255.417766 2.915962 1643220324.191721
7993772.311801 -204255.370943 2.917446 1643220324.242431
7993772.114816 -204255.326173 2.918882 1643220324.291687
7993771.916576 -204255.281439 2.920255 1643220324.341715
7993771.701406 -204255.232874 2.921630 1643220324.391703
7993771.487079 -204255.184939 2.922984 1643220324.442510
7993771.287394 -204255.140594 2.924244 1643220324.491757
7993771.086873 -204255.096416 2.925510 1643220324.541758
7993770.875198 -204255.049927 2.926846 1643220324.591793
7993770.654237 -204255.001600 2.928242 1643220324.642364
7993770.443675 -204254.955984 2.929571 1643220324.691803
7993770.237045 -204254.911612 2.930875 1643220324.741791
7993770.012017 -204254.863333 2.932296 1643220324.791822
7993769.793358 -204254.816867 2.933675 1643220324.842563
7993769.584098 -204254.772751 2.934995 1643220324.891811
7993769.376050 -204254.729259 2.936307 1643220324.941755
7993769.153732 -204254.682845 2.937709 1643220324.991757
7993768.933937 -204254.637380 2.939095 1643220325.041740
7993768.709049 -204254.591215 2.940514 1643220325.091717
7993768.505813 -204254.549965 2.941743 1643220325.141703
7993768.276007 -204254.503216 2.942969 1643220325.191675
7993768.049681 -204254.457681 2.944168 1643220325.242329
7993767.839485 -204254.415772 2.945309 1643220325.292520
7993767.632348 -204254.374783 2.946529 1643220325.341732
7993767.406366 -204254.330099 2.947768 1643220325.391755
7993767.166861 -204254.283086 2.948813 1643220325.442409
7993766.953181 -204254.241416 2.949873 1643220325.491926
7993766.733294 -204254.198867 2.950995 1643220325.542020
7993766.514687 -204254.156623 2.952037 1643220325.592170
7993766.287721 -204254.113058 2.953091 1643220325.642598
7993766.051372 -204254.067949 2.954191 1643220325.692407
7993765.837026 -204254.027413 2.955185 1643220325.742461
7993765.615180 -204253.985483 2.956214 1643220325.792553
7993765.393080 -204253.943838 2.957245 1643220325.842939
7993765.164400 -204253.901196 2.958214 1643220325.892694
7993764.920611 -204253.856067 2.959154 1643220325.942683
7993764.693616 -204253.814146 2.959630 1643220325.992729
7993764.488979 -204253.776713 2.960388 1643220326.042751
7993764.251339 -204253.733356 2.961167 1643220326.092673
7993764.029585 -204253.693089 2.961916 1643220326.142703
7993763.798867 -204253.651164 2.962533 1643220326.192755
7993763.578103 -204253.611237 2.963110 1643220326.243213
7993763.323721 -204253.565331 2.963656 1643220326.292754
7993763.102966 -204253.525700 2.964124 1643220326.342798
7993762.879610 -204253.485622 2.964479 1643220326.392818
7993762.660968 -204253.446552 2.964827 1643220326.443321
7993762.425183 -204253.404518 2.965255 1643220326.492786
7993762.203126 -204253.365055 2.965677 1643220326.542780
7993761.959144 -204253.321714 2.966108 1643220326.592783
7993761.716397 -204253.278664 2.966459 1643220326.643028
7993761.494908 -204253.239477 2.966769 1643220326.692774
7993761.267804 -204253.199393 2.967086 1643220326.742791
7993761.030182 -204253.157470 2.967418 1643220326.792745
7993760.798463 -204253.116692 2.967743 1643220326.843536
7993760.569639 -204253.076506 2.968095 1643220326.892689
7993760.344394 -204253.037052 2.968493 1643220326.942644
7993760.107417 -204252.995555 2.968902 1643220326.992595
7993759.871110 -204252.954297 2.969374 1643220327.042583
7993759.643379 -204252.914619 2.969766 1643220327.092545
7993759.421525 -204252.876126 2.970220 1643220327.142493
7993759.178512 -204252.833945 2.970739 1643220327.192392
7993758.951483 -204252.794729 2.971188 1643220327.242364
7993758.720815 -204252.755021 2.971681 1643220327.292343
7993758.501242 -204252.717387 2.972171 1643220327.342273
7993758.262752 -204252.676538 2.972719 1643220327.392240
7993758.030471 -204252.636929 2.973253 1643220327.442198
7993757.793793 -204252.596706 2.973797 1643220327.492146
7993757.574608 -204252.559627 2.974300 1643220327.542097
7993757.334428 -204252.519012 2.974852 1643220327.592047
7993757.104628 -204252.480330 2.975380 1643220327.642024
7993756.875719 -204252.441928 2.975906 1643220327.692014
7993756.652173 -204252.404599 2.976420 1643220327.742038
7993756.412560 -204252.364605 2.976970 1643220327.792084
7993756.179076 -204252.325807 2.977507 1643220327.842125
7993755.949481 -204252.287810 2.978034 1643220327.892166
7993755.720079 -204252.249986 2.978561 1643220327.942210
7993755.479112 -204252.210288 2.979114 1643220327.992226
7993755.247512 -204252.172326 2.979646 1643220328.042225
7993755.015370 -204252.134398 2.980179 1643220328.092221
7993754.797158 -204252.098941 2.980680 1643220328.142290
7993754.550994 -204252.058896 2.981245 1643220328.192259
7993754.317277 -204252.021095 2.981781 1643220328.242284
7993754.082394 -204251.983225 2.982321 1643220328.292274
7993753.854657 -204251.946696 2.982814 1643220328.342257
7993753.612978 -204251.907949 2.983365 1643220328.392241
7993753.378897 -204251.870602 2.983804 1643220328.442218
7993753.145521 -204251.833503 2.984210 1643220328.492225
7993752.926030 -204251.798801 2.984724 1643220328.542187
7993752.673569 -204251.758806 2.985227 1643220328.592214
7993752.438902 -204251.721828 2.985679 1643220328.642216
7993752.198499 -204251.684028 2.986116 1643220328.692191
7993751.972369 -204251.648627 2.986526 1643220328.742207
7993751.724454 -204251.609828 2.986977 1643220328.792208
7993751.487880 -204251.572954 2.987407 1643220328.842158
7993751.251533 -204251.536223 2.987836 1643220328.892155
7993751.021937 -204251.500681 2.988253 1643220328.942144
7993750.771898 -204251.461989 2.988708 1643220328.992094
7993750.531032 -204251.424869 2.989145 1643220329.042182
7993750.291893 -204251.388131 2.989579 1643220329.092199
7993750.064812 -204251.353400 2.989992 1643220329.142269
7993749.812389 -204251.314769 2.990450 1643220329.192360
7993749.567360 -204251.277447 2.990862 1643220329.242375
7993749.318036 -204251.239580 2.991314 1643220329.292461
7993749.085937 -204251.204486 2.991739 1643220329.342515
7993748.837973 -204251.167003 2.992185 1643220329.392573
7993748.578074 -204251.127870 2.992643 1643220329.442625
7993748.293530 -204251.085139 2.993069 1643220329.492654
7993748.072978 -204251.052219 2.993434 1643220329.542695
7993747.841222 -204251.017613 2.993588 1643220329.592702
7993747.593127 -204250.980695 2.993821 1643220329.642714
7993747.295641 -204250.936525 2.994058 1643220329.692757
7993747.041503 -204250.898895 2.994281 1643220329.742777
7993746.772387 -204250.859032 2.994479 1643220329.792847
7993746.509993 -204250.820198 2.994606 1643220329.842893
7993746.239151 -204250.780119 2.994759 1643220329.892957
7993745.984388 -204250.742451 2.994854 1643220329.942926
7993745.702861 -204250.700818 2.994909 1643220329.992927
7993745.424295 -204250.659673 2.994892 1643220330.042969
7993745.145194 -204250.618477 2.994835 1643220330.092964
7993744.889472 -204250.580763 2.994826 1643220330.142987
7993744.590751 -204250.536676 2.994656 1643220330.192938
7993744.302699 -204250.494162 2.994616 1643220330.242908
7993744.014030 -204250.451488 2.994409 1643220330.292941
7993743.738372 -204250.410651 2.994288 1643220330.342882
7993743.437217 -204250.366026 2.994065 1643220330.392844
7993743.145465 -204250.322698 2.993827 1643220330.442787
7993742.849316 -204250.278642 2.993528 1643220330.492733
7993742.571625 -204250.237230 2.993217 1643220330.542667
7993742.285389 -204250.194527 2.992763 1643220330.592639
7993741.950109 -204250.144388 2.992196 1643220330.642559
7993741.653478 -204250.099878 2.991596 1643220330.692582
7993741.363470 -204250.056164 2.991088 1643220330.742458
7993741.059423 -204250.010281 2.990476 1643220330.792439
7993740.756583 -204249.964244 2.989862 1643220330.842408
7993740.447775 -204249.917076 2.989184 1643220330.892393
7993740.147892 -204249.870936 2.988476 1643220330.942316
7993739.830990 -204249.822129 2.987729 1643220330.992258
7993739.515270 -204249.773182 2.986983 1643220331.042283
7993739.207790 -204249.725266 2.986257 1643220331.092205
7993738.915260 -204249.679307 2.985565 1643220331.142183
7993738.586532 -204249.627780 2.984789 1643220331.192138
7993738.263422 -204249.576715 2.984021 1643220331.242139
7993737.950352 -204249.526963 2.983280 1643220331.292084
7993737.643975 -204249.477967 2.982635 1643220331.342006
7993737.314414 -204249.425217 2.981998 1643220331.392005
7993736.989838 -204249.372903 2.981502 1643220331.442055
7993736.672159 -204249.321464 2.980953 1643220331.492044
7993736.362564 -204249.271076 2.980425 1643220331.542087
7993736.031287 -204249.217181 2.979917 1643220331.592131
7993735.705078 -204249.163898 2.979451 1643220331.642177
7993735.379039 -204249.110534 2.979103 1643220331.692191
7993735.059691 -204249.058099 2.978765 1643220331.742247
7993734.718212 -204249.001993 2.978450 1643220331.792237
7993734.391028 -204248.948067 2.978065 1643220331.842232
7993734.062923 -204248.893895 2.977775 1643220331.892230
7993733.746759 -204248.841562 2.977501 1643220331.942189
7993733.401627 -204248.784435 2.977193 1643220331.992195
7993733.062380 -204248.728144 2.976898 1643220332.042177
7993732.730472 -204248.672979 2.976677 1643220332.092167
7993732.422447 -204248.621638 2.976415 1643220332.142181
7993732.065440 -204248.562201 2.976136 1643220332.192046
7993731.724910 -204248.505339 2.975876 1643220332.242036
7993731.384349 -204248.448381 2.975664 1643220332.292039
7993731.056621 -204248.393449 2.975409 1643220332.341989
7993730.702499 -204248.334081 2.975143 1643220332.391983
7993730.358870 -204248.276356 2.974899 1643220332.442013
7993730.013202 -204248.218195 2.974651 1643220332.492007
7993729.685540 -204248.162951 2.974373 1643220332.541989
7993729.332998 -204248.103499 2.973967 1643220332.592042
7993728.993021 -204248.046038 2.973726 1643220332.642024
7993728.642863 -204247.986751 2.973456 1643220332.692085
7993728.298112 -204247.928197 2.973131 1643220332.742229
7993727.936352 -204247.866728 2.972842 1643220332.792147
7993727.590810 -204247.807859 2.972538 1643220332.842185
7993727.242810 -204247.748445 2.972211 1643220332.892232
7993726.909769 -204247.691427 2.971894 1643220332.942269
7993726.545412 -204247.629047 2.971519 1643220332.992289
7993726.194970 -204247.568869 2.971086 1643220333.042293
7993725.842684 -204247.508266 2.970619 1643220333.092294
7993725.510301 -204247.450901 2.970303 1643220333.142330
7993725.134926 -204247.386140 2.969727 1643220333.192301
7993724.778507 -204247.324376 2.969047 1643220333.242255
7993724.431409 -204247.264024 2.968355 1643220333.292222
7993724.017790 -204247.191844 2.967772 1643220333.351119
7993723.721587 -204247.139976 2.967126 1643220333.392203
7993723.362398 -204247.076865 2.966489 1643220333.442173
7993723.006226 -204247.013911 2.965778 1643220333.492117
7993722.668933 -204246.953895 2.965082 1643220333.542048
7993722.291508 -204246.886766 2.964241 1643220333.592021
7993721.935702 -204246.823002 2.963450 1643220333.642021
7993721.575795 -204246.758210 2.962647 1643220333.691947
7993721.230746 -204246.695683 2.961878 1643220333.741933
7993720.859984 -204246.628451 2.961104 1643220333.791872
7993720.497355 -204246.562268 2.960293 1643220333.841784
7993720.135411 -204246.495899 2.959483 1643220333.891746
7993719.787593 -204246.431740 2.958726 1643220333.941726
7993719.415906 -204246.363122 2.957969 1643220333.991647
7993719.053695 -204246.295850 2.957180 1643220334.041692
7993718.689627 -204246.227909 2.956383 1643220334.091686
7993718.345131 -204246.163215 2.955651 1643220334.141757
7993717.961520 -204246.091258 2.954834 1643220334.191756
7993717.594150 -204246.021847 2.954050 1643220334.241804
7993717.222865 -204245.951400 2.953254 1643220334.291888
7993716.877026 -204245.885350 2.952568 1643220334.341978
7993716.493570 -204245.812124 2.951808 1643220334.392068
7993716.127534 -204245.741785 2.951083 1643220334.442124
7993715.758460 -204245.670545 2.950345 1643220334.492167
7993715.399812 -204245.600951 2.949653 1643220334.542273
7993715.018474 -204245.526923 2.948965 1643220334.592329
7993714.647684 -204245.454581 2.948311 1643220334.642370
7993714.276141 -204245.381816 2.947671 1643220334.692409
7993713.914917 -204245.310746 2.947005 1643220334.742464
7993713.526428 -204245.234281 2.946327 1643220334.792481
7993713.154334 -204245.160668 2.945675 1643220334.842611
7993712.784667 -204245.087299 2.945101 1643220334.892511
7993712.422849 -204245.015158 2.944477 1643220334.942513
7993712.028112 -204244.936442 2.943808 1643220334.992554
7993711.655243 -204244.861678 2.943171 1643220335.042556
7993711.280983 -204244.786422 2.942554 1643220335.092546
7993710.921026 -204244.713700 2.941956 1643220335.142543
7993710.519581 -204244.632642 2.941346 1643220335.192540
7993710.140068 -204244.555599 2.940662 1643220335.242664
7993709.761103 -204244.478403 2.940089 1643220335.292534
7993709.398067 -204244.404146 2.939457 1643220335.342535
7993708.993815 -204244.321462 2.938854 1643220335.392554
7993708.614818 -204244.243545 2.938246 1643220335.442550
7993708.230111 -204244.164225 2.937626 1643220335.492594
7993707.865016 -204244.088614 2.937041 1643220335.542589
7993707.464752 -204244.005680 2.936451 1643220335.592583
7993707.075110 -204243.924600 2.935822 1643220335.642598
7993706.687358 -204243.843638 2.935194 1643220335.692666
7993706.314355 -204243.765427 2.934640 1643220335.742633
7993705.913582 -204243.681366 2.934019 1643220335.792565
7993705.517255 -204243.597900 2.933398 1643220335.842616
7993705.132949 -204243.516670 2.932796 1643220335.892605
7993704.761791 -204243.437935 2.932291 1643220335.942607
7993704.356347 -204243.351914 2.931685 1643220335.992610
7993703.955519 -204243.266502 2.931135 1643220336.042660
7993703.561570 -204243.182313 2.930559 1643220336.092546
7993703.192851 -204243.103172 2.930014 1643220336.142648
7993702.782902 -204243.015272 2.929500 1643220336.192613
7993702.377014 -204242.927881 2.928929 1643220336.242719
7993701.981619 -204242.842471 2.928371 1643220336.292627
7993701.600780 -204242.759929 2.927859 1643220336.342578
7993701.193574 -204242.671639 2.927369 1643220336.392550
7993700.797223 -204242.585382 2.926893 1643220336.442529
7993700.390553 -204242.496670 2.926340 1643220336.492474
7993700.009028 -204242.413135 2.925893 1643220336.542449
7993699.591797 -204242.321796 2.925502 1643220336.592496
7993699.193897 -204242.234374 2.925007 1643220336.642503
7993698.791620 -204242.145790 2.924569 1643220336.692558
7993698.404680 -204242.060346 2.924228 1643220336.742584
7993697.985515 -204241.967779 2.923855 1643220336.792620
7993697.577745 -204241.877493 2.923501 1643220336.842732
7993697.176355 -204241.788483 2.923138 1643220336.892793
7993696.785610 -204241.701656 2.922907 1643220336.942914
7993696.370087 -204241.609305 2.922574 1643220336.993010
7993695.963924 -204241.518849 2.922253 1643220337.043089
7993695.561642 -204241.429168 2.922042 1643220337.093194
7993695.168682 -204241.341394 2.921814 1643220337.143222
7993694.738667 -204241.245368 2.921540 1643220337.193259
7993694.332400 -204241.154476 2.921350 1643220337.243307
7993693.929074 -204241.064155 2.921183 1643220337.293353
7993693.533542 -204240.975448 2.920945 1643220337.343367
7993693.103714 -204240.879038 2.920712 1643220337.393484
7993692.699535 -204240.788285 2.920530 1643220337.443434
7993692.294311 -204240.697213 2.920347 1643220337.493421
7993691.893459 -204240.607023 2.920161 1643220337.543466
7993691.465321 -204240.510680 2.919963 1643220337.593441
7993691.054403 -204240.418088 2.919713 1643220337.643421
7993690.642750 -204240.325254 2.919461 1643220337.693419
7993690.248965 -204240.236332 2.919294 1643220337.743398
7993689.818513 -204240.139108 2.919064 1643220337.793565
7993689.402968 -204240.045076 2.918822 1643220337.843408
7993688.986783 -204239.950823 2.918668 1643220337.893378
7993688.585820 -204239.859896 2.918460 1643220337.943331
7993688.151778 -204239.761435 2.918215 1643220337.993326
7993687.738166 -204239.667477 2.918000 1643220338.043239
7993687.316490 -204239.571587 2.917776 1643220338.093287
7993686.925656 -204239.482570 2.917573 1643220338.143253
7993686.484587 -204239.382143 2.917342 1643220338.193228
7993686.054504 -204239.284051 2.917111 1643220338.243247
7993685.635826 -204239.188452 2.916890 1643220338.293213
7993685.225912 -204239.094733 2.916557 1643220338.343256
7993684.796089 -204238.996433 2.916321 1643220338.393301
7993684.370293 -204238.898916 2.916093 1643220338.443342
7993683.936322 -204238.799362 2.915806 1643220338.493310
7993683.524488 -204238.704721 2.915541 1643220338.543360
7993683.089003 -204238.604621 2.915261 1643220338.593382
7993682.667117 -204238.507481 2.915057 1643220338.643405
7993682.241824 -204238.409413 2.914776 1643220338.693439
7993681.826746 -204238.313545 2.914500 1643220338.743408
7993681.369006 -204238.207809 2.914206 1643220338.794069
7993680.950838 -204238.111044 2.914025 1643220338.843362
7993680.521386 -204238.011568 2.913836 1643220338.893336
7993680.110741 -204237.916288 2.913579 1643220338.943308
7993679.653325 -204237.810143 2.913317 1643220338.994018
7993679.233070 -204237.712511 2.913117 1643220339.043233
7993678.799359 -204237.611656 2.912906 1643220339.093252
7993678.388861 -204237.516060 2.912707 1643220339.143231
7993677.935380 -204237.410471 2.912553 1643220339.193216
7993677.497789 -204237.308433 2.912273 1643220339.243143
7993677.059009 -204237.206017 2.912126 1643220339.293098
7993676.637035 -204237.107382 2.911791 1643220339.343169
7993676.189020 -204237.002651 2.911500 1643220339.393173
7993675.753192 -204236.900654 2.911581 1643220339.443135
7993675.311750 -204236.797192 2.911403 1643220339.493182
7993674.875009 -204236.694619 2.911076 1643220339.543179
7993674.418202 -204236.587417 2.910909 1643220339.593228
7993673.979752 -204236.484415 2.910883 1643220339.643189
7993673.544583 -204236.382131 2.910811 1643220339.693281
7993673.106923 -204236.279180 2.910651 1643220339.743255
7993672.656750 -204236.173297 2.910557 1643220339.793979
7993672.204118 -204236.066835 2.910491 1643220339.843318
7993671.759289 -204235.962165 2.910424 1643220339.893358
7993671.330732 -204235.861281 2.910362 1643220339.943287
7993670.862227 -204235.750989 2.910358 1643220339.993327
7993670.408377 -204235.644101 2.910217 1643220340.043308
7993669.962584 -204235.539077 2.910221 1643220340.093308
7993669.543586 -204235.440356 2.910183 1643220340.143302
7993669.067503 -204235.328169 2.910121 1643220340.193766
7993668.615718 -204235.221686 2.910077 1643220340.243293
7993668.159651 -204235.114171 2.910030 1643220340.293293
7993667.728014 -204235.012389 2.909991 1643220340.343261
7993667.254646 -204234.900763 2.909943 1643220340.393648
7993666.806253 -204234.794994 2.909899 1643220340.443247
7993666.351159 -204234.687624 2.909924 1643220340.493325
7993665.907747 -204234.582981 2.909872 1643220340.543350
7993665.441965 -204234.473052 2.909831 1643220340.593362
7993664.984624 -204234.365120 2.910164 1643220340.643334
7993664.528487 -204234.257462 2.910570 1643220340.693416
7993664.086083 -204234.153032 2.911120 1643220340.743394
7993663.611934 -204234.041241 2.912559 1643220340.793377
7993663.148596 -204233.932288 2.913477 1643220340.843448
7993662.688253 -204233.824516 2.914319 1643220340.893436
7993662.249270 -204233.722732 2.915259 1643220340.943446
7993661.775427 -204233.613185 2.916583 1643220340.993403
7993661.312050 -204233.507078 2.917923 1643220341.043398
7993660.845017 -204233.400821 2.919329 1643220341.093404
7993660.408169 -204233.302465 2.920642 1643220341.143473
7993659.913141 -204233.190790 2.922133 1643220341.193859
7993659.451925 -204233.087883 2.923520 1643220341.243460
7993658.984607 -204232.984351 2.924926 1643220341.293519
7993658.529496 -204232.884411 2.926294 1643220341.343501
7993658.048922 -204232.779060 2.927812 1643220341.393533
7993657.567658 -204232.674450 2.929338 1643220341.443515
7993657.098854 -204232.573398 2.930966 1643220341.493533
7993656.648185 -204232.477138 2.932414 1643220341.543575
7993656.155838 -204232.372081 2.934217 1643220341.594300
7993655.688314 -204232.273529 2.935800 1643220341.644064
7993655.218640 -204232.175356 2.937329 1643220341.693603
7993654.755121 -204232.079634 2.938994 1643220341.743561
7993654.255572 -204231.976704 2.940885 1643220341.794052
7993653.786240 -204231.881188 2.942570 1643220341.843415
7993653.314060 -204231.785917 2.944263 1643220341.893397
7993652.851663 -204231.693752 2.946017 1643220341.943355
7993652.356839 -204231.595340 2.948127 1643220341.993298
7993651.879591 -204231.501649 2.949867 1643220342.043286
7993651.422567 -204231.413004 2.951535 1643220342.093293
7993650.965003 -204231.325439 2.953396 1643220342.143217
7993650.450588 -204231.226565 2.955512 1643220342.193185
7993649.920442 -204231.126551 2.957608 1643220342.246247
7993649.473551 -204231.043451 2.959315 1643220342.293188
7993648.840543 -204230.926720 2.961951 1643220342.358892
7993648.515760 -204230.867876 2.963187 1643220342.393677
7993648.036819 -204230.781526 2.965125 1643220342.443287
7993647.559668 -204230.696481 2.966954 1643220342.493302
7993647.092733 -204230.614488 2.968717 1643220342.543350
7993646.602307 -204230.528874 2.970667 1643220342.593431
7993646.097117 -204230.441442 2.972417 1643220342.643484
7993645.616974 -204230.359541 2.973864 1643220342.693524
7993645.152734 -204230.281601 2.975561 1643220342.743587
7993644.639665 -204230.195451 2.977306 1643220342.794355
7993644.153513 -204230.115010 2.978782 1643220342.843698
7993643.661127 -204230.034216 2.980214 1643220342.893743
7993643.194953 -204229.958793 2.981611 1643220342.943789
7993642.700930 -204229.878901 2.983083 1643220342.993804
7993642.206665 -204229.799935 2.984374 1643220343.043833
7993641.709014 -204229.721147 2.985544 1643220343.093853
7993641.241666 -204229.648157 2.986716 1643220343.143798
7993640.728316 -204229.567802 2.987953 1643220343.193722
7993640.237114 -204229.491943 2.989088 1643220343.243646
7993639.744928 -204229.416501 2.990165 1643220343.293628
7993639.265983 -204229.343802 2.991013 1643220343.343617
7993638.750081 -204229.265500 2.991392 1643220343.393567
7993638.258867 -204229.191706 2.992104 1643220343.443565
7993637.767929 -204229.118375 2.992920 1643220343.493543
7993637.279205 -204229.045506 2.993297 1643220343.543560
7993636.763430 -204228.968632 2.993601 1643220343.593558
7993636.261539 -204228.894124 2.994010 1643220343.643592
7993635.767547 -204228.820935 2.994258 1643220343.693627
7993635.289851 -204228.750205 2.994388 1643220343.743594
7993634.767979 -204228.672915 2.994507 1643220343.793589
7993634.266360 -204228.598759 2.994468 1643220343.843613
7993633.762438 -204228.524285 2.994449 1643220343.893586
7993633.279792 -204228.452959 2.994492 1643220343.943533
7993632.762886 -204228.376547 2.994506 1643220343.993526
7993632.255409 -204228.301364 2.994324 1643220344.043554
7993631.749950 -204228.226424 2.994222 1643220344.093608
7993631.276877 -204228.156210 2.994144 1643220344.143637
7993630.736708 -204228.076026 2.994081 1643220344.194361
7993630.234068 -204228.001342 2.993978 1643220344.243654
7993629.734222 -204227.926972 2.993850 1643220344.293684
7993629.241950 -204227.853691 2.993749 1643220344.343675
7993628.715055 -204227.775246 2.993640 1643220344.393665
7993628.212165 -204227.700293 2.993618 1643220344.443661
7993627.705814 -204227.624776 2.993596 1643220344.493648
7993627.215330 -204227.551552 2.993842 1643220344.543564
7993626.679539 -204227.471553 2.994266 1643220344.594350
7993626.183425 -204227.397441 2.994748 1643220344.643536
7993625.670608 -204227.320923 2.995420 1643220344.693485
7993625.175991 -204227.247411 2.995681 1643220344.743503
7993624.641780 -204227.168263 2.996220 1643220344.794236
7993624.142459 -204227.094715 2.996704 1643220344.843395
7993623.631806 -204227.020143 2.997506 1643220344.893405
7993623.131279 -204226.947684 2.998320 1643220344.943324
7993622.597388 -204226.870462 2.999188 1643220344.993372
7993622.089081 -204226.797614 3.000015 1643220345.043309
7993621.576243 -204226.724510 3.000849 1643220345.093323
7993621.091834 -204226.656115 3.001636 1643220345.143256
7993620.550507 -204226.579576 3.002516 1643220345.193266
7993620.030901 -204226.506835 3.003361 1643220345.243217
7993619.514840 -204226.435048 3.004200 1643220345.293244
7993619.012694 -204226.365770 3.005015 1643220345.343213
7993618.468692 -204226.290802 3.005899 1643220345.394180
7993617.963751 -204226.221881 3.006719 1643220345.443225
7993617.445586 -204226.151545 3.007561 1643220345.493176
7993616.939645 -204226.083487 3.008308 1643220345.543273
7993616.399622 -204226.010929 3.008849 1643220345.594040
7993615.889533 -204225.943036 3.009760 1643220345.643292
7993615.367403 -204225.873978 3.010526 1643220345.693349
7993614.864125 -204225.807778 3.011194 1643220345.743347
7993614.313407 -204225.735361 3.011923 1643220345.794065
7993613.807071 -204225.669390 3.012627 1643220345.843322
7993613.287433 -204225.602021 3.013315 1643220345.893339
7993612.786871 -204225.537584 3.013979 1643220345.943311
7993612.242064 -204225.467505 3.014701 1643220345.993660
7993611.726867 -204225.401815 3.015384 1643220346.043294
7993611.203277 -204225.335356 3.015995 1643220346.093231
7993610.700294 -204225.272083 3.016673 1643220346.143213
7993610.135484 -204225.200961 3.017325 1643220346.194088
7993609.626304 -204225.137409 3.017888 1643220346.243279
7993609.107593 -204225.073004 3.018381 1643220346.293321
7993608.602262 -204225.010668 3.018939 1643220346.343309
7993608.057512 -204224.943544 3.019234 1643220346.393361
7993607.530111 -204224.878955 3.019643 1643220346.443373
7993607.004769 -204224.814888 3.020106 1643220346.493433
7993606.490870 -204224.752431 3.020425 1643220346.543406
7993605.951171 -204224.686870 3.020633 1643220346.593792
7993605.420558 -204224.622559 3.020941 1643220346.643547
7993604.892493 -204224.558667 3.021199 1643220346.693638
7993604.376075 -204224.496274 3.021396 1643220346.743720
7993603.818749 -204224.428923 3.021737 1643220346.794787
7993603.307115 -204224.367219 3.022491 1643220346.843852
7993602.789111 -204224.304841 3.023787 1643220346.893940
7993602.264502 -204224.241818 3.024666 1643220346.944009
7993601.718048 -204224.176308 3.025788 1643220346.993977
7993601.187313 -204224.113362 3.026885 1643220347.044037
7993600.658223 -204224.051633 3.028501 1643220347.094064
7993600.154731 -204223.994347 3.029664 1643220347.144097
7993599.583691 -204223.929187 3.031432 1643220347.194782
7993599.069397 -204223.872108 3.033022 1643220347.244077
7993598.538332 -204223.814243 3.034859 1643220347.294088
7993598.029211 -204223.760131 3.036590 1643220347.344077
7993597.475906 -204223.701386 3.038474 1643220347.393998
7993596.940855 -204223.646007 3.040293 1643220347.444010
7993596.411590 -204223.592174 3.042090 1643220347.493970
7993595.898461 -204223.541337 3.043834 1643220347.543918
7993595.346623 -204223.486810 3.045711 1643220347.593873
7993594.808482 -204223.435008 3.047541 1643220347.643826
7993594.270475 -204223.384222 3.049370 1643220347.693777
7993593.765487 -204223.337988 3.051083 1643220347.743721
7993593.198127 -204223.285945 3.052669 1643220347.794389
7993592.672507 -204223.239301 3.054287 1643220347.843623
7993592.137618 -204223.192808 3.055942 1643220347.893627
7993591.624190 -204223.149403 3.057564 1643220347.943578
7993591.065180 -204223.102076 3.058972 1643220347.993983
7993590.534220 -204223.058354 3.060272 1643220348.043493
7993589.996834 -204223.014872 3.061556 1643220348.093496
7993589.486282 -204222.974486 3.062747 1643220348.143495
7993588.911070 -204222.928756 3.063829 1643220348.194447
7993588.377864 -204222.887427 3.064866 1643220348.243536
7993587.840687 -204222.846342 3.065760 1643220348.293546
7993587.323262 -204222.807492 3.066370 1643220348.343588
7993586.753597 -204222.764652 3.066892 1643220348.394438
7993586.230585 -204222.726075 3.067457 1643220348.443608
7993585.684620 -204222.685923 3.067739 1643220348.493657
7993585.162289 -204222.647796 3.068274 1643220348.543693
7993584.596714 -204222.606395 3.068564 1643220348.593738
7993584.080784 -204222.568807 3.068834 1643220348.643734
7993583.512541 -204222.527371 3.069059 1643220348.693733
7993582.995066 -204222.489816 3.069248 1643220348.743754
7993582.418082 -204222.447945 3.069454 1643220348.794627
7993581.888834 -204222.409706 3.069557 1643220348.843726
7993581.339526 -204222.370115 3.069665 1643220348.893756
7993580.813453 -204222.332342 3.069870 1643220348.943790
7993580.245059 -204222.291508 3.070028 1643220348.993790
7993579.698449 -204222.252327 3.069895 1643220349.043829
7993579.152977 -204222.213296 3.069937 1643220349.093777
7993578.639019 -204222.176625 3.070117 1643220349.143790
7993578.062988 -204222.135413 3.069875 1643220349.193795
7993577.506979 -204222.095613 3.069245 1643220349.243787
7993576.959838 -204222.056447 3.069177 1643220349.293730
7993576.416981 -204222.017431 3.069042 1643220349.343687
7993575.843144 -204221.975906 3.068407 1643220349.393923
7993575.306575 -204221.936741 3.067891 1643220349.443592
7993574.756362 -204221.896371 3.067485 1643220349.493569
7993574.218846 -204221.856454 3.067011 1643220349.543515
7993573.647736 -204221.813893 3.066422 1643220349.593489
7993573.088413 -204221.771795 3.065847 1643220349.643460
7993572.533489 -204221.729672 3.065273 1643220349.693410
7993571.998206 -204221.688622 3.064723 1643220349.743418
7993571.409230 -204221.643418 3.064110 1643220349.794112
7993570.861772 -204221.600911 3.063543 1643220349.843381
7993570.306041 -204221.557445 3.062967 1643220349.893397
7993569.765586 -204221.514760 3.062405 1643220349.943372
7993569.184211 -204221.468761 3.061619 1643220349.993581
7993568.624570 -204221.424010 3.060767 1643220350.043415
7993568.069036 -204221.379288 3.060099 1643220350.093429
7993567.537545 -204221.335920 3.059586 1643220350.143407
7993566.945093 -204221.287559 3.058683 1643220350.193471
7993566.371566 -204221.240031 3.057898 1643220350.243398
7993565.801369 -204221.192266 3.057093 1643220350.293495
7993565.261603 -204221.146363 3.056302 1643220350.343390
7993564.678030 -204221.096667 3.055444 1643220350.393572
7993564.115198 -204221.048048 3.054611 1643220350.443379
7993563.540851 -204220.998016 3.053759 1643220350.493412
7993562.990500 -204220.949367 3.052944 1643220350.543377
7993562.397947 -204220.896922 3.052072 1643220350.594129
7993561.840567 -204220.846873 3.051248 1643220350.643422
7993561.266001 -204220.794814 3.050388 1643220350.693417
7993560.708349 -204220.743663 3.049558 1643220350.743438
7993560.121686 -204220.689705 3.048779 1643220350.793401
7993559.551859 -204220.636611 3.047934 1643220350.843453
7993558.971690 -204220.582100 3.047251 1643220350.893451
7993558.414283 -204220.529086 3.046434 1643220350.943450
7993557.815731 -204220.472048 3.045589 1643220350.993696
7993557.251086 -204220.417622 3.044824 1643220351.043495
7993556.678743 -204220.362077 3.044169 1643220351.093525
7993556.123119 -204220.307483 3.043572 1643220351.143605
7993555.508831 -204220.247240 3.042993 1643220351.193650
7993554.921292 -204220.188876 3.042615 1643220351.243664
7993554.343298 -204220.131117 3.042023 1643220351.293686
7993553.785768 -204220.075049 3.041764 1643220351.343648
7993553.189448 -204220.015009 3.041720 1643220351.393685
7993552.603848 -204219.955757 3.041350 1643220351.443687
7993552.011320 -204219.895656 3.041057 1643220351.493725
7993551.443243 -204219.838163 3.040987 1643220351.543685
7993550.836563 -204219.776838 3.040943 1643220351.593733
7993550.256914 -204219.718246 3.040916 1643220351.643726
7993549.676671 -204219.659632 3.040929 1643220351.693762
7993549.105726 -204219.601962 3.041018 1643220351.743762
7993548.489173 -204219.539686 3.041030 1643220351.793780
7993547.899223 -204219.480103 3.041037 1643220351.843799
7993547.312558 -204219.420915 3.041179 1643220351.893805
7993546.737352 -204219.362913 3.041207 1643220351.943863
7993546.120590 -204219.300725 3.041259 1643220351.993843
7993545.531109 -204219.241386 3.041337 1643220352.043853
7993544.938935 -204219.181822 3.041417 1643220352.093912
7993544.399523 -204219.127636 3.041490 1643220352.143908
7993543.760211 -204219.063379 3.041572 1643220352.193855
7993543.158158 -204219.002957 3.041645 1643220352.243829
7993542.563320 -204218.943308 3.041720 1643220352.293736
7993541.986117 -204218.885491 3.041794 1643220352.343765
7993541.371911 -204218.823973 3.041874 1643220352.393672
7993540.779848 -204218.764740 3.041950 1643220352.443581
7993540.185636 -204218.705337 3.042025 1643220352.493560
7993539.615708 -204218.648419 3.042100 1643220352.543514
7993538.990305 -204218.585968 3.042177 1643220352.593839
7993538.386366 -204218.525726 3.042245 1643220352.643355
7993537.777728 -204218.465060 3.042118 1643220352.693360
7993537.207909 -204218.408333 3.042219 1643220352.743302
7993536.592084 -204218.347025 3.042276 1643220352.793234
7993535.999735 -204218.288001 3.042278 1643220352.843251
7993535.392530 -204218.227493 3.042273 1643220352.893189
7993534.804031 -204218.168851 3.042270 1643220352.943204
7993534.181192 -204218.106786 3.042266 1643220352.993172
7993533.580661 -204218.046945 3.042269 1643220353.043164
7993532.990425 -204217.988128 3.042273 1643220353.093198
7993532.414530 -204217.930737 3.042265 1643220353.143195
7993531.769968 -204217.866503 3.042258 1643220353.193132
7993531.165140 -204217.806227 3.042256 1643220353.243160
7993530.564020 -204217.746323 3.042256 1643220353.293151
7993529.989948 -204217.689107 3.042255 1643220353.343152
7993529.358152 -204217.626138 3.042249 1643220353.393150
7993528.748083 -204217.565332 3.042242 1643220353.443151
7993528.137192 -204217.504440 3.042335 1643220353.493149
7993527.552301 -204217.446138 3.042233 1643220353.543165
7993526.924325 -204217.383540 3.042228 1643220353.593195
7993526.317416 -204217.323037 3.042324 1643220353.643158
7993525.709790 -204217.262459 3.042318 1643220353.693211
7993525.125312 -204217.204183 3.042215 1643220353.743229
7993524.500212 -204217.141856 3.042212 1643220353.793214
7993523.887143 -204217.080786 3.042241 1643220353.843269
7993523.274950 -204217.019761 3.042233 1643220353.893300
7993522.688415 -204216.961292 3.042232 1643220353.943364
7993522.066019 -204216.899249 3.042233 1643220353.993411
7993521.462575 -204216.839089 3.042229 1643220354.043426
7993520.863256 -204216.779337 3.042228 1643220354.093442
7993520.289829 -204216.722166 3.042228 1643220354.143464
7993519.665215 -204216.659893 3.042235 1643220354.193530
7993519.067367 -204216.600285 3.042237 1643220354.243535
7993518.470246 -204216.540754 3.042434 1643220354.293547
7993517.896077 -204216.483518 3.042674 1643220354.343580
7993517.291937 -204216.423296 3.042920 1643220354.393550
7993516.711845 -204216.365479 3.043020 1643220354.443566
7993516.146941 -204216.309348 3.043318 1643220354.493515
7993515.571779 -204216.252463 3.043502 1643220354.543545
7993514.992897 -204216.195289 3.043795 1643220354.593462
7993514.433335 -204216.140399 3.044073 1643220354.643416
7993513.876753 -204216.086005 3.044434 1643220354.693415
7993513.333257 -204216.033149 3.044797 1643220354.743310
7993512.771116 -204215.978495 3.045135 1643220354.793340
7993512.223064 -204215.925461 3.045462 1643220354.843320
7993511.679187 -204215.873010 3.045787 1643220354.893318
7993511.214752 -204215.828473 3.046160 1643220354.943305
7993510.602870 -204215.769750 3.046769 1643220354.993303
7993510.052091 -204215.717164 3.047190 1643220355.043349
7993509.558229 -204215.670235 3.047414 1643220355.093359
7993509.081474 -204215.625330 3.047947 1643220355.143399
7993508.433816 -204215.564204 3.048616 1643220355.193448
7993507.871608 -204215.511615 3.049093 1643220355.243484
7993507.412750 -204215.468996 3.049575 1643220355.293504
7993506.915490 -204215.423133 3.050028 1643220355.343654
7993506.354935 -204215.371492 3.050688 1643220355.393617
7993505.748423 -204215.316064 3.051300 1643220355.443671
7993505.203319 -204215.266649 3.051887 1643220355.493720
7993504.689847 -204215.220633 3.052472 1643220355.543771
7993504.122666 -204215.169790 3.053115 1643220355.593720
7993503.566720 -204215.120453 3.053741 1643220355.643809
7993503.005989 -204215.071048 3.054374 1643220355.693787
7993502.477739 -204215.025035 3.054973 1643220355.743826
7993501.907732 -204214.975367 3.055618 1643220355.793842
7993501.371235 -204214.929143 3.056228 1643220355.843915
7993500.806754 -204214.880828 3.056863 1643220355.893998
7993500.273430 -204214.835669 3.057467 1643220355.943992
7993499.698602 -204214.787028 3.057942 1643220355.994066
7993499.162698 -204214.742239 3.058391 1643220356.044117
7993498.626699 -204214.697732 3.059005 1643220356.094145
7993498.102186 -204214.654548 3.059563 1643220356.144166
7993497.528100 -204214.607182 3.060097 1643220356.194230
7993497.022754 -204214.565943 3.060400 1643220356.244319
7993496.481089 -204214.521948 3.060887 1643220356.294333
7993495.943184 -204214.478608 3.061308 1643220356.344414
7993495.387131 -204214.433837 3.061345 1643220356.394422
7993494.862324 -204214.391897 3.061517 1643220356.444446
7993494.376594 -204214.353318 3.061630 1643220356.494459
7993493.857631 -204214.312048 3.061544 1643220356.544437
7993493.291865 -204214.266986 3.061344 1643220356.594486
7993492.822274 -204214.229538 3.061341 1643220356.644419
7993492.309064 -204214.188496 3.061105 1643220356.694362
7993491.813234 -204214.148553 3.060630 1643220356.744305
7993491.307020 -204214.107742 3.060207 1643220356.794251
7993490.864388 -204214.071787 3.060009 1643220356.844209
7993490.268738 -204214.023200 3.059595 1643220356.894131
7993489.842610 -204213.987995 3.059151 1643220356.944086
7993489.306465 -204213.943792 3.058653 1643220356.994053
7993488.649530 -204213.889340 3.058082 1643220357.059078
7993488.306046 -204213.860465 3.057860 1643220357.093981
7993487.855221 -204213.822494 3.057331 1643220357.143961
7993487.333250 -204213.778633 3.056630 1643220357.193947
7993486.846385 -204213.737363 3.056234 1643220357.243912
7993486.370934 -204213.696775 3.055727 1643220357.293860
7993485.864227 -204213.653080 3.055282 1643220357.343857
7993485.337642 -204213.607608 3.054771 1643220357.393810
7993484.821273 -204213.562547 3.053922 1643220357.443831
7993484.341310 -204213.520441 3.053269 1643220357.493825
7993483.844212 -204213.476527 3.052861 1643220357.543825
7993483.323908 -204213.430410 3.052232 1643220357.593834
7993482.824694 -204213.385658 3.051671 1643220357.643893
7993482.311361 -204213.339324 3.051015 1643220357.693733
7993481.830173 -204213.295442 3.050270 1643220357.743691
7993481.296214 -204213.246780 3.050242 1643220357.793675
7993480.766408 -204213.198020 3.049597 1643220357.843674
7993480.268031 -204213.151726 3.048630 1643220357.893670
7993479.800907 -204213.108226 3.048220 1643220357.943614
7993479.283797 -204213.060094 3.047847 1643220357.993559
7993478.790363 -204213.013790 3.047345 1643220358.043633
7993478.239770 -204212.961803 3.046243 1643220358.093645
7993477.786197 -204212.918495 3.045526 1643220358.143677
7993477.271443 -204212.869478 3.044689 1643220358.193686
7993476.784298 -204212.822538 3.044161 1643220358.243693
7993476.228239 -204212.768469 3.043065 1643220358.293723
7993475.796374 -204212.725563 3.042290 1643220358.343768
7993475.296232 -204212.675980 3.041329 1643220358.393766
7993474.812675 -204212.627379 3.040342 1643220358.443790
7993474.308298 -204212.576160 3.039344 1643220358.493804
7993473.840400 -204212.527999 3.038431 1643220358.543824
7993473.345590 -204212.477032 3.037454 1643220358.593773
7993472.868037 -204212.427128 3.036418 1643220358.643771
7993472.389708 -204212.376641 3.035451 1643220358.693741
7993471.926506 -204212.327120 3.034526 1643220358.743790
7993471.435211 -204212.274503 3.033510 1643220358.793727
7993470.961262 -204212.223049 3.032458 1643220358.843685
7993470.481737 -204212.170571 3.031248 1643220358.893644
7993470.026031 -204212.120031 3.030082 1643220358.943595
7993469.543328 -204212.066416 3.028892 1643220358.993494
7993469.068275 -204212.012922 3.027781 1643220359.043468
7993468.595452 -204211.959133 3.026690 1643220359.093443
7993468.154686 -204211.908005 3.025585 1643220359.143418
7993467.663762 -204211.851189 3.024210 1643220359.193421
7993467.195920 -204211.796054 3.022806 1643220359.243316
7993466.726375 -204211.740115 3.021540 1643220359.293270
7993466.274145 -204211.685430 3.020282 1643220359.343220
7993465.791169 -204211.626894 3.018839 1643220359.393196
7993465.329820 -204211.570022 3.017522 1643220359.443101
7993464.868509 -204211.512527 3.016205 1643220359.493049
7993464.413025 -204211.454891 3.014842 1643220359.542950
7993463.928930 -204211.393529 3.013399 1643220359.592969
7993463.465711 -204211.333768 3.012018 1643220359.642910
7993463.004606 -204211.273693 3.010650 1643220359.692831
7993462.557603 -204211.214568 3.009316 1643220359.742806
7993462.077959 -204211.151027 3.007887 1643220359.792783
7993461.616506 -204211.088966 3.006515 1643220359.842750
7993461.156702 -204211.026445 3.005149 1643220359.892743
7993460.708679 -204210.964694 3.003813 1643220359.942678
7993460.228701 -204210.898462 3.002383 1643220359.992695
7993459.771056 -204210.834312 3.001025 1643220360.042647
7993459.305224 -204210.768370 2.999639 1643220360.093280
7993458.874273 -204210.706419 2.998352 1643220360.142610
7993458.388177 -204210.636770 2.996906 1643220360.192648
7993457.930982 -204210.570174 2.995551 1643220360.242658
7993457.473877 -204210.502927 2.994192 1643220360.292624
7993457.029405 -204210.436702 2.992868 1643220360.342732
7993456.556771 -204210.366136 2.991460 1643220360.392689
7993456.102283 -204210.297410 2.990117 1643220360.442764
7993455.654291 -204210.228962 2.988723 1643220360.492795
7993455.210309 -204210.160355 2.987529 1643220360.542777
7993454.733937 -204210.086636 2.986116 1643220360.592818
7993454.277722 -204210.015039 2.984733 1643220360.642814
7993453.821758 -204209.942912 2.983382 1643220360.692883
7993453.387508 -204209.873375 2.982118 1643220360.742896
7993452.914816 -204209.797630 2.980737 1643220360.792925
7993452.465217 -204209.724684 2.979432 1643220360.842940
7993452.016567 -204209.651278 2.978129 1643220360.892934
7993451.586131 -204209.580031 2.976818 1643220360.942934
7993451.117078 -204209.502352 2.975512 1643220360.992927
7993450.664380 -204209.426436 2.974193 1643220361.042970
7993450.213763 -204209.350320 2.972816 1643220361.092967
7993449.790407 -204209.277857 2.971600 1643220361.142962
7993449.320273 -204209.197574 2.970224 1643220361.193005
7993448.872459 -204209.120103 2.968922 1643220361.243018
7993448.424571 -204209.041987 2.967595 1643220361.293066
7993447.998962 -204208.966912 2.966338 1643220361.343073
7993447.541549 -204208.886209 2.964989 1643220361.393041
7993447.095647 -204208.806660 2.963668 1643220361.443034
7993446.653967 -204208.727195 2.962360 1643220361.492967
7993446.190099 -204208.642993 2.960992 1643220361.546697
7993445.774851 -204208.567372 2.959768 1643220361.592920
7993445.338428 -204208.487106 2.958481 1643220361.642936
7993444.900543 -204208.406033 2.957192 1643220361.692859
7993444.478303 -204208.327044 2.955947 1643220361.742858
7993444.023518 -204208.241879 2.954602 1643220361.792865
7993443.590550 -204208.159930 2.953328 1643220361.842867
7993443.157927 -204208.077495 2.952057 1643220361.892913
7993442.742526 -204207.997589 2.950896 1643220361.942980
7993442.294564 -204207.911330 2.949648 1643220361.992998
7993441.859265 -204207.826677 2.948431 1643220362.043072
7993441.426916 -204207.742003 2.947286 1643220362.093103
7993441.048500 -204207.667087 2.946236 1643220362.143157
7993440.575148 -204207.574040 2.945183 1643220362.193150
7993440.147539 -204207.488861 2.944098 1643220362.243142
7993439.722073 -204207.403581 2.943101 1643220362.293190
7993439.311101 -204207.320620 2.942170 1643220362.343163
7993438.870986 -204207.231782 2.941163 1643220362.393155
7993438.459536 -204207.148062 2.940345 1643220362.443110
7993438.038879 -204207.062158 2.939679 1643220362.493141
7993437.633545 -204206.978862 2.938830 1643220362.543150
7993437.204450 -204206.890654 2.938110 1643220362.593096
7993436.786363 -204206.804260 2.937512 1643220362.643092
7993436.378730 -204206.719739 2.937057 1643220362.693094
7993435.983419 -204206.637414 2.936566 1643220362.743076
7993435.559188 -204206.549062 2.936278 1643220362.793041
7993435.150543 -204206.463677 2.936168 1643220362.843068
7993434.759573 -204206.381801 2.936165 1643220362.893002
7993434.363550 -204206.298784 2.935868 1643220362.942985
7993433.943085 -204206.210752 2.936075 1643220362.992970
7993433.553360 -204206.129217 2.936289 1643220363.042916
7993433.156353 -204206.046329 2.936709 1643220363.092841
7993432.786084 -204205.969298 2.937388 1643220363.142815
7993432.389773 -204205.886844 2.938544 1643220363.192740
7993431.999198 -204205.805933 2.939091 1643220363.242714
7993431.607657 -204205.725102 2.939889 1643220363.292711
7993431.238973 -204205.649656 2.940798 1643220363.342673
7993430.845520 -204205.569229 2.942071 1643220363.392658
7993430.468265 -204205.492788 2.943205 1643220363.442608
7993430.089375 -204205.416425 2.944477 1643220363.492622
7993429.729117 -204205.344544 2.945678 1643220363.542527
7993429.339187 -204205.266826 2.947105 1643220363.592526
7993428.958243 -204205.191685 2.948553 1643220363.642525
7993428.585219 -204205.118679 2.950288 1643220363.692589
7993428.229112 -204205.049755 2.951946 1643220363.742641
7993427.843148 -204204.975134 2.954005 1643220363.792751
7993427.468833 -204204.903740 2.956286 1643220363.842842
7993427.100876 -204204.834284 2.958720 1643220363.892897
7993426.744972 -204204.768247 2.961267 1643220363.942899
7993426.357505 -204204.696648 2.964759 1643220363.992975
7993425.988980 -204204.630024 2.968496 1643220364.042910
7993425.620045 -204204.564655 2.972530 1643220364.092906
7993425.275280 -204204.505875 2.976513 1643220364.142985
7993424.889650 -204204.439820 2.982343 1643220364.192999
7993424.523509 -204204.379882 2.988183 1643220364.242992
7993424.154669 -204204.321690 2.994791 1643220364.293060
7993423.797360 -204204.268244 3.001173 1643220364.343110
7993423.421694 -204204.212864 3.009447 1643220364.393077
7993423.059696 -204204.163457 3.017995 1643220364.443097
7993422.695853 -204204.116756 3.027123 1643220364.493091
7993422.345006 -204204.076310 3.035604 1643220364.543090
7993421.967245 -204204.033523 3.046079 1643220364.593093
7993421.606398 -204203.998061 3.056384 1643220364.643036
7993421.247181 -204203.966845 3.066735 1643220364.693039
7993420.903472 -204203.942041 3.076713 1643220364.742960
7993420.529286 -204203.915694 3.087991 1643220364.792992
7993420.169521 -204203.896045 3.098824 1643220364.843058
7993419.814689 -204203.881012 3.109607 1643220364.892942
7993419.472517 -204203.871616 3.120101 1643220364.942888
7993419.102607 -204203.861739 3.131423 1643220364.992875
7993418.746196 -204203.858364 -3.140806 1643220365.042908
7993418.398870 -204203.858642 -3.129894 1643220365.092795
7993418.067660 -204203.864578 -3.119570 1643220365.142779
7993417.694828 -204203.869657 -3.107767 1643220365.192780
7993417.336760 -204203.881765 -3.096393 1643220365.242720
7993416.987295 -204203.897431 -3.085015 1643220365.292714
7993416.654531 -204203.917553 -3.074154 1643220365.343249
7993416.284077 -204203.940453 -3.061876 1643220365.392729
7993415.923041 -204203.968392 -3.049983 1643220365.442725
7993415.580090 -204203.999899 -3.038500 1643220365.492794
7993415.258448 -204204.034886 -3.027660 1643220365.542787
7993414.903215 -204204.073752 -3.015605 1643220365.592829
7993414.545526 -204204.118947 -3.003423 1643220365.642882
7993414.190729 -204204.168089 -2.991279 1643220365.692902
7993413.857082 -204204.220201 -2.979889 1643220365.742942
7993413.503260 -204204.276230 -2.967700 1643220365.793003
7993413.158735 -204204.336463 -2.955896 1643220365.843049
7993412.818778 -204204.400563 -2.944135 1643220365.893025
7993412.487280 -204204.468414 -2.932706 1643220365.943086
7993412.134233 -204204.541412 -2.920449 1643220365.993047
7993411.786747 -204204.619506 -2.908440 1643220366.043078
7993411.441343 -204204.701317 -2.896438 1643220366.093204
7993411.121575 -204204.783817 -2.885293 1643220366.143142
7993410.761554 -204204.875066 -2.872842 1643220366.193193
7993410.420106 -204204.968965 -2.861000 1643220366.243211
7993410.077540 -204205.067640 -2.849144 1643220366.293231
7993409.753750 -204205.167239 -2.837953 1643220366.343296
7993409.397891 -204205.276778 -2.825866 1643220366.393308
7993409.060040 -204205.387374 -2.814375 1643220366.443356
7993408.716496 -204205.504374 -2.802620 1643220366.493397
7993408.390518 -204205.621076 -2.791456 1643220366.543394
7993408.036924 -204205.748509 -2.779506 1643220366.593441
7993407.701214 -204205.875946 -2.768268 1643220366.643484
7993407.361584 -204206.009004 -2.757082 1643220366.693551
7993407.036413 -204206.142659 -2.746284 1643220366.743572
7993406.679195 -204206.289696 -2.734591 1643220366.793595
7993406.341990 -204206.435480 -2.723425 1643220366.843626
7993406.005730 -204206.585139 -2.712364 1643220366.893651
7993405.682101 -204206.735243 -2.701779 1643220366.943719
7993405.329407 -204206.899087 -2.690367 1643220366.993753
7993404.996596 -204207.060509 -2.679463 1643220367.043777
7993404.667720 -204207.224520 -2.668609 1643220367.093803
7993404.354563 -204207.387187 -2.658350 1643220367.143816
7993403.999910 -204207.570182 -2.646802 1643220367.193810
7993403.665362 -204207.750801 -2.636033 1643220367.243852
7993403.334202 -204207.934082 -2.625454 1643220367.293906
7993403.017134 -204208.116092 -2.615099 1643220367.343892
7993402.678745 -204208.311079 -2.604198 1643220367.393966
7993402.351951 -204208.506157 -2.593560 1643220367.444003
7993402.029203 -204208.703452 -2.583223 1643220367.494003
7993401.723304 -204208.896629 -2.573633 1643220367.544045
7993401.388640 -204209.108710 -2.563382 1643220367.594242
7993401.069440 -204209.317077 -2.553169 1643220367.644009
7993400.729665 -204209.543823 -2.542504 1643220367.696768
7993400.438031 -204209.745403 -2.534275 1643220367.744042
7993400.109361 -204209.972238 -2.524684 1643220367.794047
7993399.797040 -204210.194720 -2.515370 1643220367.844047
7993399.490770 -204210.417143 -2.506390 1643220367.893969
7993399.195086 -204210.637310 -2.498101 1643220367.944001
7993398.880840 -204210.872046 -2.489580 1643220367.994023
7993398.580231 -204211.102173 -2.481429 1643220368.044014
7993398.266410 -204211.346423 -2.473016 1643220368.093996
7993397.976441 -204211.578286 -2.464942 1643220368.143984
7993397.666281 -204211.825507 -2.456821 1643220368.193979
7993397.355433 -204212.079287 -2.448640 1643220368.244003
7993397.051271 -204212.331778 -2.440700 1643220368.293997
7993396.771429 -204212.569642 -2.433496 1643220368.344039
7993396.464598 -204212.830615 -2.425742 1643220368.394035
7993396.173831 -204213.083768 -2.418507 1643220368.444053
7993395.896206 -204213.329384 -2.411866 1643220368.494122
7993395.622134 -204213.576593 -2.405152 1643220368.544126
7993395.328467 -204213.841906 -2.398604 1643220368.594086
7993395.038110 -204214.109503 -2.392200 1643220368.644076
7993394.742425 -204214.385986 -2.386009 1643220368.694153
7993394.475523 -204214.639847 -2.380354 1643220368.744125
7993394.195513 -204214.906939 -2.374911 1643220368.794103
7993393.891239 -204215.200884 -2.369344 1643220368.844101
7993393.618593 -204215.467607 -2.364364 1643220368.894021
7993393.344074 -204215.739381 -2.360111 1643220368.944021
7993393.072871 -204216.008034 -2.356306 1643220368.993968
7993392.778481 -204216.303312 -2.352685 1643220369.043901
7993392.474080 -204216.611016 -2.348971 1643220369.093880
7993392.215383 -204216.876349 -2.346305 1643220369.143824
7993391.928348 -204217.169319 -2.344490 1643220369.193801
7993391.658583 -204217.447740 -2.342274 1643220369.243753
7993391.371439 -204217.745609 -2.340025 1643220369.293718
7993391.084612 -204218.044100 -2.337894 1643220369.343704
7993390.787998 -204218.352739 -2.336451 1643220369.393719
7993390.495231 -204218.658110 -2.335295 1643220369.443670
7993390.217163 -204218.948533 -2.334306 1643220369.493688
7993389.939211 -204219.239414 -2.333416 1643220369.543617
7993389.650846 -204219.541088 -2.332719 1643220369.593616
7993389.344799 -204219.861929 -2.331906 1643220369.643610
7993389.060443 -204220.160481 -2.331191 1643220369.693643
7993388.787239 -204220.447918 -2.330497 1643220369.743571
7993388.492800 -204220.757710 -2.329779 1643220369.793533
7993388.213526 -204221.052150 -2.329035 1643220369.843502
7993387.925126 -204221.356655 -2.328333 1643220369.893538
7993387.632129 -204221.666538 -2.327622 1643220369.943551
7993387.338439 -204221.977343 -2.326880 1643220369.993576
7993387.049024 -204222.284258 -2.326149 1643220370.043611
7993386.769473 -204222.581099 -2.325442 1643220370.093743
7993386.500928 -204222.866945 -2.324761 1643220370.143703
7993386.189359 -204223.198442 -2.323972 1643220370.193788
7993385.884702 -204223.523338 -2.323201 1643220370.243831
7993385.592219 -204223.835764 -2.322459 1643220370.293801
7993385.325140 -204224.121712 -2.321780 1643220370.343872
7993385.024697 -204224.443329 -2.320886 1643220370.393813
7993384.732240 -204224.757125 -2.320143 1643220370.443800
7993384.440853 -204225.070272 -2.319276 1643220370.493762
7993384.158287 -204225.374622 -2.318348 1643220370.543730
7993383.857798 -204225.698353 -2.317437 1643220370.593657
7993383.559600 -204226.020456 -2.316578 1643220370.643699
7993383.260927 -204226.343694 -2.315575 1643220370.693682
7993382.978479 -204226.650269 -2.314672 1643220370.743659
7993382.669419 -204226.985763 -2.313668 1643220370.793579
7993382.373726 -204227.307750 -2.312688 1643220370.843580
7993382.075212 -204227.633410 -2.311698 1643220370.893573
7993381.792817 -204227.942401 -2.310761 1643220370.943525
7993381.485534 -204228.278621 -2.309740 1643220370.993516
7993381.187334 -204228.605860 -2.308748 1643220371.043539
7993380.884599 -204228.938812 -2.307740 1643220371.094416
7993380.606540 -204229.245599 -2.306812 1643220371.143579
7993380.287248 -204229.597611 -2.305814 1643220371.193575
7993379.981523 -204229.935832 -2.304927 1643220371.243550
7993379.675144 -204230.275477 -2.304040 1643220371.293502
7993379.381002 -204230.602435 -2.303304 1643220371.343571
7993379.071393 -204230.946649 -2.302590 1643220371.393498
7993378.758099 -204231.295720 -2.302115 1643220371.443532
7993378.457719 -204231.631074 -2.301475 1643220371.493558
7993378.167013 -204231.956074 -2.300793 1643220371.543499
7993377.846379 -204232.314352 -2.300380 1643220371.593581
7993377.537982 -204232.659383 -2.300038 1643220371.643595
7993377.223162 -204233.011897 -2.299575 1643220371.693614
7993376.925025 -204233.346133 -2.299134 1643220371.743680
7993376.598469 -204233.712133 -2.298835 1643220371.793768
7993376.280807 -204234.068553 -2.298548 1643220371.843719
7993375.969879 -204234.417657 -2.298195 1643220371.893774
7993375.667228 -204234.757771 -2.297869 1643220371.943807
7993375.334832 -204235.131288 -2.297553 1643220371.993847
7993375.015481 -204235.490476 -2.297246 1643220372.043888
7993374.696285 -204235.849705 -2.296941 1643220372.093858
7993374.404233 -204236.178754 -2.296719 1643220372.143910
7993374.057111 -204236.569680 -2.296404 1643220372.193949
7993373.734977 -204236.932889 -2.296171 1643220372.243946
7993373.409563 -204237.299964 -2.295890 1643220372.293894
7993373.095365 -204237.654669 -2.295748 1643220372.343892
7993372.752635 -204238.041568 -2.295653 1643220372.394539
7993372.436104 -204238.399184 -2.295932 1643220372.443750
7993372.113337 -204238.763910 -2.296030 1643220372.493699
7993371.794425 -204239.124340 -2.296024 1643220372.543675
7993371.451884 -204239.511491 -2.296381 1643220372.594247
7993371.125630 -204239.879882 -2.296891 1643220372.643499
7993370.802588 -204240.244268 -2.297217 1643220372.693448
7993370.487316 -204240.599319 -2.297830 1643220372.743400
7993370.142825 -204240.987047 -2.298498 1643220372.794159
7993369.816274 -204241.353883 -2.299143 1643220372.843400
7993369.484141 -204241.726510 -2.299789 1643220372.893396
7993369.169127 -204242.079060 -2.300530 1643220372.943437
7993368.836679 -204242.451084 -2.301259 1643220372.993536
7993368.496384 -204242.831030 -2.301970 1643220373.043620
7993368.140600 -204243.227716 -2.302809 1643220373.093741
7993367.833705 -204243.568883 -2.303524 1643220373.143826
7993367.504505 -204243.935088 -2.304411 1643220373.193886
