8957 321 0.377803 0.051151 -0.005909
8958 322 0.018601 0.040566 -0.007249
8959 334 0.015304 0.064418 -0.011126
8960 340 -0.007928 0.058180 -0.009891
8961 345 -0.018323 0.073787 -0.010487
8962 350 0.031863 0.052115 -0.011482
8963 354 0.042076 0.060508 -0.013507
8964 357 0.005588 0.036221 -0.013686
8965 361 0.042835 0.027600 -0.009706
8966 364 0.060260 0.039615 -0.009965
8967 367 -0.037708 0.021536 -0.010239
8968 370 -0.034981 -0.006853 -0.011487
8969 373 0.018681 0.010069 -0.011119
8970 376 0.049303 -0.002554 -0.008641
8971 378 0.010469 0.020097 -0.011815
8972 381 0.065850 -0.024546 -0.006578
8973 383 0.011033 -0.010584 -0.006813
8974 385 -0.047166 -0.037534 -0.010156
8975 387 -0.054238 -0.025263 -0.004736
8976 390 -0.030221 -0.065792 -0.006138
8977 392 -0.004541 -0.067986 -0.004885
8978 394 0.021815 -0.075976 -0.004493
8979 396 0.043713 -0.076327 -0.006593
8980 398 0.001819 -0.079175 -0.010368
8981 400 -0.032284 -0.089383 -0.010614
8982 402 -0.079676 -0.104839 -0.007838
8983 404 -0.054922 -0.099016 -0.007076
8984 406 0.034997 -0.119340 -0.007509
8985 408 0.035807 -0.119225 -0.007080
8986 410 0.085297 -0.122112 -0.004091
8987 411 -0.057854 -0.116892 -0.004436
8988 413 -0.045676 -0.129648 -0.002149
8989 415 -0.008481 -0.135989 -0.001710
8990 417 0.059855 -0.135273 -0.003123
8991 418 -0.072644 -0.147827 -0.002659
8992 420 -0.023529 -0.165613 -0.003224
8993 422 0.012053 -0.157449 -0.003751
8994 423 -0.139043 -0.160498 -0.001950
8995 425 -0.022358 -0.185359 -0.003259
8996 427 0.037153 -0.182451 -0.005161
8997 428 -0.053421 -0.193928 -0.003327
8998 430 0.016059 -0.192067 -0.002001
8999 432 0.093030 -0.206763 -0.002498
9000 433 -0.005470 -0.213869 -0.003552
9001 435 0.024163 -0.205956 -0.003360
9002 436 -0.130639 -0.201988 -0.003322
9003 438 0.046887 -0.217255 -0.002907
9004 440 0.097149 -0.204553 -0.001623
9005 441 0.021982 -0.213164 -0.001314
9006 443 0.176962 -0.204568 -0.003748
9007 444 0.080624 -0.214873 -0.003957
9008 445 -0.062106 -0.211682 -0.002271
9009 447 -0.006459 -0.218248 -0.001714
9010 448 -0.047734 -0.241158 -0.001983
9011 450 0.076925 -0.258280 -0.001487
9012 451 -0.096108 -0.243730 -0.001685
9013 453 0.125408 -0.237210 -0.002237
9014 454 -0.018722 -0.221471 -0.002596
9015 456 0.146487 -0.221537 0.003086
9016 457 0.000850 -0.216173 0.001874
9017 458 -0.122792 -0.227391 0.000312
9018 460 0.080990 -0.231640 0.003350
9019 461 -0.040949 -0.223500 0.003486
9020 462 -0.136818 -0.228379 0.000449
9021 464 0.095837 -0.251435 0.000499
9022 465 -0.051819 -0.261138 0.000334
9023 467 0.037164 -0.251160 0.002920
9024 468 0.040153 -0.247493 0.005959
9025 469 0.037143 -0.238307 0.004989
9026 471 0.127199 -0.210165 0.005147
9027 472 -0.005047 -0.226492 0.002061
9028 473 -0.026250 -0.223025 0.001802
9029 474 -0.070553 -0.238975 0.003702
9030 476 0.045967 -0.247383 0.003207
9031 477 -0.012980 -0.267135 0.002105
9032 478 -0.065289 -0.263502 0.003899
9033 479 -0.148233 -0.262290 0.007123
9034 481 0.147438 -0.244177 0.009699
9035 482 -0.010888 -0.253353 0.009695
9036 483 -0.032799 -0.257697 0.007708
9037 484 -0.111697 -0.245781 0.009804
9038 486 0.025713 -0.235171 0.007119
9039 487 -0.039743 -0.250765 0.005600
9040 488 -0.088371 -0.247908 0.009051
9041 490 -0.028705 -0.254660 0.009641
9042 492 0.108713 -0.246510 0.010924
9043 493 0.037540 -0.254790 0.006425
9044 494 -0.061711 -0.263067 0.004026
9045 495 -0.026500 -0.236258 0.006811
9046 496 -0.114463 -0.247941 0.009205
9047 498 0.098940 -0.248625 0.010647
9048 499 -0.003697 -0.239677 0.010146
9049 500 0.023643 -0.251676 0.011132
9050 501 -0.045863 -0.260329 0.014645
9051 503 0.077512 -0.258421 0.009894
9052 504 0.062477 -0.261987 0.009650
9053 505 0.104778 -0.262885 0.011363
9054 506 -0.012990 -0.281782 0.009093
9055 507 -0.078775 -0.287451 0.008194
9056 509 0.180584 -0.309986 0.009889
9057 510 0.097651 -0.316749 0.009461
9058 511 0.035064 -0.289613 0.009192
9059 512 -0.078924 -0.304901 0.007575
9060 513 -0.024118 -0.302225 0.007638
9061 514 -0.062058 -0.312111 0.005617
9062 515 -0.088237 -0.313881 0.006375
9063 517 0.060505 -0.303263 0.011371
9064 518 0.050777 -0.309580 0.010743
9065 519 0.116325 -0.293902 0.010952
9066 520 -0.004864 -0.312565 0.009562
9067 521 0.018909 -0.317026 0.009855
9068 522 -0.065856 -0.327254 0.009492
9069 524 -0.007693 -0.328740 0.004893
9070 525 -0.161050 -0.327513 0.004073
9071 527 0.091556 -0.337951 0.002899
9072 528 0.005134 -0.353594 0.002342
9073 529 -0.034215 -0.355053 0.003427
9074 530 -0.127683 -0.358156 0.004055
9075 531 -0.117048 -0.387184 0.001570
9076 532 -0.027691 -0.394306 0.000803
9077 533 -0.132275 -0.406303 0.000782
9078 534 -0.115050 -0.423931 -0.000724
9079 535 -0.050953 -0.429550 -0.000115
9080 537 0.092689 -0.438269 0.002646
9081 538 0.054728 -0.470645 0.004382
9082 539 0.118604 -0.471876 0.000094
9083 540 0.013814 -0.494404 0.002630
9084 541 0.046226 -0.513173 0.003462
9085 542 -0.070537 -0.512541 0.003906
9086 543 -0.109125 -0.500098 0.003361
9087 545 0.129982 -0.505473 0.003838
9088 546 0.161309 -0.508002 0.002840
9089 547 0.053149 -0.534433 0.002941
9090 548 0.095404 -0.542369 0.004417
9091 549 0.072586 -0.538812 0.001487
9092 550 -0.030029 -0.547014 0.001702
9093 552 0.186882 -0.537559 0.000732
9094 553 0.131768 -0.549710 -0.002289
9095 554 0.123608 -0.541099 -0.002274
9096 555 0.116031 -0.548293 -0.005786
9097 556 -0.021910 -0.561226 -0.004823
9098 557 -0.066105 -0.563550 -0.001686
9099 558 -0.128848 -0.543654 -0.002447
9100 559 -0.047177 -0.553315 -0.003570
9101 560 -0.035056 -0.557119 -0.004843
9102 561 -0.068702 -0.572249 -0.003978
9103 562 -0.121572 -0.574015 -0.003831
9104 564 0.020347 -0.581259 -0.004226
9105 565 0.125517 -0.574730 -0.001690
9106 566 -0.018264 -0.571642 -0.002200
9107 567 -0.004482 -0.558748 -0.000955
9108 568 -0.101154 -0.544203 0.001479
9109 569 -0.103681 -0.553386 -0.000344
9110 571 0.156117 -0.525194 -0.001711
9111 572 0.100323 -0.498287 -0.003303
9112 573 0.096760 -0.488818 -0.003246
9113 574 -0.010661 -0.492668 -0.002501
9114 575 -0.038625 -0.493159 -0.005429
9115 576 -0.087876 -0.476083 0.000657
9116 577 -0.095121 -0.499052 -0.002826
9118 579 -0.272949 -0.483704 -0.001258
9119 580 -0.056320 -0.482794 -0.003242
9120 581 -0.058186 -0.481893 -0.000773
9122 583 -0.217352 -0.476813 -0.001623
9123 584 -0.200199 -0.493821 -0.002961
9124 585 -0.207445 -0.495306 0.000183
9125 587 0.137187 -0.509420 -0.001983
9126 588 0.041406 -0.510946 -0.000292
9127 589 -0.000419 -0.503432 0.001261
9128 590 -0.009814 -0.516723 0.003320
9129 591 -0.095809 -0.508219 0.000887
9130 593 0.204686 -0.474829 -0.001281
9132 594 -0.231956 -0.441462 -0.000366
9133 595 -0.147742 -0.432099 0.000240
9134 597 -0.016666 -0.430398 0.000735
9135 598 -0.050596 -0.408041 -0.000470
9136 599 -0.119781 -0.394839 0.002154
9137 600 -0.084698 -0.384182 0.001772
9138 602 0.165580 -0.375070 0.003528
9139 603 0.149168 -0.365174 0.004667
9140 604 0.122582 -0.354273 0.003688
9141 605 0.065893 -0.337879 0.004661
9142 606 0.018014 -0.316711 0.006018
9143 607 -0.079525 -0.295666 0.004426
9144 608 -0.107381 -0.280102 0.007710
9145 609 -0.105695 -0.245613 0.008417
9146 610 -0.181096 -0.227397 0.008358
9147 612 0.159475 -0.220793 0.010256
9148 613 0.046114 -0.203991 0.009497
9149 614 -0.009265 -0.194567 0.008663
9150 615 -0.019399 -0.185109 0.010514
9151 616 -0.063214 -0.164436 0.011436
9152 618 0.165294 -0.152322 0.011143
9153 619 0.156335 -0.130100 0.010553
9154 620 0.149911 -0.111010 0.010461
9155 621 0.069052 -0.115914 0.011522
9156 622 -0.038913 -0.109472 0.010572
9157 623 -0.035303 -0.084839 0.010358
9158 624 -0.081651 -0.054566 0.011322
9159 625 -0.084270 -0.049812 0.011138
9160 626 -0.081685 -0.029415 0.011693
9161 628 0.148411 -0.018255 0.013768
9162 629 0.083541 -0.005296 0.011880
9163 630 0.086476 -0.010822 0.011763
9164 631 0.088311 -0.011775 0.013400
9165 632 -0.020120 -0.014768 0.012593
9166 633 -0.015311 -0.000970 0.012255
9167 634 -0.064903 0.014717 0.014387
9168 635 -0.117514 0.019741 0.014324
9169 636 -0.102633 0.025473 0.014262
9170 637 -0.165804 0.031750 0.013895
9171 639 0.126612 0.031718 0.014777
9172 640 0.140353 0.037685 0.013607
9173 641 0.093123 0.041354 0.013280
9174 642 0.104745 0.061962 0.014319
9175 643 0.071319 0.062475 0.013819
9176 644 0.021987 0.060524 0.019416
9177 645 0.027518 0.058335 0.018242
9178 646 0.071655 0.067244 0.022430
9179 647 -0.056550 0.069020 0.015551
9180 648 -0.116004 0.071952 0.018834
9181 649 -0.088628 0.081340 0.017572
9182 650 -0.117051 0.072864 0.015684
9183 651 -0.128227 0.084401 0.019306
9184 652 -0.098785 0.098901 0.019878
9185 653 -0.114090 0.093740 0.019525
9186 654 -0.099479 0.095097 0.021773
9187 656 0.140810 0.100414 0.026168
9188 657 0.164372 0.097690 0.024796
9189 658 0.168659 0.102648 0.026233
9190 659 0.185750 0.095405 0.024868
9191 660 0.046740 0.133939 0.026088
9192 661 0.067848 0.129055 0.027259
9193 662 0.066627 0.140232 0.027433
9194 663 -0.007813 0.157950 0.029066
9195 664 0.016800 0.154501 0.029663
9196 665 -0.047606 0.153355 0.034432
9197 666 -0.013875 0.171737 0.034048
9198 667 -0.031680 0.175137 0.032994
9199 668 0.019383 0.187776 0.036970
9200 669 -0.043675 0.182925 0.033957
9201 670 -0.110575 0.187045 0.035061
9202 671 -0.088103 0.204091 0.035711
9203 672 -0.048583 0.210268 0.036779
9204 673 -0.079069 0.214462 0.035106
9205 674 -0.171261 0.206340 0.035196
9206 675 -0.128767 0.219184 0.035751
9207 676 -0.226847 0.215212 0.032713
9208 677 -0.094866 0.222476 0.031205
9209 678 -0.139975 0.223630 0.033026
9210 679 -0.113756 0.233529 0.033129
9211 680 -0.093798 0.232065 0.031678
9212 681 -0.164881 0.225784 0.030556
9213 682 -0.092081 0.244007 0.031727
9214 683 -0.055752 0.243683 0.036179
9215 684 -0.197627 0.235739 0.035806
9216 685 -0.145997 0.250805 0.036857
9217 686 -0.001108 0.267316 0.040484
9218 687 0.018185 0.289878 0.039551
9219 688 -0.007896 0.301667 0.037510
9220 689 -0.021588 0.302122 0.037313
9221 690 0.045847 0.304267 0.034096
9222 691 0.049974 0.315792 0.037309
9223 692 0.135114 0.314477 0.039007
9225 693 -0.183265 0.291535 0.038269
9226 694 -0.054847 0.272910 0.036090
9227 695 0.045018 0.276224 0.039343
9229 696 -0.149781 0.272012 0.037878
9230 697 -0.073216 0.279926 0.041337
9231 698 -0.084133 0.303481 0.038446
9232 699 -0.008419 0.306913 0.036055
9233 700 -0.028805 0.291448 0.038119
9235 701 -0.177614 0.265465 0.039206
9236 702 -0.094432 0.284559 0.039907
9237 703 -0.090870 0.279052 0.038349
9238 704 0.048585 0.277233 0.039049
9240 705 -0.134468 0.272328 0.037231
9242 706 -0.165814 0.270437 0.038780
9243 707 -0.060434 0.273582 0.037308
9245 708 -0.086330 0.279505 0.036036
9246 709 -0.023447 0.283026 0.039046
9247 710 -0.002001 0.299507 0.038499
9249 711 -0.125064 0.293432 0.036761
9251 712 -0.219837 0.287192 0.030092
9252 713 0.003361 0.286602 0.030123
9254 714 -0.029179 0.271132 0.029181
9256 715 -0.088099 0.269255 0.030046
9258 716 -0.082577 0.260589 0.028681
9259 717 0.080619 0.248259 0.027313
9261 718 -0.080302 0.235152 0.026280
9263 719 -0.128424 0.220424 0.023402
9265 720 -0.172379 0.202274 0.020106
9267 721 -0.130334 0.215389 0.019337
9269 722 -0.077643 0.212258 0.012433
9271 723 -0.084629 0.179658 0.009951
9274 724 -0.100319 0.160563 0.009938
9277 725 -0.127246 0.137014 0.005174
9280 726 -0.123019 0.104757 0.007005
9284 727 -0.114875 0.064621 0.012364
9289 728 -0.144276 0.022951 0.013174
9294 729 -0.129720 -0.024793 0.013306
9302 730 -0.148954 -0.089790 0.009177
9343 731 -0.248029 -0.157589 0.007873
9410 732 -0.237928 -0.163788 0.003665
9470 733 -0.200611 -0.160793 0.000966
9505 734 -0.039744 -0.149098 -0.004435
9506 734 -0.047158 -0.149203 -0.004365
