Version "Locarno 3.0"
BuildNumber 3002
Product bumblebee
SerialNumber 8060937
PartID BB2-03S2C-38
SensorResolution 640 480
Date 03-Sep-2008 14:02:09
Debug off

Resolution 240 320
LowPass on
Rectify on
EdgeCorrelation on
DoStereo on
EdgeMaskSize 7
StereoMaskSize 11

Disparity 0 64
DisparityMappingOn off
DisparityMapping 0 64
TextureValidation on
TextureValidationThreshold 0.2
TextureValidationMapping 255
UniqueValidation off
UniqueValidationThreshold 0.8
UniqueValidationMapping 254
SubPixelInterpolate off
StrictSubpixelValidation off
SurfaceValidation on
SurfaceValidationMapping 253
SurfaceValidationDifference 1
SurfaceValidationSize 200

CameraConfiguration 2CameraHorizontal
FocalLength 0.771267 1.02836 
ImageCenter 0.503626 0.514595
BaseLine 0.119997 

ShearAngle 90 
SkewingMatrix 1 -2.71049e-20 0 0 0 1 0 0 0 0 1 0 0 0 0 1 
UnskewingMatrix 1 2.71049e-20 0 0 0 1 0 0 -0 -0 1 0 0 0 0 1 
BeginCamera
  Id 0
  Channel red
  Position 0 0 0
  Gain 1
  Warp 0 1
  IWarp 6 7
EndCamera

BeginCamera
  Id 1
  Channel green
  Position -1 0 0
  Gain 1
  Warp 2 3
  IWarp 8 9
EndCamera

BeginWarp
  Id 0
  NumberKnots 13
  KnotsX 0 0 0 0 0.166667 0.333333 0.5 0.666667 0.833333 1 1 1 1
  KnotsY 0 0 0 0 0.166667 0.333333 0.5 0.666667 0.833333 1 1 1 1
  NumberCoefs 9 9
  Coefs
  0.0532039 0.0480442 0.0387225 0.0294352 0.0261852 0.0295224
  0.0390138 0.0485958 0.053917 0.0924774 0.0874861 0.0784372
  0.0693972 0.0662509 0.0695497 0.078857 0.0882068 0.0933791
  0.178189 0.1738 0.165794 0.157785 0.155065 0.15813
  0.166579 0.174985 0.179601 0.327647 0.325196 0.320749
  0.316504 0.315329 0.317382 0.322503 0.32755 0.330307
  0.490604 0.490803 0.49123 0.491943 0.492697 0.493453
  0.494169 0.494597 0.494796 0.653915 0.656775 0.662096
  0.667778 0.670451 0.669875 0.666133 0.661902 0.659525
  0.804276 0.809095 0.818007 0.827462 0.831639 0.829962
  0.82277 0.815096 0.810821 0.890756 0.896182 0.906138
  0.916599 0.92115 0.919167 0.911037 0.902369 0.897514
  0.930419 0.936013 0.946237 0.956924 0.961549 0.959493
  0.951144 0.942224 0.93721 
EndWarp

BeginWarp
  Id 1
  NumberKnots 12
  KnotsX 0 0 0 0 0.2 0.4 0.6 0.8 1 1 1 1
  KnotsY 0 0 0 0 0.2 0.4 0.6 0.8 1 1 1 1
  NumberCoefs 8 8
  Coefs
  0.0566554 0.108468 0.218852 0.400012 0.587644 0.77027
  0.882273 0.934944 0.0448869 0.0975556 0.210256 0.396454
  0.589799 0.777627 0.892116 0.945724 0.0222651 0.0764273
  0.193358 0.389316 0.593958 0.791925 0.911019 0.966294
  0.000494777 0.055961 0.176934 0.382098 0.596927 0.804444
  0.928042 0.984838 -0.00156685 0.0539076 0.174932 0.3803
  0.595417 0.803234 0.926999 0.983867 0.0164664 0.0706647
  0.187747 0.384227 0.589605 0.788351 0.907896 0.963372
  0.0371425 0.0898786 0.202801 0.389638 0.583854 0.772618
  0.887678 0.941547 0.048061 0.0999575 0.210598 0.392442
  0.580989 0.764604 0.877222 0.930177 
EndWarp

BeginWarp
  Id 2
  NumberKnots 13
  KnotsX 0 0 0 0 0.166667 0.333333 0.5 0.666667 0.833333 1 1 1 1
  KnotsY 0 0 0 0 0.166667 0.333333 0.5 0.666667 0.833333 1 1 1 1
  NumberCoefs 9 9
  Coefs
  0.0695581 0.0643054 0.0547853 0.0451809 0.0416232 0.0446852
  0.0539379 0.0633813 0.0686376 0.108918 0.103825 0.0945579
  0.0851711 0.0816938 0.0847047 0.0937684 0.102979 0.108086
  0.194764 0.190253 0.181983 0.173557 0.170455 0.173213
  0.18142 0.189691 0.194243 0.344369 0.341771 0.337009
  0.332271 0.330656 0.332366 0.337226 0.342134 0.344827
  0.507491 0.507541 0.50766 0.5079 0.508196 0.508534
  0.508894 0.509135 0.509252 0.670944 0.673657 0.678682
  0.683919 0.686125 0.685074 0.680899 0.67644 0.673965
  0.821389 0.826049 0.834643 0.84362 0.847315 0.845164
  0.837546 0.829643 0.825268 0.907931 0.913191 0.922814
  0.932777 0.93684 0.934394 0.925853 0.916959 0.912002
  0.947632 0.953058 0.962944 0.973128 0.977264 0.974749
  0.965992 0.956845 0.951729 
EndWarp

BeginWarp
  Id 3
  NumberKnots 12
  KnotsX 0 0 0 0 0.2 0.4 0.6 0.8 1 1 1 1
  KnotsY 0 0 0 0 0.2 0.4 0.6 0.8 1 1 1 1
  NumberCoefs 8 8
  Coefs
  0.0692942 0.121142 0.231571 0.412809 0.600572 0.783376
  0.895526 0.948278 0.0576587 0.110349 0.223067 0.409322
  0.602793 0.790791 0.905418 0.959103 0.0353396 0.0894957
  0.206387 0.40237 0.607155 0.805287 0.924495 0.979838
  0.0141916 0.0696171 0.190476 0.395703 0.610799 0.818483
  0.94212 0.998951 0.0130874 0.0685307 0.189457 0.394874
  0.610205 0.818123 0.941882 0.99876 0.0322845 0.0864942
  0.203563 0.400034 0.605437 0.804176 0.923702 0.979173
  0.0536694 0.106438 0.219389 0.406225 0.600424 0.789142
  0.90416 0.958011 0.0649163 0.116854 0.227539 0.409389
  0.597907 0.781462 0.894031 0.946962 
EndWarp

BeginWarp
  Id 6
  NumberKnots 13
  KnotsX 0 0 0 0 0.166667 0.333333 0.5 0.666667 0.833333 1 1 1 1
  KnotsY 0 0 0 0 0.166667 0.333333 0.5 0.666667 0.833333 1 1 1 1
  NumberCoefs 9 9
  Coefs
  -0.0942629 -0.0806499 -0.0594934 -0.0421695 -0.0369349 -0.0430335
  -0.0612319 -0.0829861 -0.096903 -0.00270326 0.00842279 0.0256061
  0.0395229 0.043629 0.0385883 0.023717 0.00586747 -0.00560424
  0.151783 0.158877 0.169679 0.178189 0.180516 0.177143
  0.167553 0.15598 0.148478 0.339461 0.342349 0.34664
  0.349794 0.350377 0.348608 0.34422 0.33903 0.335659
  0.509462 0.509035 0.5083 0.507429 0.506709 0.506097
  0.505571 0.505272 0.505135 0.679927 0.676146 0.670314
  0.665349 0.663292 0.663833 0.667193 0.671814 0.674926
  0.86923 0.861132 0.848596 0.838073 0.834165 0.83629
  0.844902 0.855969 0.863245 1.02592 1.0137 0.994597
  0.978467 0.972658 0.9764 0.990295 1.00765 1.0189
  1.11891 1.10416 1.081 1.06136 1.05435 1.0591
  1.07629 1.09753 1.1112 
EndWarp

BeginWarp
  Id 7
  NumberKnots 12
  KnotsX 0 0 0 0 0.2 0.4 0.6 0.8 1 1 1 1
  KnotsY 0 0 0 0 0.2 0.4 0.6 0.8 1 1 1 1
  NumberCoefs 8 8
  Coefs
  -0.09997 -0.00210225 0.171518 0.398161 0.614431 0.840043
  1.01207 1.10878 -0.0692655 0.0232434 0.187792 0.403784
  0.610422 0.825513 0.988658 1.08015 -0.0269315 0.0579339
  0.209802 0.411453 0.60536 0.806295 0.957038 1.04108
  0.000216078 0.0800614 0.223817 0.416755 0.603138 0.795503
  0.93835 1.01753 0.0014967 0.0813691 0.225169 0.418139
  0.604557 0.797014 0.94 1.01927 -0.023057 0.0618832
  0.213898 0.415719 0.60983 0.811152 0.962372 1.04672
  -0.0633412 0.0292346 0.193986 0.410335 0.617444 0.833283
  0.997209 1.08916 -0.0926818 0.00520915 0.179017 0.406106
  0.623004 0.84957 1.02252 1.11976 
EndWarp

BeginWarp
  Id 8
  NumberKnots 13
  KnotsX 0 0 0 0 0.166667 0.333333 0.5 0.666667 0.833333 1 1 1 1
  KnotsY 0 0 0 0 0.166667 0.333333 0.5 0.666667 0.833333 1 1 1 1
  NumberCoefs 9 9
  Coefs
  -0.124813 -0.109891 -0.0864547 -0.0666311 -0.0596861 -0.0647166
  -0.0823428 -0.103958 -0.117849 -0.0300582 -0.0177359 0.00150984
  0.0176496 0.0232474 0.01911 0.00468835 -0.0130862 -0.0245621
  0.129311 0.137376 0.149822 0.160055 0.163503 0.160778
  0.151466 0.139885 0.132338 0.320889 0.324472 0.329917
  0.334248 0.335588 0.334245 0.330002 0.324732 0.321273
  0.492474 0.492557 0.492646 0.492601 0.492407 0.49207
  0.491564 0.491073 0.490774 0.66286 0.6595 0.654331
  0.649996 0.648297 0.648935 0.652073 0.656258 0.659054
  0.850298 0.842635 0.830759 0.820785 0.817063 0.818986
  0.826909 0.837082 0.843768 1.00379 0.992077 0.973745
  0.958167 0.952389 0.955605 0.968298 0.984281 0.994662
  1.09431 1.08013 1.05783 1.03875 1.03168 1.03572
  1.0514 1.07097 1.08362 
EndWarp

BeginWarp
  Id 9
  NumberKnots 12
  KnotsX 0 0 0 0 0.2 0.4 0.6 0.8 1 1 1 1
  KnotsY 0 0 0 0 0.2 0.4 0.6 0.8 1 1 1 1
  NumberCoefs 8 8
  Coefs
  -0.126117 -0.0256275 0.152212 0.382773 0.601252 0.827781
  0.999469 1.09566 -0.0932483 0.00165096 0.169953 0.389244
  0.597598 0.813241 0.975889 1.06679 -0.0474821 0.0393343
  0.194113 0.398006 0.592804 0.793679 0.943625 1.02694
  -0.0175726 0.0637261 0.20951 0.403684 0.590187 0.781844
  0.923454 1.00166 -0.0153028 0.0656727 0.210937 0.404557
  0.590597 0.781752 0.922917 1.00085 -0.039959 0.0457948
  0.19884 0.400833 0.594013 0.79316 0.941617 1.02403
  -0.0806858 0.0124606 0.177854 0.393849 0.599341 0.811969
  0.972107 1.06152 -0.110306 -0.0120065 0.162168 0.388507
  0.603288 0.825944 0.994461 1.08879 
EndWarp

