001 7757876.099869 -363551.992373 0.000000 0.000000 -0.595496
002 7757883.924499 -363558.405375 0.000000 0.000000 -0.677534
003 7757891.216486 -363565.401947 0.000000 0.000000 -1.181496
004 7757887.635211 -363574.757377 0.000000 0.000000 -2.176938
005 7757888.738298 -363584.859174 0.000000 0.000000 -0.932517
006 7757895.870471 -363592.127225 0.000000 0.000000 -0.710417
007 7757903.665128 -363598.624326 0.000000 0.000000 -0.695481
008 7757911.375381 -363605.112526 0.000000 0.000000 -0.698072
009 7757919.359651 -363611.971025 0.000000 0.000000 -0.699381
010 7757927.079367 -363618.964907 0.000000 0.000000 -0.700435
011 7757934.466497 -363625.881632 0.000000 0.000000 -0.680635
012 7757942.188729 -363632.693227 0.000000 0.000000 -0.677215
013 7757949.743229 -363639.390251 0.000000 0.000000 -0.748159
014 7757956.740243 -363646.748130 0.000000 0.000000 -0.933468
015 7757962.005372 -363655.390670 0.000000 0.000000 -1.204558
016 7757964.490202 -363665.097387 0.000000 0.000000 -1.501551
017 7757963.505413 -363675.323487 0.000000 0.000000 -1.823393
018 7757959.201929 -363684.450991 0.000000 0.000000 -2.131694
019 7757952.354050 -363692.312698 0.000000 0.000000 -2.312859
020 7757944.803449 -363699.410238 0.000000 0.000000 -2.300720
021 7757937.721054 -363706.534327 0.000000 0.000000 -2.277082
022 7757930.449081 -363713.644764 0.000000 0.000000 -2.381825
023 7757922.261671 -363719.825955 0.000000 0.000000 -2.575701
024 7757913.105463 -363724.252792 0.000000 0.000000 -2.743803
025 7757904.112798 -363728.737247 0.000000 0.000000 -2.528758
026 7757895.179983 -363734.699856 0.000000 0.000000 -2.496802
027 7757886.984844 -363740.510776 0.000000 0.000000 -2.497252
028 7757878.945522 -363746.762684 0.000000 0.000000 -2.486025
029 7757871.005808 -363753.054487 0.000000 0.000000 -2.471127
030 7757862.906924 -363759.658041 0.000000 0.000000 -2.453793
031 7757854.669939 -363766.148306 0.000000 0.000000 -2.459589
032 7757846.525555 -363772.079720 0.000000 0.000000 -2.473863
033 7757838.275575 -363778.403466 0.000000 0.000000 -2.480690
034 7757830.207625 -363784.860372 0.000000 0.000000 -2.469097
035 7757822.449783 -363791.252952 0.000000 0.000000 -2.452723
036 7757814.277433 -363797.863029 0.000000 0.000000 -2.456927
037 7757805.940758 -363804.221357 0.000000 0.000000 -2.467115
038 7757797.850574 -363810.261919 0.000000 0.000000 -2.473475
039 7757789.873988 -363816.376305 0.000000 0.000000 -2.465153
040 7757781.969572 -363822.512538 0.000000 0.000000 -2.454047
041 7757774.115473 -363828.974698 0.000000 0.000000 -2.378030
042 7757766.915062 -363835.970853 0.000000 0.000000 -2.364605
043 7757759.598137 -363843.063425 0.000000 0.000000 -2.388201
044 7757751.826857 -363849.655415 0.000000 0.000000 -2.516722
045 7757743.110216 -363854.872797 0.000000 0.000000 -2.640449
046 7757734.191841 -363859.744186 0.000000 0.000000 -2.555168
047 7757725.810743 -363865.199203 0.000000 0.000000 -2.461758
048 7757717.550327 -363871.127842 0.000000 0.000000 -2.439453
049 7757709.554532 -363877.362513 0.000000 0.000000 -2.451918
050 7757701.567561 -363883.584435 0.000000 0.000000 -2.453716
051 7757693.497061 -363889.754189 0.000000 0.000000 -2.456808
052 7757685.391541 -363896.046450 0.000000 0.000000 -2.454816
053 7757677.494326 -363902.183784 0.000000 0.000000 -2.457229
054 7757669.384343 -363908.722433 0.000000 0.000000 -2.452261
055 7757661.303863 -363915.127192 0.000000 0.000000 -2.453435
056 7757653.056642 -363921.206022 0.000000 0.000000 -2.461864
057 7757644.745477 -363927.279212 0.000000 0.000000 -2.475306
058 7757636.507193 -363933.512164 0.000000 0.000000 -2.479274
059 7757628.680446 -363939.835139 0.000000 0.000000 -2.459686
060 7757620.873624 -363946.194644 0.000000 0.000000 -2.446812
061 7757613.093303 -363952.677473 0.000000 0.000000 -2.438839
062 7757605.384531 -363959.384426 0.000000 0.000000 -2.373546
063 7757598.252811 -363966.500805 0.000000 0.000000 -2.266492
064 7757590.927977 -363973.624254 0.000000 0.000000 -2.422568
065 7757582.518426 -363979.651272 0.000000 0.000000 -2.606081
066 7757573.727737 -363984.673234 0.000000 0.000000 -2.633105
067 7757564.507503 -363989.804326 0.000000 0.000000 -2.603945
068 7757555.568993 -363994.897045 0.000000 0.000000 -2.598753
069 7757546.594388 -363999.945316 0.000000 0.000000 -2.609092
070 7757537.769562 -364004.748961 0.000000 0.000000 -2.607855
071 7757528.651999 -364009.899707 0.000000 0.000000 -2.583062
072 7757519.907555 -364015.413542 0.000000 0.000000 -2.551875
073 7757510.984666 -364021.403826 0.000000 0.000000 -2.511761
074 7757502.934275 -364027.559633 0.000000 0.000000 -2.467556
075 7757495.012358 -364034.175631 0.000000 0.000000 -2.448643
076 7757487.244174 -364040.741559 0.000000 0.000000 -2.433949
077 7757479.480381 -364047.270728 0.000000 0.000000 -2.434824
078 7757471.488707 -364053.840478 0.000000 0.000000 -2.451422
079 7757463.544702 -364060.071953 0.000000 0.000000 -2.503586
080 7757454.868649 -364065.893775 0.000000 0.000000 -2.572900
081 7757445.792328 -364071.051691 0.000000 0.000000 -2.631925
082 7757436.482443 -364075.703107 0.000000 0.000000 -2.687425
083 7757426.839443 -364080.113386 0.000000 0.000000 -2.721411
084 7757417.183569 -364083.865048 0.000000 0.000000 -2.764277
085 7757407.555668 -364087.291526 0.000000 0.000000 -2.793678
086 7757397.852118 -364090.181191 0.000000 0.000000 -2.836409
087 7757387.896668 -364092.464047 0.000000 0.000000 -2.890785
088 7757378.007520 -364094.522614 0.000000 0.000000 -2.934219
089 7757368.116906 -364096.376140 0.000000 0.000000 -2.965814
090 7757358.178827 -364097.786359 0.000000 0.000000 -2.988518
091 7757348.236534 -364098.932570 0.000000 0.000000 -3.033930
092 7757338.269770 -364099.966605 0.000000 0.000000 -3.044780
093 7757327.853322 -364100.809162 0.000000 0.000000 -3.097542
094 7757317.774808 -364100.888116 0.000000 0.000000 3.127762
095 7757307.530408 -364100.078470 0.000000 0.000000 3.101275
096 7757297.290387 -364099.150312 0.000000 0.000000 3.088721
097 7757286.707650 -364098.332619 0.000000 0.000000 3.092564
098 7757276.600672 -364097.165550 0.000000 0.000000 3.049471
099 7757266.525009 -364095.160062 0.000000 0.000000 2.986881
100 7757256.321864 -364092.979291 0.000000 0.000000 2.967902
101 7757246.043619 -364090.941892 0.000000 0.000000 2.959372
102 7757236.168394 -364088.973778 0.000000 0.000000 2.944770
103 7757226.012337 -364087.142877 0.000000 0.000000 2.943144
104 7757215.572862 -364084.932206 0.000000 0.000000 2.932194
105 7757205.500444 -364082.202140 0.000000 0.000000 2.919962
106 7757195.458471 -364079.856413 0.000000 0.000000 2.949937
107 7757185.210586 -364078.170119 0.000000 0.000000 3.001495
108 7757175.239818 -364077.058071 0.000000 0.000000 3.068832
109 7757164.714782 -364076.154817 0.000000 0.000000 3.096577
110 7757154.640542 -364075.590584 0.000000 0.000000 3.094052
111 7757144.253766 -364074.776056 0.000000 0.000000 3.071911
112 7757134.017717 -364073.687687 0.000000 0.000000 3.052695
113 7757123.797868 -364072.416179 0.000000 0.000000 3.031821
114 7757113.509878 -364071.048414 0.000000 0.000000 3.034215
115 7757103.313617 -364069.848055 0.000000 0.000000 3.052513
116 7757092.966278 -364068.789968 0.000000 0.000000 3.071420
117 7757082.739033 -364067.910466 0.000000 0.000000 3.092705
118 7757072.547651 -364067.326867 0.000000 0.000000 3.108325
119 7757062.403516 -364066.778491 0.000000 0.000000 3.089425
120 7757052.109072 -364066.160545 0.000000 0.000000 3.070671
121 7757041.812467 -364065.341362 0.000000 0.000000 3.055687
122 7757031.087723 -364064.328717 0.000000 0.000000 3.057580
123 7757020.368316 -364062.845100 0.000000 0.000000 3.038574
124 7757010.249045 -364061.722790 0.000000 0.000000 3.039308
125 7757000.244080 -364060.371725 0.000000 0.000000 3.034803
126 7756989.887507 -364058.908203 0.000000 0.000000 3.028151
127 7756979.754540 -364057.315903 0.000000 0.000000 3.020305
128 7756969.831443 -364056.007311 0.000000 0.000000 3.025142
129 7756959.790304 -364054.748281 0.000000 0.000000 3.033448
130 7756949.742078 -364053.620841 0.000000 0.000000 3.045670
131 7756939.657136 -364052.441688 0.000000 0.000000 3.041908
132 7756929.563627 -364051.171675 0.000000 0.000000 3.036349
133 7756919.280936 -364049.814789 0.000000 0.000000 3.030822
134 7756909.120932 -364048.276462 0.000000 0.000000 3.017459
135 7756899.143081 -364046.985524 0.000000 0.000000 3.020669
136 7756889.004888 -364045.632645 0.000000 0.000000 3.024020
137 7756878.870915 -364044.174161 0.000000 0.000000 3.024933
138 7756868.543310 -364042.765112 0.000000 0.000000 3.025618
139 7756858.368629 -364041.622327 0.000000 0.000000 3.027968
140 7756848.195670 -364040.480155 0.000000 0.000000 3.047608
141 7756838.076051 -364039.259471 0.000000 0.000000 3.046152
142 7756828.035666 -364037.604211 0.000000 0.000000 2.992299
143 7756818.204547 -364035.552471 0.000000 0.000000 2.949345
144 7756808.332053 -364033.146073 0.000000 0.000000 2.907196
145 7756798.463558 -364030.241986 0.000000 0.000000 2.847775
146 7756788.689179 -364026.769277 0.000000 0.000000 2.826356
147 7756779.221726 -364022.976290 0.000000 0.000000 2.840772
148 7756769.789221 -364019.396073 0.000000 0.000000 2.812273
149 7756760.262881 -364016.144399 0.000000 0.000000 2.809907
150 7756750.545230 -364012.344928 0.000000 0.000000 2.771807
151 7756741.138208 -364007.903178 0.000000 0.000000 2.721216
152 7756732.167617 -364003.230159 0.000000 0.000000 2.683122
153 7756722.972259 -363998.318732 0.000000 0.000000 2.657276
154 7756714.056470 -363993.351350 0.000000 0.000000 2.624303
155 7756705.461151 -363988.190331 0.000000 0.000000 2.617770
156 7756696.903366 -363982.568017 0.000000 0.000000 2.598993
157 7756687.697618 -363976.793816 0.000000 0.000000 2.603584
158 7756678.769839 -363971.099353 0.000000 0.000000 2.598386
159 7756670.229630 -363965.627907 0.000000 0.000000 2.594432
160 7756661.697212 -363960.237948 0.000000 0.000000 2.595709
161 7756652.579428 -363954.528062 0.000000 0.000000 2.592950
162 7756643.937108 -363949.223420 0.000000 0.000000 2.604375
163 7756634.841027 -363943.480194 0.000000 0.000000 2.604587
164 7756626.297230 -363938.238867 0.000000 0.000000 2.603108
165 7756617.356482 -363932.685904 0.000000 0.000000 2.596687
166 7756608.437367 -363927.390736 0.000000 0.000000 2.611886
167 7756599.402450 -363922.076984 0.000000 0.000000 2.621306
168 7756590.355188 -363916.857121 0.000000 0.000000 2.630749
169 7756581.697180 -363911.708102 0.000000 0.000000 2.618635
170 7756572.819012 -363906.209888 0.000000 0.000000 2.609052
171 7756564.140388 -363901.094217 0.000000 0.000000 2.609143
172 7756555.769557 -363895.587548 0.000000 0.000000 2.561930
173 7756547.533456 -363889.577613 0.000000 0.000000 2.435623
174 7756540.254983 -363882.652845 0.000000 0.000000 2.275439
175 7756534.512612 -363874.326372 0.000000 0.000000 2.105875
176 7756530.095751 -363865.136220 0.000000 0.000000 1.983250
177 7756526.605532 -363855.485632 0.000000 0.000000 1.836486
178 7756525.065319 -363845.595404 0.000000 0.000000 1.651068
179 7756525.061160 -363834.986596 0.000000 0.000000 1.539524
180 7756525.980503 -363824.937396 0.000000 0.000000 1.496266
181 7756527.482607 -363814.814251 0.000000 0.000000 1.463636
182 7756529.325619 -363804.680115 0.000000 0.000000 1.439019
183 7756531.410671 -363794.691953 0.000000 0.000000 1.374649
184 7756534.104765 -363784.720061 0.000000 0.000000 1.265194
185 7756538.033419 -363775.089944 0.000000 0.000000 1.109915
186 7756543.167856 -363766.141924 0.000000 0.000000 0.977072
187 7756549.799402 -363758.103490 0.000000 0.000000 0.820473
188 7756557.008484 -363751.050933 0.000000 0.000000 0.757739
189 7756564.941692 -363744.426997 0.000000 0.000000 0.728751
190 7756573.407622 -363737.968486 0.000000 0.000000 0.706349
191 7756581.830111 -363731.726833 0.000000 0.000000 0.680607
192 7756590.253408 -363725.436807 0.000000 0.000000 0.658128
193 7756598.426725 -363719.222868 0.000000 0.000000 0.652076
194 7756606.492025 -363713.183922 0.000000 0.000000 0.655598
195 7756615.127867 -363706.618265 0.000000 0.000000 0.679552
196 7756623.396150 -363700.344000 0.000000 0.000000 0.670103
197 7756631.371812 -363694.239839 0.000000 0.000000 0.659163
198 7756639.651554 -363687.980983 0.000000 0.000000 0.657481
199 7756647.949669 -363681.714779 0.000000 0.000000 0.657456
200 7756656.023717 -363675.286925 0.000000 0.000000 0.683134
201 7756664.373372 -363669.485889 0.000000 0.000000 0.524787
202 7756673.224894 -363664.403764 0.000000 0.000000 0.480618
203 7756682.752091 -363660.097959 0.000000 0.000000 0.409888
204 7756692.366792 -363657.010531 0.000000 0.000000 0.322393
205 7756702.351516 -363654.710680 0.000000 0.000000 0.214218
206 7756712.621480 -363653.496198 0.000000 0.000000 0.106962
207 7756723.159023 -363653.354830 0.000000 0.000000 0.007924
208 7756733.580363 -363653.776566 0.000000 0.000000 -0.056410
209 7756743.810372 -363654.614719 0.000000 0.000000 -0.080241
210 7756754.403549 -363655.475675 0.000000 0.000000 -0.076459
211 7756764.481688 -363656.591329 0.000000 0.000000 -0.088106
212 7756774.495587 -363657.941669 0.000000 0.000000 -0.110486
213 7756784.596593 -363659.148690 0.000000 0.000000 -0.109901
214 7756794.675783 -363660.373966 0.000000 0.000000 -0.109245
215 7756804.676610 -363661.681850 0.000000 0.000000 -0.102469
216 7756814.870864 -363663.313220 0.000000 0.000000 -0.124440
217 7756825.084489 -363664.700867 0.000000 0.000000 -0.124452
218 7756835.209561 -363665.888829 0.000000 0.000000 -0.111387
219 7756845.286714 -363667.187683 0.000000 0.000000 -0.116453
220 7756855.203888 -363668.597656 0.000000 0.000000 -0.128375
221 7756865.513588 -363670.242321 0.000000 0.000000 -0.136741
222 7756875.637874 -363671.883376 0.000000 0.000000 -0.144631
223 7756885.652759 -363673.201591 0.000000 0.000000 -0.121861
224 7756895.780059 -363674.204129 0.000000 0.000000 -0.104608
225 7756906.024024 -363675.478357 0.000000 0.000000 -0.112015
226 7756915.991633 -363676.744447 0.000000 0.000000 -0.110111
227 7756926.758735 -363678.134854 0.000000 0.000000 -0.111589
228 7756936.815794 -363679.413739 0.000000 0.000000 -0.109363
229 7756947.078173 -363680.891468 0.000000 0.000000 -0.119369
230 7756957.177975 -363682.358490 0.000000 0.000000 -0.129847
231 7756967.117277 -363683.499365 0.000000 0.000000 -0.118927
232 7756977.291000 -363684.651932 0.000000 0.000000 -0.103864
233 7756987.864729 -363685.674838 0.000000 0.000000 -0.089549
234 7756997.891342 -363686.742936 0.000000 0.000000 -0.088317
235 7757008.159587 -363688.035220 0.000000 0.000000 -0.107314
236 7757018.895035 -363689.493583 0.000000 0.000000 -0.120399
237 7757029.033535 -363690.849356 0.000000 0.000000 -0.118253
238 7757039.126382 -363692.015349 0.000000 0.000000 -0.100964
239 7757049.099631 -363693.119108 0.000000 0.000000 -0.105881
240 7757059.352342 -363694.832469 0.000000 0.000000 -0.118897
241 7757069.400370 -363696.325833 0.000000 0.000000 0.046227
242 7757079.317348 -363694.033845 0.000000 0.000000 0.490662
243 7757088.299361 -363689.470751 0.000000 0.000000 0.512201
244 7757097.066600 -363684.603885 0.000000 0.000000 0.509239
245 7757105.852632 -363679.331567 0.000000 0.000000 0.526024
246 7757114.634033 -363673.417863 0.000000 0.000000 0.555366
247 7757123.254571 -363667.489203 0.000000 0.000000 0.581555
248 7757131.713443 -363661.716071 0.000000 0.000000 0.591999
249 7757140.178140 -363656.374227 0.000000 0.000000 0.583405
250 7757148.800097 -363650.810345 0.000000 0.000000 0.626566
251 7757156.985613 -363644.775616 0.000000 0.000000 0.795221
252 7757163.612289 -363637.126381 0.000000 0.000000 1.103125
253 7757168.851435 -363628.244787 0.000000 0.000000 1.122958
254 7757174.399906 -363619.220114 0.000000 0.000000 1.001932
255 7757180.294316 -363610.685653 0.000000 0.000000 0.808616
256 7757187.461895 -363603.160599 0.000000 0.000000 0.678382
257 7757195.126106 -363596.601734 0.000000 0.000000 0.638304
258 7757203.238153 -363590.589677 0.000000 0.000000 0.642700
259 7757211.858551 -363584.636965 0.000000 0.000000 0.654628
260 7757220.364420 -363578.825583 0.000000 0.000000 0.657892
261 7757228.669566 -363573.180133 0.000000 0.000000 0.647891
262 7757237.039219 -363567.332780 0.000000 0.000000 0.666535
263 7757244.989777 -363561.209271 0.000000 0.000000 0.688587
264 7757252.684299 -363554.538150 0.000000 0.000000 0.729555
265 7757260.022311 -363547.742340 0.000000 0.000000 0.754582
266 7757267.235553 -363540.549446 0.000000 0.000000 0.777929
267 7757274.486264 -363533.220095 0.000000 0.000000 0.789992
268 7757282.011418 -363525.654427 0.000000 0.000000 0.807902
269 7757289.227803 -363518.657327 0.000000 0.000000 0.804808
270 7757296.877585 -363511.460676 0.000000 0.000000 0.792816
271 7757304.493343 -363504.606857 0.000000 0.000000 0.738166
272 7757312.703314 -363498.569684 0.000000 0.000000 0.555522
273 7757321.848881 -363493.992342 0.000000 0.000000 0.265278
274 7757332.097183 -363492.552611 0.000000 0.000000 -0.039673
275 7757342.212076 -363493.405122 0.000000 0.000000 -0.150979
276 7757352.120165 -363495.574277 0.000000 0.000000 -0.233874
277 7757361.597863 -363498.980443 0.000000 0.000000 -0.352845
278 7757370.713952 -363503.571988 0.000000 0.000000 -0.456186
279 7757379.436687 -363508.835338 0.000000 0.000000 -0.543854
280 7757387.595649 -363515.056791 0.000000 0.000000 -0.678000
281 7757395.115181 -363521.928593 0.000000 0.000000 -0.793735
282 7757402.259995 -363529.960355 0.000000 0.000000 -0.871646
283 7757408.202432 -363538.180395 0.000000 0.000000 -0.901668
284 7757413.685156 -363546.600485 0.000000 0.000000 -0.944523
285 7757419.130506 -363555.369209 0.000000 0.000000 -0.968481
286 7757424.784410 -363563.925008 0.000000 0.000000 -0.963709
287 7757430.913131 -363571.946515 0.000000 0.000000 -0.935429
288 7757437.363439 -363579.980819 0.000000 0.000000 -0.924960
289 7757443.491167 -363588.053718 0.000000 0.000000 -0.924293
290 7757449.678075 -363596.206656 0.000000 0.000000 -0.914711
291 7757455.992113 -363604.426430 0.000000 0.000000 -0.914738
292 7757462.170062 -363612.517526 0.000000 0.000000 -0.919447
293 7757468.354369 -363620.897121 0.000000 0.000000 -0.923211
294 7757474.602017 -363629.054948 0.000000 0.000000 -0.869538
295 7757481.413317 -363636.694404 0.000000 0.000000 -0.767746
296 7757489.116190 -363643.121842 0.000000 0.000000 -0.641178
297 7757497.776714 -363648.940257 0.000000 0.000000 -0.516266
298 7757506.875580 -363653.468715 0.000000 0.000000 -0.370203
299 7757516.514348 -363657.016059 0.000000 0.000000 -0.254775
300 7757526.612411 -363659.261314 0.000000 0.000000 -0.161317
301 7757536.928473 -363660.479867 0.000000 0.000000 -0.081967
302 7757547.014276 -363660.746902 0.000000 0.000000 -0.005832
303 7757557.546095 -363660.220910 0.000000 0.000000 0.069960
304 7757568.077003 -363659.074404 0.000000 0.000000 0.152340
305 7757578.114810 -363657.411924 0.000000 0.000000 0.205418
306 7757588.103470 -363655.060286 0.000000 0.000000 0.248026
307 7757598.334116 -363652.506977 0.000000 0.000000 0.296567
308 7757607.893495 -363649.105917 0.000000 0.000000 0.380094
309 7757616.995247 -363644.458847 0.000000 0.000000 0.531441
310 7757625.632629 -363638.849412 0.000000 0.000000 0.640539
311 7757633.817029 -363632.885918 0.000000 0.000000 0.655699
312 7757641.878184 -363626.646595 0.000000 0.000000 0.666833
313 7757650.102940 -363619.998469 0.000000 0.000000 0.683523
314 7757657.867407 -363613.689829 0.000000 0.000000 0.692064
315 7757666.253108 -363607.131383 0.000000 0.000000 0.691092
316 7757674.532002 -363601.293407 0.000000 0.000000 0.651600
317 7757682.700585 -363595.425722 0.000000 0.000000 0.637145
318 7757691.214038 -363589.327390 0.000000 0.000000 0.643097
319 7757699.512868 -363583.213303 0.000000 0.000000 0.659839
320 7757707.596251 -363577.090275 0.000000 0.000000 0.662833
321 7757715.384488 -363570.743588 0.000000 0.000000 0.680475
322 7757723.422475 -363563.737218 0.000000 0.000000 0.698258
323 7757731.588054 -363557.308191 0.000000 0.000000 0.688464
324 7757739.874597 -363551.121209 0.000000 0.000000 0.677655
325 7757748.315992 -363545.084894 0.000000 0.000000 0.662437
326 7757756.852070 -363539.087818 0.000000 0.000000 0.646131
327 7757765.242755 -363533.115762 0.000000 0.000000 0.611988
328 7757773.737846 -363527.751976 0.000000 0.000000 0.467147
329 7757783.284339 -363523.719801 0.000000 0.000000 0.276331
330 7757793.077420 -363521.645150 0.000000 0.000000 0.095153
331 7757803.106448 -363521.670914 0.000000 0.000000 -0.099385
332 7757813.295379 -363523.801250 0.000000 0.000000 -0.284745
333 7757822.537491 -363528.067942 0.000000 0.000000 -0.481702
334 7757830.797363 -363533.812290 0.000000 0.000000 -0.633307
335 7757838.676210 -363540.488152 0.000000 0.000000 -0.663373
336 7757846.513321 -363547.316597 0.000000 0.000000 -0.675977
337 7757853.970208 -363554.026010 0.000000 0.000000 -0.677230
338 7757861.628202 -363560.830763 0.000000 0.000000 -0.683969
339 7757869.064716 -363567.636610 0.000000 0.000000 -0.712845
340 7757876.698918 -363574.364295 0.000000 0.000000 -0.703817
341 7757886.163383 -363577.940479 0.000000 0.000000 0.352407
342 7757894.353662 -363571.747473 0.000000 0.000000 0.845660
343 7757900.391035 -363563.741775 0.000000 0.000000 1.259935
344 7757898.279473 -363553.865118 0.000000 0.000000 2.151347
345 7757891.685596 -363546.207363 0.000000 0.000000 2.375272
346 7757884.352508 -363539.268374 0.000000 0.000000 2.380193
347 7757876.599900 -363532.271355 0.000000 0.000000 2.420304
348 7757867.549165 -363527.947918 0.000000 0.000000 3.117038
349 7757859.725835 -363534.312538 0.000000 0.000000 -1.664231
350 7757864.212240 -363543.319312 0.000000 0.000000 -0.766697
351 7757871.288242 -363550.417758 0.000000 0.000000 -0.785441
352 7757878.935979 -363556.963538 0.000000 0.000000 -0.746131
