2667 2715 3.907929 -0.227316 -0.096774
2668 2715 3.794537 -0.223345 -0.095175
2669 2715 3.657723 -0.204612 -0.092142
2670 2715 3.490702 -0.187985 -0.088100
2671 2715 3.337119 -0.180362 -0.084688
2672 2715 3.172973 -0.160816 -0.080888
2673 2715 2.997963 -0.149143 -0.075595
2674 2715 2.818772 -0.135804 -0.071539
2675 2715 2.631438 -0.117374 -0.065932
2676 2715 2.507728 -0.119079 -0.063833
2677 2715 2.326525 -0.101767 -0.059292
2678 2715 2.176041 -0.093324 -0.055382
2679 2715 2.032428 -0.084451 -0.052998
2680 2715 1.900912 -0.082010 -0.050195
2681 2715 1.748945 -0.071758 -0.045853
2682 2715 1.648330 -0.067755 -0.043454
2683 2715 1.553221 -0.058642 -0.041123
2684 2715 1.446700 -0.055099 -0.038602
2685 2715 1.303001 -0.041503 -0.034339
2686 2715 1.283811 -0.038180 -0.034380
2687 2715 1.196458 -0.037245 -0.032272
2688 2715 1.137264 -0.038706 -0.031557
2689 2715 1.125749 -0.036738 -0.031150
2690 2715 1.040257 -0.027560 -0.029201
2691 2715 1.011565 -0.024104 -0.027685
2692 2715 0.919953 -0.022885 -0.024712
2693 2715 0.846553 -0.014912 -0.023017
2694 2715 0.795269 -0.014605 -0.020986
2695 2715 0.686031 -0.009759 -0.018504
2696 2715 0.635697 -0.008295 -0.017318
2697 2715 0.605712 -0.010471 -0.015634
2698 2715 0.526928 -0.003748 -0.014830
2699 2715 0.457491 -0.003073 -0.012430
2700 2715 0.425211 -0.001445 -0.011527
2701 2715 0.371300 -0.004155 -0.009307
2702 2715 0.335643 -0.002323 -0.008512
2703 2715 0.181896 -0.000356 -0.003676
2704 2715 0.008446 0.007193 0.000429
2705 2715 -0.263408 0.012165 0.008392
2706 2715 -0.123863 0.006248 0.003918
2707 2715 -0.215177 -0.006589 0.006711
2708 2715 -0.091552 0.001545 0.002591
2709 2715 -0.050787 0.008371 0.002032
2710 2715 0.016895 0.005377 -0.002194
2711 2715 0.114314 0.016169 -0.000769
2712 2715 -0.002173 0.010793 -0.000277
2713 2715 0.115630 0.011980 -0.001559
2714 2715 0.030164 0.004123 -0.001262
6535 6609 3.941881 -0.048551 -0.002330
6536 6609 3.868809 -0.045151 -0.002253
6537 6609 3.720276 -0.047854 -0.002771
6538 6609 3.665553 -0.045293 -0.002819
6539 6609 3.578606 -0.044665 -0.003230
6540 6609 3.505860 -0.043165 -0.003054
6541 6609 3.448741 -0.044173 -0.003341
6542 6609 3.391991 -0.044905 -0.003404
6543 6609 3.377501 -0.044779 -0.002995
6544 6609 3.317260 -0.044737 -0.003213
6545 6609 3.177696 -0.041322 -0.003291
6546 6609 3.110043 -0.038158 -0.003390
6547 6609 2.980874 -0.036583 -0.003648
6548 6609 3.001043 -0.044623 -0.003896
6549 6609 2.901807 -0.039260 -0.003550
6550 6609 2.795905 -0.035739 -0.003594
6551 6609 2.705348 -0.035049 -0.003768
6552 6609 2.665386 -0.037702 -0.003141
6553 6609 2.577425 -0.033398 -0.003313
6554 6609 2.513881 -0.037950 -0.003199
6555 6609 2.394341 -0.028948 -0.003051
6556 6609 2.304605 -0.029488 -0.003161
6557 6609 2.220007 -0.028812 -0.003303
6558 6609 2.142573 -0.029243 -0.003134
6559 6609 2.069819 -0.025793 -0.003074
6560 6609 2.018329 -0.027474 -0.003002
6561 6609 1.913020 -0.025394 -0.003327
6562 6609 1.863572 -0.025734 -0.003097
6563 6609 1.790262 -0.018167 -0.002864
6564 6609 1.744409 -0.024327 -0.002922
6565 6609 1.689501 -0.022558 -0.002846
6566 6609 1.617400 -0.020353 -0.002947
6567 6609 1.578112 -0.019162 -0.002417
6568 6609 1.505070 -0.019379 -0.002225
6569 6609 1.429893 -0.020617 -0.002412
6570 6609 1.392372 -0.018889 -0.002045
6571 6609 1.320931 -0.017765 -0.002150
6572 6609 1.275931 -0.017441 -0.002390
6573 6609 1.212536 -0.016101 -0.002148
6574 6609 1.169106 -0.016983 -0.002105
6575 6609 1.109465 -0.017216 -0.002019
6576 6609 1.100672 -0.017798 -0.001650
6577 6609 1.044153 -0.015468 -0.001628
6578 6609 1.079099 -0.014164 -0.000179
6579 6609 0.994020 -0.012518 -0.000690
6580 6609 0.859422 -0.009067 -0.001420
6581 6609 0.848952 -0.010660 -0.001277
6582 6609 0.777964 -0.010487 -0.001219
6583 6609 0.732110 -0.009890 -0.001265
6584 6609 0.689427 -0.010920 -0.001163
6585 6609 0.653925 -0.009986 -0.000981
6586 6609 0.591225 -0.007468 -0.000720
6587 6609 0.562887 -0.010126 -0.001004
6588 6609 0.521780 -0.008393 -0.001179
6589 6609 0.466789 -0.006254 -0.001146
6590 6609 0.431292 -0.004752 -0.001138
6591 6609 0.382591 -0.006364 -0.001449
6592 6609 0.365864 -0.006819 -0.000782
6593 6609 0.328363 -0.003289 -0.000598
6594 6609 0.311027 -0.007400 -0.000737
6595 6609 0.284810 -0.005580 -0.000658
6596 6609 0.247571 -0.004834 -0.000502
6597 6609 0.239418 -0.005982 -0.000853
6598 6609 0.199050 -0.002296 -0.000946
6599 6609 0.225654 -0.001948 -0.000285
6600 6609 0.223199 -0.006401 -0.000575
6601 6609 0.271568 -0.003717 0.000695
6602 6609 0.227707 -0.001501 -0.000172
6603 6609 0.128379 -0.004850 -0.000890
6604 6609 0.121892 -0.004443 -0.000472
6605 6609 0.111633 0.000163 -0.000365
6606 6609 0.099048 -0.003746 -0.000530
6607 6609 0.065266 -0.000056 -0.000707
6608 6609 0.082426 -0.003635 -0.000240
8022 8066 3.956879 -0.222798 -0.010335
8023 8066 3.837178 -0.206898 -0.012205
8024 8066 3.665888 -0.172703 -0.008683
8025 8066 3.442593 -0.193571 -0.008868
8026 8066 3.343407 -0.195298 -0.009374
8027 8066 2.971323 -0.180848 -0.009786
8028 8066 2.940905 -0.175819 -0.008808
8029 8066 2.732730 -0.173699 -0.008706
8030 8066 2.664910 -0.163610 -0.009321
8031 8066 2.518945 -0.175118 -0.008371
8032 8066 2.432605 -0.173188 -0.009303
8033 8066 2.485984 -0.198546 -0.007443
8034 8066 2.489538 -0.198835 -0.008582
8035 8066 2.339097 -0.184041 -0.006806
8036 8066 2.427761 -0.172249 -0.004677
8037 8066 1.909169 -0.144441 -0.005023
8038 8066 2.079203 -0.178648 -0.006245
8039 8066 1.830663 -0.141276 -0.007161
8040 8066 1.899148 -0.148759 -0.006124
8041 8066 1.599949 -0.152617 -0.005185
8042 8066 1.870113 -0.184711 -0.006927
8043 8066 1.634445 -0.177214 -0.007799
8044 8066 1.346056 -0.124446 -0.006228
8045 8066 0.983687 -0.113872 -0.008364
8046 8066 2.006150 -0.146565 -0.006018
8047 8066 0.927258 -0.099530 -0.004231
8048 8066 0.675754 -0.110812 -0.007408
8049 8066 0.609771 -0.135641 -0.009166
8050 8066 0.537832 -0.116653 -0.007458
8051 8066 0.718805 -0.163453 -0.007234
8052 8066 0.407662 -0.124709 -0.006268
8053 8066 0.388297 -0.103766 -0.008178
8054 8066 0.347117 -0.105357 -0.007021
8055 8066 0.213426 -0.090463 -0.004676
8056 8066 0.266083 -0.074363 -0.005525
8057 8066 0.223187 -0.106187 -0.008108
8058 8066 0.205203 -0.087784 -0.007030
8059 8066 0.258929 -0.097956 -0.005500
8060 8066 0.264383 -0.111965 -0.006429
8061 8066 0.190685 -0.104734 -0.006684
8062 8066 0.151103 -0.098568 -0.005130
8063 8066 0.112810 -0.075006 -0.004367
8064 8066 0.103754 -0.083832 -0.005920
8065 8066 0.152297 -0.085256 -0.005481
12267 12352 4.801902 -0.053533 -0.004339
12268 12352 4.697065 -0.062414 -0.006770
12269 12352 4.282344 0.057395 0.008170
12270 12352 4.459867 -0.060133 -0.006388
12271 12352 4.442246 -0.087404 -0.012361
12272 12352 4.214983 -0.039191 -0.006034
12273 12352 4.118619 -0.032276 -0.006309
12274 12352 3.959307 -0.032306 -0.003931
12275 12352 3.884073 -0.043459 -0.004870
12276 12352 3.768213 -0.034179 -0.005058
12277 12352 3.656705 -0.039049 -0.005328
12278 12352 3.577886 -0.033300 -0.005590
12279 12352 3.479526 -0.032518 -0.004933
12280 12352 3.414957 -0.044282 -0.005464
12281 12352 3.275537 -0.027832 -0.002790
12282 12352 3.244997 -0.035194 -0.005224
12283 12352 3.154866 -0.038204 -0.005115
12284 12352 3.052042 -0.024676 -0.002418
12285 12352 3.003253 -0.039210 -0.004099
12286 12352 2.925594 -0.037411 -0.004706
12287 12352 2.839682 -0.026524 -0.002657
12288 12352 2.777418 -0.033377 -0.003176
12289 12352 2.708227 -0.029784 -0.003353
12290 12352 2.624488 -0.029144 -0.002102
12291 12352 2.575855 -0.030025 -0.001299
12292 12354 2.694807 -0.018078 -0.001905
12293 12354 2.649187 -0.024466 -0.001965
12294 12354 2.584460 -0.022730 -0.001752
12295 12354 2.518945 -0.018907 -0.001327
12296 12354 2.477308 -0.023503 -0.001863
12297 12354 2.397376 -0.015905 -0.000470
12298 12354 2.344242 -0.017174 -0.000851
12299 12354 2.313493 -0.017156 -0.001442
12300 12354 2.235278 -0.013545 0.000143
12301 12354 2.186437 -0.017665 -0.000137
12302 12354 2.166681 -0.015372 -0.000967
12303 12359 2.612712 -0.017059 -0.000534
12304 12359 2.558022 -0.022901 -0.000186
12305 12359 2.395592 0.021856 0.002601
12306 12359 2.478145 -0.020987 0.000109
12307 12359 2.437963 -0.019114 0.000328
12308 12359 2.417889 -0.018965 -0.000854
12309 12359 2.364855 -0.022124 -0.001150
12310 12359 2.304321 -0.006734 0.000715
12311 12362 2.567236 -0.023508 0.002580
12312 12362 2.521532 -0.015850 0.003850
12313 12364 2.736453 -0.016494 0.002306
12314 12364 2.682748 -0.018937 0.002961
12315 12364 2.657985 -0.016988 0.002943
12316 12364 2.625518 -0.016478 0.002311
12317 12364 2.592271 -0.014795 0.002992
12318 12364 2.592628 -0.023065 0.002124
12319 12364 2.576658 -0.025515 0.001165
12320 12364 2.542699 -0.018734 0.001742
12321 12364 2.525392 -0.013716 0.001286
12322 12364 2.495299 -0.017712 0.002197
12323 12364 2.475245 -0.018533 0.001866
12324 12364 2.443288 -0.018578 0.002273
12325 12364 2.410468 -0.012145 0.002855
12326 12364 2.416617 -0.023508 0.000860
12327 12364 2.413005 -0.019470 0.000909
12328 12364 2.352514 -0.013840 0.002113
12329 12364 2.373559 -0.017473 0.001081
12330 12364 2.335511 -0.013018 0.001245
12331 12364 2.336316 -0.013852 0.002840
12332 12364 2.341519 -0.018466 0.001500
12333 12364 2.332965 -0.015166 0.002286
13013 13068 3.187549 0.064883 0.013718
13014 13068 3.113538 0.020863 0.012834
13015 13068 3.047200 0.016732 0.012728
13016 13068 2.949209 0.034516 0.012222
13017 13068 2.888554 0.036718 0.012405
13018 13068 2.815640 0.026292 0.012165
13019 13068 2.774412 0.049846 0.013469
13020 13068 2.710595 0.057869 0.013452
13021 13068 2.579647 0.048105 0.011366
13022 13068 2.576577 0.078476 0.013728
13023 13068 2.410607 0.046311 0.009799
13024 13068 2.330237 0.055698 0.009211
13025 13068 2.234974 0.058307 0.008639
13026 13068 2.146493 0.044813 0.008058
13027 13068 2.068890 0.049140 0.008173
13028 13068 1.975033 0.056641 0.007487
13029 13068 1.929932 0.064433 0.008649
13030 13068 1.858995 0.067800 0.008455
13031 13068 1.758539 0.061207 0.007804
13032 13068 1.677881 0.064092 0.007569
13033 13068 1.613668 0.063117 0.007545
13034 13068 1.542264 0.061144 0.007314
13035 13068 1.465397 0.044301 0.006757
13036 13068 1.418955 0.073909 0.008201
13037 13068 1.387027 0.053466 0.008354
13038 13068 1.231840 0.053167 0.005895
13039 13068 1.312374 0.153870 0.010920
13040 13068 1.026542 0.038030 0.003233
13041 13068 0.969166 0.048008 0.003336
13042 13068 -0.393883 -0.054231 -0.037971
13043 13068 0.882351 0.057973 0.004137
13044 13068 0.820745 0.059229 0.004352
13045 13068 0.607529 0.058624 0.000105
13046 13068 0.744031 0.057798 0.005102
13047 13068 0.553331 0.056511 0.001339
13048 13068 -0.578219 -0.071828 -0.030799
13049 13068 0.585749 0.071088 0.004005
13050 13068 -0.720648 -0.021586 -0.035089
13051 13068 -0.730078 -0.067632 -0.032766
13052 13068 -0.821149 -0.072156 -0.033393
13053 13068 -0.877239 -0.032766 -0.035788
13054 13068 -0.818003 -0.057517 -0.032129
13055 13068 -0.850495 -0.057460 -0.032084
13056 13068 -0.856171 -0.055986 -0.032417
13057 13068 -0.715891 -0.043261 -0.028830
13058 13068 -0.990445 -0.036457 -0.036465
13059 13068 -1.047702 -0.022976 -0.038495
13060 13068 -1.062051 -0.081079 -0.035794
13061 13068 -1.067572 -0.048950 -0.036572
13062 13068 -1.090666 -0.049133 -0.036208
13063 13068 -1.131886 -0.057285 -0.038028
13064 13068 -1.080085 -0.047715 -0.034871
13065 13068 -1.106683 -0.038100 -0.037858
13066 13068 -1.127448 -0.023812 -0.038810
13067 13068 -1.101957 -0.042442 -0.036289
14333 14419 4.728879 -0.032178 -0.001338
14334 14419 4.597994 -0.029066 -0.001327
14335 14419 4.460412 -0.031333 -0.001178
14336 14419 4.299251 -0.026745 -0.001110
14337 14419 4.194162 -0.027493 -0.001664
14338 14419 4.103458 -0.030542 -0.001908
14339 14419 3.962177 -0.030790 -0.002375
14340 14419 3.823038 -0.028395 -0.002208
14341 14419 3.709293 -0.028551 -0.002196
14342 14419 3.582118 -0.023103 -0.001542
14343 14419 3.467373 -0.021142 -0.001950
14344 14419 3.357005 -0.020888 -0.001546
14345 14419 3.251530 -0.021516 -0.001714
14346 14419 3.133693 -0.023446 -0.001789
14347 14419 2.955692 -0.019094 -0.001573
14348 14419 2.922879 -0.025720 -0.001837
14349 14419 2.802189 -0.023431 -0.001636
14350 14419 2.698221 -0.022700 -0.001946
14351 14419 2.618059 -0.020118 -0.002015
14352 14419 2.542873 -0.016424 -0.002133
14353 14419 2.456593 -0.013567 -0.001833
14354 14419 2.362320 -0.002109 -0.001366
14355 14419 2.264929 -0.003069 -0.001289
14356 14419 2.196105 -0.004633 -0.001575
14357 14419 2.114997 -0.006398 -0.001737
14358 14419 2.019753 -0.003900 -0.001861
14359 14419 1.969778 -0.005611 -0.002180
14360 14419 1.886613 -0.004611 -0.002088
14361 14419 1.810693 -0.003685 -0.002036
14362 14419 1.749231 -0.003298 -0.001797
14363 14419 1.710775 -0.005859 -0.001524
14364 14419 1.667889 -0.005551 -0.001686
14365 14419 1.584949 -0.005778 -0.001402
14366 14419 1.506925 -0.004793 -0.001607
14367 14419 1.480409 -0.006401 -0.001797
14368 14419 1.406604 -0.005413 -0.002023
14369 14419 1.351235 -0.009044 -0.001636
14370 14419 1.283326 -0.011776 -0.001175
14371 14419 1.222103 -0.007103 -0.000661
14372 14419 1.175059 -0.007529 -0.000659
14373 14419 1.137162 -0.006002 -0.000370
14374 14419 1.076973 -0.007279 -0.000509
14375 14421 1.064834 -0.003224 -0.000697
14376 14421 1.042399 -0.004176 -0.000627
14377 14421 1.079267 -0.001920 -0.000890
14378 14421 0.968816 -0.010499 -0.000294
14379 14421 0.894279 -0.009085 -0.000403
14380 14421 0.842997 -0.007928 -0.000018
14381 14425 0.897096 -0.002341 -0.000320
14382 14426 0.834074 -0.004844 -0.000222
14383 14426 0.821832 -0.007480 -0.000302
14384 14426 0.783656 -0.001839 -0.000470
14385 14426 0.765988 -0.006372 -0.000689
14386 14426 0.722385 -0.004714 -0.000576
14387 14426 0.671679 -0.001741 -0.000441
14388 14426 0.655611 -0.003159 -0.000036
14389 14432 0.859971 -0.003315 -0.000150
14390 14432 0.800575 0.000778 -0.000162
14391 14432 0.791792 -0.000807 0.000058
14392 14432 0.756835 -0.003037 -0.000222
14393 14432 0.754577 -0.006451 -0.000270
14394 14432 0.726502 -0.006879 -0.000335
14395 14432 0.700948 -0.004041 -0.000206
14396 14432 0.685126 -0.007727 -0.000366
14397 14432 0.666101 -0.002495 -0.000115
14398 14432 0.667723 -0.006442 -0.000062
14399 14434 0.720900 -0.007814 -0.000350
14400 14435 0.666491 -0.003616 0.000102
14401 14435 0.730016 -0.007153 -0.000814
14402 14435 0.644380 -0.003118 -0.000227
14403 14435 0.695417 -0.007860 -0.000671
14404 14438 0.818255 -0.010012 -0.000875
14405 14438 0.830849 -0.009090 -0.000799
14406 14438 0.819930 -0.009099 -0.000865
14407 14438 0.828465 -0.010695 -0.000684
14408 14438 0.806845 -0.009234 -0.000640
14409 14438 0.783563 -0.010052 -0.000646
14410 14438 0.756335 -0.008303 -0.000653
14411 14438 0.768823 -0.008531 -0.001068
14412 14438 0.737368 -0.008407 -0.000802
14413 14438 0.716379 -0.007437 -0.000556
14414 14438 0.707259 -0.006393 -0.000545
14415 14438 0.675954 -0.007126 -0.000308
14416 14441 0.817371 -0.004719 0.000073
14417 14441 0.840392 -0.005202 -0.000194
14418 14441 0.865533 -0.007925 -0.000580
16877 17039 3.769500 0.106410 -0.009953
16878 17039 3.759017 0.024677 -0.015700
16879 17039 3.764690 -0.042154 -0.011341
16880 17039 3.636012 -0.010538 -0.013117
16881 17039 3.615948 -0.027870 -0.011533
16882 17040 3.635768 -0.071567 -0.010577
16883 17041 3.663251 -0.006201 -0.020351
16884 17042 3.591989 0.048433 -0.021263
16885 17043 3.542405 0.015795 -0.023267
16886 17044 3.659581 -0.029471 -0.017532
16887 17045 3.635732 0.022188 -0.017425
16888 17046 3.678307 -0.013322 -0.023089
16889 17047 3.672279 -0.054922 -0.017010
16890 17048 3.623898 -0.010173 -0.025691
16891 17049 3.573802 0.071004 -0.022100
16892 17050 3.599382 0.015957 -0.017803
16893 17051 3.545402 0.026138 -0.021855
16894 17052 3.524789 0.007674 -0.022509
16895 17053 3.561105 0.009467 -0.019280
16896 17054 3.538456 -0.015787 -0.020815
16897 17055 2.100953 -0.541780 0.043730
16898 17056 3.545639 -0.016549 -0.019906
16899 17057 1.791081 -0.505839 0.044638
16900 17058 3.549199 -0.030401 -0.020643
16901 17059 3.554983 -0.003021 -0.023905
16902 17060 1.613013 -0.408363 0.042863
16903 17061 2.117296 -0.177991 0.055991
16904 17062 3.251956 -0.108597 0.010108
16905 17063 2.697720 -0.230235 0.027169
16906 17064 1.553950 -0.502929 0.045148
16907 17065 1.968482 -0.432798 0.037627
16908 17066 1.670244 -0.467419 0.046208
16909 17067 1.938619 -0.374073 0.038583
16910 17068 3.340651 -0.110875 -0.000729
16911 17069 2.985646 -0.119695 0.028408
16912 17070 3.513112 -0.043700 -0.006438
16913 17071 3.123173 -0.171934 0.009462
16914 17072 3.368390 -0.074628 -0.005354
16915 17073 3.348560 -0.031800 -0.002160
16916 17074 3.080120 -0.163068 0.022347
16917 17075 3.468157 -0.092069 -0.015171
16918 17076 2.907348 -0.182636 0.010657
16919 17077 3.112773 -0.195429 0.010989
16920 17078 3.373640 -0.056004 -0.018153
16921 17079 3.440086 -0.028976 -0.022749
16922 17080 3.137408 0.001705 0.005240
16923 17081 2.670952 -0.169589 0.012467
16924 17082 3.372839 0.031626 -0.027278
16925 17083 3.510657 -0.025302 -0.028883
16926 17084 2.992639 -0.100671 0.020550
16927 17085 2.898251 -0.186633 0.017067
16928 17086 3.250994 0.045998 -0.013458
16929 17087 3.443704 0.005174 -0.030172
16930 17088 3.412916 -0.010611 -0.030206
16931 17089 3.449999 -0.068432 -0.027542
16932 17090 2.435005 -0.132245 0.010828
16933 17091 2.052310 -0.203600 0.026423
16934 17092 3.427537 -0.074474 -0.026660
16935 17093 2.995708 -0.074313 -0.004741
16936 17094 3.393834 -0.055062 -0.026981
16937 17095 3.386085 -0.093185 -0.026741
16938 17096 2.895979 -0.028611 -0.000139
16939 17097 2.821829 0.020671 0.003467
16940 17098 2.592037 -0.168599 0.012302
16941 17099 0.728275 -0.338077 0.041903
16942 17100 2.295175 -0.182955 0.003725
16943 17101 3.458098 -0.138092 -0.023999
16944 17102 1.054258 -0.231263 0.020595
16945 17103 2.543779 -0.085462 -0.007765
16946 17104 0.762137 -0.285901 0.041299
16947 17105 0.306899 -0.295925 0.031471
16948 17106 2.382228 -0.179554 0.004772
16949 17107 0.520346 -0.349560 0.027848
16950 17108 1.001232 -0.252145 0.026205
16951 17109 3.030994 -0.099368 -0.008917
16952 17110 1.638535 -0.155964 0.002496
16953 17111 1.181572 -0.228137 0.013515
16954 17112 0.514289 -0.282325 0.027387
16955 17113 0.411935 -0.270423 0.021912
16956 17114 0.714490 -0.183073 0.022577
16978 17160 3.898535 -0.095683 -0.041216
16979 17160 3.901775 -0.103946 -0.045131
16980 17160 3.803173 -0.121086 -0.040904
16981 17160 3.761184 -0.124908 -0.042494
16982 17160 3.740656 -0.092454 -0.041045
16983 17160 3.721009 -0.107716 -0.043676
16984 17160 3.714548 -0.124607 -0.040026
16985 17160 3.698330 -0.083778 -0.044474
16986 17160 3.681506 -0.105722 -0.042392
16987 17160 3.582270 -0.082880 -0.041221
16988 17160 3.583360 -0.114762 -0.041706
16989 17160 3.528771 -0.116645 -0.040690
16990 17161 3.516522 -0.107851 -0.038698
16991 17162 3.490891 -0.102867 -0.040792
16992 17163 3.468278 -0.120847 -0.039847
16993 17164 3.426674 -0.116606 -0.040034
16994 17165 3.416591 -0.109834 -0.041484
16995 17166 3.406240 -0.123624 -0.039537
16996 17167 3.439865 -0.072043 -0.041160
16997 17168 3.369008 -0.113819 -0.041627
16998 17169 3.398578 -0.127736 -0.040735
16999 17170 3.312752 -0.119536 -0.040365
17000 17171 3.287417 -0.045324 -0.048552
17001 17172 3.318318 -0.062358 -0.044950
17002 17173 3.272065 -0.129706 -0.041273
17003 17174 3.320343 -0.116117 -0.042097
17004 17175 3.302270 -0.110474 -0.039648
17005 17176 3.296498 -0.132899 -0.040048
17006 17177 3.328774 -0.125862 -0.042790
17007 17178 3.297560 -0.140648 -0.041225
17008 17179 3.340499 -0.111052 -0.042774
17009 17180 3.336855 -0.123435 -0.042789
17010 17181 3.384958 -0.097692 -0.044573
17011 17182 3.364602 -0.132540 -0.039881
17012 17183 3.354748 -0.118176 -0.043171
17013 17196 3.658464 -0.085157 -0.050612
17014 17196 3.600139 -0.093914 -0.050574
17015 17196 3.609916 -0.086077 -0.050430
17016 17196 3.578062 -0.104445 -0.048286
17017 17196 3.549893 -0.107581 -0.049016
17018 17196 3.516750 -0.103985 -0.048231
17019 17196 3.529674 -0.099198 -0.049204
17020 17196 3.495253 -0.080713 -0.048610
17021 17196 3.449554 -0.115682 -0.047078
17022 17196 3.432864 -0.113367 -0.046522
17023 17196 3.424906 -0.088899 -0.047294
17024 17196 3.399765 -0.067580 -0.050164
17025 17196 3.371475 -0.092951 -0.047496
17026 17196 3.366857 -0.082016 -0.046777
17027 17196 3.374691 -0.067983 -0.048786
17028 17196 3.329704 -0.077734 -0.047122
17029 17196 3.308013 -0.075975 -0.047891
17030 17196 3.292125 -0.062353 -0.048239
17031 17196 3.272632 -0.080104 -0.047805
17032 17196 3.257575 -0.073418 -0.048979
17033 17196 3.237570 -0.080126 -0.046781
17034 17196 3.212602 -0.093091 -0.046167
17035 17196 3.189869 -0.106979 -0.045171
17036 17196 3.214472 -0.092622 -0.046281
17037 17196 3.218925 -0.083333 -0.046205
17038 17196 3.200781 -0.092590 -0.045369
