5.29316 560970
5.29349 561092
5.29316 560401
5.29349 561092
5.29191 561904
5.29606 561092
5.29296 560280
5.29303 560970
5.29319 561092
5.29319 561092
5.29205 561092
5.29494 561092
5.29393 561904
5.29244 561783
5.29373 561783
5.29291 561783
5.29256 559590
5.2953 569384
5.29594 561092
5.2901 570075
5.29622 582108
5.29112 568560
5.29286 579150
5.2962 567736
5.29303 568560
5.2927 568425
5.29152 561092
5.29261 568693
5.2926 578340
5.29638 573777
5.29936 572355
5.32058 568800
5.33403 565245
5.37522 562320
5.3732 554752
5.42567 546156
5.45952 542574
5.59538 544390
5.70281 511388
5.764 509312
5.9064 505232
5.90468 498960
6.0709 496248
6.15713 489280
6.37637 485808
6.75274 480245
6.88581 479544
7.1657 480233
7.16229 469144
7.46645 458874
7.6164 450780
7.92166 445374
8.44375 441320
8.62168 436480
8.99439 431754
9.18141 425680
9.59706 419362
9.59539 406200
9.99963 404169
10.2257 399682
10.9208 395724
11.4263 393616
11.4263 389760
11.924 387072
12.1945 385728
12.7424 373860
13.0222 370740
13.5921 368184
14.523 364968
14.8222 360009
15.5168 358142
15.5229 354542
16.2158 354542
16.5724 350960
17.2793 347274
17.6289 345966
18.6817 343604
19.4317 341519
19.8096 339290
20.5365 338907
20.5365 333540
21.6265 334705
21.6265 332010
22.4337 330850
23.1619 329550
23.5373 327600
24.3247 325149
25.1133 324500
25.9285 322853
25.9302 321210
26.7404 318780
27.1838 315864
28.4454 315222
29.3149 314090
29.7812 313449
30.683 312808
30.683 311680
31.6174 308802
32.0069 308802
32.8982 308321
34.348 307680
34.7969 307039
35.7547 306876
35.7547 304803
36.6642 303050
37.1527 301774
38.2544 300498
38.5267 299860
40.0637 299222
41.0986 299222
41.591 298584
42.646 298584
42.646 298584
43.7189 298413
44.1782 297946
45.1982 297308
46.9214 297308
47.368 296205
48.448 296670
49.0613 295568
50.1909 294931
50.1909 294931
51.3457 297528
52.3377 297528
52.8522 297066
54.0158 295962
54.5313 295320
55.6512 294219
56.1654 293578
57.2986 293120
57.8919 292480
59.0252 293578
60.6366 292296
61.2875 292296
62.3574 292296
62.3574 292296
63.4774 292296
no_dist 291200
65.3765 290560
65.7873 289920
67.4653 289920
no_dist 288376
no_dist 287550
no_dist 288189
no_dist 288189
no_dist 288640
no_dist 288640
no_dist 288640
no_dist 288640
no_dist 288000
no_dist 288640
no_dist 288000
no_dist 288450
no_dist 288450
no_dist 288450
no_dist 287809
no_dist 287809
no_dist 287360
no_dist 286720
no_dist 286080
no_dist 286080
no_dist 286080
no_dist 284994
no_dist 286080
no_dist 286080
no_dist 284994
no_dist 284994
no_dist 284800
no_dist 285440
no_dist 284800
no_dist 284800
no_dist 284800
no_dist 284355
no_dist 284355
no_dist 284355
no_dist 284355
no_dist 284800
no_dist 284800
no_dist 284800
no_dist 284800
no_dist 284160




else
		{
			cout<<"no_dist ";
			for (int j = 0; j < predictions_of_crops[0].size(); j++){
				cout << (predictions_of_crops[0][j].x + predictions_of_crops[0][j].w) * (predictions_of_crops[0][j].y + predictions_of_crops[0][j].h) << endl;
			}
