7757730.297699 -363561.088859 0.000000 0.643234 0.350173 0.004661 1570117926.091120
7757730.297689 -363561.074563 0.000000 0.642523 0.403048 0.004889 1570117926.141078
7757730.332446 -363561.065573 0.000000 0.642531 0.487847 0.004889 1570117926.190966
7757730.374895 -363561.048423 0.000000 0.642120 0.551697 0.004663 1570117926.240834
7757730.399432 -363561.009983 0.000000 0.643039 0.635499 0.004664 1570117926.290743
7757730.435267 -363560.979314 0.000000 0.644032 0.699348 0.004893 1570117926.340699
7757730.487398 -363560.949552 0.000000 0.645713 0.779159 0.004895 1570117926.390603
7757730.551355 -363560.925559 0.000000 0.642442 0.838020 0.004897 1570117926.440515
7757730.617156 -363560.891434 0.000000 0.644274 0.927808 0.004898 1570117926.490417
7757730.664403 -363560.851044 0.000000 0.644773 0.980683 0.003988 1570117926.540332
7757730.721268 -363560.819781 0.000000 0.644151 1.059497 0.002622 1570117926.590239
7757730.778186 -363560.763841 0.000000 0.645395 1.112372 0.001255 1570117926.640146
7757730.833323 -363560.713515 0.000000 0.644384 1.182207 0.000229 1570117926.690079
7757730.903940 -363560.651365 0.000000 0.642561 1.229096 0.000002 1570117926.740007
7757730.962892 -363560.614351 0.000000 0.644044 1.313896 0.000003 1570117926.789911
7757731.026387 -363560.579665 0.000000 0.643795 1.371759 0.000461 1570117926.839875
7757731.101013 -363560.528703 0.000000 0.644863 1.462545 0.000461 1570117926.889781
7757731.179850 -363560.474150 0.000000 0.642622 1.521406 0.000463 1570117926.939736
7757731.266763 -363560.408647 0.000000 0.645714 1.611193 0.000236 1570117926.989646
7757731.338680 -363560.348950 0.000000 0.641465 1.665066 0.000238 1570117927.039564
7757731.417877 -363560.292617 0.000000 0.643833 1.738892 0.000239 1570117927.089472
7757731.516679 -363560.210913 0.000000 0.641645 1.790769 0.000012 1570117927.139328
7757731.583522 -363560.155137 0.000000 0.645033 1.871578 -0.000215 1570117927.189207
7757731.680983 -363560.086095 0.000000 0.642064 1.923456 -0.000213 1570117927.239210
7757731.779677 -363560.010050 0.000000 0.641424 2.014241 -0.000212 1570117927.289085
7757731.857685 -363559.936648 0.000000 0.642578 2.077093 -0.000210 1570117927.339003
7757731.981384 -363559.866938 0.000000 0.642406 2.156904 -0.000208 1570117927.388917
7757732.055816 -363559.804136 0.000000 0.644548 2.214767 0.000481 1570117927.438867
7757732.173769 -363559.722680 0.000000 0.641774 2.289591 0.000943 1570117927.488783
7757732.266028 -363559.615255 0.000000 0.639171 2.327501 0.001517 1570117927.538701
7757732.388645 -363559.533950 0.000000 0.640304 2.401327 0.001291 1570117927.588665
7757732.501745 -363559.447000 0.000000 0.642634 2.443228 0.000833 1570117927.638548
7757732.600703 -363559.375953 0.000000 0.640372 2.518051 0.000032 1570117927.688462
7757732.723954 -363559.299954 0.000000 0.640907 2.581900 -0.001001 1570117927.738366
7757732.831144 -363559.217978 0.000000 0.643622 2.670690 -0.001689 1570117927.788321
7757732.977066 -363559.118921 0.000000 0.642255 2.718577 -0.001688 1570117927.838237
7757733.092538 -363559.039318 0.000000 0.641993 2.792403 -0.001226 1570117927.888147
7757733.233606 -363558.937896 0.000000 0.641093 2.835301 -0.000994 1570117927.938050
7757733.310148 -363558.860147 0.000000 0.641814 2.899151 -0.000763 1570117927.987914
7757733.469533 -363558.747897 0.000000 0.640666 2.952026 -0.000761 1570117928.037821
7757733.600370 -363558.652426 0.000000 0.640571 3.030839 -0.000759 1570117928.087730
7757733.717329 -363558.582477 0.000000 0.640418 3.084712 -0.001104 1570117928.137643
7757733.872754 -363558.463972 0.000000 0.641000 3.141578 -0.000755 1570117928.187544
7757734.016025 -363558.351343 0.000000 0.641101 3.179488 -0.000753 1570117928.237484
7757734.115932 -363558.269516 0.000000 0.639725 3.231366 -0.000637 1570117928.287367
7757734.276490 -363558.148069 0.000000 0.640445 3.263290 -0.000404 1570117928.337276
7757734.437295 -363558.020669 0.000000 0.640570 3.336118 0.000061 1570117928.387231
7757734.584720 -363557.913175 0.000000 0.639998 3.385003 0.000874 1570117928.437140
7757734.733583 -363557.818822 0.000000 0.640856 3.455835 0.001456 1570117928.487087
7757734.887952 -363557.716034 0.000000 0.638482 3.475788 0.001689 1570117928.536909
7757735.015532 -363557.598969 0.000000 0.637871 3.542630 0.002273 1570117928.586825
7757735.159982 -363557.503750 0.000000 0.640250 3.575553 0.002739 1570117928.636685
7757735.332428 -363557.388981 0.000000 0.641149 3.638404 0.002976 1570117928.686579
7757735.494397 -363557.277435 0.000000 0.641302 3.680305 0.002747 1570117928.736504
7757735.662168 -363557.155999 0.000000 0.640213 3.753133 0.002753 1570117928.786366
7757735.809633 -363557.035396 0.000000 0.641109 3.847909 0.002990 1570117928.836280
7757735.973959 -363556.915316 0.000000 0.640101 3.868860 0.003459 1570117928.886231
7757736.136561 -363556.794118 0.000000 0.640973 3.911758 0.004045 1570117928.936138
7757736.322286 -363556.668831 0.000000 0.640183 3.969621 0.004401 1570117928.986053
7757736.484581 -363556.554201 0.000000 0.641619 4.001546 0.004404 1570117929.035956
7757736.636383 -363556.434250 0.000000 0.641661 4.060407 0.004060 1570117929.085879
7757736.814486 -363556.286223 0.000000 0.642060 4.075372 0.003828 1570117929.135769
7757736.979906 -363556.168573 0.000000 0.644210 4.102308 0.003364 1570117929.185637
7757737.190880 -363556.006091 0.000000 0.642028 4.119268 0.003016 1570117929.235517
7757737.362748 -363555.887276 0.000000 0.641990 4.156181 0.002785 1570117929.285497
7757737.531487 -363555.767119 0.000000 0.643057 4.234995 0.002556 1570117929.335417
7757737.721062 -363555.638666 0.000000 0.642234 4.255945 0.002559 1570117929.385318
7757737.909347 -363555.492681 0.000000 0.642782 4.313808 0.002329 1570117929.435232
7757738.059771 -363555.375871 0.000000 0.643021 4.382646 0.002101 1570117929.485135
7757738.229324 -363555.241225 0.000000 0.642209 4.413573 0.001871 1570117929.535079
7757738.442324 -363555.081238 0.000000 0.642225 4.467445 0.001523 1570117929.584966
7757738.607210 -363554.940948 0.000000 0.644697 4.487398 0.001290 1570117929.634870
7757738.794543 -363554.804828 0.000000 0.644172 4.525309 0.001293 1570117929.684776
7757739.024733 -363554.664271 0.000000 0.644697 4.562221 0.001295 1570117929.734732
7757739.220734 -363554.514002 0.000000 0.646662 4.610108 0.001769 1570117929.784646
7757739.364996 -363554.416832 0.000000 0.644741 4.648019 0.001537 1570117929.834551
7757739.613028 -363554.240803 0.000000 0.643017 4.700894 0.001070 1570117929.884508
7757739.782512 -363554.096358 0.000000 0.644584 4.722842 0.000484 1570117929.934415
7757739.998467 -363553.939612 0.000000 0.644490 4.753769 -0.000220 1570117929.984368
7757740.178418 -363553.819078 0.000000 0.644237 4.775717 -0.000336 1570117930.034324
7757740.365120 -363553.656337 0.000000 0.643738 4.803651 -0.000335 1570117930.084235
7757740.565476 -363553.523675 0.000000 0.642280 4.829590 -0.000334 1570117930.134150
7757740.754362 -363553.376921 0.000000 0.644806 4.883462 -0.000331 1570117930.184109
7757740.973997 -363553.218808 0.000000 0.643920 4.931349 -0.000684 1570117930.234055
7757741.230641 -363553.051712 0.000000 0.645240 4.957288 -0.000681 1570117930.283966
7757741.410382 -363552.931525 0.000000 0.644408 4.995199 -0.000207 1570117930.333927
7757741.616950 -363552.773846 0.000000 0.643003 5.015151 0.000621 1570117930.383835
7757741.815781 -363552.610262 0.000000 0.643259 5.063038 0.002159 1570117930.433824
7757742.037137 -363552.452388 0.000000 0.644808 5.088977 0.003582 1570117930.483698
7757742.250226 -363552.252173 0.000000 0.644884 5.120902 0.005122 1570117930.533598
7757742.432171 -363552.111629 0.000000 0.644908 5.141852 0.005481 1570117930.583475
7757742.638363 -363551.975131 0.000000 0.645807 5.167791 0.005485 1570117930.633336
7757742.845466 -363551.832055 0.000000 0.648128 5.183753 0.005250 1570117930.683243
7757743.096822 -363551.633537 0.000000 0.648865 5.231640 0.005135 1570117930.733103
7757743.296118 -363551.494042 0.000000 0.649184 5.267555 0.004906 1570117930.783015
7757743.546840 -363551.315895 0.000000 0.649282 5.316440 0.005148 1570117930.832927
7757743.741231 -363551.167333 0.000000 0.650770 5.348364 0.005511 1570117930.882908
7757743.923805 -363551.000051 0.000000 0.650525 5.385277 0.005990 1570117930.932797
7757744.128555 -363550.837095 0.000000 0.651144 5.402237 0.005638 1570117930.982704
7757744.362363 -363550.666560 0.000000 0.653707 5.427178 0.005284 1570117931.032614
7757744.576584 -363550.485618 0.000000 0.656779 5.452119 0.005051 1570117931.082528
7757744.826719 -363550.291247 0.000000 0.655219 5.488034 0.004698 1570117931.132433
7757745.055508 -363550.130258 0.000000 0.651830 5.512975 0.004227 1570117931.182314
7757745.303368 -363549.956878 0.000000 0.653018 5.553879 0.003993 1570117931.232254
7757745.524385 -363549.812994 0.000000 0.654341 5.580815 0.003879 1570117931.282236
7757745.725501 -363549.622309 0.000000 0.656697 5.616730 0.003882 1570117931.332118
7757745.987342 -363549.414974 0.000000 0.656493 5.621718 0.003885 1570117931.382028
7757746.184589 -363549.275347 0.000000 0.657294 5.662622 0.004007 1570117931.431965
7757746.386592 -363549.108271 0.000000 0.657428 5.685567 0.004011 1570117931.481879
7757746.650026 -363548.910091 0.000000 0.662645 5.717492 0.004015 1570117931.531800
7757746.905804 -363548.709654 0.000000 0.663297 5.748419 0.004020 1570117931.581751
7757747.146431 -363548.538726 0.000000 0.659569 5.800296 0.004024 1570117931.631625
7757747.347660 -363548.351785 0.000000 0.661716 5.825237 0.004031 1570117931.681564
7757747.608317 -363548.150136 0.000000 0.665317 5.857162 0.004034 1570117931.731508
7757747.832862 -363547.974560 0.000000 0.662384 5.878113 0.003798 1570117931.781397
7757748.058635 -363547.802271 0.000000 0.664043 5.894075 0.003561 1570117931.831308
7757748.251297 -363547.642969 0.000000 0.665262 5.905049 0.003563 1570117931.881217
7757748.508147 -363547.445614 0.000000 0.665269 5.938969 0.003567 1570117931.931127
7757748.719444 -363547.281541 0.000000 0.666213 5.961915 0.003449 1570117931.981033
7757749.032169 -363547.041864 0.000000 0.666506 5.998827 0.003454 1570117932.030900
7757749.197453 -363546.908393 0.000000 0.666400 6.030752 0.003219 1570117932.080813
7757749.501568 -363546.657294 0.000000 0.666208 6.065669 0.002983 1570117932.130719
7757749.757754 -363546.471862 0.000000 0.670039 6.088615 0.003106 1570117932.180680
7757749.983383 -363546.290150 0.000000 0.668555 6.136502 0.002992 1570117932.230588
7757750.193771 -363546.115080 0.000000 0.670293 6.157453 0.002995 1570117932.280497
7757750.462499 -363545.908160 0.000000 0.671509 6.185387 0.002998 1570117932.330411
7757750.730457 -363545.685638 0.000000 0.671204 6.206337 0.003001 1570117932.380323
7757750.994959 -363545.500094 0.000000 0.671551 6.221302 0.003003 1570117932.430233
7757751.198359 -363545.338808 0.000000 0.669935 6.238262 0.003004 1570117932.480095
7757751.447623 -363545.155418 0.000000 0.669986 6.279165 0.003010 1570117932.529996
7757751.725015 -363544.938802 0.000000 0.669637 6.301113 0.002772 1570117932.579867
7757752.208683 -363544.549114 0.000000 0.670529 6.379927 0.001452 1570117932.679686
7757752.460914 -363544.330175 0.000000 0.671174 6.390901 0.001092 1570117932.729618
7757752.700838 -363544.153850 0.000000 0.670507 6.412849 0.000248 1570117932.779519
7757752.975260 -363543.945374 0.000000 0.669805 6.455748 -0.000232 1570117932.829413
7757753.270481 -363543.709196 0.000000 0.670468 6.475701 -0.000231 1570117932.879362
7757753.485254 -363543.539534 0.000000 0.672571 6.508623 0.000014 1570117932.929358
7757753.736242 -363543.350106 0.000000 0.673500 6.523588 0.000499 1570117932.979180
7757754.003153 -363543.127752 0.000000 0.673945 6.550524 0.000865 1570117933.029101
7757754.256308 -363542.931087 0.000000 0.670965 6.566486 0.000867 1570117933.079067
7757754.565960 -363542.699141 0.000000 0.670366 6.596416 0.000506 1570117933.128975
7757754.800072 -363542.501886 0.000000 0.673537 6.617366 -0.000827 1570117933.178875
7757755.041028 -363542.308284 0.000000 0.670087 6.638317 -0.001433 1570117933.228842
7757755.334920 -363542.073762 0.000000 0.670024 6.659267 -0.002887 1570117933.278805
7757755.568149 -363541.879534 0.000000 0.671013 6.692189 -0.004466 1570117933.328748
7757755.885699 -363541.665326 0.000000 0.671141 6.708152 -0.004223 1570117933.378661
7757756.159947 -363541.452189 0.000000 0.669780 6.718128 -0.003737 1570117933.428604
7757756.438912 -363541.250321 0.000000 0.666510 6.733093 -0.002886 1570117933.478573
7757756.700751 -363541.038187 0.000000 0.665135 6.762024 -0.002034 1570117933.528529
7757756.925010 -363540.865583 0.000000 0.665528 6.786965 -0.001668 1570117933.578434
7757757.252596 -363540.610149 0.000000 0.665711 6.835850 -0.001667 1570117933.628354
7757757.492229 -363540.417280 0.000000 0.664435 6.862786 -0.001664 1570117933.678279
7757757.792608 -363540.185297 0.000000 0.664730 6.900697 -0.001663 1570117933.728215
7757758.031177 -363539.986083 0.000000 0.665843 6.916659 -0.001662 1570117933.778129
7757758.328679 -363539.750969 0.000000 0.666266 6.911671 -0.001661 1570117933.828048
7757758.569028 -363539.579211 0.000000 0.666827 6.907680 -0.001661 1570117933.877954
7757758.842331 -363539.378224 0.000000 0.667273 6.911671 -0.001417 1570117933.927816
7757759.150310 -363539.133346 0.000000 0.666263 6.927633 -0.001173 1570117933.977744
7757759.433418 -363538.900441 0.000000 0.665238 6.969534 -0.000804 1570117934.027622
7757759.734584 -363538.671099 0.000000 0.664792 7.026400 -0.000191 1570117934.077574
7757759.973549 -363538.499703 0.000000 0.662974 7.041364 -0.000188 1570117934.127460
7757760.263866 -363538.291414 0.000000 0.664247 7.063312 -0.000431 1570117934.177367
7757760.569207 -363538.043897 0.000000 0.664895 7.067303 -0.000797 1570117934.227278
7757760.812044 -363537.846055 0.000000 0.662120 7.077279 -0.001531 1570117934.277228
7757761.152920 -363537.586978 0.000000 0.663194 7.083265 -0.002265 1570117934.327101
7757761.406829 -363537.390774 0.000000 0.660254 7.079275 -0.002265 1570117934.376976
7757761.718267 -363537.131532 0.000000 0.662070 7.097232 -0.002877 1570117934.426885
7757761.980600 -363536.916978 0.000000 0.664824 7.111199 -0.003733 1570117934.476794
7757762.150851 -363536.780557 0.000000 0.663573 7.128159 -0.004591 1570117934.526661
7757762.527375 -363536.498153 0.000000 0.661920 7.149110 -0.005694 1570117934.576571
7757762.845406 -363536.259647 0.000000 0.661577 7.176046 -0.006676 1570117934.626435
7757763.160773 -363536.020790 0.000000 0.660917 7.184027 -0.007289 1570117934.676381
7757763.439619 -363535.814536 0.000000 0.659562 7.206973 -0.007904 1570117934.726247
7757763.766437 -363535.571057 0.000000 0.658536 7.214954 -0.007659 1570117934.776157
7757763.988511 -363535.401835 0.000000 0.659581 7.244883 -0.006802 1570117934.826020
7757764.305451 -363535.176321 0.000000 0.654782 7.260846 -0.006680 1570117934.875931
7757764.594576 -363534.948046 0.000000 0.654638 7.276808 -0.006066 1570117934.925822
7757764.840589 -363534.748595 0.000000 0.652543 7.302747 -0.005453 1570117934.975734
7757765.172748 -363534.516935 0.000000 0.652071 7.307735 -0.005453 1570117935.025617
7757765.512104 -363534.254348 0.000000 0.652381 7.312723 -0.005453 1570117935.075530
7757765.771427 -363534.041657 0.000000 0.651362 7.312723 -0.006560 1570117935.125462
7757766.098715 -363533.804105 0.000000 0.651331 7.331678 -0.007299 1570117935.175351
7757766.368723 -363533.592635 0.000000 0.649940 7.336667 -0.008775 1570117935.225260
7757766.709497 -363533.362607 0.000000 0.649725 7.368591 -0.010009 1570117935.275172
7757766.975847 -363533.158283 0.000000 0.647262 7.380563 -0.011734 1570117935.325079
7757767.279750 -363532.943578 0.000000 0.645048 7.389542 -0.013583 1570117935.374992
7757767.626438 -363532.688903 0.000000 0.637918 7.394530 -0.015555 1570117935.424901
7757767.924338 -363532.472465 0.000000 0.638403 7.395528 -0.017402 1570117935.474813
7757768.228009 -363532.234415 0.000000 0.637532 7.395528 -0.018880 1570117935.524773
7757768.547630 -363532.003910 0.000000 0.634022 7.399518 -0.020605 1570117935.574648
7757768.744378 -363531.863650 0.000000 0.630514 7.410492 -0.022334 1570117935.624610
7757769.071989 -363531.622582 0.000000 0.625230 7.420469 -0.025294 1570117935.674550
7757769.344936 -363531.445910 0.000000 0.623279 7.441419 -0.028384 1570117935.724509
7757769.729297 -363531.156096 0.000000 0.615010 7.442417 -0.032574 1570117935.774422
7757770.011605 -363530.936483 0.000000 0.611336 7.452393 -0.037261 1570117935.824449
7757770.306617 -363530.721903 0.000000 0.608664 7.449400 -0.038614 1570117935.874288
7757770.703668 -363530.442866 0.000000 0.598994 7.428450 -0.042908 1570117935.924240
7757770.976869 -363530.265213 0.000000 0.590356 7.407499 -0.046335 1570117935.974200
7757771.307888 -363530.037906 0.000000 0.583366 7.390539 -0.049641 1570117936.024108
7757771.553700 -363529.870815 0.000000 0.579220 7.362605 -0.052318 1570117936.074066
7757771.928106 -363529.609366 0.000000 0.570997 7.360610 -0.054772 1570117936.124035
7757772.253924 -363529.399118 0.000000 0.561567 7.364601 -0.056127 1570117936.173979
7757772.556792 -363529.240769 0.000000 0.555210 7.359612 -0.055753 1570117936.223936
7757772.821400 -363529.081835 0.000000 0.548004 7.371584 -0.054906 1570117936.273888
7757773.143415 -363528.903770 0.000000 0.533990 7.371584 -0.053555 1570117936.323806
7757773.473857 -363528.700578 0.000000 0.529401 7.357617 -0.051821 1570117936.373797
7757773.769360 -363528.534596 0.000000 0.519059 7.363603 -0.049739 1570117936.423682
7757774.060820 -363528.369680 0.000000 0.510587 7.342652 -0.048736 1570117936.473563
7757774.431646 -363528.176069 0.000000 0.499321 7.330681 -0.047621 1570117936.523502
7757774.695460 -363528.038680 0.000000 0.491447 7.325693 -0.046757 1570117936.573406
7757774.991981 -363527.888527 0.000000 0.483379 7.309730 -0.046620 1570117936.623326
7757775.342571 -363527.701595 0.000000 0.479386 7.314718 -0.046624 1570117936.673242
7757775.737849 -363527.495166 0.000000 0.474205 7.325693 -0.046634 1570117936.723143
7757775.988567 -363527.360314 0.000000 0.464838 7.331678 -0.046639 1570117936.773058
7757776.329632 -363527.189272 0.000000 0.455676 7.341655 -0.047016 1570117936.822964
7757776.620032 -363527.024654 0.000000 0.445820 7.350634 -0.047270 1570117936.872878
7757776.976626 -363526.857238 0.000000 0.443071 7.340657 -0.048120 1570117936.922786
7757777.328284 -363526.683569 0.000000 0.436878 7.350634 -0.048498 1570117936.972696
7757777.635491 -363526.531149 0.000000 0.425195 7.349636 -0.048989 1570117937.022607
7757777.936946 -363526.395654 0.000000 0.418819 7.340657 -0.048981 1570117937.072523
7757778.280657 -363526.274007 0.000000 0.408189 7.351631 -0.048990 1570117937.122465
7757778.675522 -363526.089573 0.000000 0.404313 7.350634 -0.048990 1570117937.172315
7757778.982465 -363525.964330 0.000000 0.399014 7.346643 -0.049845 1570117937.222214
7757779.315442 -363525.822969 0.000000 0.390183 7.355622 -0.051451 1570117937.272074
7757779.656458 -363525.694089 0.000000 0.381890 7.360610 -0.053543 1570117937.321950
7757779.994149 -363525.564723 0.000000 0.372094 7.352629 -0.056114 1570117937.371851
7757780.329963 -363525.448116 0.000000 0.366906 7.362605 -0.058703 1570117937.421750
7757780.716483 -363525.291069 0.000000 0.357151 7.371584 -0.059695 1570117937.471587
7757781.075078 -363525.143244 0.000000 0.351006 7.371584 -0.059204 1570117937.521459
7757781.406921 -363525.017128 0.000000 0.341954 7.377570 -0.058228 1570117937.571357
7757781.770226 -363524.883470 0.000000 0.336499 7.381561 -0.056636 1570117937.621265
7757782.127435 -363524.764523 0.000000 0.324486 7.382558 -0.055655 1570117937.671182
7757782.483881 -363524.641226 0.000000 0.318517 7.381561 -0.054547 1570117937.721022
7757782.777828 -363524.538348 0.000000 0.306325 7.385551 -0.053692 1570117937.770966
7757783.151639 -363524.417059 0.000000 0.302441 7.389542 -0.053081 1570117937.820822
7757783.525861 -363524.265417 0.000000 0.296958 7.389542 -0.051976 1570117937.870765
7757783.919825 -363524.146833 0.000000 0.289370 7.409495 -0.051123 1570117937.920650
7757784.239454 -363524.043551 0.000000 0.285451 7.429447 -0.050159 1570117937.970557
7757784.566620 -363523.949497 0.000000 0.273819 7.431443 -0.049675 1570117938.020443
7757784.945309 -363523.834055 0.000000 0.265253 7.429447 -0.049677 1570117938.070337
7757785.356703 -363523.727696 0.000000 0.260475 7.429447 -0.050174 1570117938.120265
7757785.697327 -363523.621810 0.000000 0.252806 7.423462 -0.051148 1570117938.170178
7757786.039783 -363523.534057 0.000000 0.247553 7.406502 -0.051500 1570117938.220106
7757786.427024 -363523.444782 0.000000 0.236739 7.405504 -0.051745 1570117938.269980
7757786.724905 -363523.373882 0.000000 0.229870 7.410492 -0.051749 1570117938.319890
7757787.161651 -363523.274672 0.000000 0.223588 7.415480 -0.051509 1570117938.369809
7757787.465925 -363523.205945 0.000000 0.217045 7.420469 -0.051021 1570117938.419719
7757787.782620 -363523.126803 0.000000 0.205338 7.429447 -0.051030 1570117938.469589
7757788.176440 -363523.046750 0.000000 0.199360 7.429447 -0.051030 1570117938.519498
7757788.557785 -363522.954361 0.000000 0.192702 7.429447 -0.051030 1570117938.569458
7757788.949314 -363522.889141 0.000000 0.185925 7.419471 -0.051020 1570117938.619371
7757789.319476 -363522.829900 0.000000 0.176384 7.415480 -0.050648 1570117938.669290
7757789.625494 -363522.775806 0.000000 0.167058 7.411490 -0.049783 1570117938.719232
7757790.020688 -363522.685833 0.000000 0.161532 7.422464 -0.048440 1570117938.769139
7757790.391557 -363522.639739 0.000000 0.152669 7.463367 -0.046630 1570117938.819108
7757790.725030 -363522.570121 0.000000 0.148421 7.469353 -0.046144 1570117938.869058
7757791.132299 -363522.497851 0.000000 0.141847 7.484318 -0.045786 1570117938.918968
7757791.496989 -363522.433284 0.000000 0.135113 7.484318 -0.045786 1570117938.968889
7757791.844878 -363522.391309 0.000000 0.129242 7.484318 -0.046156 1570117939.018845
7757792.252003 -363522.355131 0.000000 0.122024 7.484318 -0.047265 1570117939.068752
7757792.592137 -363522.312938 0.000000 0.112977 7.483320 -0.048373 1570117939.118618
7757792.957123 -363522.254382 0.000000 0.107977 7.488308 -0.049363 1570117939.168532
7757793.397445 -363522.229542 0.000000 0.098720 7.489306 -0.050965 1570117939.218373
7757793.731040 -363522.191090 0.000000 0.091409 7.478332 -0.052432 1570117939.268307
7757794.079898 -363522.149319 0.000000 0.084160 7.477334 -0.053909 1570117939.318189
7757794.474591 -363522.106676 0.000000 0.076282 7.482322 -0.054529 1570117939.368147
7757794.825210 -363522.086552 0.000000 0.064501 7.483320 -0.054038 1570117939.418010
7757795.196570 -363522.071815 0.000000 0.057692 7.494294 -0.053680 1570117939.468109
7757795.536289 -363522.047444 0.000000 0.049313 7.520233 -0.053213 1570117939.517831
7757795.945527 -363522.007473 0.000000 0.041322 7.521231 -0.053214 1570117939.567776
7757796.305500 -363522.003308 0.000000 0.033949 7.531207 -0.053225 1570117939.617717
7757796.709572 -363521.988363 0.000000 0.028023 7.536195 -0.053476 1570117939.667629
7757797.022229 -363521.985745 0.000000 0.016743 7.543179 -0.053607 1570117939.717541
7757797.445149 -363521.935875 0.000000 0.006274 7.542181 -0.053606 1570117939.767383
7757797.794657 -363521.936403 0.000000 0.000224 7.559141 -0.053253 1570117939.817262
7757798.149146 -363521.941062 0.000000 -0.002494 7.548167 -0.053119 1570117939.867211
7757798.548593 -363521.946157 0.000000 -0.016800 7.543179 -0.052374 1570117939.917119
7757798.957479 -363521.965407 0.000000 -0.021953 7.553155 -0.051521 1570117939.967031
7757799.380281 -363521.980010 0.000000 -0.030106 7.537193 -0.050518 1570117940.016939
7757799.704931 -363521.994719 0.000000 -0.038486 7.537193 -0.049655 1570117940.066856
7757800.099427 -363522.020567 0.000000 -0.046323 7.542181 -0.048550 1570117940.116780
7757800.449124 -363522.031881 0.000000 -0.052422 7.536195 -0.047928 1570117940.166673
7757800.835910 -363522.050030 0.000000 -0.059595 7.558143 -0.047207 1570117940.216586
7757801.219432 -363522.052454 0.000000 -0.067452 7.578096 -0.046609 1570117940.266498
7757801.550648 -363522.078055 0.000000 -0.074180 7.594059 -0.046623 1570117940.316382
7757801.962050 -363522.121361 0.000000 -0.083397 7.611018 -0.046638 1570117940.366290
7757802.332886 -363522.146133 0.000000 -0.090825 7.611018 -0.047008 1570117940.416203
7757802.714741 -363522.179285 0.000000 -0.097576 7.612016 -0.047627 1570117940.466115
7757803.092500 -363522.235658 0.000000 -0.105031 7.621993 -0.049366 1570117940.516032
7757803.465341 -363522.283569 0.000000 -0.112459 7.621993 -0.051342 1570117940.565945
7757803.817786 -363522.304964 0.000000 -0.119261 7.630971 -0.052833 1570117940.615942
7757804.222694 -363522.359105 0.000000 -0.125631 7.641945 -0.053709 1570117940.665765
7757804.575322 -363522.390621 0.000000 -0.136553 7.641945 -0.053709 1570117940.715723
7757804.963046 -363522.432765 0.000000 -0.142858 7.647931 -0.052603 1570117940.765632
7757805.374962 -363522.491282 0.000000 -0.152774 7.658905 -0.052244 1570117940.815625
7757805.727750 -363522.543778 0.000000 -0.158156 7.658905 -0.051749 1570117940.865554
7757806.149521 -363522.597370 0.000000 -0.167535 7.669879 -0.051760 1570117940.915526
7757806.505403 -363522.670415 0.000000 -0.173855 7.678858 -0.052140 1570117940.965409
7757806.903740 -363522.741996 0.000000 -0.182608 7.678858 -0.052635 1570117941.015332
7757807.221017 -363522.788619 0.000000 -0.188429 7.689832 -0.053636 1570117941.065187
7757807.599164 -363522.864314 0.000000 -0.196660 7.694820 -0.056114 1570117941.115117
7757807.996857 -363522.933013 0.000000 -0.206232 7.677861 -0.058197 1570117941.164971
7757808.407480 -363523.010503 0.000000 -0.216739 7.667884 -0.059914 1570117941.214873
7757808.726570 -363523.086010 0.000000 -0.224562 7.661898 -0.060155 1570117941.264776
7757809.078815 -363523.172800 0.000000 -0.232269 7.651922 -0.059649 1570117941.314713
7757809.493096 -363523.275086 0.000000 -0.241983 7.673870 -0.058439 1570117941.364564
7757809.804478 -363523.348219 0.000000 -0.246081 7.695818 -0.056981 1570117941.414477
7757810.226341 -363523.467351 0.000000 -0.257287 7.711780 -0.055638 1570117941.464399
7757810.536343 -363523.550224 0.000000 -0.264815 7.727743 -0.054047 1570117941.514310
7757810.920795 -363523.650523 0.000000 -0.273503 7.722754 -0.052680 1570117941.564218
7757811.298794 -363523.750723 0.000000 -0.283268 7.706792 -0.051303 1570117941.614181
7757811.668259 -363523.842535 0.000000 -0.289662 7.691828 -0.050422 1570117941.664043
7757812.055658 -363523.965175 0.000000 -0.299513 7.676863 -0.049665 1570117941.713952
7757812.428666 -363524.076573 0.000000 -0.307924 7.677861 -0.048924 1570117941.763865
7757812.762004 -363524.182164 0.000000 -0.313485 7.693823 -0.048321 1570117941.813735
7757813.160654 -363524.335622 0.000000 -0.320067 7.703799 -0.047217 1570117941.863647
7757813.492464 -363524.449892 0.000000 -0.328875 7.719762 -0.046240 1570117941.913541
7757813.876097 -363524.580642 0.000000 -0.336062 7.718764 -0.045125 1570117941.963439
7757814.238634 -363524.711752 0.000000 -0.342214 7.697813 -0.044488 1570117942.013413
7757814.567892 -363524.820246 0.000000 -0.347998 7.686839 -0.043983 1570117942.063291
7757814.948972 -363524.978251 0.000000 -0.355227 7.681851 -0.044104 1570117942.113170
7757815.312851 -363525.104639 0.000000 -0.364326 7.691828 -0.043988 1570117942.163070
7757815.666661 -363525.228265 0.000000 -0.370062 7.711780 -0.044500 1570117942.212999
7757816.065461 -363525.377093 0.000000 -0.374691 7.722754 -0.045501 1570117942.262897
7757816.410243 -363525.522776 0.000000 -0.382279 7.727743 -0.046990 1570117942.312809
7757816.745421 -363525.655325 0.000000 -0.390554 7.717766 -0.048096 1570117942.362721
7757817.132556 -363525.831589 0.000000 -0.396848 7.701804 -0.048823 1570117942.412631
7757817.482266 -363525.977244 0.000000 -0.403332 7.707790 -0.050066 1570117942.462605
7757817.811324 -363526.130074 0.000000 -0.410507 7.707790 -0.051304 1570117942.512505
7757818.169487 -363526.279908 0.000000 -0.417337 7.722754 -0.052680 1570117942.562420
7757818.506491 -363526.441225 0.000000 -0.426498 7.738717 -0.054058 1570117942.612331
7757818.865849 -363526.612316 0.000000 -0.433436 7.743705 -0.054930 1570117942.662291
7757819.226307 -363526.768349 0.000000 -0.442606 7.743705 -0.054930 1570117942.712206
7757819.581555 -363526.943625 0.000000 -0.450317 7.758670 -0.054946 1570117942.762117
7757819.912286 -363527.110811 0.000000 -0.458837 7.752684 -0.054816 1570117942.812029
7757820.259178 -363527.281725 0.000000 -0.465151 7.758670 -0.054822 1570117942.861954
7757820.568392 -363527.432752 0.000000 -0.474960 7.758670 -0.054822 1570117942.911855
7757820.953219 -363527.635303 0.000000 -0.483785 7.752684 -0.054816 1570117942.961769
7757821.295941 -363527.813769 0.000000 -0.489123 7.753681 -0.055684 1570117943.011681
7757821.623132 -363527.979714 0.000000 -0.499776 7.755677 -0.056677 1570117943.061601
7757821.939926 -363528.149131 0.000000 -0.508679 7.755677 -0.057543 1570117943.111507
7757822.337686 -363528.379059 0.000000 -0.515631 7.755677 -0.058162 1570117943.161426
7757822.633971 -363528.548396 0.000000 -0.527705 7.755677 -0.058657 1570117943.211342
7757822.953336 -363528.739910 0.000000 -0.533214 7.749691 -0.058651 1570117943.261252
7757823.584102 -363529.126423 0.000000 -0.554387 7.748693 -0.055802 1570117943.361079
7757823.946170 -363529.362595 0.000000 -0.560005 7.748693 -0.055802 1570117943.411030
7757824.306818 -363529.578965 0.000000 -0.569252 7.748693 -0.054069 1570117943.460946
7757824.607694 -363529.769505 0.000000 -0.579596 7.763658 -0.051113 1570117943.510851
7757824.962105 -363530.000269 0.000000 -0.585425 7.763658 -0.048758 1570117943.560765
7757825.255642 -363530.202130 0.000000 -0.594059 7.761663 -0.046774 1570117943.610682
7757825.594011 -363530.436795 0.000000 -0.595418 7.766651 -0.044051 1570117943.660602
7757825.929941 -363530.657867 0.000000 -0.605809 7.771639 -0.041448 1570117943.710505
7757826.186912 -363530.838672 0.000000 -0.610755 7.801568 -0.038622 1570117943.760422
7757826.546102 -363531.103770 0.000000 -0.616110 7.808552 -0.037759 1570117943.810333
7757826.853728 -363531.335489 0.000000 -0.623493 7.836486 -0.036909 1570117943.860247
7757827.133458 -363531.535666 0.000000 -0.629391 7.853446 -0.036052 1570117943.910157
7757827.487915 -363531.789085 0.000000 -0.636754 7.874396 -0.035196 1570117943.960022
7757827.777211 -363531.999305 0.000000 -0.643729 7.883375 -0.034331 1570117944.009970
7757828.079271 -363532.255397 0.000000 -0.647830 7.914302 -0.033356 1570117944.059850
7757828.421297 -363532.489248 0.000000 -0.653192 7.929267 -0.032121 1570117944.109800
7757828.717088 -363532.730177 0.000000 -0.656807 7.949219 -0.030389 1570117944.159728
7757829.056199 -363532.988787 0.000000 -0.660350 7.960193 -0.028651 1570117944.209666
7757829.386530 -363533.251866 0.000000 -0.664237 7.967177 -0.026786 1570117944.259546
7757829.706617 -363533.506146 0.000000 -0.669495 7.961191 -0.025413 1570117944.309437
7757829.999953 -363533.745873 0.000000 -0.670295 7.963186 -0.023794 1570117944.359375
7757830.295367 -363533.987602 0.000000 -0.675314 7.973163 -0.022053 1570117944.409287
7757830.611621 -363534.240415 0.000000 -0.680620 7.987130 -0.021061 1570117944.459240
7757830.935234 -363534.528795 0.000000 -0.681231 8.019054 -0.018951 1570117944.509136
7757831.216709 -363534.767530 0.000000 -0.686051 8.035017 -0.017708 1570117944.559035
7757831.486855 -363534.987101 0.000000 -0.687743 8.049981 -0.016089 1570117944.608947
7757831.786075 -363535.251479 0.000000 -0.691180 8.070932 -0.014470 1570117944.658849
7757832.186193 -363535.561020 0.000000 -0.695261 8.086894 -0.012599 1570117944.708764
7757832.482284 -363535.819222 0.000000 -0.695838 8.091882 -0.010475 1570117944.758646
7757832.814545 -363536.105344 0.000000 -0.697542 8.098866 -0.008975 1570117944.808547
7757833.087610 -363536.323983 0.000000 -0.700078 8.115826 -0.006851 1570117944.858415
7757833.382858 -363536.599153 0.000000 -0.700781 8.125802 -0.004850 1570117944.908320
7757833.687375 -363536.869908 0.000000 -0.701583 8.146753 -0.002723 1570117944.958225
7757834.002183 -363537.156936 0.000000 -0.700888 8.172691 -0.000343 1570117945.008063
7757834.284745 -363537.394107 0.000000 -0.699608 8.176682 0.000034 1570117945.057901
7757834.600813 -363537.655468 0.000000 -0.701528 8.192644 0.000035 1570117945.107810
7757834.884323 -363537.906414 0.000000 -0.700899 8.212597 -0.000339 1570117945.157680
7757835.222412 -363538.176891 0.000000 -0.700491 8.222574 -0.001216 1570117945.207551
7757835.533356 -363538.446925 0.000000 -0.699643 8.237538 -0.002469 1570117945.257460
7757835.825052 -363538.709246 0.000000 -0.700282 8.244522 -0.002469 1570117945.307352
7757836.183780 -363539.022587 0.000000 -0.699821 8.249510 -0.002719 1570117945.357285
7757836.466715 -363539.259786 0.000000 -0.699971 8.262479 -0.002343 1570117945.407185
7757836.803210 -363539.554355 0.000000 -0.700604 8.274451 -0.001212 1570117945.457100
7757837.104579 -363539.808230 0.000000 -0.700493 8.295402 -0.000206 1570117945.507011
7757837.405936 -363540.076136 0.000000 -0.700295 8.300390 0.000045 1570117945.556923
7757837.719824 -363540.352018 0.000000 -0.701951 8.321340 0.000047 1570117945.606838
7757837.990083 -363540.565286 0.000000 -0.702234 8.332314 -0.000328 1570117945.656750
7757838.359674 -363540.887342 0.000000 -0.700519 8.348277 -0.000579 1570117945.706661
7757838.642153 -363541.135883 0.000000 -0.702337 8.355260 -0.000326 1570117945.756621
7757838.952052 -363541.395274 0.000000 -0.703633 8.367232 -0.000326 1570117945.806581
7757839.343553 -363541.750100 0.000000 -0.703210 8.379204 -0.000325 1570117945.856543
7757839.662262 -363542.023969 0.000000 -0.702250 8.391175 -0.000324 1570117945.906452
7757839.977586 -363542.286607 0.000000 -0.702912 8.404145 -0.000322 1570117945.956412
7757840.276906 -363542.569058 0.000000 -0.703910 8.416116 -0.000321 1570117946.006380
7757840.573069 -363542.818207 0.000000 -0.702778 8.425095 -0.000194 1570117946.056334
7757840.875339 -363543.082729 0.000000 -0.702616 8.434074 0.000688 1570117946.106292
7757841.197833 -363543.357792 0.000000 -0.702331 8.441057 0.001319 1570117946.156255
7757841.572618 -363543.699131 0.000000 -0.702219 8.460013 0.001069 1570117946.206211
7757841.854350 -363543.922462 0.000000 -0.701639 8.465998 0.001070 1570117946.256170
7757842.214589 -363544.222010 0.000000 -0.702013 8.476973 -0.000190 1570117946.306131
7757842.508007 -363544.470848 0.000000 -0.701153 8.487947 -0.000315 1570117946.356094
7757842.794939 -363544.725222 0.000000 -0.701034 8.496925 -0.000566 1570117946.406001
7757843.147067 -363545.034558 0.000000 -0.703799 8.507900 -0.001449 1570117946.455962
7757843.477496 -363545.339828 0.000000 -0.703710 8.524859 -0.002710 1570117946.505922
7757843.791818 -363545.607745 0.000000 -0.703989 8.524859 -0.003342 1570117946.555888
7757844.143680 -363545.895520 0.000000 -0.703706 8.528850 -0.004225 1570117946.605818
7757844.446559 -363546.165555 0.000000 -0.704213 8.533838 -0.004604 1570117946.655753
7757844.776162 -363546.446601 0.000000 -0.703825 8.543815 -0.004604 1570117946.705738
7757845.135146 -363546.755782 0.000000 -0.706022 8.559777 -0.004351 1570117946.755676
7757845.421247 -363546.975757 0.000000 -0.705988 8.580727 -0.004225 1570117946.805659
7757845.760410 -363547.298956 0.000000 -0.707071 8.590704 -0.003972 1570117946.855590
7757846.048263 -363547.552368 0.000000 -0.706412 8.602676 -0.003593 1570117946.905530
7757846.480999 -363547.921098 0.000000 -0.707294 8.613650 -0.002961 1570117946.955474
7757846.720996 -363548.112653 0.000000 -0.705003 8.613650 -0.002454 1570117947.005366
7757847.083074 -363548.444363 0.000000 -0.706803 8.623626 -0.001442 1570117947.055337
7757847.414515 -363548.732617 0.000000 -0.707727 8.650562 -0.001060 1570117947.105254
7757847.766199 -363549.039849 0.000000 -0.709683 8.666525 -0.000806 1570117947.155212
7757848.038677 -363549.301085 0.000000 -0.707650 8.702440 -0.000676 1570117947.205130
7757848.345831 -363549.565144 0.000000 -0.709037 8.713414 -0.000802 1570117947.255039
7757848.691415 -363549.854573 0.000000 -0.709099 8.717405 -0.001182 1570117947.304959
7757849.054788 -363550.183071 0.000000 -0.709617 8.712416 -0.001690 1570117947.354876
7757849.433331 -363550.505693 0.000000 -0.708920 8.697452 -0.001944 1570117947.404705
7757849.709570 -363550.755325 0.000000 -0.708968 8.698449 -0.002324 1570117947.454617
7757850.046319 -363551.035747 0.000000 -0.711009 8.715409 -0.002704 1570117947.504531
7757850.426229 -363551.371474 0.000000 -0.710132 8.730374 -0.003210 1570117947.554400
7757850.732899 -363551.643569 0.000000 -0.709725 8.768284 -0.002956 1570117947.604312
