761 9158 -0.211778 -0.166939 0.005275
768 9159 -0.170283 -0.137016 0.002847
774 9160 -0.192657 -0.137504 0.001805
778 9161 -0.133105 -0.132270 0.002598
782 9162 -0.135290 -0.137551 0.004790
786 9163 -0.167155 -0.127086 0.004291
789 9164 -0.137277 -0.146867 0.003260
792 9165 -0.081505 -0.128602 0.002190
796 9166 -0.222159 -0.124160 0.003872
798 9167 -0.124169 -0.112618 0.004987
801 9168 -0.183998 -0.100726 0.004330
803 9169 -0.061854 -0.103397 0.004814
806 9170 -0.172899 -0.089302 0.004230
808 9171 -0.077961 -0.092669 0.007133
811 9172 -0.202328 -0.059324 0.003708
813 9173 -0.147685 -0.060549 0.003841
815 9174 -0.101752 -0.054179 0.003960
817 9175 -0.072189 -0.033820 0.003252
819 9176 -0.044823 -0.047053 0.002749
821 9177 -0.062031 -0.042243 0.002696
823 9178 -0.027478 -0.025918 0.001649
825 9179 -0.042826 -0.015723 0.001793
827 9180 0.001174 -0.021817 0.002145
829 9181 -0.032369 -0.032369 -0.000675
831 9182 -0.081573 -0.000540 -0.001007
833 9183 -0.052504 0.007998 -0.001296
835 9184 -0.128732 0.004482 -0.001249
837 9185 -0.161014 0.022468 -0.001057
839 9186 -0.196243 0.020320 0.000747
840 9187 0.015543 0.018711 -0.001913
842 9188 -0.110798 0.046709 -0.002302
844 9189 -0.138403 0.058180 0.000115
846 9190 -0.220776 0.055799 -0.001447
847 9191 -0.065484 0.025720 -0.001214
849 9192 -0.095143 0.039640 -0.001917
851 9193 -0.219622 0.045011 -0.004867
852 9194 -0.015860 0.054607 -0.005142
854 9195 -0.122214 0.063804 -0.006820
856 9196 -0.185048 0.035211 -0.007285
857 9197 -0.030386 0.040615 -0.009873
859 9198 -0.183475 0.023477 -0.011323
860 9199 -0.019364 0.032684 -0.007806
862 9200 -0.140236 0.064362 -0.010189
863 9201 0.026638 0.033559 -0.012311
865 9202 -0.105642 0.036328 -0.012651
866 9203 0.075808 0.024810 -0.012353
868 9204 -0.135834 0.024762 -0.017855
869 9205 0.010295 0.033008 -0.013830
871 9206 -0.151393 0.006390 -0.019367
872 9207 0.003347 0.001053 -0.016138
874 9208 -0.090790 -0.007224 -0.018613
875 9209 0.026197 -0.009414 -0.018149
877 9210 -0.194639 -0.008534 -0.018873
878 9211 0.034868 -0.016710 -0.018341
879 9212 0.082584 -0.031338 -0.017809
881 9213 -0.080882 -0.027052 -0.019881
882 9214 0.086907 -0.040054 -0.021326
884 9215 -0.161285 -0.049367 -0.022052
885 9216 -0.045875 -0.036658 -0.022130
887 9217 -0.179739 -0.031637 -0.020472
888 9218 -0.096295 -0.034912 -0.020072
891 9220 -0.180377 -0.066363 -0.021787
892 9221 -0.041630 -0.061485 -0.021221
893 9222 0.050480 -0.060170 -0.020598
895 9223 -0.168520 -0.066694 -0.023272
896 9224 -0.048186 -0.065061 -0.024046
897 9225 0.039748 -0.079243 -0.024316
898 9226 0.149033 -0.081204 -0.021035
900 9227 -0.118044 -0.080064 -0.023360
901 9228 0.004732 -0.087101 -0.019781
902 9229 0.066908 -0.097053 -0.019704
904 9230 -0.188861 -0.079381 -0.021221
905 9231 -0.106998 -0.080701 -0.020155
906 9232 -0.023839 -0.070176 -0.017177
907 9233 0.066726 -0.077902 -0.015930
909 9234 -0.204159 -0.076415 -0.016654
910 9235 -0.083132 -0.082931 -0.015422
911 9236 -0.033894 -0.082411 -0.015804
912 9237 0.084679 -0.094300 -0.017088
914 9238 -0.162913 -0.084565 -0.018244
915 9239 -0.075787 -0.076617 -0.019028
916 9240 -0.045293 -0.082005 -0.018460
917 9241 0.013146 -0.093385 -0.018003
918 9242 0.058458 -0.090962 -0.018082
920 9243 -0.167742 -0.066408 -0.018064
921 9244 -0.136054 -0.075979 -0.019114
922 9245 -0.025426 -0.085320 -0.016722
923 9246 -0.030515 -0.082347 -0.018177
924 9247 0.071395 -0.083314 -0.015661
925 9248 0.088260 -0.098983 -0.018025
927 9249 -0.047726 -0.112474 -0.020177
928 9250 -0.097948 -0.106699 -0.019234
929 9251 -0.075210 -0.102449 -0.019704
930 9252 -0.050710 -0.100364 -0.019980
931 9253 0.021252 -0.095168 -0.019661
932 9254 0.032910 -0.090231 -0.019631
933 9255 0.172451 -0.091190 -0.021713
935 9256 -0.166115 -0.082848 -0.017807
936 9257 -0.065291 -0.093313 -0.016828
937 9258 -0.051680 -0.077131 -0.017555
938 9259 -0.064326 -0.081507 -0.019265
939 9260 0.017747 -0.095300 -0.019749
940 9261 0.029766 -0.088179 -0.021522
941 9262 0.103178 -0.095615 -0.022179
942 9263 0.108595 -0.075760 -0.024192
944 9264 -0.183812 -0.069257 -0.021980
945 9265 -0.199162 -0.068746 -0.017534
946 9266 -0.154475 -0.066256 -0.021054
947 9267 -0.127908 -0.079070 -0.023532
948 9268 -0.111828 -0.077791 -0.023510
949 9269 0.057584 -0.077316 -0.023797
950 9270 0.061648 -0.081906 -0.022743
951 9271 0.147733 -0.067985 -0.025346
952 9272 0.079477 -0.082241 -0.022451
953 9273 0.134380 -0.100885 -0.024826
954 9274 0.180775 -0.110367 -0.028922
955 9275 0.106047 -0.116338 -0.026672
956 9276 0.188009 -0.111419 -0.026169
958 9277 -0.102220 -0.122781 -0.023786
959 9278 -0.151590 -0.140487 -0.024894
960 9279 -0.132425 -0.145373 -0.024787
961 9280 -0.066557 -0.121318 -0.027838
962 9281 0.030465 -0.120629 -0.029920
963 9282 0.068357 -0.108611 -0.024741
964 9283 0.085432 -0.117537 -0.028687
966 9284 -0.183263 -0.114375 -0.017908
967 9285 -0.198341 -0.104170 -0.014324
968 9286 -0.092999 -0.097659 -0.014049
969 9287 -0.023870 -0.088591 -0.013439
970 9288 -0.020626 -0.089215 -0.016739
971 9289 -0.065684 -0.089753 -0.018779
972 9290 0.050231 -0.094879 -0.016481
973 9291 0.068001 -0.093408 -0.014366
974 9292 0.134349 -0.110521 -0.011809
975 9293 0.139570 -0.104915 -0.016598
977 9294 -0.194902 -0.119954 -0.006346
978 9295 -0.125675 -0.115131 -0.007724
979 9296 -0.089015 -0.083272 -0.004970
980 9297 -0.126378 -0.091106 -0.009098
981 9298 -0.059197 -0.082263 -0.012188
982 9299 -0.023644 -0.080993 -0.011658
983 9300 0.008617 -0.067963 -0.011993
984 9301 0.042728 -0.059491 -0.010727
985 9302 0.083454 -0.042830 -0.014044
986 9303 0.061499 -0.048701 -0.012639
987 9304 0.068807 -0.059170 -0.014631
988 9305 0.109214 -0.061173 -0.013630
989 9306 0.115313 -0.062943 -0.016084
990 9307 0.132191 -0.055026 -0.011936
992 9308 -0.162907 -0.062705 -0.001728
993 9309 -0.165072 -0.059971 -0.005859
994 9310 -0.176652 -0.089579 -0.008414
996 9312 -0.141338 -0.090747 -0.013386
997 9313 -0.090694 -0.088537 -0.010317
998 9314 -0.095211 -0.095548 -0.010469
999 9315 -0.129787 -0.088477 -0.014321
1000 9316 -0.096810 -0.102870 -0.015288
1001 9317 -0.062749 -0.102041 -0.018707
1002 9318 -0.072143 -0.095405 -0.016631
1003 9319 0.008142 -0.094637 -0.018623
1004 9320 -0.053831 -0.093094 -0.021241
1005 9321 0.020790 -0.094672 -0.023508
1006 9322 0.082074 -0.105916 -0.020375
1007 9323 0.067019 -0.105522 -0.022635
1008 9324 0.061449 -0.123011 -0.023873
1009 9325 0.051179 -0.115114 -0.024661
1010 9326 0.062449 -0.108043 -0.022367
1011 9327 0.136911 -0.109185 -0.020033
1012 9328 0.117424 -0.133533 -0.021468
1013 9329 0.128393 -0.120796 -0.019675
1014 9330 0.171871 -0.140230 -0.022833
1015 9331 0.142006 -0.153786 -0.024059
1016 9332 0.154800 -0.168934 -0.025491
1017 9333 0.187235 -0.166885 -0.027822
1019 9334 -0.179315 -0.156447 -0.019744
1020 9335 -0.165181 -0.176448 -0.022779
1022 9337 -0.172768 -0.168494 -0.021701
1023 9338 -0.139628 -0.182231 -0.022076
1024 9339 -0.152723 -0.195833 -0.021643
1025 9340 -0.120978 -0.193665 -0.017180
1026 9341 -0.109780 -0.186561 -0.017454
1027 9342 -0.066905 -0.193427 -0.015925
1028 9343 -0.094521 -0.214948 -0.014668
1029 9344 -0.071904 -0.205440 -0.013894
1030 9345 -0.094830 -0.207727 -0.014572
1031 9346 -0.025259 -0.202750 -0.009850
1032 9347 -0.068150 -0.245348 -0.005907
1033 9348 -0.037584 -0.240864 -0.006318
1034 9349 -0.013207 -0.234873 -0.010054
1035 9350 -0.031021 -0.231293 -0.002290
1036 9351 -0.062065 -0.216431 -0.003835
1037 9352 -0.106203 -0.209792 -0.002528
1038 9353 -0.052658 -0.202727 -0.001204
1039 9354 -0.068911 -0.189659 -0.000611
1040 9355 -0.039344 -0.191617 -0.001956
1041 9356 -0.047059 -0.191370 -0.002176
1042 9357 -0.050960 -0.209618 -0.001718
1043 9358 -0.004973 -0.203721 -0.002337
1044 9359 -0.038663 -0.188904 -0.000495
1045 9360 -0.030837 -0.192132 -0.000442
1046 9361 -0.036300 -0.190761 -0.001040
1047 9362 -0.038332 -0.168928 -0.001001
1048 9363 -0.035387 -0.157934 -0.000903
1049 9364 -0.010400 -0.173529 -0.001407
1050 9365 -0.043064 -0.165708 -0.002237
1051 9366 -0.020354 -0.176742 0.001495
1052 9367 -0.035101 -0.184464 0.000657
1053 9368 -0.074480 -0.182762 0.003374
1054 9369 -0.053866 -0.180697 0.001558
1055 9370 -0.100422 -0.191746 0.003718
1056 9371 -0.085204 -0.175460 0.002803
1057 9372 -0.111479 -0.171109 0.004344
1058 9373 -0.055983 -0.178963 0.003173
1059 9374 -0.064722 -0.172256 0.004513
1060 9375 -0.091560 -0.179288 0.007295
1061 9376 -0.133588 -0.183784 0.011067
1062 9377 -0.084746 -0.172796 0.012087
1063 9378 -0.071677 -0.160312 0.012940
1064 9379 -0.122318 -0.150132 0.015762
1065 9380 -0.065998 -0.145796 0.012878
1066 9381 -0.127918 -0.127462 0.016791
1067 9382 -0.073188 -0.118279 0.016696
1068 9383 -0.094423 -0.114508 0.017484
1069 9384 -0.111331 -0.112629 0.019392
1070 9385 -0.118159 -0.119295 0.017779
1071 9386 -0.151344 -0.105383 0.019625
1072 9387 -0.168560 -0.101328 0.020088
1073 9388 -0.146006 -0.093366 0.017797
1075 9390 -0.177384 -0.053307 0.017639
1076 9392 0.162961 -0.039430 0.009433
1077 9393 0.149058 -0.029589 0.007916
1078 9394 0.173012 -0.032844 0.005956
1079 9395 0.131103 -0.010103 0.005393
1080 9396 0.116639 -0.014201 0.006534
1081 9397 0.113253 -0.020835 0.004192
1082 9398 0.060918 -0.023718 0.000539
1083 9399 0.059390 -0.013086 -0.000299
1084 9400 0.072637 -0.014164 -0.000723
1085 9401 0.020275 0.001748 -0.003110
1086 9402 0.013899 0.000187 -0.005244
1087 9403 0.024753 0.010005 -0.006644
1088 9404 0.010164 0.002054 -0.008359
1089 9405 0.010031 0.009727 -0.007705
1090 9406 -0.013808 0.013525 -0.009234
1091 9407 -0.032386 -0.000490 -0.008389
1092 9408 -0.054903 0.001552 -0.008745
1093 9409 -0.051416 0.003623 -0.007912
1094 9410 -0.063095 -0.001197 -0.009196
1095 9411 -0.030884 -0.009906 -0.006780
1096 9412 -0.089794 -0.010419 -0.005303
1097 9413 -0.098774 -0.015905 -0.007382
1098 9414 -0.088238 -0.028659 -0.004209
1099 9415 -0.069946 -0.035953 -0.002790
1100 9416 -0.152686 -0.033103 -0.003356
1101 9417 -0.117232 -0.036883 0.001170
1102 9418 -0.113547 -0.034922 -0.000820
1104 9420 -0.101474 -0.033837 0.005373
1105 9421 -0.157699 -0.025544 0.003599
1107 9423 -0.178321 -0.042312 0.008782
1108 9425 0.156654 -0.045842 0.000743
1109 9426 0.180261 -0.041883 0.002775
1110 9427 0.147616 -0.039671 -0.002260
1112 9428 -0.188925 -0.047497 0.006790
1113 9430 0.129269 -0.041797 -0.000304
1114 9431 0.127555 -0.034310 0.000960
1115 9432 0.167678 -0.038565 0.000994
1116 9433 0.117697 -0.046005 0.002890
1117 9434 0.145759 -0.051849 0.004916
1118 9435 0.135856 -0.030914 0.004687
1119 9436 0.108871 -0.053668 0.005979
1120 9437 0.113591 -0.044769 0.005569
1121 9438 0.073499 -0.050112 0.005251
1122 9439 0.037107 -0.048384 0.005485
1123 9440 0.014647 -0.048991 0.007231
1124 9441 0.022081 -0.046030 0.004702
1125 9442 0.028938 -0.043997 0.006688
1126 9443 0.013231 -0.047601 0.009288
1127 9444 -0.030615 -0.029447 0.007618
1128 9445 -0.009491 -0.024345 0.010466
1129 9446 0.032088 -0.027562 0.010433
1130 9447 0.022937 -0.015248 0.012570
1131 9448 -0.092545 -0.033524 0.015649
1132 9449 -0.095681 -0.025210 0.015447
1133 9450 -0.143961 -0.019217 0.016541
1134 9451 -0.102031 -0.027275 0.018707
1135 9452 -0.117783 -0.006360 0.019304
1136 9453 -0.135775 0.005143 0.020055
1137 9454 -0.171672 0.022594 0.019274
1138 9455 -0.151434 0.022763 0.017890
1139 9456 -0.172160 0.019242 0.019483
1140 9457 -0.160071 0.029045 0.018302
1141 9459 0.186443 0.018342 0.016201
1142 9460 0.162998 0.023899 0.014361
1143 9461 0.158940 0.035837 0.014027
1144 9462 0.070491 0.043064 0.012670
1145 9463 0.088694 0.040568 0.011886
1146 9464 0.028807 0.047089 0.011606
1147 9465 0.021705 0.044714 0.010694
1148 9466 0.004655 0.052728 0.009827
1149 9467 -0.026884 0.058477 0.011054
1150 9468 0.014746 0.044440 0.011040
1151 9469 -0.091335 0.049325 0.008936
1152 9470 -0.083843 0.053907 0.010514
1153 9471 -0.104476 0.048984 0.011608
1154 9473 0.133477 0.061778 0.010745
1155 9474 0.096436 0.062063 0.009567
1156 9475 0.067224 0.056031 0.009900
1157 9476 0.035103 0.075326 0.010409
1158 9477 0.025356 0.071090 0.008718
1159 9478 0.000082 0.074459 0.007908
1160 9479 -0.049806 0.072625 0.006764
1161 9480 -0.181403 0.087428 0.005773
1162 9481 -0.167577 0.072019 0.004247
1163 9483 0.105404 0.058992 0.002815
1164 9484 0.088757 0.054515 0.001200
1165 9485 0.070916 0.058306 0.000402
1166 9486 -0.032124 0.061763 0.002628
1167 9487 -0.118523 0.075800 0.002040
1168 9488 -0.169514 0.071581 0.001821
1169 9490 0.095010 0.052779 0.000514
1170 9491 0.044957 0.057188 0.000533
1171 9492 -0.032978 0.052559 -0.000276
1172 9493 -0.153151 0.049936 0.001520
1173 9494 -0.160609 0.026697 0.001187
1174 9496 0.074236 0.042462 0.001677
1175 9497 0.038717 0.043281 0.000791
1177 9499 -0.146448 0.022846 -0.001001
1178 9501 0.044560 0.029696 0.000567
1179 9502 -0.056015 0.028631 0.001417
1180 9504 0.149296 0.024407 0.003210
1181 9505 0.103688 0.040897 0.001073
1182 9506 0.027408 0.037347 0.002292
1183 9507 -0.102550 0.027867 0.002066
1184 9509 0.037035 0.032246 0.001942
1185 9511 0.147309 0.021969 0.000609
1186 9512 0.072540 0.027189 0.000345
1187 9513 -0.072268 0.016242 0.002079
1188 9515 -0.000539 0.015015 0.000649
1189 9516 -0.129207 0.017334 0.000029
