48 10347 -0.143672 0.298429 -0.000418
56 10348 -0.082209 0.307109 -0.002837
63 10349 -0.104777 0.290547 -0.003318
69 10350 -0.082519 0.298038 -0.002257
74 10351 -0.128430 0.296273 -0.002127
77 10352 -0.065830 0.324079 -0.002735
80 10353 -0.047021 0.304645 -0.000932
83 10354 -0.058249 0.302130 -0.000697
87 10355 -0.134608 0.266152 0.000458
90 10356 -0.143444 0.285014 0.002268
92 10357 -0.113477 0.282933 0.001248
95 10358 -0.134949 0.286166 -0.000398
97 10359 -0.088324 0.298799 0.000367
99 10360 -0.001677 0.281324 0.000917
102 10361 -0.132635 0.295154 0.002011
104 10362 -0.095328 0.279392 0.001245
106 10363 -0.084856 0.273671 0.002815
108 10364 -0.066270 0.264501 0.002296
110 10365 -0.079378 0.274513 0.004508
112 10366 -0.067717 0.272656 0.002922
114 10367 -0.123889 0.264600 0.005414
116 10368 -0.122657 0.280308 0.002662
118 10369 -0.110559 0.283062 0.004012
119 10370 0.017924 0.275895 0.003276
121 10371 -0.037571 0.289099 0.001670
123 10372 -0.143307 0.294334 0.002777
124 10373 0.014015 0.283667 0.000186
126 10374 0.030676 0.279220 0.004258
128 10375 -0.108386 0.266779 0.001477
129 10376 -0.000109 0.291321 0.000755
131 10377 -0.052860 0.274716 0.003214
133 10378 -0.112894 0.280391 0.001009
134 10379 0.018702 0.270118 0.002389
136 10380 -0.118126 0.277058 0.003579
137 10381 -0.044206 0.277795 0.003142
139 10382 -0.132721 0.285764 0.003636
140 10383 -0.080714 0.287520 0.004792
142 10384 -0.152498 0.304898 0.001283
143 10385 -0.053145 0.312424 0.001534
144 10386 -0.005280 0.313503 0.000523
146 10387 -0.088331 0.298497 0.001291
147 10388 -0.047428 0.308750 0.000653
148 10389 0.045254 0.305273 0.001255
150 10390 -0.052987 0.311443 0.000572
151 10391 -0.002468 0.310751 0.002518
152 10392 0.039920 0.295522 0.001170
154 10393 -0.100268 0.287278 0.002731
155 10394 -0.071064 0.278073 0.000123
156 10395 0.039787 0.271308 0.000337
158 10396 -0.145570 0.258878 -0.001201
159 10397 -0.081506 0.256562 -0.000847
160 10398 -0.038459 0.267517 -0.000808
161 10399 -0.013265 0.275203 -0.001727
162 10400 0.048867 0.269588 -0.001169
163 10401 0.101246 0.252163 -0.002798
165 10402 -0.140680 0.260731 -0.001582
166 10403 -0.088586 0.252972 -0.001430
167 10404 -0.039492 0.251225 -0.001452
168 10405 0.040502 0.262782 -0.003211
169 10406 0.042494 0.243575 -0.001991
170 10407 0.078534 0.249842 -0.003101
171 10408 0.064979 0.238105 -0.001556
173 10409 -0.124672 0.232015 -0.004501
174 10410 -0.120794 0.239478 -0.001253
175 10411 -0.116632 0.232617 -0.003974
176 10412 -0.137386 0.223056 -0.002495
177 10413 -0.051148 0.211794 -0.002728
178 10414 -0.063794 0.213990 -0.002608
179 10415 -0.012718 0.222365 -0.003072
180 10416 -0.034746 0.216067 -0.004357
181 10417 -0.005134 0.219718 -0.004478
182 10418 0.021136 0.217270 -0.004391
183 10419 0.016754 0.217027 -0.003208
184 10420 0.036963 0.223076 -0.002461
185 10421 0.034804 0.221792 -0.001824
186 10422 0.032772 0.205667 -0.001941
187 10423 0.044390 0.204141 -0.001757
188 10424 0.001572 0.208065 -0.003899
190 10426 0.032599 0.193735 0.000366
191 10427 0.077741 0.196469 0.000794
192 10428 0.079246 0.187683 -0.000970
193 10429 0.041031 0.191342 0.000064
194 10430 0.070081 0.204982 -0.002309
195 10431 0.003068 0.213790 -0.001996
196 10432 0.024095 0.215088 0.001280
197 10433 0.024993 0.205486 -0.000304
198 10434 0.009062 0.205722 0.000769
199 10435 -0.057821 0.189022 0.001142
200 10436 -0.036378 0.190191 -0.000099
201 10437 -0.038999 0.182339 0.000574
202 10438 -0.070567 0.171647 -0.002952
203 10439 -0.080207 0.171409 -0.000082
204 10440 -0.156549 0.166522 0.001690
205 10441 -0.087046 0.167747 -0.000727
206 10443 0.152688 0.175125 -0.001069
207 10444 0.118813 0.182503 -0.001168
208 10445 0.121774 0.176976 -0.000743
209 10446 0.114412 0.167277 0.001832
210 10447 0.032579 0.167046 0.003846
211 10448 0.048826 0.164203 0.000929
212 10449 -0.016674 0.152320 0.000541
213 10450 -0.065370 0.155045 -0.000013
214 10451 -0.044402 0.134358 0.001491
215 10452 -0.111737 0.139307 0.001373
216 10454 0.151068 0.155246 0.001478
217 10455 0.128440 0.165262 0.004466
218 10456 0.048948 0.150769 0.004119
219 10457 -0.018994 0.133736 0.002914
221 10459 -0.041332 0.124326 0.003837
222 10460 -0.130149 0.124074 0.004252
223 10462 0.108054 0.134753 0.002195
224 10463 0.096205 0.144532 -0.000001
225 10464 0.023031 0.155033 0.001954
226 10465 -0.019393 0.157032 0.005592
227 10466 -0.065565 0.150010 0.004935
228 10467 -0.137677 0.154808 0.003333
229 10469 0.105288 0.168420 0.001869
230 10470 0.020789 0.147901 -0.000057
231 10471 -0.044066 0.157261 0.002398
232 10472 -0.146101 0.153775 0.003095
233 10474 0.106154 0.163230 -0.000171
234 10475 0.041013 0.163740 -0.000462
235 10476 -0.067115 0.157030 -0.000984
236 10477 -0.100643 0.172038 0.002787
237 10479 0.087813 0.173395 0.002092
238 10480 0.016358 0.184690 0.000388
239 10481 -0.101554 0.179601 0.003802
240 10482 -0.137276 0.179185 0.002392
241 10484 0.057771 0.170617 0.002246
242 10485 0.017326 0.161162 0.004273
243 10486 -0.099720 0.149646 0.004032
244 10488 0.092642 0.154604 0.003433
245 10489 -0.008461 0.163047 0.003375
246 10490 -0.104130 0.176731 0.003502
247 10492 0.083985 0.152406 0.006223
248 10493 -0.008805 0.163512 0.006583
249 10494 -0.117972 0.155828 0.007807
250 10496 0.060792 0.155887 0.006957
251 10497 0.019098 0.167248 0.007455
252 10498 -0.060524 0.176559 0.005669
253 10500 0.015882 0.177543 0.007418
254 10501 -0.014765 0.182519 0.008741
255 10502 -0.118041 0.190527 0.008444
256 10504 0.135470 0.205509 0.005377
257 10505 0.005955 0.209588 0.003402
258 10506 -0.084524 0.218346 0.004296
259 10508 0.084805 0.223046 0.004256
260 10509 -0.035222 0.215155 0.000809
261 10510 -0.129639 0.216478 0.001853
262 10512 0.057109 0.202107 0.003783
263 10513 -0.030790 0.180477 0.005233
264 10515 0.131026 0.193221 0.001342
265 10516 0.030366 0.182749 -0.000013
266 10517 -0.077689 0.195780 0.002864
267 10519 0.104636 0.175373 0.006190
268 10520 0.018694 0.157520 0.006055
269 10522 0.089823 0.166969 0.005403
270 10523 0.019376 0.181360 0.003728
271 10524 -0.087278 0.180081 0.003326
272 10526 0.076956 0.173395 0.005110
273 10527 -0.015268 0.178288 0.006547
274 10528 -0.142716 0.174024 0.006653
275 10530 0.026530 0.183575 0.004560
276 10531 -0.091613 0.181494 0.004632
277 10533 0.027940 0.159343 0.003477
278 10534 -0.089745 0.152679 0.003316
279 10536 0.066212 0.136466 0.004047
280 10537 -0.046405 0.131161 0.004865
281 10539 0.097379 0.143784 0.007738
282 10540 -0.016041 0.147254 0.008885
283 10542 0.142715 0.138768 0.009761
284 10543 -0.021998 0.143986 0.010456
285 10545 0.113568 0.142215 0.009077
286 10546 -0.023133 0.146794 0.007447
287 10547 -0.143563 0.140226 0.006679
288 10549 0.028675 0.146323 0.004990
289 10550 -0.129229 0.157354 0.008830
290 10552 -0.040662 0.165108 0.010466
291 10554 0.105428 0.137481 0.011347
292 10555 -0.004557 0.141802 0.006442
293 10556 -0.126173 0.147726 0.004654
294 10558 0.042869 0.137103 0.003541
295 10559 -0.111394 0.114689 0.004902
296 10561 0.034304 0.111336 0.000675
297 10562 -0.105621 0.111371 0.002940
298 10564 0.051178 0.098516 0.005660
299 10565 -0.076078 0.111297 0.005710
300 10567 0.096405 0.099685 0.008998
301 10568 -0.110960 0.103768 0.009491
302 10570 0.016979 0.109058 0.008514
303 10571 -0.103276 0.090118 0.007324
304 10573 0.048560 0.090968 0.008936
305 10574 -0.041618 0.105299 0.009616
306 10576 0.042383 0.109139 0.009830
307 10577 -0.114117 0.129301 0.007306
308 10579 0.011970 0.119853 0.006704
309 10580 -0.089417 0.111933 0.007181
310 10582 0.106446 0.104129 0.006830
311 10583 -0.037012 0.116185 0.008086
312 10585 0.029509 0.109852 0.011661
313 10586 -0.061398 0.109642 0.014323
314 10588 0.035277 0.127385 0.013477
315 10589 -0.070430 0.132984 0.014457
316 10591 0.117921 0.133395 0.014865
317 10592 0.006407 0.128347 0.013876
318 10594 0.143300 0.114290 0.008556
319 10595 0.029265 0.118988 0.009386
320 10596 -0.102709 0.114591 0.010353
321 10598 0.054321 0.130769 0.013215
322 10599 -0.046748 0.135879 0.013046
323 10601 0.139171 0.141428 0.013380
324 10602 0.034753 0.140969 0.013340
325 10604 0.145062 0.148520 0.012725
326 10605 0.038582 0.152835 0.012665
327 10606 -0.065784 0.152378 0.012303
328 10608 0.119451 0.145394 0.012770
329 10609 0.024126 0.156458 0.012001
330 10610 -0.108848 0.155729 0.011000
331 10612 0.077849 0.153503 0.011800
332 10613 0.018791 0.162328 0.012793
333 10614 -0.126351 0.156611 0.009111
334 10616 0.043027 0.154343 0.008956
335 10617 -0.122277 0.162944 0.010992
336 10619 0.130221 0.172343 0.012027
337 10620 0.074951 0.172411 0.012168
338 10621 -0.033863 0.176798 0.011545
339 10623 0.144113 0.177566 0.011176
340 10624 0.037855 0.175928 0.011894
341 10625 -0.070585 0.174049 0.012351
342 10627 0.102474 0.167444 0.013402
343 10628 -0.051005 0.138526 0.013522
344 10629 -0.144736 0.150304 0.014581
345 10631 0.072434 0.151091 0.014682
346 10632 0.014742 0.165146 0.013411
347 10633 -0.079788 0.174850 0.014476
348 10635 0.081442 0.175245 0.012077
349 10636 -0.098368 0.188103 0.009670
350 10638 0.074408 0.193154 0.009520
351 10639 -0.046666 0.202291 0.009238
352 10641 0.125535 0.209418 0.008461
353 10642 0.083820 0.202159 0.006628
354 10643 0.032067 0.204811 0.007197
355 10644 -0.102908 0.208147 0.007135
356 10646 0.071532 0.199687 0.006064
357 10647 0.049436 0.202456 0.007526
358 10648 -0.082767 0.188186 0.006806
359 10650 0.044451 0.194402 0.004462
360 10651 -0.083627 0.202484 0.003407
361 10653 -0.021999 0.192019 0.000909
362 10655 0.125284 0.208269 0.001566
363 10656 -0.031830 0.186865 0.001343
364 10658 0.083359 0.195560 -0.002391
365 10659 -0.098595 0.189023 -0.004062
366 10661 0.010022 0.157879 -0.003740
367 10663 0.066720 0.144424 -0.002988
368 10664 -0.090016 0.160740 -0.003296
369 10666 -0.041842 0.150213 -0.004150
370 10668 0.002601 0.148549 -0.004046
371 10669 -0.042543 0.151841 -0.001267
372 10671 0.044042 0.143599 -0.002860
373 10673 0.087427 0.154363 -0.002426
374 10674 -0.085222 0.147992 -0.001954
375 10677 0.093171 0.136400 -0.002842
376 10678 -0.016543 0.126582 -0.000704
377 10680 -0.013978 0.122357 -0.003518
378 10682 0.017144 0.117934 -0.003599
379 10684 0.025428 0.103255 -0.000833
380 10686 0.035455 0.102660 0.000292
381 10688 0.037790 0.089762 0.002448
382 10690 0.051963 0.081678 0.004912
383 10692 -0.004261 0.083216 0.005104
384 10695 0.064046 0.082082 0.004991
385 10698 0.054741 0.097513 0.005393
386 10700 0.066279 0.091187 0.006175
387 10702 -0.007761 0.097301 0.006511
388 10705 0.029051 0.110272 0.006912
389 10708 0.037096 0.110091 0.006058
390 10710 0.045794 0.112240 0.006798
391 10712 0.001802 0.092804 0.008423
392 10715 0.028761 0.077837 0.010964
393 10717 -0.011184 0.069338 0.008846
394 10719 -0.002949 0.079294 0.011351
395 10721 -0.071732 0.068804 0.012371
396 10724 0.054538 0.067665 0.015202
397 10726 -0.016032 0.063752 0.014944
398 10728 -0.055493 0.067985 0.014698
399 10731 0.077241 0.079313 0.018361
400 10732 -0.074501 0.085093 0.015591
401 10735 0.081298 0.091696 0.017454
402 10736 -0.030314 0.101259 0.020616
403 10738 -0.083104 0.107728 0.020595
404 10740 -0.004627 0.114710 0.021439
405 10742 0.035853 0.121266 0.019753
406 10744 -0.031041 0.110815 0.019081
407 10746 0.065242 0.137126 0.023774
408 10748 0.048986 0.147775 0.022076
409 10750 0.093366 0.149919 0.022902
410 10752 0.093552 0.135216 0.020748
411 10753 0.013318 0.147106 0.020422
412 10755 0.091216 0.150781 0.020963
413 10756 -0.048828 0.158114 0.023470
414 10758 0.031344 0.141928 0.021535
415 10759 -0.021571 0.135933 0.022992
416 10761 0.028254 0.134781 0.024087
417 10763 0.062667 0.132835 0.022140
418 10764 0.057159 0.162385 0.019430
419 10765 -0.086981 0.163828 0.021355
420 10767 -0.023059 0.148411 0.020736
421 10769 0.095337 0.152043 0.018670
422 10770 0.018044 0.149752 0.017846
423 10772 0.045904 0.146267 0.015029
424 10774 0.098269 0.149834 0.008987
425 10775 0.034717 0.144160 0.014656
426 10777 0.075951 0.130371 0.010294
427 10778 0.006188 0.122484 0.010978
428 10779 -0.054853 0.118093 0.010479
429 10781 0.041882 0.121618 0.010065
430 10782 -0.043125 0.117432 0.008819
431 10784 0.093849 0.107616 0.008811
432 10785 -0.006966 0.105767 0.010888
433 10787 0.061981 0.098267 0.004863
434 10788 -0.044616 0.107137 0.006015
435 10790 0.055693 0.084783 0.006081
436 10791 0.054165 0.087734 0.005829
437 10792 -0.058884 0.075316 0.008178
438 10794 0.011590 0.068770 0.006985
439 10795 -0.097587 0.074711 0.009982
440 10797 0.096011 0.086993 0.007174
441 10798 -0.004133 0.090978 0.014300
442 10800 0.107390 0.081203 0.007377
443 10801 0.096648 0.096884 0.006501
444 10802 -0.013728 0.075068 0.007706
445 10804 0.062468 0.057843 0.004860
446 10805 -0.042723 0.045680 0.005339
447 10806 -0.023451 0.054081 0.008923
448 10807 -0.067222 0.065615 0.012157
449 10809 0.067696 0.084191 0.008352
450 10810 -0.024291 0.077599 0.010907
451 10811 -0.117514 0.060059 0.012974
452 10813 0.068688 0.052686 0.008122
453 10814 -0.079686 0.051081 0.006516
454 10816 0.112251 0.055177 0.003654
455 10817 -0.001965 0.058279 0.007542
456 10818 -0.035545 0.061355 0.007556
457 10820 0.090635 0.059612 0.002072
458 10821 0.042964 0.073704 0.004588
459 10822 -0.007868 0.052074 0.007122
460 10824 0.097148 0.045009 0.003015
461 10825 0.035800 0.035442 0.004188
462 10826 -0.034179 0.022545 0.008114
463 10827 -0.106759 0.030938 0.008384
464 10828 -0.098616 0.006664 0.010077
465 10830 0.026885 -0.001204 0.005038
466 10831 -0.020054 0.010932 0.007947
468 10833 -0.093840 -0.004614 0.012638
469 10835 0.046889 0.002675 0.004199
470 10836 -0.001617 0.008024 0.007565
471 10837 -0.068126 0.006601 0.009012
472 10838 -0.110436 -0.016235 0.012476
473 10840 0.117653 -0.029847 0.004269
475 10842 -0.045695 -0.027718 0.012265
476 10843 -0.125355 -0.031909 0.009307
477 10845 0.089650 -0.032651 0.006229
478 10846 -0.010321 -0.042608 0.002046
479 10847 -0.009150 -0.045744 0.003310
480 10848 -0.068393 -0.048075 0.005902
481 10850 0.127724 -0.050574 -0.005563
482 10851 0.074779 -0.062388 -0.000825
483 10852 -0.008721 -0.068409 -0.002002
484 10853 -0.034430 -0.051466 -0.002490
485 10854 -0.085978 -0.047172 -0.002832
486 10855 -0.127314 -0.056411 -0.002841
487 10857 0.073982 -0.065791 -0.009947
488 10858 0.048161 -0.069407 -0.009306
489 10859 0.032911 -0.080079 -0.006352
490 10860 -0.044063 -0.073446 -0.005589
491 10861 -0.104923 -0.077615 -0.003464
492 10862 -0.106452 -0.063668 -0.003384
493 10864 0.038997 -0.078040 -0.009263
494 10865 0.068219 -0.083726 -0.006445
495 10866 0.035114 -0.099111 -0.003255
496 10867 0.015397 -0.113430 -0.001845
497 10868 0.024831 -0.097340 -0.001064
498 10869 -0.052759 -0.107635 0.002740
499 10870 -0.031191 -0.119780 0.005149
500 10871 -0.078891 -0.131091 0.008603
501 10872 -0.094314 -0.133156 0.010773
502 10874 0.126261 -0.138908 0.003513
503 10875 0.014496 -0.173542 -0.000230
504 10876 0.041774 -0.166883 0.002098
505 10877 0.008985 -0.147814 0.007535
506 10878 -0.073375 -0.157010 0.007965
507 10879 -0.069090 -0.142655 0.009880
508 10880 -0.092861 -0.153502 0.010148
509 10882 0.106138 -0.150135 -0.001596
510 10883 0.074427 -0.150642 0.004798
511 10884 0.073292 -0.160036 0.005120
512 10885 0.024923 -0.168081 0.003777
513 10886 0.077686 -0.165553 0.010628
514 10887 0.029764 -0.166079 0.012771
515 10888 0.016640 -0.175157 0.011982
516 10889 0.115300 -0.161462 0.016060
517 10890 0.088169 -0.140440 0.019008
518 10891 -0.003165 -0.139357 0.015559
519 10892 -0.042241 -0.162919 0.021376
521 10894 -0.129649 -0.143063 0.026089
522 10896 0.091022 -0.131087 0.014359
523 10897 0.124602 -0.155650 0.017512
524 10898 0.141281 -0.165152 0.021043
525 10899 0.114138 -0.160454 0.020598
526 10900 0.077273 -0.131045 0.025991
527 10901 0.074717 -0.130144 0.027551
528 10902 0.065262 -0.125406 0.028038
529 10903 -0.052288 -0.126960 0.027302
530 10904 -0.017975 -0.105826 0.026285
531 10905 0.014762 -0.098033 0.028330
532 10906 0.043411 -0.075137 0.028568
533 10907 -0.027977 -0.069562 0.029322
534 10908 -0.041006 -0.066991 0.030087
535 10909 -0.101529 -0.052907 0.028458
536 10910 -0.075907 -0.043343 0.028374
537 10912 0.138788 -0.014215 0.019548
538 10913 0.135168 -0.001799 0.017785
539 10914 0.059297 0.002337 0.019250
540 10915 0.016634 0.002107 0.022955
541 10916 0.028158 0.004363 0.023085
542 10917 0.038457 -0.016835 0.019696
543 10918 -0.032132 -0.017552 0.020246
544 10919 -0.042927 -0.017556 0.024221
545 10920 -0.035011 -0.013018 0.022262
546 10921 -0.088772 -0.010200 0.025471
547 10922 -0.048074 -0.002732 0.026393
548 10923 -0.038606 0.009259 0.025307
549 10924 -0.072816 0.000367 0.025023
550 10926 0.084089 0.031277 0.016754
551 10927 0.093031 0.029868 0.015815
552 10928 0.123485 0.031487 0.015900
553 10929 0.101161 0.057398 0.011456
554 10930 0.060534 0.048299 0.012829
555 10931 0.038207 0.059418 0.013925
556 10932 0.009817 0.067052 0.013290
557 10933 -0.013517 0.079854 0.014729
558 10934 -0.051342 0.082043 0.008538
559 10935 -0.041027 0.080545 0.006231
560 10936 -0.043765 0.085678 0.006586
561 10937 -0.054680 0.071746 0.007311
562 10938 -0.135543 0.077576 0.005150
563 10939 -0.119188 0.073086 -0.000692
564 10941 0.104399 0.081609 -0.010485
565 10942 0.135243 0.088917 -0.012591
566 10943 0.113021 0.084053 -0.015290
567 10944 0.076091 0.094653 -0.013004
568 10945 0.039813 0.089830 -0.016740
569 10946 0.072416 0.062830 -0.019151
570 10947 0.027679 0.071900 -0.022108
571 10948 0.101063 0.061422 -0.022075
572 10949 0.027454 0.071307 -0.023514
573 10950 -0.019854 0.065488 -0.019563
574 10951 -0.011752 0.075353 -0.020851
575 10952 -0.062744 0.057977 -0.024348
576 10953 -0.028518 0.071112 -0.026513
577 10954 -0.068044 0.062915 -0.028429
578 10955 -0.045066 0.052452 -0.026041
579 10956 -0.111163 0.037233 -0.023483
581 10958 -0.127257 0.007555 -0.019840
583 10960 -0.145401 0.018733 -0.020055
584 10962 0.137232 0.008573 -0.026147
585 10963 0.086934 0.005252 -0.024839
586 10964 0.134912 -0.007131 -0.026693
587 10965 0.086080 -0.005752 -0.020166
588 10966 0.045305 -0.005319 -0.020656
589 10967 0.058959 -0.008462 -0.020876
590 10968 0.039347 -0.003475 -0.020868
591 10969 0.045267 -0.022990 -0.018945
592 10970 -0.016753 -0.022723 -0.014041
593 10971 -0.049022 -0.023437 -0.014077
594 10972 0.022098 -0.019190 -0.011107
595 10973 -0.040733 -0.030093 -0.008838
596 10974 -0.067392 -0.032409 -0.010196
597 10975 -0.057616 -0.031309 -0.009070
598 10976 -0.069735 -0.035270 -0.008657
599 10977 -0.121831 -0.052306 -0.003174
600 10978 -0.092424 -0.052705 -0.004194
601 10979 -0.075771 -0.051846 -0.004536
602 10980 -0.108156 -0.045802 -0.001055
604 10982 -0.113150 -0.042630 0.002091
605 10984 0.101800 -0.021251 -0.004885
606 10985 0.071588 -0.020151 -0.005031
607 10986 0.071128 -0.038090 -0.002414
608 10987 0.077783 -0.042159 -0.005977
609 10988 0.014093 -0.038464 -0.003472
610 10989 0.008056 -0.047162 -0.003507
611 10990 -0.023111 -0.047615 -0.000096
612 10991 -0.091436 -0.051612 -0.004644
613 10992 -0.146988 -0.043411 -0.003150
614 10994 0.077193 -0.035863 -0.005769
615 10995 -0.030681 -0.040328 -0.007019
616 10996 0.057784 -0.040090 -0.006622
617 10997 0.018718 -0.039690 -0.003561
618 10998 -0.005817 -0.034746 0.000951
619 10999 -0.092945 -0.027917 0.000606
620 11001 0.144052 -0.021079 -0.000551
621 11002 0.021672 -0.021239 -0.003272
622 11003 0.018515 -0.048450 -0.000673
623 11004 -0.104868 -0.045510 -0.000988
624 11006 0.128381 -0.017796 -0.001339
625 11007 0.069876 -0.010619 -0.002787
626 11008 0.058331 0.004517 -0.001762
627 11009 -0.037699 -0.012202 -0.001059
628 11010 -0.082257 -0.008192 -0.002470
629 11012 0.074310 0.003827 -0.006049
630 11013 0.047932 0.009457 -0.003523
631 11014 -0.008569 0.001417 -0.003430
632 11015 -0.097840 -0.006777 -0.001744
633 11017 0.038186 -0.003741 -0.004187
634 11018 -0.092601 -0.007037 -0.004744
635 11020 0.061946 0.000921 -0.003475
636 11021 -0.064385 -0.003163 -0.002337
637 11023 0.072702 -0.013340 -0.002671
638 11024 -0.071218 -0.013570 -0.003319
639 11026 0.056880 -0.007258 -0.001246
640 11027 0.050383 0.002348 -0.001434
641 11028 -0.095242 0.006783 -0.000056
642 11030 -0.005714 0.016552 0.000614
643 11032 0.015514 0.020521 0.002018
644 11033 -0.072980 0.026939 0.004308
645 11035 0.009492 0.041501 0.002286
646 11037 0.024996 0.032222 0.004446
647 11039 0.072963 0.043681 0.004073
648 11040 -0.072901 0.031819 0.004823
649 11042 0.028293 0.036776 0.005273
650 11044 0.074656 0.052983 0.005231
651 11045 -0.072810 0.065662 0.007870
652 11047 0.009916 0.056508 0.009452
653 11049 0.074225 0.057626 0.011629
654 11050 -0.091811 0.066616 0.013564
655 11052 -0.058271 0.085789 0.012817
656 11054 -0.032372 0.093704 0.012310
657 11056 -0.026634 0.105812 0.011285
658 11058 -0.034755 0.125532 0.011424
659 11060 -0.087920 0.122985 0.012541
660 11062 -0.065211 0.140573 0.008473
661 11064 0.018185 0.150593 0.010993
662 11067 0.078209 0.141575 0.009532
663 11069 -0.003963 0.147644 0.007286
664 11071 -0.038846 0.157764 0.005890
665 11074 0.067675 0.155141 0.005274
666 11076 0.003490 0.160121 0.007895
667 11078 -0.029010 0.165862 0.004721
668 11081 0.041100 0.169599 0.001962
669 11084 0.075764 0.152933 0.002505
670 11086 0.005671 0.149536 0.002811
671 11089 0.040336 0.162850 0.000368
672 11092 0.061197 0.173767 -0.002244
673 11094 0.013445 0.185740 -0.004063
674 11096 -0.078779 0.200888 -0.005033
675 11099 -0.041229 0.182444 -0.004827
676 11102 0.018427 0.178437 -0.004400
677 11105 0.059657 0.169278 -0.006602
678 11107 -0.035537 0.172469 -0.005260
679 11110 0.027869 0.172123 -0.007214
680 11112 -0.082142 0.179343 -0.009758
681 11116 0.040584 0.191178 -0.011560
682 11119 0.070901 0.191454 -0.011154
683 11121 -0.064728 0.198177 -0.011365
684 11124 -0.000746 0.200238 -0.009292
685 11127 0.070176 0.187930 -0.009280
686 11129 -0.072920 0.199441 -0.008147
687 11132 -0.003255 0.176997 -0.007163
688 11135 0.019671 0.172119 -0.003732
689 11138 0.055269 0.163318 -0.003337
690 11140 -0.055684 0.181458 -0.005099
691 11144 0.074216 0.181938 -0.005357
692 11147 0.070084 0.177298 -0.006384
693 11149 -0.041666 0.170706 -0.005014
694 11152 0.053766 0.169887 -0.005767
695 11155 -0.019728 0.185045 -0.005491
696 11158 -0.013110 0.186823 -0.004962
697 11161 0.011145 0.189101 -0.005953
698 11164 0.027491 0.177601 -0.005819
699 11167 -0.005991 0.173631 -0.004304
700 11170 0.010163 0.168905 -0.005619
701 11173 0.007583 0.166635 -0.007428
702 11177 0.062987 0.149553 -0.010317
703 11179 -0.064495 0.143167 -0.010506
704 11182 -0.049796 0.144688 -0.009851
705 11186 0.012473 0.139174 -0.008784
706 11189 -0.009413 0.134692 -0.008524
707 11192 -0.017277 0.144397 -0.007184
708 11196 0.028197 0.131354 -0.009382
709 11199 -0.017319 0.133221 -0.008169
710 11203 -0.000060 0.117929 -0.008289
711 11207 0.012247 0.122740 -0.007981
712 11211 0.046730 0.124833 -0.005959
713 11216 0.048767 0.119482 -0.004327
714 11220 0.044757 0.118533 -0.002556
715 11225 -0.005965 0.137834 -0.000504
716 11232 -0.019062 0.145298 -0.000325
717 11243 -0.008266 0.120895 0.000127
737 11259 -9.668709 0.058431 0.000129
738 11259 -10.120670 0.045597 0.001758
