7471786.840475 -681540.591804 0.520265 0.000000 0.000000 1630070516.740828
7471786.970074 -681541.104960 0.556666 0.805962 0.000291 1630070516.816028
7471787.632200 -681541.421294 0.525972 0.859957 0.004956 1630070516.966120
7471787.314713 -681540.551732 0.494700 0.882191 0.006328 1630070517.016167
7471787.750977 -681540.223094 0.502640 1.012415 0.021699 1630070517.517431
7471788.206721 -681539.941812 0.515721 1.120406 0.042555 1630070517.917281
7471788.684726 -681539.671553 0.531208 1.204575 0.076506 1630070518.316678
7471789.110586 -681539.392754 0.559452 1.244278 0.114261 1630070518.716142
7471789.562537 -681539.123252 0.587261 1.244278 0.159623 1630070519.065913
7471789.999387 -681538.756817 0.647324 1.258571 0.224078 1630070519.566166
7471790.443818 -681538.437229 0.696438 1.304626 0.250574 1630070519.916222
7471790.828100 -681538.104839 0.763436 1.328447 0.282615 1630070520.265087
7471791.166162 -681537.688100 0.843862 1.350681 0.306437 1630070520.664737
7471791.524847 -681537.190745 0.932682 1.396736 0.321981 1630070521.064861
7471791.811667 -681536.739368 1.021760 1.412617 0.328989 1630070521.465151
7471792.094851 -681536.260946 1.111296 1.458672 0.337889 1630070521.815450
7471792.308905 -681535.748627 1.195208 1.496786 0.340151 1630070522.165382
7471792.482376 -681535.270190 1.278968 1.488846 0.340138 1630070522.465508
7471792.605098 -681534.745364 1.369302 1.450731 0.337387 1630070522.815779
7471792.665583 -681534.181895 1.454419 1.472965 0.284833 1630070523.166214
7471792.726104 -681533.657491 1.528098 1.496786 0.232842 1630070523.516683
7471792.698970 -681533.068591 1.582879 1.580956 0.166663 1630070523.866474
7471792.702880 -681532.554826 1.621915 1.673065 0.117398 1630070524.166153
7471792.643424 -681532.011932 1.650056 1.749294 0.071874 1630070524.466244
7471792.585214 -681531.443153 1.664678 1.811230 0.028573 1630070524.766443
7471792.549731 -681530.854750 1.668796 1.835052 -0.006599 1630070525.066650
7471792.448658 -681530.319125 1.667048 1.881107 -0.027085 1630070525.366260
7471792.402715 -681529.796499 1.663706 1.927162 -0.031961 1630070525.615994
7471792.336159 -681529.290588 1.657474 1.973217 -0.031878 1630070525.865903
7471792.288647 -681528.716024 1.650583 2.033565 -0.029411 1630070526.116004
7471792.262814 -681528.213805 1.650626 2.073267 -0.022983 1630070526.366221
7471792.192586 -681527.643043 1.649301 2.165377 -0.015268 1630070526.616406
7471792.147811 -681527.085710 1.651976 2.211432 -0.014445 1630070526.866321
7471792.075645 -681526.462376 1.646652 2.271780 -0.014452 1630070527.115869
7471792.036228 -681525.883097 1.646781 2.333716 -0.014459 1630070527.365391
7471792.004875 -681525.255692 1.645647 2.395652 -0.014466 1630070527.615257
7471791.918579 -681524.641070 1.646339 2.402004 -0.014466 1630070527.865299
7471791.890801 -681524.118364 1.646852 2.402004 -0.014466 1630070528.065400
7471791.849152 -681523.617366 1.645179 2.441707 -0.014472 1630070528.265536
7471791.806420 -681523.105475 1.647260 2.441707 -0.014379 1630070528.465445
7471791.758181 -681522.541400 1.646655 2.456000 -0.014473 1630070528.665225
7471791.730758 -681521.909610 1.644957 2.517936 -0.014573 1630070528.915672
7471791.688644 -681521.392231 1.642120 2.548110 -0.014946 1630070529.115096
7471791.607323 -681520.863600 1.636051 2.579872 -0.015135 1630070529.315036
7471791.561933 -681520.314532 1.634669 2.602105 -0.015231 1630070529.515092
7471791.522926 -681519.790551 1.631224 2.579872 -0.015228 1630070529.715221
7471791.501394 -681519.230721 1.633601 2.571931 -0.015227 1630070529.915364
7471791.436788 -681518.461911 1.632992 2.579872 -0.015228 1630070530.215461
7471791.423872 -681517.888119 1.630067 2.579872 -0.015228 1630070530.415311
7471791.381876 -681517.316433 1.629060 2.571931 -0.015227 1630070530.615339
7471791.350634 -681516.713562 1.628615 2.602105 -0.015231 1630070530.815403
7471791.302964 -681516.130537 1.625405 2.610046 -0.015232 1630070531.065611
7471791.262271 -681515.523919 1.625045 2.602105 -0.015231 1630070531.265883
7471791.222958 -681514.976554 1.620411 2.571931 -0.010609 1630070531.466050
7471791.206710 -681514.450815 1.620766 2.624339 -0.007473 1630070531.666308
7471791.166793 -681513.907951 1.621950 2.540169 -0.007190 1630070531.866389
7471791.132065 -681513.370021 1.619845 2.502055 -0.007187 1630070532.066413
7471791.063274 -681512.810400 1.618265 2.494114 -0.007187 1630070532.317132
7471791.046516 -681512.281653 1.618228 2.471881 -0.007186 1630070532.517060
7471791.021462 -681511.750814 1.616692 2.448059 -0.007184 1630070532.766054
7471791.002813 -681511.239959 1.616908 2.417885 -0.007182 1630070532.965746
7471790.978963 -681510.689607 1.617107 2.409945 -0.007182 1630070533.165636
7471790.981265 -681510.152486 1.619311 2.402004 -0.007181 1630070533.365674
7471790.946198 -681509.612995 1.621269 2.395652 -0.007089 1630070533.565691
7471790.926294 -681509.031979 1.620054 2.379771 -0.006903 1630070533.815522
7471790.905854 -681508.495923 1.619804 2.341656 -0.006901 1630070534.015591
7471790.863073 -681507.936140 1.618302 2.341656 -0.006901 1630070534.265693
7471790.800904 -681507.333715 1.618547 2.317835 -0.006807 1630070534.516342
7471790.727804 -681506.776813 1.617034 2.303542 -0.007268 1630070534.766322
7471790.717254 -681506.202155 1.618563 2.303542 -0.007913 1630070534.965734
7471790.682572 -681505.651588 1.617996 2.317835 -0.009664 1630070535.215534
7471790.663288 -681505.137858 1.618918 2.317835 -0.009664 1630070535.415442
7471790.641223 -681504.490329 1.618417 2.349597 -0.009851 1630070535.665526
7471790.618424 -681503.984170 1.622156 2.355949 -0.014001 1630070535.865484
7471790.597738 -681503.476838 1.618577 2.371830 -0.016492 1630070536.065980
7471790.565076 -681502.970947 1.615200 2.395652 -0.016494 1630070536.265752
7471790.502339 -681502.356940 1.614750 2.409945 -0.016589 1630070536.515971
7471790.494952 -681501.833123 1.613473 2.425826 -0.016499 1630070536.716209
7471790.457868 -681501.218505 1.608950 2.425826 -0.016499 1630070536.916496
7471790.421775 -681500.711355 1.607952 2.456000 -0.016503 1630070537.067275
7471790.417730 -681500.201326 1.605647 2.487762 -0.016507 1630070537.266404
7471790.360538 -681499.622509 1.602934 2.502055 -0.016509 1630070537.466498
7471790.334662 -681499.083097 1.600292 2.533817 -0.016514 1630070537.667105
7471790.313124 -681498.566942 1.600260 2.548110 -0.016516 1630070537.867138
7471790.321859 -681497.966033 1.601590 2.548110 -0.016516 1630070538.066652
7471790.294523 -681497.357356 1.600638 2.563991 -0.016519 1630070538.265803
7471790.282931 -681496.759897 1.594482 2.594165 -0.016338 1630070538.515491
7471790.266158 -681496.160439 1.595455 2.602105 -0.016062 1630070538.715505
7471790.269610 -681495.550110 1.596483 2.610046 -0.015879 1630070538.965654
7471790.246388 -681494.998974 1.594330 2.617986 -0.013385 1630070539.165825
7471790.219756 -681494.474459 1.589571 2.632279 -0.006088 1630070539.366021
7471790.222826 -681493.959183 1.589093 2.624339 -0.002483 1630070539.566141
7471790.205616 -681493.409247 1.589352 2.632279 -0.002391 1630070539.766143
7471790.161064 -681492.749286 1.588550 2.632279 -0.002206 1630070540.015745
7471790.134536 -681492.198332 1.586716 2.602105 -0.002113 1630070540.215365
7471790.127242 -681491.670841 1.586977 2.586224 -0.002205 1630070540.365202
7471790.130512 -681491.066879 1.589675 2.602105 -0.002113 1630070540.565157
7471790.067941 -681490.385501 1.593105 2.594165 -0.002759 1630070540.815243
7471790.009889 -681489.787700 1.593835 2.586224 -0.004515 1630070541.015291
