7757878.149351 -363553.543195 -0.703611 3.771263 0.008089 1578403236.941222
7757878.595401 -363553.947716 -0.703789 3.806732 0.004241 1578403237.141018
7757879.081241 -363554.363411 -0.707076 3.780130 0.000019 1578403237.290956
7757879.501334 -363554.774815 -0.706042 3.865256 -0.001444 1578403237.440862
7757879.946693 -363555.128753 -0.703255 3.703871 -0.001454 1578403237.590777
7757880.306256 -363555.530703 -0.706094 3.865256 -0.001352 1578403237.740656
7757880.817366 -363555.956759 -0.712298 3.771263 -0.000808 1578403237.940428
7757881.279292 -363556.383911 -0.708752 3.753528 0.001392 1578403238.090251
7757881.744681 -363556.784616 -0.709972 3.753528 0.003776 1578403238.240225
7757882.155282 -363557.147755 -0.712348 3.771263 0.003870 1578403238.390167
7757882.533514 -363557.516765 -0.710369 3.574409 0.003847 1578403238.540073
7757882.942947 -363557.897679 -0.708975 3.583276 0.004946 1578403238.690005
7757883.333527 -363558.223060 -0.705807 3.625839 0.006875 1578403238.839917
7757883.822707 -363558.675403 -0.705118 3.565541 0.008330 1578403239.039823
7757884.275737 -363559.069147 -0.704525 3.522978 0.009055 1578403239.189877
7757884.723489 -363559.460277 -0.706533 3.480415 0.010693 1578403239.339738
7757885.160582 -363559.879166 -0.701989 3.437852 0.012787 1578403239.539518
7757885.579673 -363560.204739 -0.693784 3.402383 0.013328 1578403239.689367
7757886.062081 -363560.638626 -0.687244 3.359820 0.013137 1578403239.839253
7757886.448124 -363560.988201 -0.682873 3.326124 0.013130 1578403239.989291
7757886.912054 -363561.409936 -0.684853 3.292428 0.013123 1578403240.189481
7757887.358588 -363561.786293 -0.678364 3.223264 0.015207 1578403240.439555
7757887.771171 -363562.109014 -0.671596 3.180701 0.019298 1578403240.589647
7757888.172186 -363562.445098 -0.661082 3.102668 0.024013 1578403240.739814
7757888.597793 -363562.772383 -0.656984 2.999808 0.035709 1578403240.939847
7757889.087990 -363563.165102 -0.640279 2.880986 0.053709 1578403241.139668
7757889.487562 -363563.474949 -0.624969 2.802954 0.069042 1578403241.339606
7757889.910697 -363563.796135 -0.600019 2.733789 0.094398 1578403241.589695
7757890.410271 -363564.172759 -0.569022 2.675264 0.123259 1578403241.789865
7757890.936248 -363564.498139 -0.530702 2.648663 0.152880 1578403241.989630
7757891.435302 -363564.782463 -0.479257 2.588365 0.170238 1578403242.239564
7757891.918908 -363565.035982 -0.439592 2.572404 0.170304 1578403242.439557
7757892.464784 -363565.250794 -0.387012 2.520973 0.176456 1578403242.689869
7757892.980524 -363565.460770 -0.349259 2.262048 0.176468 1578403242.890185
7757893.564157 -363565.635276 -0.292003 2.469543 0.180407 1578403243.190382
7757894.070981 -363565.799876 -0.257902 2.297517 0.207416 1578403243.390343
7757894.670427 -363565.901906 -0.168527 2.391511 0.253631 1578403243.689935
7757895.250362 -363565.926711 -0.074270 2.125492 0.267414 1578403244.039920
7757895.763554 -363565.929728 -0.005608 2.100663 0.267455 1578403244.290170
7757896.258820 -363565.839268 0.073892 2.031498 0.267505 1578403244.590367
7757896.829164 -363565.708670 0.153747 2.082929 0.267508 1578403244.890222
7757897.335429 -363565.575027 0.226775 2.109531 0.267303 1578403245.139971
7757897.921972 -363565.411787 0.308276 2.159188 0.265719 1578403245.439739
7757898.442232 -363565.211681 0.378476 2.246087 0.230063 1578403245.689930
7757898.961849 -363564.993409 0.436578 2.288650 0.181824 1578403245.940022
7757899.477341 -363564.814472 0.469045 2.306385 0.140291 1578403246.190239
7757899.932221 -363564.578353 0.498720 2.366682 0.100652 1578403246.390076
7757900.435709 -363564.259134 0.527281 2.425207 0.059176 1578403246.639998
7757900.949878 -363563.964401 0.538409 2.451808 0.010987 1578403246.940095
7757901.380608 -363563.706469 0.545053 2.597232 -0.037244 1578403247.140241
7757901.824797 -363563.393314 0.529439 2.494371 -0.093388 1578403247.340290
7757902.277117 -363563.118910 0.506436 2.657530 -0.141160 1578403247.540421
7757902.741559 -363562.883205 0.471466 2.494371 -0.173565 1578403247.740796
7757903.225361 -363562.709898 0.418757 2.742656 -0.206328 1578403247.941081
7757903.718874 -363562.476572 0.366399 2.700093 -0.245452 1578403248.141261
7757904.231480 -363562.302858 0.297287 2.691226 -0.281520 1578403248.341501
7757904.740948 -363562.181890 0.230259 2.820688 -0.298269 1578403248.541385
7757905.328144 -363562.048311 0.139146 2.888080 -0.314161 1578403248.741272
7757905.908976 -363562.022256 0.059242 2.905814 -0.324878 1578403248.941171
7757906.518690 -363562.063302 -0.063418 2.939510 -0.324889 1578403249.191088
7757907.087100 -363562.103971 -0.151031 2.863251 -0.321816 1578403249.390798
7757907.624926 -363562.187390 -0.244625 2.914682 -0.303071 1578403249.590514
7757908.142883 -363562.365427 -0.330335 2.794086 -0.270720 1578403249.790205
7757908.741077 -363562.590582 -0.392274 3.077840 -0.236764 1578403249.989757
7757909.285288 -363562.898190 -0.465251 3.102668 -0.202752 1578403250.189670
7757909.838244 -363563.150401 -0.516361 3.223264 -0.163414 1578403250.389273
7757910.327880 -363563.496407 -0.558611 3.256959 -0.115452 1578403250.589156
7757910.757257 -363563.803611 -0.583036 3.265827 -0.088433 1578403250.739089
7757911.174008 -363564.087908 -0.597918 3.395289 -0.057798 1578403250.889103
7757911.675394 -363564.411968 -0.606487 3.420118 -0.048338 1578403251.039226
7757912.219548 -363564.778677 -0.622785 3.411250 -0.048040 1578403251.239456
7757912.792405 -363565.218425 -0.637102 3.350953 -0.048012 1578403251.439670
7757913.256702 -363565.531347 -0.650080 3.428985 -0.046506 1578403251.639759
7757913.673395 -363565.864809 -0.656488 3.489283 -0.036465 1578403251.789718
7757914.096522 -363566.230324 -0.669152 3.471548 -0.025604 1578403251.939604
7757914.546256 -363566.635078 -0.672433 3.334992 -0.008597 1578403252.139370
7757915.057783 -363567.050114 -0.675465 3.292428 -0.002112 1578403252.339259
7757915.544607 -363567.423841 -0.677246 3.189568 -0.002030 1578403252.539300
7757916.021909 -363567.783154 -0.678493 3.265827 -0.002026 1578403252.689433
7757916.575670 -363568.238741 -0.680216 3.326124 -0.000928 1578403252.889546
7757916.991331 -363568.642935 -0.677729 3.326124 0.004915 1578403253.039507
7757917.408624 -363569.009252 -0.673600 3.368687 0.015421 1578403253.239616
7757917.850266 -363569.379828 -0.672419 3.402383 0.015246 1578403253.389627
7757918.356819 -363569.822071 -0.665870 3.462681 0.007674 1578403253.589437
7757918.808368 -363570.197058 -0.663400 3.480415 0.003471 1578403253.789449
7757919.246194 -363570.527537 -0.666549 3.498150 0.003473 1578403253.939455
7757919.756399 -363570.932021 -0.674538 3.601011 0.003484 1578403254.089250
7757920.213368 -363571.325542 -0.668783 3.565541 0.003572 1578403254.239162
7757920.721949 -363571.706900 -0.666442 3.453813 0.003377 1578403254.439324
7757921.151467 -363572.029565 -0.663262 3.616972 0.003486 1578403254.589297
7757921.590973 -363572.426294 -0.665986 3.719832 0.003039 1578403254.739289
7757922.033966 -363572.810524 -0.670362 3.480415 -0.002473 1578403254.889184
7757922.427613 -363573.124670 -0.674166 3.737567 -0.008879 1578403255.039165
7757922.902131 -363573.442588 -0.676910 3.453813 -0.009513 1578403255.189176
7757923.343128 -363573.808748 -0.680990 3.420118 -0.009512 1578403255.339434
7757923.731907 -363574.124483 -0.686246 3.592143 -0.009517 1578403255.489618
7757924.181247 -363574.528941 -0.685775 3.505244 -0.009880 1578403255.639653
7757924.604216 -363574.866392 -0.687960 3.498150 -0.010063 1578403255.789647
7757925.091666 -363575.270033 -0.695285 3.437852 -0.014631 1578403255.989691
7757925.519191 -363575.593731 -0.701472 3.395289 -0.018373 1578403256.189546
7757925.905517 -363575.920597 -0.710317 3.428985 -0.021027 1578403256.339384
7757926.276146 -363576.263494 -0.708515 3.531846 -0.023603 1578403256.489158
7757926.644326 -363576.629711 -0.721219 3.480415 -0.028987 1578403256.638968
7757927.050868 -363576.977398 -0.726017 3.420118 -0.038562 1578403256.788858
7757927.537378 -363577.366241 -0.730781 3.402383 -0.056161 1578403256.988991
7757927.914923 -363577.781784 -0.749291 3.437852 -0.074941 1578403257.139123
7757928.325321 -363578.195358 -0.770031 3.428985 -0.096547 1578403257.289212
7757928.806001 -363578.710179 -0.809739 3.377555 -0.119458 1578403257.489467
7757929.205015 -363579.139630 -0.836063 3.359820 -0.127993 1578403257.639470
7757929.535462 -363579.546810 -0.865795 3.377555 -0.134937 1578403257.789537
7757929.863844 -363579.936139 -0.905020 3.359820 -0.153365 1578403257.989444
7757930.175818 -363580.389226 -0.948029 3.326124 -0.171126 1578403258.189275
7757930.464529 -363580.837628 -0.994609 3.292428 -0.172935 1578403258.339135
7757930.754055 -363581.263261 -1.032598 3.265827 -0.173158 1578403258.488859
7757931.044560 -363581.808763 -1.082682 3.171833 -0.176109 1578403258.688630
7757931.289425 -363582.302378 -1.143371 3.102668 -0.176354 1578403258.888698
7757931.510073 -363582.792342 -1.185533 3.093801 -0.179522 1578403259.038697
7757931.681897 -363583.289941 -1.226695 3.068973 -0.189354 1578403259.188835
7757931.866182 -363583.839693 -1.289296 3.026409 -0.210041 1578403259.388996
7757931.981074 -363584.405682 -1.346759 2.957245 -0.224253 1578403259.588871
7757932.054264 -363584.994055 -1.412896 2.845517 -0.230783 1578403259.788770
7757932.144847 -363585.636547 -1.491311 2.802954 -0.245396 1578403260.038799
7757932.171658 -363586.273984 -1.564951 2.896947 -0.253537 1578403260.238929
7757932.138760 -363586.798765 -1.627552 2.914682 -0.257241 1578403260.438931
7757932.054054 -363587.328436 -1.699141 2.948377 -0.265052 1578403260.638812
7757931.935489 -363587.929529 -1.758901 2.957245 -0.265411 1578403260.838662
7757931.791282 -363588.475909 -1.840327 2.872118 -0.265626 1578403261.038651
7757931.593736 -363589.010492 -1.908281 2.896947 -0.271496 1578403261.238856
7757931.401733 -363589.478471 -1.982619 2.872118 -0.276462 1578403261.439085
7757931.188991 -363590.027177 -2.051030 2.811821 -0.283677 1578403261.639072
7757930.864146 -363590.571416 -2.148713 2.802954 -0.285727 1578403261.888888
7757930.579494 -363591.029638 -2.226200 2.760390 -0.292881 1578403262.088793
7757930.239546 -363591.496674 -2.301912 2.717827 -0.298023 1578403262.288918
7757929.856616 -363591.901213 -2.373240 2.691226 -0.306739 1578403262.488996
7757929.456987 -363592.272622 -2.450502 2.675264 -0.318956 1578403262.688956
7757929.048297 -363592.577744 -2.530888 2.614967 -0.330878 1578403262.888941
7757928.589007 -363592.857748 -2.618388 2.597232 -0.335131 1578403263.088792
7757928.094548 -363593.103175 -2.705764 2.630928 -0.335095 1578403263.288637
7757927.542883 -363593.339164 -2.811139 2.512106 -0.335162 1578403263.538441
7757927.045561 -363593.456359 -2.892192 2.572404 -0.335635 1578403263.738569
7757926.505548 -363593.552396 -2.976791 2.536935 -0.339344 1578403263.938725
7757925.911890 -363593.596182 -3.083362 2.572404 -0.341046 1578403264.188994
7757925.291038 -363593.629564 3.089363 2.579498 -0.339613 1578403264.439035
7757924.662389 -363593.524958 2.985068 2.536935 -0.330360 1578403264.688752
7757924.075902 -363593.425775 2.881789 2.579498 -0.309692 1578403264.938374
7757923.564705 -363593.247914 2.803100 2.554669 -0.304357 1578403265.138315
7757923.020651 -363593.002622 2.719108 2.572404 -0.297466 1578403265.388414
7757922.487581 -363592.759740 2.632351 2.554669 -0.263632 1578403265.638466
7757922.053507 -363592.480877 2.572763 2.512106 -0.228986 1578403265.838192
7757921.565963 -363592.124872 2.513123 2.563536 -0.180339 1578403266.087950
7757921.153972 -363591.796446 2.473926 2.494371 -0.132175 1578403266.287934
7757920.712821 -363591.395926 2.447608 2.528067 -0.067355 1578403266.537905
7757920.321743 -363591.057173 2.433326 2.366682 -0.025517 1578403266.737922
7757919.883520 -363590.680302 2.430906 2.460676 -0.006047 1578403266.937907
7757919.475840 -363590.309430 2.433724 2.409245 -0.005323 1578403267.137852
7757919.028552 -363589.894469 2.429743 2.315252 -0.010394 1578403267.487982
7757918.645269 -363589.567611 2.433113 2.065194 -0.011202 1578403267.687863
7757918.248932 -363589.216758 2.431066 1.816910 -0.011376 1578403267.987754
7757917.868752 -363588.805938 2.427978 1.465765 -0.009206 1578403268.387794
7757917.426567 -363588.544479 2.423881 1.063189 -0.008303 1578403268.787709
7757878.149351 -363553.543195 -0.703611 3.771263 0.008089 1578403236.941222
7757878.595401 -363553.947716 -0.703789 3.806732 0.004241 1578403237.141018
7757879.081241 -363554.363411 -0.707076 3.780130 0.000019 1578403237.290956
7757879.501334 -363554.774815 -0.706042 3.865256 -0.001444 1578403237.440862
7757879.946693 -363555.128753 -0.703255 3.703871 -0.001454 1578403237.590777
7757880.306256 -363555.530703 -0.706094 3.865256 -0.001352 1578403237.740656
7757880.817366 -363555.956759 -0.712298 3.771263 -0.000808 1578403237.940428
7757881.279292 -363556.383911 -0.708752 3.753528 0.001392 1578403238.090251
7757881.744681 -363556.784616 -0.709972 3.753528 0.003776 1578403238.240225
7757882.155282 -363557.147755 -0.712348 3.771263 0.003870 1578403238.390167
7757882.533514 -363557.516765 -0.710369 3.574409 0.003847 1578403238.540073
7757882.942947 -363557.897679 -0.708975 3.583276 0.004946 1578403238.690005
7757883.333527 -363558.223060 -0.705807 3.625839 0.006875 1578403238.839917
7757883.822707 -363558.675403 -0.705118 3.565541 0.008330 1578403239.039823
7757884.275737 -363559.069147 -0.704525 3.522978 0.009055 1578403239.189877
7757884.723489 -363559.460277 -0.706533 3.480415 0.010693 1578403239.339738
7757885.160582 -363559.879166 -0.701989 3.437852 0.012787 1578403239.539518
7757885.579673 -363560.204739 -0.693784 3.402383 0.013328 1578403239.689367
7757886.062081 -363560.638626 -0.687244 3.359820 0.013137 1578403239.839253
7757886.448124 -363560.988201 -0.682873 3.326124 0.013130 1578403239.989291
7757886.912054 -363561.409936 -0.684853 3.292428 0.013123 1578403240.189481
7757887.358588 -363561.786293 -0.678364 3.223264 0.015207 1578403240.439555
7757887.771171 -363562.109014 -0.671596 3.180701 0.019298 1578403240.589647
7757888.172186 -363562.445098 -0.661082 3.102668 0.024013 1578403240.739814
7757888.597793 -363562.772383 -0.656984 2.999808 0.035709 1578403240.939847
7757889.087990 -363563.165102 -0.640279 2.880986 0.053709 1578403241.139668
7757889.487562 -363563.474949 -0.624969 2.802954 0.069042 1578403241.339606
7757889.910697 -363563.796135 -0.600019 2.733789 0.094398 1578403241.589695
7757890.410271 -363564.172759 -0.569022 2.675264 0.123259 1578403241.789865
7757890.936248 -363564.498139 -0.530702 2.648663 0.152880 1578403241.989630
7757891.435302 -363564.782463 -0.479257 2.588365 0.170238 1578403242.239564
7757891.918908 -363565.035982 -0.439592 2.572404 0.170304 1578403242.439557
7757892.464784 -363565.250794 -0.387012 2.520973 0.176456 1578403242.689869
7757892.980524 -363565.460770 -0.349259 2.262048 0.176468 1578403242.890185
7757893.564157 -363565.635276 -0.292003 2.469543 0.180407 1578403243.190382
7757894.070981 -363565.799876 -0.257902 2.297517 0.207416 1578403243.390343
7757894.670427 -363565.901906 -0.168527 2.391511 0.253631 1578403243.689935
7757895.250362 -363565.926711 -0.074270 2.125492 0.267414 1578403244.039920
7757895.763554 -363565.929728 -0.005608 2.100663 0.267455 1578403244.290170
7757896.258820 -363565.839268 0.073892 2.031498 0.267505 1578403244.590367
7757896.829164 -363565.708670 0.153747 2.082929 0.267508 1578403244.890222
7757897.335429 -363565.575027 0.226775 2.109531 0.267303 1578403245.139971
7757897.921972 -363565.411787 0.308276 2.159188 0.265719 1578403245.439739
7757898.442232 -363565.211681 0.378476 2.246087 0.230063 1578403245.689930
7757898.961849 -363564.993409 0.436578 2.288650 0.181824 1578403245.940022
7757899.477341 -363564.814472 0.469045 2.306385 0.140291 1578403246.190239
7757899.932221 -363564.578353 0.498720 2.366682 0.100652 1578403246.390076
7757900.435709 -363564.259134 0.527281 2.425207 0.059176 1578403246.639998
7757900.949878 -363563.964401 0.538409 2.451808 0.010987 1578403246.940095
7757901.380608 -363563.706469 0.545053 2.597232 -0.037244 1578403247.140241
7757901.824797 -363563.393314 0.529439 2.494371 -0.093388 1578403247.340290
7757902.277117 -363563.118910 0.506436 2.657530 -0.141160 1578403247.540421
7757902.741559 -363562.883205 0.471466 2.494371 -0.173565 1578403247.740796
7757903.225361 -363562.709898 0.418757 2.742656 -0.206328 1578403247.941081
7757903.718874 -363562.476572 0.366399 2.700093 -0.245452 1578403248.141261
7757904.231480 -363562.302858 0.297287 2.691226 -0.281520 1578403248.341501
7757904.740948 -363562.181890 0.230259 2.820688 -0.298269 1578403248.541385
7757905.328144 -363562.048311 0.139146 2.888080 -0.314161 1578403248.741272
7757905.908976 -363562.022256 0.059242 2.905814 -0.324878 1578403248.941171
7757906.518690 -363562.063302 -0.063418 2.939510 -0.324889 1578403249.191088
7757907.087100 -363562.103971 -0.151031 2.863251 -0.321816 1578403249.390798
7757907.624926 -363562.187390 -0.244625 2.914682 -0.303071 1578403249.590514
7757908.142883 -363562.365427 -0.330335 2.794086 -0.270720 1578403249.790205
7757908.741077 -363562.590582 -0.392274 3.077840 -0.236764 1578403249.989757
7757909.285288 -363562.898190 -0.465251 3.102668 -0.202752 1578403250.189670
7757909.838244 -363563.150401 -0.516361 3.223264 -0.163414 1578403250.389273
7757910.327880 -363563.496407 -0.558611 3.256959 -0.115452 1578403250.589156
7757910.757257 -363563.803611 -0.583036 3.265827 -0.088433 1578403250.739089
7757911.174008 -363564.087908 -0.597918 3.395289 -0.057798 1578403250.889103
7757911.675394 -363564.411968 -0.606487 3.420118 -0.048338 1578403251.039226
7757912.219548 -363564.778677 -0.622785 3.411250 -0.048040 1578403251.239456
7757912.792405 -363565.218425 -0.637102 3.350953 -0.048012 1578403251.439670
7757913.256702 -363565.531347 -0.650080 3.428985 -0.046506 1578403251.639759
7757913.673395 -363565.864809 -0.656488 3.489283 -0.036465 1578403251.789718
7757914.096522 -363566.230324 -0.669152 3.471548 -0.025604 1578403251.939604
7757914.546256 -363566.635078 -0.672433 3.334992 -0.008597 1578403252.139370
7757915.057783 -363567.050114 -0.675465 3.292428 -0.002112 1578403252.339259
7757915.544607 -363567.423841 -0.677246 3.189568 -0.002030 1578403252.539300
7757916.021909 -363567.783154 -0.678493 3.265827 -0.002026 1578403252.689433
7757916.575670 -363568.238741 -0.680216 3.326124 -0.000928 1578403252.889546
7757916.991331 -363568.642935 -0.677729 3.326124 0.004915 1578403253.039507
7757917.408624 -363569.009252 -0.673600 3.368687 0.015421 1578403253.239616
7757917.850266 -363569.379828 -0.672419 3.402383 0.015246 1578403253.389627
7757918.356819 -363569.822071 -0.665870 3.462681 0.007674 1578403253.589437
7757918.808368 -363570.197058 -0.663400 3.480415 0.003471 1578403253.789449
7757919.246194 -363570.527537 -0.666549 3.498150 0.003473 1578403253.939455
7757919.756399 -363570.932021 -0.674538 3.601011 0.003484 1578403254.089250
7757920.213368 -363571.325542 -0.668783 3.565541 0.003572 1578403254.239162
7757920.721949 -363571.706900 -0.666442 3.453813 0.003377 1578403254.439324
7757921.151467 -363572.029565 -0.663262 3.616972 0.003486 1578403254.589297
7757921.590973 -363572.426294 -0.665986 3.719832 0.003039 1578403254.739289
7757922.033966 -363572.810524 -0.670362 3.480415 -0.002473 1578403254.889184
7757922.427613 -363573.124670 -0.674166 3.737567 -0.008879 1578403255.039165
7757922.902131 -363573.442588 -0.676910 3.453813 -0.009513 1578403255.189176
7757923.343128 -363573.808748 -0.680990 3.420118 -0.009512 1578403255.339434
7757923.731907 -363574.124483 -0.686246 3.592143 -0.009517 1578403255.489618
7757924.181247 -363574.528941 -0.685775 3.505244 -0.009880 1578403255.639653
7757924.604216 -363574.866392 -0.687960 3.498150 -0.010063 1578403255.789647
7757925.091666 -363575.270033 -0.695285 3.437852 -0.014631 1578403255.989691
7757925.519191 -363575.593731 -0.701472 3.395289 -0.018373 1578403256.189546
7757925.905517 -363575.920597 -0.710317 3.428985 -0.021027 1578403256.339384
7757926.276146 -363576.263494 -0.708515 3.531846 -0.023603 1578403256.489158
7757926.644326 -363576.629711 -0.721219 3.480415 -0.028987 1578403256.638968
7757927.050868 -363576.977398 -0.726017 3.420118 -0.038562 1578403256.788858
7757927.537378 -363577.366241 -0.730781 3.402383 -0.056161 1578403256.988991
7757927.914923 -363577.781784 -0.749291 3.437852 -0.074941 1578403257.139123
7757928.325321 -363578.195358 -0.770031 3.428985 -0.096547 1578403257.289212
7757928.806001 -363578.710179 -0.809739 3.377555 -0.119458 1578403257.489467
7757929.205015 -363579.139630 -0.836063 3.359820 -0.127993 1578403257.639470
7757929.535462 -363579.546810 -0.865795 3.377555 -0.134937 1578403257.789537
7757929.863844 -363579.936139 -0.905020 3.359820 -0.153365 1578403257.989444
7757930.175818 -363580.389226 -0.948029 3.326124 -0.171126 1578403258.189275
7757930.464529 -363580.837628 -0.994609 3.292428 -0.172935 1578403258.339135
7757930.754055 -363581.263261 -1.032598 3.265827 -0.173158 1578403258.488859
7757931.044560 -363581.808763 -1.082682 3.171833 -0.176109 1578403258.688630
7757931.289425 -363582.302378 -1.143371 3.102668 -0.176354 1578403258.888698
7757931.510073 -363582.792342 -1.185533 3.093801 -0.179522 1578403259.03869
