7471931.835862 -681300.999864 -1.464297 -0.000843 -0.005334 1628865125.131852
7471931.763170 -681300.502698 -1.466839 -0.383708 0.007920 1628865130.381863
7471931.710170 -681299.945704 -1.468975 -0.741274 0.019639 1628865131.431915
7471931.632831 -681299.395742 -1.480127 -0.872831 0.013724 1628865132.031561
7471931.593778 -681298.853297 -1.480096 -0.913310 -0.002465 1628865132.681920
7471931.537632 -681298.323890 -1.479693 -0.985835 -0.000288 1628865133.231688
7471931.460738 -681297.806164 -1.477202 -1.100526 0.000248 1628865133.681564
7471931.414330 -681297.227905 -1.479539 -1.230397 -0.004041 1628865134.131770
7471931.369325 -681296.728655 -1.479370 -1.270876 -0.024687 1628865134.581783
7471931.336929 -681296.180289 -1.476093 -1.255696 -0.024684 1628865135.031949
7471931.258305 -681295.647305 -1.468777 -1.141005 -0.024754 1628865135.431960
7471931.204994 -681295.087162 -1.466232 -1.141005 -0.024663 1628865135.931945
7471931.152082 -681294.531704 -1.463164 -1.189917 -0.024672 1628865136.482608
7471931.088283 -681294.029764 -1.460785 -1.264129 -0.023687 1628865136.932935
7471931.039601 -681293.475688 -1.462857 -1.296175 -0.022784 1628865137.331841
7471930.927065 -681292.957263 -1.457723 -1.370387 -0.013341 1628865137.732006
7471930.871524 -681292.434096 -1.454377 -1.377133 -0.000599 1628865138.132211
7471930.818494 -681291.911810 -1.459533 -1.394000 0.001221 1628865138.532185
7471930.769553 -681291.378078 -1.466192 -1.377133 0.017165 1628865138.932064
7471930.770433 -681290.873284 -1.481564 -1.328221 0.030469 1628865139.332043
7471930.807007 -681290.343204 -1.531790 -1.287742 0.034203 1628865139.832149
7471930.821546 -681289.834453 -1.554358 -1.270876 0.031470 1628865140.182107
7471930.844807 -681289.332902 -1.559778 -1.328221 0.007876 1628865140.582355
7471930.870021 -681288.781659 -1.565277 -1.345087 -0.013791 1628865140.982303
7471930.832135 -681288.201572 -1.559311 -1.336654 -0.044668 1628865141.382418
7471930.768174 -681287.693247 -1.549182 -1.313041 -0.050911 1628865141.782330
7471930.722669 -681287.124269 -1.544773 -1.287742 -0.050813 1628865142.182323
7471930.699972 -681286.621210 -1.532753 -1.287742 -0.050813 1628865142.632593
7471930.632828 -681286.092652 -1.521560 -1.328221 -0.050916 1628865143.032527
7471930.568672 -681285.581337 -1.510911 -1.353521 -0.050833 1628865143.432548
7471930.500931 -681285.042763 -1.498192 -1.377133 -0.050931 1628865143.832725
7471930.445765 -681284.536818 -1.491771 -1.287742 -0.050813 1628865144.182791
7471930.334035 -681284.034362 -1.490690 -1.345087 -0.050831 1628865144.582814
7471930.253737 -681283.516080 -1.484451 -1.255696 -0.050894 1628865144.982719
7471930.248425 -681282.979657 -1.462195 -1.173051 -0.094849 1628865145.432579
7471930.146835 -681282.466033 -1.442798 -1.011135 -0.174467 1628865145.883471
7471930.103169 -681281.907823 -1.401304 -0.930176 -0.236335 1628865146.433096
7471929.988461 -681281.374610 -1.332869 -0.847532 -0.307185 1628865147.083698
7471929.829349 -681280.883106 -1.268382 -0.879578 -0.343318 1628865147.683105
7471929.662443 -681280.388124 -1.164495 -0.775006 -0.444326 1628865148.382347
7471929.469024 -681279.899760 -1.063339 -0.758140 -0.501120 1628865149.032380
7471929.171942 -681279.426855 -0.936147 -0.758140 -0.507390 1628865149.732448
7471928.832318 -681279.038377 -0.815613 -0.832352 -0.507417 1628865150.432357
7471928.462662 -681278.624452 -0.681256 -0.921743 -0.507274 1628865151.083623
7471928.075620 -681278.279165 -0.559021 -1.011135 -0.507264 1628865151.632789
7471927.667475 -681277.989346 -0.446436 -1.051614 -0.507209 1628865152.082712
7471927.159427 -681277.789179 -0.317194 -1.083660 -0.507197 1628865152.582936
7471926.672555 -681277.669000 -0.196111 -0.953789 -0.507322 1628865153.083748
7471926.174020 -681277.595409 -0.083319 -0.734527 -0.507362 1628865153.683650
7471925.661039 -681277.517648 0.044077 -0.326363 -0.459664 1628865154.783309
7471926.168002 -681277.524154 0.078738 1.181484 -0.005037 1628865158.482908
7471926.769050 -681277.466847 0.077418 1.540737 -0.004900 1628865158.883076
7471927.369167 -681277.429808 0.080790 1.810597 -0.001201 1628865159.233009
7471927.946468 -681277.359833 0.080059 1.980947 -0.001045 1628865159.533009
7471928.438821 -681277.260833 0.081646 2.119251 -0.001159 1628865159.782895
7471928.955535 -681277.208222 0.082834 2.217075 -0.001084 1628865160.032844
7471929.492266 -681277.182936 0.084151 2.242375 -0.001088 1628865160.233488
7471930.105340 -681277.103128 0.082319 2.012993 -0.001324 1628865160.532694
7471930.674682 -681277.072342 0.086378 2.274421 -0.005121 1628865160.782918
7471931.198013 -681277.013852 0.083732 2.151297 -0.006376 1628865161.033025
7471931.756290 -681276.987990 0.084750 2.127684 -0.006371 1628865161.282998
7471932.340940 -681276.943989 0.085982 2.136117 -0.006281 1628865161.532971
7471932.932764 -681276.902623 0.085173 2.159730 -0.006286 1628865161.782989
7471933.563104 -681276.857413 0.086154 2.208642 -0.007851 1628865162.082830
7471934.131912 -681276.794202 0.088908 2.291287 -0.011158 1628865162.332774
7471934.724087 -681276.763239 0.088019 2.348632 -0.011815 1628865162.582709
7471935.222420 -681276.690420 0.086954 2.461636 -0.011889 1628865162.782641
7471935.822492 -681276.676789 0.083699 2.478503 -0.011761 1628865163.032824
7471936.343167 -681276.669552 0.091895 2.527415 -0.011409 1628865163.232931
7471936.842675 -681276.623524 0.090615 2.576327 -0.010506 1628865163.432997
7471937.354025 -681276.578062 0.092104 2.665719 -0.006220 1628865163.633049
7471937.927481 -681276.521491 0.092683 2.691018 -0.003749 1628865163.833031
7471938.494048 -681276.469197 0.094523 2.731497 -0.003667 1628865164.033143
7471939.016208 -681276.450033 0.096317 2.780410 -0.003679 1628865164.233756
7471939.515943 -681276.427423 0.097538 2.763543 -0.003675 1628865164.433988
7471940.094549 -681276.348792 0.098213 2.682585 -0.004390 1628865164.633364
7471940.663556 -681276.293170 0.096909 2.844501 -0.004338 1628865164.833698
7471941.487125 -681276.223936 0.096725 2.616806 -0.004466 1628865165.132867
7471942.153181 -681276.143373 0.095609 2.763543 -0.015699 1628865165.382915
7471942.651441 -681276.095503 0.094221 2.787156 -0.025063 1628865165.533029
7471943.246381 -681276.057260 0.090693 2.829322 -0.027099 1628865165.733120
7471943.827510 -681276.015649 0.089227 2.844501 -0.029398 1628865165.933091
7471944.383903 -681275.957107 0.080867 2.950759 -0.035870 1628865166.133203
7471944.977589 -681275.885097 0.071793 2.991238 -0.045146 1628865166.333062
7471945.638677 -681275.825753 0.057937 3.057017 -0.057282 1628865166.533069
7471946.165376 -681275.830793 0.046388 3.048584 -0.061666 1628865166.684429
7471946.702701 -681275.766891 0.029911 3.040151 -0.066593 1628865166.883026
7471947.232095 -681275.760651 0.017526 3.024971 -0.067037 1628865167.032970
7471947.886614 -681275.759817 -0.006397 2.976059 -0.066996 1628865167.283049
7471948.404401 -681275.754565 -0.018019 2.999671 -0.067016 1628865167.433947
7471949.028600 -681275.748787 -0.037228 2.976059 -0.066996 1628865167.633693
7471949.571189 -681275.757007 -0.052706 2.927146 -0.066957 1628865167.833842
7471950.172953 -681275.792649 -0.066201 2.901847 -0.068851 1628865168.033046
7471950.776911 -681275.833911 -0.080245 2.878234 -0.074116 1628865168.233596
7471951.340495 -681275.871602 -0.097230 2.852935 -0.074459 1628865168.433805
7471951.864813 -681275.942472 -0.115982 2.820889 -0.074068 1628865168.633423
7471952.449800 -681275.998674 -0.130632 2.804022 -0.069228 1628865168.833488
7471952.999893 -681276.055514 -0.147683 2.780410 -0.057631 1628865169.032773
7471953.675763 -681276.132716 -0.163407 2.812456 -0.034057 1628865169.282716
7471954.257812 -681276.238675 -0.166517 2.812456 -0.014982 1628865169.482817
7471954.779108 -681276.345717 -0.167437 2.852935 -0.002135 1628865169.682898
7471955.316533 -681276.430145 -0.168249 2.852935 0.007058 1628865169.882895
7471955.922939 -681276.521279 -0.164201 2.878234 0.013124 1628865170.083089
7471956.495195 -681276.616783 -0.159164 2.893414 0.017170 1628865170.282846
7471957.007828 -681276.690247 -0.158940 2.918713 0.020666 1628865170.482783
7471957.621334 -681276.778428 -0.146524 2.893414 0.020666 1628865170.682841
7471958.150237 -681276.856104 -0.142628 2.959192 0.020663 1628865170.883023
7471958.770618 -681276.948996 -0.140110 2.942326 0.020664 1628865171.083155
7471959.339720 -681277.010013 -0.133857 2.982805 0.021123 1628865171.283259
7471959.835899 -681277.091377 -0.130656 2.982805 0.023149 1628865171.483345
7471960.349323 -681277.130850 -0.122828 2.991238 0.024437 1628865171.633982
7471960.913299 -681277.220861 -0.116433 2.999671 0.024529 1628865171.834457
7471961.505859 -681277.279894 -0.111357 3.008105 0.024529 1628865172.033497
7471962.074018 -681277.319962 -0.099631 2.999671 0.024529 1628865172.234471
7471962.589106 -681277.367741 -0.097875 2.982805 0.022872 1628865172.383710
7471963.135148 -681277.428108 -0.087937 3.016538 0.018635 1628865172.583834
7471963.713957 -681277.461064 -0.085982 3.008105 0.010621 1628865172.783942
7471964.294587 -681277.510678 -0.084188 3.065450 0.002248 1628865172.983941
7471964.925851 -681277.560999 -0.088256 3.040151 -0.002733 1628865173.183978
7471965.461827 -681277.596922 -0.080215 3.057017 -0.004671 1628865173.333968
7471966.067570 -681277.645334 -0.080053 3.114362 -0.012238 1628865173.533970
7471966.604140 -681277.670661 -0.087711 3.105929 -0.030078 1628865173.734097
7471967.185636 -681277.709402 -0.100759 3.178454 -0.048576 1628865173.884296
7471967.770128 -681277.750615 -0.115877 3.163275 -0.068800 1628865174.084574
7471968.352731 -681277.805806 -0.138184 3.203754 -0.079522 1628865174.284733
7471968.944903 -681277.930811 -0.159867 3.178454 -0.084419 1628865174.484713
7471969.525805 -681278.051318 -0.193512 3.229053 -0.100092 1628865174.684768
7471970.165138 -681278.202008 -0.223662 3.220620 -0.123194 1628865174.884892
7471970.724697 -681278.397032 -0.281461 3.203754 -0.140532 1628865175.084961
7471971.281164 -681278.603386 -0.345911 3.171708 -0.152384 1628865175.285001
7471971.798601 -681278.888013 -0.425795 3.244233 -0.175463 1628865175.585043
7471972.295650 -681279.165351 -0.475671 3.073883 -0.195657 1628865175.785072
7471972.833675 -681279.454619 -0.528331 2.967625 -0.215840 1628865175.985126
7471973.322836 -681279.756544 -0.588410 2.982805 -0.231078 1628865176.185171
7471973.844114 -681280.116231 -0.654088 2.982805 -0.246676 1628865176.385200
7471974.266427 -681280.502018 -0.727500 2.942326 -0.256616 1628865176.585185
7471974.670102 -681280.904878 -0.793518 2.950759 -0.259264 1628865176.785169
7471975.049491 -681281.337200 -0.859586 2.950759 -0.260957 1628865176.985185
7471975.432859 -681281.772419 -0.929667 2.967625 -0.260999 1628865177.185106
7471975.769572 -681282.289375 -0.996217 2.950759 -0.260957 1628865177.384926
7471976.026928 -681282.817274 -1.059180 2.927146 -0.260390 1628865177.584821
7471976.280551 -681283.359125 -1.131836 2.918713 -0.250101 1628865177.784717
7471976.509645 -681283.913316 -1.195356 2.910280 -0.225576 1628865177.984696
7471976.696129 -681284.392946 -1.267286 2.935580 -0.201853 1628865178.184575
7471976.875521 -681285.049304 -1.304127 2.991238 -0.187596 1628865178.384607
7471977.042846 -681285.563231 -1.358995 3.024971 -0.175761 1628865178.584570
7471977.105009 -681286.085424 -1.386420 3.057017 -0.163413 1628865178.734490
7471977.221715 -681286.690911 -1.425749 3.073883 -0.134951 1628865178.934454
7471977.293664 -681287.335318 -1.460746 3.146408 -0.099189 1628865179.134293
7471977.370401 -681287.958507 -1.486826 3.178454 -0.069453 1628865179.334090
7471977.379240 -681288.580041 -1.497242 3.229053 -0.050172 1628865179.533949
7471977.427342 -681289.142488 -1.499594 3.261099 -0.041450 1628865179.683811
7471977.467933 -681289.665243 -1.508028 3.261099 -0.035403 1628865179.834129
7471977.490331 -681290.267752 -1.515783 3.284712 -0.031093 1628865180.033830
7471977.521931 -681290.869415 -1.520058 3.284712 -0.028968 1628865180.183870
7471977.551660 -681291.487594 -1.522606 3.261099 -0.023259 1628865180.383837
7471977.618776 -681292.048381 -1.531053 3.284712 -0.015250 1628865180.583876
7471977.646236 -681292.605480 -1.530030 3.244233 -0.007768 1628865180.733888
7471977.671093 -681293.226085 -1.532108 3.252666 0.000346 1628865180.933807
7471977.691326 -681293.878902 -1.528437 3.261099 0.006249 1628865181.133800
7471977.715969 -681294.486085 -1.527953 3.284712 0.010952 1628865181.333731
7471977.751912 -681295.070345 -1.515399 3.293145 0.013813 1628865181.483726
7471977.823344 -681295.586528 -1.514235 3.284712 0.015845 1628865181.634400
7471977.831174 -681296.178971 -1.506891 3.293145 0.017876 1628865181.834777
7471977.867440 -681296.821117 -1.500646 3.284712 0.017969 1628865182.033572
7471977.943772 -681297.461870 -1.489377 3.276279 0.018431 1628865182.233524
7471978.027266 -681298.038425 -1.483360 3.261099 0.019263 1628865182.383529
7471978.093414 -681298.664235 -1.476498 3.244233 0.025633 1628865182.583469
7471978.152086 -681299.190504 -1.453407 3.244233 0.029879 1628865182.733460
7471978.199902 -681299.781078 -1.418245 3.212187 0.037074 1628865182.933627
7471978.315338 -681300.276545 -1.402958 3.171708 0.042420 1628865183.083636
7471978.428541 -681300.904688 -1.384135 3.146408 0.053481 1628865183.283680
7471978.550539 -681301.501361 -1.364310 3.137975 0.064712 1628865183.434166
7471978.686092 -681302.032259 -1.347688 3.131229 0.073637 1628865183.583636
7471978.806790 -681302.519603 -1.329983 3.105929 0.077028 1628865183.733588
7471978.955174 -681303.055986 -1.310989 3.114362 0.076940 1628865183.883552
7471979.105087 -681303.611599 -1.286358 3.137975 0.077043 1628865184.033613
7471979.244133 -681304.231383 -1.258817 3.137975 0.076951 1628865184.233677
7471979.399858 -681304.744136 -1.239634 3.163275 0.076963 1628865184.383672
7471979.588137 -681305.356610 -1.214905 3.154841 0.077051 1628865184.583652
7471979.808172 -681305.857789 -1.192121 3.163275 0.079263 1628865184.783653
7471980.050081 -681306.494139 -1.169329 3.171708 0.094613 1628865184.983602
7471980.241261 -681307.012352 -1.140941 3.171708 0.108920 1628865185.133648
7471980.433964 -681307.521389 -1.107467 3.212187 0.121492 1628865185.284520
7471980.666734 -681307.975334 -1.077714 3.212187 0.129622 1628865185.434517
7471980.965098 -681308.486649 -1.035642 3.235800 0.135850 1628865185.633785
7471981.306350 -681309.078714 -0.992460 3.235800 0.143957 1628865185.833672
7471981.663091 -681309.558432 -0.942248 3.244233 0.165479 1628865186.033445
7471982.036305 -681310.005675 -0.888968 3.235800 0.193673 1628865186.233522
7471982.513109 -681310.517251 -0.819964 3.212187 0.207949 1628865186.433640
7471982.933093 -681310.991867 -0.756958 3.195321 0.214247 1628865186.633726
7471983.316488 -681311.353584 -0.699246 3.195321 0.221712 1628865186.783817
7471983.851947 -681311.748354 -0.632655 3.178454 0.231157 1628865186.983887
7471984.401336 -681312.102332 -0.560986 3.178454 0.234160 1628865187.183981
7471984.892303 -681312.379801 -0.496590 3.186887 0.234177 1628865187.384102
7471985.504629 -681312.648030 -0.428283 3.220620 0.234155 1628865187.584223
7471985.994367 -681312.860624 -0.369220 3.220620 0.234155 1628865187.734318
7471986.579588 -681313.066806 -0.296592 3.244233 0.234114 1628865187.934484
7471987.087988 -681313.136886 -0.240511 3.212187 0.234138 1628865188.084696
7471987.591284 -681313.213300 -0.192601 3.261099 0.232998 1628865188.234864
7471988.209867 -681313.265708 -0.124493 3.252666 0.219243 1628865188.435184
7471988.729055 -681313.293219 -0.074624 3.244233 0.199601 1628865188.585401
7471989.336943 -681313.315026 -0.020125 3.269532 0.177622 1628865188.785661
7471989.885085 -681313.251175 0.011971 3.269532 0.157900 1628865188.935881
7471990.478334 -681313.159096 0.059756 3.310011 0.134651 1628865189.136110
7471990.994547 -681313.106357 0.096202 3.342057 0.109881 1628865189.286273
7471991.590862 -681313.037369 0.122042 3.367357 0.077340 1628865189.486315
7471992.169793 -681312.956772 0.132193 3.407836 0.054655 1628865189.636296
7471992.745849 -681312.838903 0.148621 3.431449 0.030626 1628865189.836290
7471993.240516 -681312.719520 0.148166 3.431449 0.017865 1628865189.986239
7471993.748400 -681312.597161 0.154494 3.416269 0.010748 1628865190.136093
7471994.319018 -681312.502145 0.152756 3.448315 0.010558 1628865190.285931
7471994.963309 -681312.363261 0.156048 3.471928 0.010091 1628865190.485651
7471995.588087 -681312.251691 0.160642 3.522527 0.002681 1628865190.685453
7471996.144978 -681312.133655 0.156758 3.514094 -0.007489 1628865190.835761
7471996.769169 -681312.021948 0.156519 3.546140 -0.020533 1628865191.035466
7471997.314484 -681311.925030 0.151307 3.554573 -0.025895 1628865191.185483
7471997.884126 -681311.849397 0.149819 3.529273 -0.026250 1628865191.335503
7471998.395035 -681311.756163 0.141902 3.537706 -0.026259 1628865191.485492
7471999.042130 -681311.630315 0.130931 3.382536 -0.026264 1628865191.685490
7471999.607460 -681311.531846 0.126692 3.522527 -0.026247 1628865191.835518
7472000.139650 -681311.446716 0.119949 3.471928 -0.026127 1628865191.985503
7472000.832352 -681311.371434 0.112885 3.635531 -0.022797 1628865192.185576
7472001.392992 -681311.307599 0.107567 3.488794 -0.013949 1628865192.385577
7472001.969851 -681311.235438 0.108322 3.407836 -0.007730 1628865192.535559
7472002.544859 -681311.177598 0.107392 3.424702 -0.002008 1628865192.685514
7472003.176427 -681311.077520 0.107620 3.416269 0.001043 1628865192.885461
7472003.807847 -681311.005315 0.109223 3.367357 0.000963 1628865193.085413
7472004.427676 -681310.939969 0.110305 3.367357 0.001056 1628865193.285398
7472004.925034 -681310.860993 0.110931 3.350490 0.000506 1628865193.435417
7472005.435055 -681310.798379 0.115061 3.342057 -0.002816 1628865193.585466
7472006.004890 -681310.737101 0.113278 3.358924 -0.009375 1628865193.735415
7472006.637034 -681310.668587 0.113601 3.350490 -0.011586 1628865193.935253
7472007.144753 -681310.607934 0.109855 3.342057 -0.011583 1628865194.085186
7472007.666225 -681310.525549 0.108995 3.342057 -0.011675 1628865194.235097
7472008.343816 -681310.446378 0.106551 3.374103 -0.011595 1628865194.435076
7472009.018729 -681310.380578 0.102823 3.367357 -0.011593 1628865194.635154
7472009.636254 -681310.290005 0.098334 3.358924 -0.011589 1628865194.835072
7472010.156406 -681310.234595 0.098074 3.333624 -0.011580 1628865194.985102
7472010.817551 -681310.173506 0.096168 3.318445 -0.011667 1628865195.188964
7472011.440664 -681310.109885 0.093739 3.310011 -0.011663 1628865195.385156
7472012.053124 -681310.033626 0.090754 3.229053 -0.011634 1628865195.585093
7472012.732387 -681309.967161 0.086869 3.269532 -0.011003 1628865195.785092
7472013.242169 -681309.926057 0.087336 3.229053 -0.008869 1628865195.935137
7472013.824136 -681309.885150 0.084456 3.154841 -0.008021 1628865196.135063
7472014.354765 -681309.849955 0.081288 3.105929 -0.007910 1628865196.335042
7472014.898483 -681309.802686 0.079221 3.097496 -0.007908 1628865196.485054
7472015.495339 -681309.734917 0.081003 3.040151 -0.007888 1628865196.685076
7472016.031919 -681309.720142 0.075970 2.976059 -0.007960 1628865196.885172
7472016.637790 -681309.680553 0.076100 2.927146 -0.007945 1628865197.085088
7472017.202358 -681309.603755 0.070617 2.861368 -0.008018 1628865197.334956
7472017.704398 -681309.541984 0.073789 2.852935 -0.007924 1628865197.534940
7472018.210437 -681309.451427 0.073051 2.861368 -0.007926 1628865197.735027
7472018.751706 -681309.409273 0.065640 2.795589 -0.007999 1628865197.985173
7472019.327739 -681309.375822 0.064064 2.780410 -0.007995 1628865198.285266
7472019.836812 -681309.324077 0.065281 2.731497 -0.007981 1628865198.485186
7472020.358891 -681309.291187 0.065940 2.714631 -0.007977 1628865198.685190
7472020.961621 -681309.256372 0.066899 2.674152 -0.007966 1628865198.935181
7472021.553778 -681309.216158 0.065084 2.616806 -0.008042 1628865199.135102
7472022.116152 -681309.184500 0.064820 2.593194 -0.008036 1628865199.335039
7472022.704188 -681309.154045 0.063094 2.544281 -0.008758 1628865199.585086
7472023.211998 -681309.129824 0.060875 2.470070 -0.013499 1628865199.785124
7472023.825851 -681309.130570 0.053645 2.478503 -0.023934 1628865199.985132
7472024.406881 -681309.101646 0.042576 2.446457 -0.048304 1628865200.285231
7472024.911156 -681309.082880 0.031001 2.389111 -0.068106 1628865200.485268
7472025.527742 -681309.098960 0.000153 2.363812 -0.111102 1628865200.735321
7472026.094000 -681309.072904 -0.027634 2.340199 -0.155883 1628865200.985539
7472026.703152 -681309.085024 -0.079566 2.348632 -0.198967 1628865201.285717
7472027.273710 -681309.175623 -0.136804 2.355379 -0.220446 1628865201.535547
7472027.881335 -681309.240442 -0.196671 2.380678 -0.230191 1628865201.785419
7472028.398484 -681309.365580 -0.260658 2.421157 -0.230180 1628865202.035380
7472028.970658 -681309.544193 -0.323220 2.446457 -0.230141 1628865202.285414
7472029.553734 -681309.742672 -0.386244 2.486936 -0.230131 1628865202.535530
7472030.021163 -681309.966582 -0.439787 2.527415 -0.229866 1628865202.735564
7472030.490586 -681310.202073 -0.493699 2.544281 -0.225605 1628865202.935560
7472031.026525 -681310.532755 -0.559639 2.616806 -0.208004 1628865203.185397
7472031.546821 -681310.886947 -0.615820 2.616806 -0.192795 1628865203.435252
7472032.036195 -681311.252243 -0.663944 2.648852 -0.181369 1628865203.635092
7472032.440909 -681311.563588 -0.706362 2.697765 -0.176082 1628865203.835082
7472032.813880 -681311.905183 -0.744573 2.723064 -0.175771 1628865203.985075
7472033.193708 -681312.262686 -0.786007 2.746677 -0.175192 1628865204.185107
7472033.591712 -681312.732489 -0.834972 2.771976 -0.162061 1628865204.385202
7472033.965123 -681313.078550 -0.866810 2.795589 -0.137784 1628865204.585171
7472034.318407 -681313.496688 -0.898014 2.812456 -0.121033 1628865204.785157
7472034.640973 -681313.938844 -0.928507 2.820889 -0.113930 1628865204.985222
7472034.970211 -681314.459294 -0.961471 2.852935 -0.110901 1628865205.185185
7472035.258207 -681314.929733 -0.987065 2.869801 -0.106406 1628865205.385234
7472035.579968 -681315.453724 -1.016937 2.910280 -0.102382 1628865205.585299
7472035.903028 -681315.989905 -1.043929 2.942326 -0.097255 1628865205.785374
7472036.228013 -681316.578625 -1.071042 2.982805 -0.090403 1628865205.985245
7472036.534642 -681317.155490 -1.094738 2.991238 -0.081228 1628865206.185592
7472036.837316 -681317.758769 -1.117383 2.991238 -0.074124 1628865206.384970
7472037.113120 -681318.255512 -1.133919 3.033404 -0.068596 1628865206.584860
7472037.328239 -681318.724942 -1.148785 3.016538 -0.067395 1628865206.784864
7472037.547420 -681319.192930 -1.162666 3.024971 -0.065667 1628865206.934853
7472037.834387 -681319.771490 -1.182179 3.040151 -0.061202 1628865207.134932
7472038.024609 -681320.347162 -1.195738 3.065450 -0.057380 1628865207.334882
7472038.266217 -681320.930304 -1.210711 3.065450 -0.052162 1628865207.534726
7472038.508425 -681321.547203 -1.225037 3.073883 -0.051344 1628865207.734564
7472038.738153 -681322.187516 -1.238890 3.057017 -0.051424 1628865207.934453
7472038.956884 -681322.767706 -1.253398 3.057017 -0.051607 1628865208.134505
7472039.104078 -681323.264699 -1.264676 3.057017 -0.053164 1628865208.284492
7472039.267681 -681323.798809 -1.274317 3.073883 -0.057020 1628865208.434427
7472039.368993 -681324.297622 -1.282796 3.073883 -0.057203 1628865208.585106
7472039.526996 -681324.839044 -1.294236 3.097496 -0.057313 1628865208.734524
7472039.656806 -681325.418729 -1.304626 3.097496 -0.058960 1628865208.884536
7472039.756271 -681325.969399 -1.312793 3.105929 -0.062992 1628865209.034551
7472039.885678 -681326.541118 -1.326222 3.122795 -0.065932 1628865209.184560
7472039.984336 -681327.154004 -1.338237 3.122795 -0.068034 1628865209.334672
7472040.138144 -681327.866292 -1.353786 3.131229 -0.068132 1628865209.484780
7472040.223147 -681328.497890 -1.362145 3.163275 -0.068983 1628865209.634806
7472040.335109 -681329.152660 -1.378415 3.137975 -0.070422 1628865209.784892
7472040.435828 -681329.822902 -1.396950 3.137975 -0.074622 1628865209.934974
7472040.535671 -681330.482572 -1.409352 3.146408 -0.075817 1628865210.084921
7472040.627296 -681331.157642 -1.423948 3.131229 -0.075802 1628865210.234815
7472040.689642 -681331.805637 -1.438640 3.122795 -0.075794 1628865210.384677
7472040.730685 -681332.361543 -1.452405 3.122795 -0.071778 1628865210.534565
7472040.724703 -681332.929347 -1.461498 3.131229 -0.066030 1628865210.684464
7472040.803130 -681333.574406 -1.479197 3.122795 -0.055684 1628865210.884427
7472040.866332 -681334.160610 -1.491490 3.114362 -0.051556 1628865211.084479
7472040.958328 -681334.749241 -1.507925 3.105929 -0.051550 1628865211.284503
7472040.976265 -681335.343914 -1.519439 3.114362 -0.047065 1628865211.484468
7472041.005472 -681335.889851 -1.527463 3.089063 -0.038058 1628865211.684363
7472041.003169 -681336.512328 -1.537580 3.065450 -0.031434 1628865211.934355
7472041.082388 -681337.142521 -1.543134 3.048584 -0.026470 1628865212.134420
7472041.085889 -681337.805651 -1.549287 3.024971 -0.025632 1628865212.334498
7472041.094348 -681338.357443 -1.554736 3.008105 -0.024893 1628865212.534603
7472041.093769 -681338.915085 -1.558957 3.033404 -0.024440 1628865212.734658
7472041.100620 -681339.534082 -1.563790 3.024971 -0.023698 1628865212.934699
7472041.124668 -681340.120958 -1.568562 3.057017 -0.019668 1628865213.134791
7472041.137742 -681340.717051 -1.572374 3.065450 -0.010840 1628865213.334860
7472041.157506 -681341.361079 -1.574571 2.942326 -0.003628 1628865213.534889
7472041.152567 -681341.936769 -1.569862 2.982805 0.002250 1628865213.735023
7472041.139039 -681342.525388 -1.571194 2.999671 0.006205 1628865213.935046
7472041.166392 -681343.132917 -1.565531 2.959192 0.010722 1628865214.134946
7472041.150925 -681343.672792 -1.559684 2.927146 0.011462 1628865214.334855
7472041.170080 -681344.193226 -1.555235 2.837755 0.011565 1628865214.534870
7472041.189499 -681344.741097 -1.553868 2.731497 0.011486 1628865214.734902
7472041.230596 -681345.287648 -1.548116 2.518982 0.011510 1628865214.934810
7472041.232240 -681345.815615 -1.545373 2.168163 0.010540 1628865215.184705
7472041.279872 -681346.374580 -1.542837 1.736386 0.002002 1628865215.484668
7472041.283030 -681346.890625 -1.542630 1.247263 -0.004225 1628865215.884697
