7465941.885206 -629386.165223 -0.568418 3.897226 -0.014403 1596124169.573248
7465942.352128 -629386.460750 -0.569773 3.941874 -0.013182 1596124169.723449
7465942.896429 -629386.787253 -0.574998 3.989956 -0.011959 1596124169.873402
7465943.393375 -629387.116626 -0.574434 4.022583 -0.010733 1596124170.023457
7465943.907463 -629387.443686 -0.578012 4.032886 -0.010735 1596124170.173517
7465944.449458 -629387.769182 -0.577789 4.063796 -0.010740 1596124170.323731
7465944.954167 -629388.110286 -0.577916 4.096424 -0.010746 1596124170.473889
7465945.481338 -629388.433437 -0.578886 4.127333 -0.010755 1596124170.623945
7465946.005684 -629388.774126 -0.578999 4.189153 -0.009524 1596124170.774010
7465946.529449 -629389.109836 -0.579728 4.221780 -0.008190 1596124170.924158
7465947.049861 -629389.463629 -0.579922 4.268145 -0.008199 1596124171.074347
7465947.595621 -629389.816060 -0.581729 4.312793 -0.008205 1596124171.224466
7465948.179542 -629390.215903 -0.584603 4.347137 -0.008208 1596124171.374473
7465948.699415 -629390.558719 -0.581463 4.403806 -0.008218 1596124171.524613
7465949.261045 -629390.880082 -0.584319 4.434715 -0.008223 1596124171.674764
7465949.824649 -629391.281869 -0.585343 4.451888 -0.008223 1596124171.824945
7465950.415993 -629391.696473 -0.589733 4.451888 -0.008226 1596124171.975030
7465950.946952 -629392.042378 -0.589912 4.434715 -0.009568 1596124172.125103
7465951.522205 -629392.401998 -0.592362 4.420978 -0.010807 1596124172.275097
7465952.060743 -629392.785479 -0.593295 4.420978 -0.012048 1596124172.424968
7465952.577872 -629393.141501 -0.594010 4.374613 -0.012039 1596124172.574975
7465953.168705 -629393.500366 -0.597510 4.374613 -0.012039 1596124172.725122
7465953.681178 -629393.839541 -0.598928 4.345420 -0.012032 1596124172.875227
7465954.089335 -629394.170750 -0.602915 4.312793 -0.012026 1596124172.975285
7465954.582184 -629394.520804 -0.603640 4.312793 -0.012026 1596124173.125453
7465955.110781 -629394.893963 -0.607278 4.281883 -0.012019 1596124173.275611
7465955.643272 -629395.257712 -0.610565 4.281883 -0.013257 1596124173.425803
7465956.172308 -629395.608627 -0.612382 4.252690 -0.012013 1596124173.575796
7465956.671640 -629395.935904 -0.612135 4.281883 -0.008201 1596124173.725751
7465957.085541 -629396.242826 -0.617082 4.281883 -0.008201 1596124173.825851
7465957.551484 -629396.582343 -0.615061 4.281883 -0.008201 1596124173.975864
7465958.063608 -629396.931066 -0.615181 4.283600 -0.006963 1596124174.125986
7465958.566823 -629397.299266 -0.618687 4.269863 -0.005723 1596124174.276211
7465959.071451 -629397.666180 -0.619954 4.269863 -0.008199 1596124174.426188
7465959.598288 -629398.052898 -0.623091 4.235518 -0.010772 1596124174.576285
7465960.034848 -629398.325488 -0.618901 4.237235 -0.013247 1596124174.676365
7465960.569949 -629398.698000 -0.625028 4.252690 -0.018304 1596124174.826483
7465961.073363 -629399.029507 -0.627372 4.237235 -0.020773 1596124174.976558
7465961.586044 -629399.411670 -0.633171 4.220063 -0.023240 1596124175.126613
7465962.043394 -629399.777677 -0.642957 4.233801 -0.027058 1596124175.276639
7465962.563540 -629400.157412 -0.648333 4.187436 -0.030742 1596124175.426624
7465963.135505 -629400.592024 -0.654050 4.187436 -0.031978 1596124175.576668
7465963.635176 -629400.957708 -0.658874 4.187436 -0.031978 1596124175.726786
7465964.159291 -629401.371788 -0.666818 4.173698 -0.031970 1596124175.876933
7465964.688121 -629401.757543 -0.674400 4.187436 -0.034447 1596124176.026957
7465965.191839 -629402.162044 -0.680270 4.158243 -0.035768 1596124176.177313
7465965.613054 -629402.531788 -0.692790 4.127333 -0.036983 1596124176.327155
7465966.115432 -629402.951551 -0.703403 4.127333 -0.039449 1596124176.477224
7465966.520624 -629403.294505 -0.713961 4.111879 -0.039449 1596124176.627279
7465967.027617 -629403.746168 -0.724121 4.098141 -0.038198 1596124176.777323
7465967.473593 -629404.152087 -0.731745 4.098141 -0.038198 1596124176.927353
7465967.924458 -629404.551662 -0.740356 4.111879 -0.036973 1596124177.077409
7465968.392538 -629404.951276 -0.750656 4.111879 -0.033171 1596124177.227453
7465968.850020 -629405.411186 -0.758868 4.129051 -0.030713 1596124177.377669
7465969.267477 -629405.807900 -0.762290 4.144506 -0.029486 1596124177.527650
7465969.762646 -629406.252114 -0.772959 4.159961 -0.029494 1596124177.677738
7465970.168764 -629406.691524 -0.778917 4.175416 -0.028266 1596124177.827713
7465970.604499 -629407.148942 -0.783265 4.175416 -0.028266 1596124177.977895
7465971.020707 -629407.560223 -0.789771 4.189153 -0.028273 1596124178.127910
7465971.576251 -629408.071442 -0.800927 4.204608 -0.028280 1596124178.278062
7465971.986796 -629408.521237 -0.809184 4.204608 -0.028280 1596124178.428154
7465972.456079 -629409.019975 -0.814958 4.220063 -0.028288 1596124178.578341
7465972.878690 -629409.500848 -0.818946 4.173698 -0.028266 1596124178.728383
7465973.285648 -629409.921086 -0.826831 4.204608 -0.028280 1596124178.878516
7465973.800973 -629410.428166 -0.838229 4.268145 -0.028310 1596124179.028639
7465974.188684 -629410.882122 -0.843969 4.268145 -0.028310 1596124179.178789
7465974.609129 -629411.377559 -0.846608 4.312793 -0.028333 1596124179.328975
7465975.040934 -629411.868460 -0.859390 4.312793 -0.028333 1596124179.478989
7465975.510468 -629412.407551 -0.865684 4.299055 -0.028326 1596124179.629133
7465975.890899 -629412.881673 -0.873064 4.312793 -0.028333 1596124179.779106
7465976.338090 -629413.378321 -0.876441 4.312793 -0.028333 1596124179.929260
7465976.770354 -629413.908542 -0.886023 4.329965 -0.028341 1596124180.079268
7465977.143751 -629414.358936 -0.898487 4.312793 -0.028333 1596124180.229444
7465977.573451 -629414.902120 -0.903490 4.347137 -0.028349 1596124180.379514
7465977.968887 -629415.406210 -0.909348 4.329965 -0.028341 1596124180.529600
7465978.360113 -629415.915624 -0.916875 4.297338 -0.028325 1596124180.679622
7465978.758755 -629416.447201 -0.926865 4.343703 -0.029586 1596124180.829731
7465979.114499 -629416.954600 -0.931272 4.328248 -0.029578 1596124180.979781
7465979.511046 -629417.494092 -0.938684 4.343703 -0.029586 1596124181.130226
7465979.861711 -629418.010621 -0.945539 4.359158 -0.029570 1596124181.279939
7465980.243216 -629418.557284 -0.955432 4.345420 -0.032064 1596124181.430011
7465980.634593 -629419.075750 -0.962877 4.328248 -0.033292 1596124181.580057
7465981.003739 -629419.626087 -0.971045 4.312793 -0.033284 1596124181.730252
7465981.374801 -629420.159925 -0.979260 4.299055 -0.033275 1596124181.880282
7465981.696529 -629420.689431 -0.990520 4.281883 -0.033266 1596124182.030494
7465981.981098 -629421.107423 -0.997256 4.268145 -0.033257 1596124182.130601
7465982.328607 -629421.643893 -1.002693 4.268145 -0.033257 1596124182.280667
7465982.695661 -629422.193561 -1.011855 4.221780 -0.033239 1596124182.430815
7465982.981558 -629422.735852 -1.021600 4.204608 -0.034457 1596124182.580873
7465983.310493 -629423.264266 -1.027671 4.144506 -0.035778 1596124182.730926
7465983.615025 -629423.774241 -1.037042 4.111879 -0.038217 1596124182.880925
7465983.946525 -629424.302493 -1.047927 4.051776 -0.040632 1596124183.031077
7465984.218251 -629424.869129 -1.058049 3.957329 -0.044361 1596124183.181216
7465984.497719 -629425.360491 -1.071543 3.910964 -0.049229 1596124183.331318
7465984.823716 -629425.908451 -1.079006 3.802779 -0.052936 1596124183.481551
7465985.064825 -629426.400135 -1.093655 3.725504 -0.056646 1596124183.631386
7465985.311682 -629426.908758 -1.107937 3.663685 -0.061480 1596124183.781546
7465985.542131 -629427.389933 -1.119854 3.632775 -0.066450 1596124183.931511
7465985.779532 -629427.880180 -1.134925 3.569238 -0.068927 1596124184.081673
7465985.982691 -629428.337336 -1.148993 3.538328 -0.068880 1596124184.231735
7465986.209265 -629428.820286 -1.161734 3.491963 -0.070052 1596124184.381763
7465986.476051 -629429.378445 -1.177564 3.445598 -0.070006 1596124184.531771
7465986.653115 -629429.925007 -1.199465 3.400950 -0.073606 1596124184.731792
7465986.868661 -629430.455396 -1.214441 3.340848 -0.073574 1596124184.881928
7465987.075858 -629431.031122 -1.228152 3.294483 -0.073502 1596124185.082093
7465987.283605 -629431.542267 -1.244326 3.280745 -0.073488 1596124185.232153
7465987.420956 -629432.098974 -1.261733 3.186298 -0.073398 1596124185.432186
7465987.574627 -629432.587427 -1.280136 3.157105 -0.073371 1596124185.582262
7465987.758844 -629433.171795 -1.293316 3.093568 -0.070893 1596124185.782326
7465987.929404 -629433.714788 -1.307129 3.047203 -0.067124 1596124185.982435
7465988.110600 -629434.378307 -1.323827 2.999121 -0.059726 1596124186.182565
7465988.223680 -629434.954613 -1.341761 2.985383 -0.051138 1596124186.382740
7465988.357198 -629435.517322 -1.351280 2.939019 -0.042527 1596124186.582914
7465988.451668 -629436.092352 -1.361481 2.923564 -0.041207 1596124186.783027
7465988.573730 -629436.606485 -1.368501 2.909826 -0.042512 1596124186.933107
7465988.664407 -629437.173965 -1.381229 2.892654 -0.042504 1596124187.133229
7465988.778837 -629437.749189 -1.390864 2.877199 -0.042496 1596124187.333300
7465988.897962 -629438.305077 -1.401184 2.863461 -0.048543 1596124187.533324
7465989.044361 -629438.932434 -1.413903 2.846289 -0.057201 1596124187.733414
7465989.109696 -629439.434215 -1.419979 2.827399 -0.066950 1596124187.933692
7465989.189213 -629440.049766 -1.442911 2.813662 -0.076783 1596124188.133887
7465989.296070 -629440.625281 -1.455160 2.782752 -0.084175 1596124188.334216
7465989.301864 -629441.144489 -1.471951 2.750125 -0.085346 1596124188.584638
7465989.379218 -629441.761219 -1.495809 2.736387 -0.085333 1596124188.784927
7465989.491647 -629442.384141 -1.514815 2.690022 -0.085290 1596124188.985153
7465989.562863 -629442.957084 -1.533143 2.672850 -0.085274 1596124189.185483
7465989.549408 -629443.520172 -1.553468 2.690022 -0.086490 1596124189.385551
7465989.531862 -629444.131015 -1.573373 2.597292 -0.091299 1596124189.585650
7465989.541514 -629444.736531 -1.596645 2.612747 -0.108450 1596124189.835841
7465989.505454 -629445.265350 -1.619791 2.597292 -0.123232 1596124190.036096
7465989.492004 -629445.776233 -1.647142 2.643657 -0.135418 1596124190.236402
7465989.432884 -629446.345342 -1.679516 2.597292 -0.141567 1596124190.436677
7465989.384171 -629446.890497 -1.712072 2.643657 -0.146529 1596124190.636932
7465989.294403 -629447.526456 -1.747466 2.691739 -0.157685 1596124190.887005
7465989.187688 -629448.094344 -1.784829 2.751842 -0.166424 1596124191.087270
7465989.064659 -629448.682068 -1.822837 2.829117 -0.172715 1596124191.287595
7465988.911468 -629449.211274 -1.864333 2.892654 -0.180241 1596124191.487757
7465988.735105 -629449.740422 -1.903168 2.968211 -0.179136 1596124191.687716
7465988.519206 -629450.359337 -1.945411 3.045486 -0.179303 1596124191.887888
7465988.265469 -629450.919037 -1.991019 3.074679 -0.179368 1596124192.087876
7465988.001465 -629451.438950 -2.032783 3.122761 -0.179475 1596124192.287773
7465987.753212 -629451.988846 -2.075497 3.246401 -0.181027 1596124192.487736
7465987.412252 -629452.499355 -2.116633 3.155388 -0.179548 1596124192.687616
7465987.059596 -629453.038710 -2.161982 3.186298 -0.175906 1596124192.887487
7465986.707286 -629453.548156 -2.199460 3.200036 -0.159846 1596124193.087546
7465986.292831 -629454.055076 -2.239488 3.122761 -0.137471 1596124193.287780
7465985.883882 -629454.541358 -2.275319 3.186298 -0.127743 1596124193.487714
7465985.557939 -629455.019716 -2.304252 3.122761 -0.127640 1596124193.687886
7465985.064920 -629455.523179 -2.341924 3.186298 -0.125253 1596124193.887887
7465984.684828 -629455.922026 -2.374408 3.230946 -0.124129 1596124194.088099
7465984.249562 -629456.310151 -2.399083 3.198319 -0.122780 1596124194.238241
7465983.774042 -629456.715779 -2.430933 3.215491 -0.115420 1596124194.438292
7465983.289760 -629457.107216 -2.458512 3.292766 -0.104414 1596124194.638101
7465982.819979 -629457.492748 -2.487594 3.308220 -0.098309 1596124194.838196
7465982.357691 -629457.844060 -2.504364 3.308220 -0.094588 1596124194.988229
7465981.849001 -629458.223956 -2.532814 3.323675 -0.089675 1596124195.188433
7465981.305058 -629458.616541 -2.558619 3.339130 -0.084753 1596124195.388643
7465980.886452 -629458.891245 -2.574432 3.339130 -0.077284 1596124195.538697
7465980.441253 -629459.162564 -2.590557 3.356303 -0.072349 1596124195.688807
7465979.987241 -629459.418307 -2.602634 3.356303 -0.071135 1596124195.838803
7465979.535232 -629459.680900 -2.617937 3.387213 -0.069950 1596124195.988993
7465978.930602 -629460.016620 -2.638569 3.370040 -0.068720 1596124196.189028
7465978.496607 -629460.265231 -2.653617 3.370040 -0.067404 1596124196.338919
7465977.915152 -629460.580857 -2.668727 3.370040 -0.064974 1596124196.538892
7465977.339570 -629460.836544 -2.691605 3.371758 -0.064976 1596124196.738902
7465976.879159 -629461.096138 -2.704744 3.358020 -0.066220 1596124196.888951
7465976.396686 -629461.313479 -2.716440 3.358020 -0.068708 1596124197.039093
7465975.924494 -629461.520439 -2.734775 3.400950 -0.072393 1596124197.189281
7465975.456956 -629461.701725 -2.750032 3.354585 -0.073561 1596124197.339445
7465974.960367 -629461.933829 -2.763308 3.445598 -0.076182 1596124197.489786
7465974.475458 -629462.094281 -2.779361 3.416405 -0.078578 1596124197.640056
7465973.996292 -629462.265440 -2.796924 3.431860 -0.078594 1596124197.790302
7465973.504236 -629462.462957 -2.815120 3.445598 -0.077395 1596124197.940223
7465973.016794 -629462.592490 -2.830236 3.431860 -0.077381 1596124198.090150
7465972.515135 -629462.756192 -2.850622 3.433577 -0.077383 1596124198.239980
7465971.892703 -629462.956921 -2.867712 3.447315 -0.077398 1596124198.439858
7465971.368925 -629463.104873 -2.884571 3.402667 -0.076137 1596124198.589773
7465970.748497 -629463.269587 -2.900079 3.370040 -0.074890 1596124198.789994
7465970.202188 -629463.378891 -2.912225 3.387213 -0.074907 1596124198.940055
7465969.516076 -629463.546222 -2.937301 3.370040 -0.072362 1596124199.140376
7465968.897498 -629463.643063 -2.957549 3.323675 -0.068677 1596124199.340468
7465968.390154 -629463.750809 -2.973611 3.339130 -0.068691 1596124199.490369
7465967.782376 -629463.844140 -2.997880 3.340848 -0.067377 1596124199.690252
7465967.252477 -629463.927613 -3.013140 3.340848 -0.066163 1596124199.840701
7465966.610141 -629463.993790 -3.028783 3.292766 -0.063693 1596124200.039924
7465965.944471 -629464.057144 -3.045847 3.309938 -0.063708 1596124200.239935
7465965.314252 -629464.114246 -3.067815 3.309938 -0.063708 1596124200.439895
7465964.688940 -629464.162032 -3.085779 3.309938 -0.062492 1596124200.639956
7465964.022197 -629464.229526 -3.106790 3.246401 -0.058698 1596124200.840105
7465963.392975 -629464.211085 -3.116790 3.309938 -0.056315 1596124201.040635
7465962.796589 -629464.203366 -3.133225 3.321958 -0.056324 1596124201.240681
7465962.278336 -629464.199141 3.137864 3.321958 -0.053791 1596124201.390502
7465961.577765 -629464.239379 3.121280 3.385495 -0.050183 1596124201.590777
7465960.905177 -629464.180097 3.107973 3.385495 -0.041450 1596124201.790992
7465960.258740 -629464.121909 3.101716 3.339130 -0.022929 1596124201.991103
7465959.754984 -629464.070842 3.100573 3.402667 -0.011853 1596124202.141383
7465959.242133 -629464.065267 3.097073 3.385495 -0.006861 1596124202.290690
7465958.612184 -629464.039902 3.093121 3.387213 -0.003197 1596124202.490396
7465958.044556 -629464.016792 3.096086 3.416405 -0.001976 1596124202.640453
7465957.400372 -629463.976571 3.092491 3.464487 -0.000755 1596124202.840252
7465956.846203 -629463.933432 3.091730 3.479942 0.000469 1596124202.990340
7465956.214434 -629463.896067 3.091463 3.528024 0.009140 1596124203.190322
7465955.626275 -629463.879836 3.096697 3.557217 0.022815 1596124203.340400
7465954.963687 -629463.886136 3.100926 3.569238 0.038929 1596124203.540426
7465954.412737 -629463.871641 3.107254 3.569238 0.041374 1596124203.690392
7465953.904842 -629463.852423 3.119636 3.601865 0.041393 1596124203.840578
7465953.294970 -629463.826485 3.135116 3.649947 0.041421 1596124203.990412
7465952.766012 -629463.829262 3.135478 3.694595 0.038998 1596124204.140512
7465952.236611 -629463.850430 3.137832 3.727222 0.034011 1596124204.290514
7465951.635868 -629463.870709 3.139567 3.727222 0.027880 1596124204.440707
7465950.966030 -629463.872742 -3.128241 3.787324 0.014189 1596124204.640832
7465950.300260 -629463.894995 -3.120938 3.787324 0.009173 1596124204.790952
7465949.613874 -629463.904318 -3.119974 3.818234 0.004259 1596124204.991072
7465949.026682 -629463.902468 -3.117001 3.804496 0.000469 1596124205.141438
7465948.430599 -629463.917576 -3.116890 3.866316 -0.003222 1596124205.291459
7465947.834305 -629463.940380 -3.116364 3.862882 -0.004452 1596124205.441715
7465947.272680 -629463.956781 -3.116330 3.880054 -0.004453 1596124205.591857
7465946.639600 -629463.985149 -3.121102 3.940157 -0.004458 1596124205.742444
7465946.066404 -629464.017195 -3.119360 4.020866 -0.004465 1596124205.892303
7465945.505383 -629464.011940 -3.123499 3.940157 -0.004458 1596124206.042714
7465944.903548 -629464.021541 -3.123576 4.034604 -0.003232 1596124206.192340
7465944.302160 -629464.032171 -3.123841 4.051776 -0.003233 1596124206.342696
7465943.711219 -629464.036575 -3.124073 4.082686 -0.003235 1596124206.492438
7465943.107438 -629464.041608 -3.123609 4.082686 -0.004469 1596124206.642749
7465942.463875 -629464.053229 -3.124874 4.175416 -0.004477 1596124206.792402
7465941.883235 -629464.041125 -3.126722 4.204608 -0.005716 1596124206.942842
7465941.266089 -629464.015446 -3.131461 4.220063 -0.004480 1596124207.092618
7465940.577943 -629464.018262 -3.129377 4.268145 -0.000769 1596124207.243055
7465939.946407 -629464.011544 -3.128266 4.328248 0.001811 1596124207.392998
7465939.324286 -629464.043952 -3.125279 4.359158 0.003052 1596124207.543080
7465938.601319 -629464.054655 -3.122548 4.469060 0.010615 1596124207.692942
7465938.018540 -629464.067409 -3.119093 4.391785 0.014323 1596124207.843398
7465937.358950 -629464.097420 -3.117363 4.345420 0.015551 1596124207.993213
7465936.719615 -629464.123181 -3.112984 4.391785 0.014323 1596124208.143588
7465935.993316 -629464.172258 -3.109088 4.345420 0.015551 1596124208.292999
7465935.266387 -629464.214844 -3.104616 4.376330 0.019383 1596124208.442933
7465934.732666 -629464.185446 -3.094616 4.376330 0.021863 1596124208.592840
7465934.186690 -629464.197296 -3.094024 4.393502 0.023109 1596124208.692986
7465933.536976 -629464.228572 -3.092529 4.393502 0.023109 1596124208.843508
7465932.822660 -629464.270114 -3.084963 4.420978 0.025601 1596124208.993255
7465932.236400 -629464.317689 -3.073596 4.374613 0.029426 1596124209.143991
7465931.641551 -629464.350197 -3.062838 4.451888 0.033163 1596124209.293687
7465930.964129 -629464.361150 -3.055352 4.451888 0.035664 1596124209.443810
7465930.412597 -629464.396677 -3.052304 4.482798 0.037008 1596124209.544232
7465929.784587 -629464.474655 -3.045399 4.498253 0.036988 1596124209.693605
7465929.179461 -629464.558729 -3.032477 4.515425 0.037018 1596124209.843719
7465928.576979 -629464.618166 -3.016363 4.451888 0.038228 1596124209.993445
7465927.918067 -629464.755286 -3.006294 4.499970 0.045807 1596124210.144040
7465927.256402 -629464.809718 -2.998257 4.499970 0.047022 1596124210.293646
7465926.654005 -629464.907699 -2.984516 4.422695 0.046971 1596124210.443716
7465925.959242 -629465.003707 -2.973079 4.469060 0.045757 1596124210.593792
7465925.318089 -629465.105998 -2.960779 4.422695 0.045746 1596124210.744092
7465924.724641 -629465.211256 -2.943751 4.422695 0.045746 1596124210.893729
7465924.128582 -629465.339862 -2.931801 4.469060 0.045794 1596124211.043997
7465923.441820 -629465.477944 -2.920308 4.407240 0.044531 1596124211.193615
7465922.813869 -629465.619890 -2.906877 4.470777 0.043201 1596124211.343628
7465922.134642 -629465.800740 -2.896789 4.467343 0.040719 1596124211.493854
7465921.513000 -629465.925226 -2.884292 4.515425 0.038270 1596124211.644334
7465920.896093 -629466.107674 -2.869254 4.515425 0.031958 1596124211.794140
7465920.334996 -629466.292748 -2.859020 4.529162 0.024406 1596124211.944286
7465919.808154 -629466.445514 -2.860057 4.515425 0.021914 1596124212.044687
7465919.185381 -629466.622663 -2.851916 4.498253 0.020666 1596124212.194319
7465918.560018 -629466.815583 -2.845761 4.482798 0.019418 1596124212.344674
7465917.950288 -629466.992902 -2.839168 4.498253 0.019423 1596124212.494256
7465917.227512 -629467.222870 -2.837558 4.529162 0.019434 1596124212.644187
7465916.577979 -629467.432929 -2.831147 4.482798 0.019418 1596124212.793890
7465915.958402 -629467.630505 -2.821722 4.577245 0.019450 1596124212.944017
7465915.259092 -629467.881735 -2.818625 4.606437 0.019460 1596124213.093954
7465914.577739 -629468.044499 -2.815589 4.654519 0.019476 1596124213.244207
7465913.957447 -629468.275399 -2.805715 4.654519 0.018126 1596124213.393953
7465913.257452 -629468.497935 -2.807100 4.637347 0.014383 1596124213.544577
7465912.620435 -629468.743875 -2.801484 4.560072 0.009283 1596124213.694058
7465911.979910 -629468.968773 -2.800655 4.699167 0.001819 1596124213.844371
7465911.493977 -629469.118986 -2.799179 4.668257 -0.000779 1596124213.944395
7465910.790852 -629469.349814 -2.800092 4.668257 -0.000779 1596124214.094208
7465910.173225 -629469.545386 -2.798514 4.699167 -0.000779 1596124214.244615
7465909.534091 -629469.809939 -2.795996 4.668257 -0.000779 1596124214.394264
7465909.053292 -629469.977623 -2.793712 4.716339 -0.000780 1596124214.494264
7465908.355604 -629470.222617 -2.796130 4.776442 -0.000782 1596124214.644579
7465907.740086 -629470.419844 -2.791235 4.839979 0.000468 1596124214.794154
7465907.232697 -629470.616995 -2.794310 4.853717 0.000468 1596124214.894170
7465906.647395 -629470.854435 -2.795462 4.807352 0.000468 1596124215.044591
7465906.163678 -629471.016499 -2.797091 4.764421 0.000468 1596124215.144984
7465905.525784 -629471.234374 -2.795837 4.700884 0.000468 1596124215.294604
7465904.951948 -629471.472397 -2.794711 4.652802 0.000468 1596124215.444582
7465904.283710 -629471.704202 -2.793540 4.623609 0.000468 1596124215.594530
7465903.635138 -629471.955353 -2.794268 4.577245 0.000469 1596124215.744935
7465902.977155 -629472.182868 -2.791439 4.560072 0.000469 1596124215.894682
7465902.360870 -629472.416992 -2.789647 4.517142 0.000469 1596124216.044553
7465901.767733 -629472.632064 -2.787701 4.482798 0.000469 1596124216.194374
7465901.197653 -629472.837378 -2.795870 4.436433 0.000469 1596124216.344909
7465900.553454 -629473.056298 -2.788840 4.393502 0.000469 1596124216.494458
7465899.898634 -629473.280002 -2.791290 4.359158 0.000469 1596124216.644844
7465899.346001 -629473.489292 -2.790857 4.376330 0.000469 1596124216.794810
7465898.753185 -629473.712619 -2.793383 4.360875 0.000469 1596124216.945566
7465898.191153 -629473.913887 -2.792164 4.347137 0.000469 1596124217.095322
7465897.529166 -629474.166815 -2.790079 4.329965 0.000469 1596124217.245703
7465897.056121 -629474.348201 -2.789103 4.329965 0.000469 1596124217.345581
7465896.407184 -629474.581258 -2.789762 4.390068 0.000469 1596124217.495838
7465895.767664 -629474.797837 -2.790919 4.391785 0.000469 1596124217.645713
7465895.197022 -629475.012773 -2.792141 4.391785 0.000469 1596124217.795214
7465894.564487 -629475.247079 -2.791409 4.391785 0.000469 1596124217.945668
7465893.892285 -629475.488556 -2.789887 4.436433 0.000469 1596124218.095302
7465893.306903 -629475.676148 -2.787941 4.451888 0.000469 1596124218.245721
7465892.643162 -629475.944014 -2.787118 4.436433 0.000469 1596124218.396025
7465892.004529 -629476.157950 -2.787557 4.482798 0.000469 1596124218.545943
7465891.422602 -629476.371124 -2.786476 4.482798 0.000469 1596124218.695707
7465890.774629 -629476.633243 -2.786747 4.482798 0.000469 1596124218.845860
7465890.061139 -629476.869979 -2.784154 4.499970 0.000469 1596124218.995554
7465889.480250 -629477.104191 -2.784463 4.546335 0.000469 1596124219.145665
7465888.904483 -629477.323570 -2.782987 4.558355 0.000469 1596124219.295212
7465888.245435 -629477.549554 -2.783846 4.575527 0.001817 1596124219.445313
7465887.594317 -629477.813059 -2.784495 4.558355 0.001816 1596124219.595370
7465887.046406 -629478.028624 -2.783708 4.544617 0.001816 1596124219.745697
7465886.314552 -629478.281510 -2.783108 4.544617 0.001816 1596124219.895789
7465885.696900 -629478.498518 -2.780014 4.592700 0.001817 1596124220.046059
7465884.999733 -629478.744455 -2.782329 4.592700 0.001817 1596124220.195904
7465884.452854 -629478.997106 -2.778788 4.575527 0.001816 1596124220.346117
7465883.833159 -629479.208614 -2.780101 4.560072 0.001816 1596124220.495840
7465883.337513 -629479.392538 -2.778926 4.560072 0.001817 1596124220.595736
7465882.727771 -629479.605984 -2.777742 4.575527 0.001816 1596124220.745888
7465882.140938 -629479.822835 -2.774352 4.560072 0.001817 1596124220.895667
7465881.657392 -629480.012886 -2.777135 4.560072 0.001816 1596124220.995671
7465881.022736 -629480.245414 -2.776334 4.560072 0.001816 1596124221.145884
7465880.333118 -629480.515464 -2.774609 4.546335 0.001816 1596124221.295887
7465879.787107 -629480.722816 -2.771915 4.577245 0.001816 1596124221.445775
7465879.098704 -629480.988560 -2.771100 4.546335 0.001816 1596124221.595631
7465878.442450 -629481.214767 -2.770233 4.577245 0.001817 1596124221.745666
7465877.867009 -629481.479461 -2.767712 4.577245 0.001817 1596124221.895742
7465877.391714 -629481.634690 -2.770015 4.590982 0.001817 1596124221.995731
7465876.680161 -629481.901232 -2.768082 4.590982 0.001817 1596124222.145889
7465876.101439 -629482.138558 -2.767679 4.558355 0.001816 1596124222.295697
7465875.423069 -629482.377936 -2.769912 4.575527 0.001817 1596124222.445857
7465874.768635 -629482.676118 -2.766112 4.592700 0.001817 1596124222.595890
7465874.133029 -629482.908131 -2.765448 4.592700 0.000469 1596124222.746174
7465873.493656 -629483.164665 -2.768285 4.592700 0.000469 1596124222.896405
7465872.834726 -629483.395963 -2.769345 4.498253 0.000469 1596124223.046644
7465872.253737 -629483.592149 -2.765718 4.434715 0.000469 1596124223.196208
7465871.755512 -629483.807382 -2.765479 4.515425 0.000469 1596124223.296186
7465871.146756 -629484.030889 -2.766443 4.451888 0.000469 1596124223.445979
7465870.556806 -629484.254443 -2.766757 4.405523 0.000469 1596124223.595852
7465869.986638 -629484.462933 -2.768380 4.328248 0.000469 1596124223.745991
7465869.491892 -629484.667511 -2.766042 4.281883 0.000469 1596124223.846039
7465868.951467 -629484.917291 -2.764036 4.250973 -0.000769 1596124223.996122
7465868.415076 -629485.166023 -2.763399 4.235518 -0.000769 1596124224.146586
7465867.793492 -629485.421136 -2.763028 4.173698 -0.000768 1596124224.296420
7465867.222915 -629485.614916 -2.761610 4.144506 -0.000767 1596124224.446389
7465866.569107 -629485.869886 -2.763538 4.098141 -0.000766 1596124224.596331
7465866.057003 -629486.084844 -2.762657 4.050059 -0.000765 1596124224.746507
7465865.466936 -629486.313243 -2.764090 4.098141 -0.000766 1596124224.896320
7465864.918900 -629486.532787 -2.764600 4.063796 -0.000765 1596124225.046542
7465864.392062 -629486.782541 -2.760884 4.080969 -0.001999 1596124225.196129
7465863.796712 -629487.022048 -2.760821 4.051776 -0.001997 1596124225.346367
7465863.169235 -629487.253472 -2.763753 4.051776 -0.003234 1596124225.496373
7465862.566564 -629487.522957 -2.759371 4.051776 -0.004465 1596124225.646468
7465862.094458 -629487.695078 -2.765404 4.111879 -0.004474 1596124225.796499
7465861.513711 -629487.907353 -2.766861 4.051776 -0.004469 1596124225.946861
7465860.896959 -629488.129040 -2.766373 4.082686 -0.004465 1596124226.096698
7465860.343614 -629488.355695 -2.765950 4.111879 -0.004472 1596124226.246773
7465859.674928 -629488.637524 -2.765838 4.129051 -0.004470 1596124226.396860
7465859.175892 -629488.831022 -2.767300 4.005411 -0.004475 1596124226.547014
7465858.619977 -629489.066803 -2.766755 4.082686 -0.004467 1596124226.696667
7465858.066056 -629489.294051 -2.766316 4.127333 -0.003232 1596124226.846588
7465857.448368 -629489.559601 -2.767580 4.036321 -0.003234 1596124226.996402
7465856.879950 -629489.796122 -2.766131 4.050059 -0.003233 1596124227.146384
7465856.317609 -629490.030423 -2.771136 4.096424 -0.005705 1596124227.296448
7465855.736168 -629490.261565 -2.771324 4.063796 -0.010740 1596124227.446600
7465855.124916 -629490.465935 -2.770009 4.050059 -0.013205 1596124227.596679
7465854.603842 -629490.689532 -2.772462 4.080969 -0.013212 1596124227.746794
7465854.053674 -629490.885062 -2.772726 4.063796 -0.014442 1596124227.896744
7465853.421559 -629491.101926 -2.776994 4.158243 -0.016936 1596124228.046992
7465852.827354 -629491.342313 -2.781444 4.175416 -0.019516 1596124228.196985
7465852.275073 -629491.545098 -2.786024 4.221780 -0.020767 1596124228.347057
7465851.661649 -629491.818422 -2.791651 4.144506 -0.020740 1596124228.496969
7465851.044242 -629492.017066 -2.788614 4.206325 -0.020751 1596124228.646986
7465850.504771 -629492.246641 -2.794716 4.206325 -0.019535 1596124228.797041
7465849.909394 -629492.445639 -2.799345 4.146223 -0.016933 1596124228.947365
7465849.243669 -629492.669716 -2.801742 4.206325 -0.011994 1596124229.097359
7465848.667768 -629492.855944 -2.801047 4.146223 -0.005710 1596124229.247636
7465848.038900 -629493.049900 -2.801589 4.129051 -0.002003 1596124229.397322
7465847.477559 -629493.279964 -2.805762 4.146223 -0.002003 1596124229.547218
7465846.899026 -629493.431555 -2.806572 4.142788 -0.000767 1596124229.697154
7465846.359016 -629493.612600 -2.807729 4.110161 -0.000766 1596124229.847090
7465845.778738 -629493.804619 -2.806264 4.096424 -0.000766 1596124229.996765
7465845.209683 -629494.027276 -2.804465 4.144506 -0.000767 1596124230.146731
7465844.649938 -629494.216571 -2.802487 4.110161 -0.000766 1596124230.296771
7465844.048432 -629494.404792 -2.799110 4.110161 -0.000766 1596124230.446813
7465843.389831 -629494.651168 -2.799831 4.127333 -0.000767 1596124230.597007
7465842.868664 -629494.843087 -2.799996 4.063796 -0.000765 1596124230.746903
7465842.297500 -629495.041194 -2.801755 4.111879 -0.000766 1596124230.896812
7465841.705389 -629495.279759 -2.804723 4.127333 -0.000767 1596124231.046908
7465841.057656 -629495.499438 -2.800945 4.175416 -0.000768 1596124231.196763
7465840.495148 -629495.708562 -2.802045 4.129051 -0.000767 1596124231.346741
7465839.916779 -629495.895007 -2.800750 4.098141 -0.000766 1596124231.496703
7465839.424984 -629496.062351 -2.807609 4.098141 -0.000766 1596124231.646642
7465838.821307 -629496.267744 -2.806195 4.080969 -0.000766 1596124231.796505
7465838.270957 -629496.463598 -2.808088 4.111879 -0.000766 1596124231.946415
7465837.727604 -629496.645553 -2.810582 4.129051 -0.000767 1596124232.096388
7465837.118644 -629496.820955 -2.807516 4.098141 -0.000766 1596124232.246412
7465836.546139 -629497.034987 -2.811048 4.111879 -0.000766 1596124232.396499
7465836.004407 -629497.230181 -2.811643 4.113596 0.000469 1596124232.546544
7465835.436676 -629497.446281 -2.807845 4.142788 0.001807 1596124232.696508
7465834.747254 -629497.653082 -2.799199 4.127333 0.001807 1596124232.846375
7465834.162458 -629497.827664 -2.798240 4.127333 0.001807 1596124232.996403
7465833.575506 -629498.011555 -2.799043 4.144506 0.000469 1596124233.146493
7465832.909438 -629498.287288 -2.796910 4.235518 -0.002007 1596124233.296645
7465832.346562 -629498.508950 -2.794197 4.096424 -0.003236 1596124233.446719
7465831.803119 -629498.760742 -2.797571 4.127333 -0.004473 1596124233.596634
7465831.253420 -629498.953363 -2.801290 4.175416 -0.004477 1596124233.746647
7465830.663604 -629499.215402 -2.804368 4.158243 -0.004475 1596124233.896573
7465830.070341 -629499.383448 -2.804746 4.144506 -0.004474 1596124234.046600
7465829.513475 -629499.612940 -2.805391 4.175416 -0.005713 1596124234.196549
7465828.924440 -629499.806366 -2.805127 4.129051 -0.006944 1596124234.346735
7465828.401804 -629500.018977 -2.806698 4.175416 -0.006950 1596124234.496898
7465827.813057 -629500.211671 -2.807209 4.175416 -0.006950 1596124234.647169
7465827.110399 -629500.453482 -2.805965 4.158243 -0.008190 1596124234.797485
7465826.485355 -629500.648049 -2.808539 4.175416 -0.008187 1596124234.947629
7465825.923968 -629500.814593 -2.809563 4.159961 -0.008183 1596124235.097829
7465825.300533 -629501.016755 -2.813647 4.189153 -0.008190 1596124235.247804
7465824.685027 -629501.217596 -2.811749 4.175416 -0.006950 1596124235.397748
7465824.033645 -629501.450606 -2.813454 4.173698 -0.005719 1596124235.547715
7465823.460960 -629501.658375 -2.813648 4.187436 -0.004479 1596124235.697554
7465822.910362 -629501.868507 -2.819941 4.220063 -0.003244 1596124235.847431
7465822.308094 -629502.070846 -2.817841 4.220063 -0.002005 1596124235.997204
7465821.690906 -629502.258746 -2.814693 4.235518 -0.000769 1596124236.147020
7465821.106087 -629502.397934 -2.813818 4.187436 -0.000769 1596124236.296933
7465820.537085 -629502.595398 -2.813720 4.187436 -0.000768 1596124236.447117
7465819.909298 -629502.812583 -2.810631 4.189153 0.000469 1596124236.597195
7465819.426872 -629502.965778 -2.811406 4.204608 0.000469 1596124236.697296
7465818.850329 -629503.165958 -2.813667 4.175416 0.000469 1596124236.847228
7465818.285794 -629503.356219 -2.812743 4.204608 0.000469 1596124236.997149
7465817.698302 -629503.557087 -2.813176 4.221780 0.000469 1596124237.147098
7465817.056758 -629503.788481 -2.811589 4.175416 0.001808 1596124237.297100
7465816.479057 -629503.994493 -2.808346 4.175416 0.003044 1596124237.447174
7465815.881018 -629504.185549 -2.807349 4.189153 0.003046 1596124237.597381
7465815.278901 -629504.415528 -2.805826 4.158243 0.003043 1596124237.747598
7465814.645032 -629504.620559 -2.808217 4.175416 0.003043 1596124237.897801
7465814.058801 -629504.826608 -2.803802 4.159961 0.003043 1596124238.047846
7465813.561320 -629505.004265 -2.804771 4.129051 0.004279 1596124238.197918
7465812.932152 -629505.229953 -2.803244 4.146223 0.005514 1596124238.347852
7465812.309164 -629505.462443 -2.800306 4.146223 0.006750 1596124238.497887
7465811.729346 -629505.655943 -2.799795 4.082686 0.006743 1596124238.647684
7465811.162047 -629505.867201 -2.797631 4.142788 0.006742 1596124238.797686
7465810.546571 -629506.069368 -2.792927 4.096424 0.006745 1596124238.947619
7465809.995361 -629506.288576 -2.790674 4.096424 0.006745 1596124239.097632
7465809.386425 -629506.494650 -2.792391 4.050059 0.006740 1596124239.247505
7465808.838581 -629506.701270 -2.790819 4.032886 0.005505 1596124239.397370
7465808.216467 -629506.937404 -2.790604 4.034604 0.005505 1596124239.547223
7465807.693532 -629507.148424 -2.792348 4.003694 0.005503 1596124239.697048
7465807.152647 -629507.310029 -2.787337 4.020866 0.004271 1596124239.847105
7465806.560097 -629507.518463 -2.786856 3.972784 0.003036 1596124239.997100
7465806.000322 -629507.700955 -2.784792 3.880054 0.000469 1596124240.147007
7465805.460912 -629507.913741 -2.784990 3.880054 0.000469 1596124240.296892
7465804.896510 -629508.107030 -2.779264 3.833689 0.000469 1596124240.446697
7465804.345760 -629508.313319 -2.782736 3.771869 0.000469 1596124240.596617
7465803.856272 -629508.533529 -2.785456 3.773587 -0.000760 1596124240.746650
7465803.326564 -629508.743881 -2.786556 3.692877 -0.000758 1596124240.896821
7465802.739794 -629508.955955 -2.785772 3.661967 -0.000758 1596124241.047087
7465802.060255 -629509.182185 -2.786520 3.601865 -0.000756 1596124241.247531
7465801.565892 -629509.379410 -2.783991 3.555500 -0.000756 1596124241.397667
7465800.920925 -629509.605859 -2.785795 3.481659 -0.000755 1596124241.597633
7465800.423592 -629509.803325 -2.786270 3.447315 -0.000754 1596124241.747522
7465799.831616 -629510.015528 -2.787374 3.387213 -0.003196 1596124241.947393
7465799.306051 -629510.216767 -2.789047 3.323675 -0.003193 1596124242.097227
7465798.731458 -629510.461513 -2.785564 3.280745 -0.003194 1596124242.297109
7465798.199058 -629510.626917 -2.785430 3.280745 -0.001969 1596124242.446934
7465797.590341 -629510.843684 -2.788355 3.157105 -0.001968 1596124242.646973
7465797.006772 -629511.072004 -2.787951 3.139933 0.000469 1596124242.847089
7465796.474536 -629511.308613 -2.791274 3.076396 0.000469 1596124243.047065
7465795.883370 -629511.495851 -2.789737 2.908109 0.000469 1596124243.246991
7465795.322391 -629511.717379 -2.787494 2.985383 0.000469 1596124243.446878
7465794.805196 -629511.886238 -2.787007 3.062658 -0.005605 1596124243.647012
7465794.220299 -629512.125980 -2.787603 2.798207 -0.011757 1596124243.847348
7465793.727255 -629512.310879 -2.793370 2.691739 -0.014167 1596124244.047431
7465793.249077 -629512.485067 -2.796759 2.597292 -0.016574 1596124244.247545
7465792.745536 -629512.653762 -2.803294 2.504562 -0.020284 1596124244.447411
7465792.252755 -629512.827914 -2.807600 2.427288 -0.021482 1596124244.647184
7465791.684612 -629513.025796 -2.815887 2.396378 -0.021469 1596124244.897049
7465791.110361 -629513.216401 -2.821258 2.427288 -0.020269 1596124245.147174
7465790.544547 -629513.363005 -2.830450 2.319103 -0.020247 1596124245.397487
7465790.067859 -629513.515588 -2.830275 2.272738 -0.020239 1596124245.597400
7465789.535314 -629513.707536 -2.837627 2.319103 -0.017835 1596124245.847138
7465788.941547 -629513.857077 -2.843587 2.289910 -0.015316 1596124246.096905
7465788.390456 -629514.032158 -2.843432 2.180008 -0.015301 1596124246.347056
7465787.877219 -629514.209987 -2.847505 2.195463 -0.015303 1596124246.597316
7465787.321845 -629514.351739 -2.852584 2.243545 -0.007973 1596124246.847276
7465786.825914 -629514.488736 -2.851839 2.085561 -0.006757 1596124247.097018
7465786.286005 -629514.673401 -2.855625 2.133643 -0.006760 1596124247.346782
7465785.784905 -629514.835821 -2.856450 2.257283 -0.006768 1596124247.596542
7465785.187615 -629514.961559 -2.861554 2.367185 -0.001945 1596124247.846664
7465784.687629 -629515.125395 -2.859021 2.458198 0.006613 1596124248.046726
7465784.175652 -629515.280233 -2.854289 2.492542 0.029879 1596124248.246812
7465783.592650 -629515.463376 -2.844534 2.520017 0.069070 1596124248.497143
7465783.091297 -629515.588758 -2.831479 2.580120 0.099702 1596124248.696350
7465782.596709 -629515.748657 -2.802376 2.643657 0.129161 1596124248.896191
7465782.050565 -629515.920263 -2.773589 2.674567 0.156277 1596124249.096106
7465781.538041 -629516.110211 -2.744392 2.691739 0.182067 1596124249.296181
7465780.958151 -629516.372249 -2.689788 2.691739 0.215243 1596124249.546411
7465780.470913 -629516.584530 -2.639674 2.705477 0.234949 1596124249.746480
7465780.000410 -629516.876242 -2.589034 2.705477 0.248571 1596124249.946359
7465779.463221 -629517.256131 -2.522515 2.738104 0.258316 1596124250.196213
7465778.984562 -629517.662737 -2.453860 2.691739 0.260910 1596124250.446179
7465778.560189 -629517.974660 -2.398023 2.645374 0.265652 1596124250.646040
7465778.186323 -629518.315083 -2.339067 2.628202 0.275464 1596124250.845895
7465777.815879 -629518.754135 -2.281790 2.614464 0.287769 1596124251.045786
7465777.422037 -629519.198935 -2.204356 2.581837 0.307456 1596124251.295585
7465777.107092 -629519.655815 -2.143931 2.550927 0.323392 1596124251.495991
7465776.815419 -629520.179454 -2.061430 2.504562 0.340541 1596124251.746031
7465776.595081 -629520.649399 -1.996006 2.475370 0.349038 1596124251.946076
7465776.394155 -629521.138159 -1.923277 2.490825 0.351599 1596124252.146153
7465776.216273 -629521.620419 -1.859836 2.398095 0.351278 1596124252.346143
7465776.119497 -629522.137483 -1.774115 2.380923 0.351221 1596124252.596133
7465776.021629 -629522.685245 -1.690051 2.320820 0.351022 1596124252.845962
7465775.955087 -629523.252344 -1.610793 2.274455 0.350871 1596124253.095795
7465775.931222 -629523.800738 -1.527495 2.243545 0.350772 1596124253.345688
7465776.028634 -629524.372382 -1.451971 2.210918 0.350670 1596124253.595586
7465776.078515 -629524.911951 -1.374066 2.180008 0.349369 1596124253.845406
7465776.201672 -629525.420961 -1.300367 2.150816 0.349280 1596124254.095104
7465776.394590 -629525.934757 -1.224490 2.104451 0.350346 1596124254.344782
7465776.573104 -629526.405075 -1.148178 2.087278 0.350295 1596124254.594597
7465776.810998 -629526.935905 -1.058878 2.027176 0.361239 1596124254.894749
7465777.080001 -629527.378896 -0.983027 2.056369 0.372418 1596124255.144982
7465777.365885 -629527.790160 -0.902304 2.104451 0.381211 1596124255.394948
7465777.692014 -629528.169178 -0.819883 2.209201 0.383939 1596124255.644819
7465778.055032 -629528.557058 -0.734866 2.319103 0.384364 1596124255.894825
7465778.486994 -629528.881623 -0.640873 2.303648 0.384310 1596124256.144626
7465778.994833 -629529.256171 -0.546923 2.289910 0.385512 1596124256.394530
7465779.513459 -629529.560022 -0.446009 2.243545 0.386599 1596124256.693943
7465780.026058 -629529.774905 -0.359551 2.226373 0.386647 1596124256.943842
7465780.617660 -629529.950702 -0.254559 2.257283 0.387787 1596124257.243598
7465781.174649 -629530.098910 -0.162925 2.289910 0.389197 1596124257.493345
7465781.777573 -629530.144263 -0.068851 2.350013 0.391967 1596124257.743472
7465782.352493 -629530.164237 0.030215 2.444460 0.393391 1596124257.993352
7465782.946354 -629530.140902 0.126592 2.506280 0.393810 1596124258.243021
7465783.514312 -629529.976216 0.225296 2.597292 0.395268 1596124258.492751
7465784.103198 -629529.846181 0.328498 2.626485 0.396702 1596124258.742828
7465784.667467 -629529.654533 0.415547 2.674567 0.396905 1596124258.942759
7465785.175955 -629529.410028 0.508171 2.690022 0.396971 1596124259.142655
7465785.598906 -629529.094031 0.595261 2.751842 0.397239 1596124259.342531
7465786.057233 -629528.720807 0.682456 2.738104 0.397179 1596124259.542352
7465786.469436 -629528.337469 0.773769 2.798207 0.397443 1596124259.742134
7465786.834227 -629527.939562 0.860378 2.829117 0.395170 1596124259.941852
7465787.198285 -629527.526425 0.952766 2.829117 0.370231 1596124260.141842
7465787.444541 -629527.089358 1.031619 2.846289 0.325667 1596124260.341652
7465787.738690 -629526.563735 1.099704 2.786186 0.272251 1596124260.541483
7465787.944994 -629526.018735 1.159974 2.705477 0.233757 1596124260.741412
7465788.136290 -629525.531429 1.206748 2.691739 0.196821 1596124260.941387
7465788.289944 -629524.984114 1.242695 2.645374 0.146345 1596124261.141496
7465788.501858 -629524.394187 1.270830 2.581837 0.077630 1596124261.391563
7465788.677570 -629523.792392 1.286009 2.537190 0.036034 1596124261.641472
7465788.841512 -629523.269701 1.289857 2.552645 0.009033 1596124261.841564
7465788.963376 -629522.782482 1.286553 2.521735 -0.032472 1596124262.041394
7465789.160934 -629522.179924 1.272614 2.413550 -0.061887 1596124262.291450
7465789.361726 -629521.618342 1.257200 2.427288 -0.074071 1596124262.541378
7465789.534343 -629521.104946 1.238927 2.490825 -0.099750 1596124262.741127
7465789.788840 -629520.499219 1.210797 2.643657 -0.146527 1596124262.990948
7465790.064472 -629519.949454 1.168034 2.643657 -0.204321 1596124263.241071
7465790.249326 -629519.460843 1.119970 2.738104 -0.251302 1596124263.441125
7465790.492255 -629518.967908 1.064260 2.751842 -0.284690 1596124263.641340
7465790.779620 -629518.499831 0.998541 2.784469 -0.302134 1596124263.841468
7465791.106547 -629518.036466 0.932127 2.829117 -0.318341 1596124264.041440
7465791.440085 -629517.611942 0.865607 2.846289 -0.323385 1596124264.241352
7465791.785305 -629517.198252 0.789581 2.829117 -0.324564 1596124264.441345
7465792.169187 -629516.803000 0.714903 2.892654 -0.324801 1596124264.641029
7465792.569776 -629516.480670 0.650015 2.892654 -0.321068 1596124264.840756
7465793.003565 -629516.166599 0.576466 2.923564 -0.295186 1596124265.040290
7465793.484561 -629515.853757 0.505797 2.906391 -0.259248 1596124265.239936
7465794.007658 -629515.593890 0.450192 2.906391 -0.236930 1596124265.439509
7465794.532824 -629515.343173 0.400782 2.829117 -0.219466 1596124265.639247
7465795.015049 -629515.116836 0.347174 2.890937 -0.192548 1596124265.839130
7465795.572264 -629514.924566 0.302420 2.890937 -0.155670 1596124266.038874
7465796.169188 -629514.782273 0.272552 2.921846 -0.112495 1596124266.238580
7465796.696357 -629514.653701 0.253312 2.890937 -0.081742 1596124266.438255
7465797.210998 -629514.512086 0.238357 2.968211 -0.053550 1596124266.637945
7465797.866207 -629514.375655 0.227416 2.999121 -0.032647 1596124266.838047
7465798.505001 -629514.247396 0.222997 2.985383 -0.030213 1596124267.037470
7465799.053138 -629514.090755 0.220758 3.062658 -0.027805 1596124267.237737
7465799.618499 -629513.945583 0.212009 3.109023 -0.022855 1596124267.437484
7465800.241664 -629513.810359 0.209173 3.124478 -0.015460 1596124267.637270
7465800.874843 -629513.715949 0.200777 3.198319 -0.008059 1596124267.837033
7465801.532496 -629513.573914 0.204083 3.244683 0.000469 1596124268.037296
7465802.166018 -629513.442863 0.207858 3.308220 0.015315 1596124268.237121
7465802.690624 -629513.332975 0.209986 3.339130 0.017761 1596124268.386316
7465803.199279 -629513.205977 0.212904 3.402667 0.019084 1596124268.536157
7465803.701088 -629513.087724 0.218700 3.387213 0.019099 1596124268.686023
7465804.370203 -629512.961330 0.223521 3.464487 0.022786 1596124268.885811
7465804.889637 -629512.835491 0.229442 3.479942 0.024024 1596124269.035815
7465805.401466 -629512.712539 0.233941 3.479942 0.026470 1596124269.185534
7465805.919001 -629512.607956 0.239990 3.541762 0.026481 1596124269.335677
7465806.446566 -629512.470381 0.245958 3.586410 0.026498 1596124269.485160
7465807.024402 -629512.278880 0.253666 3.586410 0.027818 1596124269.634914
7465807.652753 -629512.146439 0.259633 3.615602 0.029060 1596124269.835096
7465808.171177 -629512.010646 0.267924 3.632775 0.029067 1596124269.984606
7465808.722307 -629511.872480 0.269710 3.694595 0.029092 1596124270.134659
7465809.308481 -629511.710509 0.277166 3.694595 0.025312 1596124270.284151
7465809.813107 -629511.550049 0.285637 3.758132 0.017867 1596124270.433925
7465810.350378 -629511.392479 0.292198 3.727222 0.011722 1596124270.583717
7465810.918301 -629511.211558 0.292808 3.787324 0.007944 1596124270.733574
7465811.496609 -629511.043934 0.292340 3.773587 0.004257 1596124270.883236
7465812.073840 -629510.879861 0.293540 3.818234 0.004259 1596124271.033381
7465812.570317 -629510.748791 0.299632 3.818234 0.004260 1596124271.182879
7465813.129388 -629510.577686 0.301869 3.862882 0.004262 1596124271.332652
7465813.678575 -629510.420537 0.300026 3.895509 0.004263 1596124271.482365
7465814.250839 -629510.218196 0.303416 3.816517 0.004265 1596124271.632267
7465814.819908 -629510.020596 0.305593 3.862882 0.003033 1596124271.782631
7465815.388565 -629509.837408 0.304862 3.957329 0.003033 1596124271.931791
7465815.918878 -629509.684036 0.304561 3.926419 0.001802 1596124272.081575
7465816.477847 -629509.499841 0.306523 3.974501 0.001804 1596124272.231360
7465817.058627 -629509.311533 0.305398 4.005411 0.001804 1596124272.381289
7465817.597875 -629509.153530 0.308392 4.020866 0.001805 1596124272.531068
7465818.162041 -629508.990159 0.308852 4.034604 0.001805 1596124272.680925
7465818.689604 -629508.813575 0.311282 4.051776 0.001805 1596124272.830697
7465819.204664 -629508.667021 0.309058 4.082686 0.000469 1596124272.930551
7465819.781111 -629508.494934 0.309941 4.129051 0.000469 1596124273.080484
7465820.384265 -629508.286128 0.313798 4.173698 0.001808 1596124273.230283
7465820.951536 -629508.100350 0.313686 4.220063 0.000469 1596124273.380080
7465821.586007 -629507.892004 0.310639 4.204608 0.000469 1596124273.529924
7465822.171996 -629507.706408 0.310057 4.281883 0.000469 1596124273.679702
7465822.755155 -629507.526169 0.310731 4.268145 0.000469 1596124273.829422
7465823.245291 -629507.356034 0.312883 4.328248 0.000469 1596124273.929243
7465823.837210 -629507.163394 0.311406 4.312793 0.000469 1596124274.079043
7465824.417781 -629506.979687 0.310134 4.328248 0.000469 1596124274.228714
7465825.075957 -629506.779403 0.308739 4.281883 0.000469 1596124274.378528
7465825.622454 -629506.627738 0.306747 4.268145 0.000469 1596124274.478288
7465826.131511 -629506.467246 0.307032 4.252690 0.000469 1596124274.627926
7465826.666885 -629506.267625 0.309063 4.235518 0.000469 1596124274.777595
7465827.341734 -629506.120883 0.304083 4.206325 0.000469 1596124274.927235
7465827.994211 -629505.892329 0.311634 4.129051 -0.000767 1596124275.076964
7465828.589451 -629505.690964 0.307823 4.158243 -0.004473 1596124275.226604
7465829.152479 -629505.538212 0.304051 4.111879 -0.005707 1596124275.377020
7465829.735457 -629505.393045 0.302276 4.111879 -0.005707 1596124275.526075
7465830.308828 -629505.218036 0.300664 4.129051 -0.005708 1596124275.676312
7465830.869038 -629505.034240 0.300696 4.129051 -0.006944 1596124275.825612
7465831.457347 -629504.853827 0.299939 4.113596 -0.006941 1596124275.975564
7465832.095271 -629504.655753 0.295305 4.082686 -0.006938 1596124276.125021
7465832.743890 -629504.469137 0.290856 4.051776 -0.005698 1596124276.274906
7465833.276301 -629504.303284 0.286973 4.096424 -0.004473 1596124276.424445
7465833.766470 -629504.184373 0.281189 4.110161 -0.004468 1596124276.574371
7465834.422874 -629503.968691 0.283486 4.096424 -0.004471 1596124276.723886
7465835.074517 -629503.793739 0.282759 4.127333 -0.002000 1596124276.873644
7465835.669850 -629503.607399 0.279972 4.110161 0.000469 1596124277.023369
7465836.301588 -629503.436634 0.278993 4.127333 0.001807 1596124277.173172
7465836.941481 -629503.245647 0.274392 4.127333 0.001806 1596124277.322950
7465837.454151 -629503.124445 0.275691 4.111879 0.001806 1596124277.422718
7465838.006694 -629502.939528 0.278377 4.158243 0.001807 1596124277.572485
7465838.559629 -629502.779008 0.279266 4.175416 0.001807 1596124277.722263
7465839.168973 -629502.620978 0.285639 4.158243 0.001808 1596124277.872032
7465839.689857 -629502.484383 0.284852 4.144506 0.001808 1596124277.971752
7465840.327700 -629502.285175 0.279573 4.158243 0.001808 1596124278.121373
7465840.885158 -629502.123441 0.287695 4.189153 0.001808 1596124278.270983
7465841.433505 -629501.986007 0.296914 4.175416 0.001808 1596124278.420611
7465842.138053 -629501.763271 0.299885 4.189153 0.001808 1596124278.570279
7465842.740094 -629501.573568 0.298599 4.223498 0.001809 1596124278.719787
7465843.312024 -629501.396622 0.304408 4.266428 0.001809 1596124278.869437
7465843.882318 -629501.214300 0.303653 4.204608 0.001809 1596124279.019361
7465844.540259 -629500.973198 0.315114 4.187436 0.001808 1596124279.169268
7465845.205235 -629500.779684 0.319158 4.281883 0.001811 1596124279.319174
7465845.835959 -629500.584049 0.315941 4.235518 0.003047 1596124279.519628
7465846.369239 -629500.413641 0.314529 4.250973 0.003047 1596124279.668912
7465846.871937 -629500.227807 0.321743 4.268145 0.003048 1596124279.818816
7465847.561018 -629500.031479 0.323618 4.268145 0.003048 1596124279.968570
7465848.069226 -629499.850008 0.323546 4.268145 0.004286 1596124280.118386
7465848.674220 -629499.659904 0.333700 4.235518 0.004284 1596124280.268246
7465849.203765 -629499.462260 0.333803 4.299055 0.004288 1596124280.418036
7465849.817883 -629499.267528 0.340587 4.312793 0.004289 1596124280.567813
7465850.516497 -629499.010813 0.336414 4.252690 0.005523 1596124280.717649
7465851.187796 -629498.805285 0.335535 4.269863 0.006763 1596124280.867502
7465851.655099 -629498.604165 0.340202 4.283600 0.006764 1596124281.017275
7465852.264623 -629498.400812 0.348613 4.329965 0.006769 1596124281.166997
7465852.915453 -629498.195204 0.347638 4.283600 0.006764 1596124281.316752
7465853.600586 -629497.923621 0.339345 4.297338 0.006763 1596124281.466539
7465854.238989 -629497.701993 0.339206 4.280166 0.006765 1596124281.616243
7465854.859707 -629497.457099 0.337986 4.297338 0.006765 1596124281.766155
7465855.423507 -629497.261166 0.338306 4.281883 0.006765 1596124281.915940
7465856.042975 -629497.057900 0.338554 4.281883 0.006764 1596124282.065875
7465856.567562 -629496.865891 0.336648 4.281883 0.006764 1596124282.215727
7465857.155808 -629496.657578 0.341005 4.297338 0.006765 1596124282.365513
7465857.843947 -629496.401610 0.344016 4.281883 0.006764 1596124282.515398
7465858.428117 -629496.187680 0.342717 4.299055 0.005527 1596124282.665128
7465859.009233 -629495.985793 0.341357 4.345420 0.005531 1596124282.814964
7465859.493092 -629495.799167 0.345584 4.328248 0.005529 1596124282.914887
7465860.082867 -629495.571373 0.349063 4.345420 0.005531 1596124283.064631
7465860.654394 -629495.398546 0.347633 4.345420 0.005531 1596124283.214660
7465861.297211 -629495.163743 0.352725 4.312793 0.009245 1596124283.364540
7465861.940563 -629494.910212 0.358182 4.329965 0.009248 1596124283.514553
7465862.544347 -629494.695586 0.358114 4.329965 0.009248 1596124283.664478
7465863.129072 -629494.480774 0.362439 4.312793 0.009245 1596124283.814510
7465863.764197 -629494.211576 0.359919 4.299055 0.009243 1596124283.964488
7465864.387262 -629493.994521 0.363954 4.299055 0.010586 1596124284.114451
7465865.012832 -629493.768025 0.369490 4.299055 0.009243 1596124284.264402
7465865.578572 -629493.579564 0.368233 4.311076 0.009245 1596124284.414488
7465866.211606 -629493.328650 0.374277 4.297338 0.009243 1596124284.564919
7465866.773036 -629493.058451 0.374822 4.311076 0.009245 1596124284.714772
7465867.359652 -629492.822363 0.378107 4.391785 0.009257 1596124284.864760
7465867.916083 -629492.603046 0.378238 4.391785 0.009257 1596124285.014797
7465868.432301 -629492.413719 0.383545 4.345420 0.006770 1596124285.114763
7465869.042599 -629492.185068 0.380541 4.345420 0.004291 1596124285.264649
7465869.658929 -629491.931490 0.380007 4.345420 0.001811 1596124285.414579
7465870.282346 -629491.694381 0.377176 4.328248 0.000469 1596124285.564416
7465870.856501 -629491.464976 0.385393 4.359158 -0.000772 1596124285.714466
7465871.428690 -629491.202434 0.379751 4.376330 -0.000772 1596124285.864338
7465871.988200 -629490.976850 0.379560 4.376330 -0.000772 1596124286.014326
7465872.605025 -629490.781669 0.378107 4.376330 -0.000772 1596124286.164124
7465873.237298 -629490.556889 0.385434 4.376330 -0.000772 1596124286.314072
7465873.893020 -629490.312795 0.383458 4.422695 -0.000774 1596124286.463885
7465874.393472 -629490.123141 0.376578 4.422695 -0.000774 1596124286.613883
7465875.077406 -629489.826549 0.381188 4.403806 0.000469 1596124286.763765
7465875.690238 -629489.602832 0.379651 4.374613 0.000469 1596124286.913816
7465876.263774 -629489.358103 0.377618 4.357441 0.000469 1596124287.063728
7465876.742513 -629489.187432 0.383428 4.405523 0.000469 1596124287.163580
7465877.436097 -629488.874330 0.384030 4.391785 0.000469 1596124287.313552
7465878.019042 -629488.632576 0.382583 4.405523 0.000469 1596124287.463495
7465878.609005 -629488.421616 0.384181 4.359158 0.000469 1596124287.613668
7465879.210337 -629488.212058 0.378510 4.345420 0.000469 1596124287.763668
7465879.859204 -629487.986969 0.376253 4.345420 0.000469 1596124287.913682
7465880.490026 -629487.683785 0.387528 4.359158 0.000469 1596124288.063692
7465881.129500 -629487.413188 0.393102 4.328248 0.000469 1596124288.213844
7465881.708722 -629487.193333 0.395040 4.345420 0.000469 1596124288.363890
7465882.324391 -629486.943210 0.387215 4.312793 0.001811 1596124288.513906
7465882.867921 -629486.724432 0.390917 4.312793 0.001811 1596124288.663759
7465883.431144 -629486.461069 0.390020 4.376330 0.001812 1596124288.813640
7465884.006901 -629486.179388 0.390254 4.345420 0.001811 1596124288.963521
7465884.635260 -629485.921674 0.391017 4.376330 0.000469 1596124289.113516
7465885.206290 -629485.698831 0.392618 4.376330 0.000469 1596124289.263376
7465885.821209 -629485.429037 0.395616 4.360875 0.000469 1596124289.413362
7465886.438610 -629485.163423 0.395162 4.434715 -0.000774 1596124289.563369
7465887.025936 -629484.968810 0.395813 4.403806 -0.002014 1596124289.713251
7465887.672999 -629484.743269 0.389799 4.403806 -0.002014 1596124289.863178
7465888.239833 -629484.542682 0.389847 4.343703 -0.002012 1596124290.013171
7465888.853295 -629484.246526 0.388997 4.343703 -0.002012 1596124290.163266
7465889.450249 -629483.993970 0.384534 4.343703 -0.004491 1596124290.313252
7465890.043122 -629483.764152 0.384794 4.343703 -0.004491 1596124290.463216
7465890.650354 -629483.548058 0.390868 4.281883 -0.004486 1596124290.613102
7465891.272064 -629483.292453 0.394330 4.220063 -0.002006 1596124290.762965
7465891.889711 -629483.010369 0.397647 4.127333 -0.002003 1596124290.912981
7465892.359947 -629482.808509 0.391822 4.110161 -0.004471 1596124291.062953
7465892.927287 -629482.570304 0.388326 4.144506 -0.004474 1596124291.212723
7465893.470738 -629482.338889 0.389634 4.096424 -0.004470 1596124291.362566
7465894.045845 -629482.067807 0.391883 4.098141 -0.004470 1596124291.512487
7465894.721120 -629481.810004 0.386756 4.080969 -0.004469 1596124291.662425
7465895.298043 -629481.585250 0.388320 4.050059 -0.004466 1596124291.812377
7465895.817530 -629481.372107 0.386627 4.050059 -0.004466 1596124291.962298
7465896.379640 -629481.134401 0.386918 4.050059 -0.004466 1596124292.112273
7465896.935239 -629480.896058 0.387685 4.003694 -0.004463 1596124292.262434
7465897.519599 -629480.673080 0.388209 4.020866 -0.004465 1596124292.412269
7465898.053382 -629480.449143 0.386875 4.003694 -0.004463 1596124292.562371
7465898.645545 -629480.208862 0.389631 3.988239 -0.004462 1596124292.712494
7465899.210352 -629480.004260 0.392238 4.020866 -0.004465 1596124292.862481
7465899.703302 -629479.812480 0.385827 3.988239 -0.004462 1596124293.012338
7465900.217900 -629479.571650 0.382380 4.034604 -0.004465 1596124293.162261
7465900.761585 -629479.378693 0.385269 4.005411 -0.004463 1596124293.312326
7465901.277373 -629479.211818 0.391811 3.974501 -0.004460 1596124293.462380
7465901.925259 -629478.979373 0.386996 3.974501 -0.004460 1596124293.612367
7465902.499992 -629478.751022 0.389044 3.959046 -0.004460 1596124293.762293
7465903.056414 -629478.518075 0.388626 3.928136 -0.004457 1596124293.912416
7465903.552512 -629478.316454 0.382816 3.850861 -0.004452 1596124294.062479
7465904.097270 -629478.061209 0.383541 3.835406 -0.004450 1596124294.212639
7465904.604588 -629477.884442 0.378994 3.850861 -0.004452 1596124294.362668
7465905.217845 -629477.647323 0.382441 3.775304 -0.004444 1596124294.562571
7465905.806516 -629477.413408 0.384590 3.804496 -0.005681 1596124294.712547
7465906.335463 -629477.206008 0.381732 3.804496 -0.005676 1596124294.862680
7465906.886856 -629476.979050 0.382099 3.789042 -0.005672 1596124295.012671
7465907.417657 -629476.774742 0.378578 3.775304 -0.005674 1596124295.162721
7465907.964815 -629476.562406 0.380524 3.802779 -0.005676 1596124295.312819
7465908.491000 -629476.355524 0.377057 3.785607 -0.006907 1596124295.462643
7465908.996566 -629476.183486 0.368974 3.802779 -0.006905 1596124295.612462
7465909.478467 -629475.998797 0.364899 3.816517 -0.006907 1596124295.762497
7465910.045102 -629475.804443 0.362522 3.816517 -0.008136 1596124295.912550
7465910.631646 -629475.581887 0.360437 3.802779 -0.009466 1596124296.062656
7465911.282978 -629475.341997 0.355924 3.850861 -0.010703 1596124296.262708
7465911.858877 -629475.129947 0.353483 3.833689 -0.011929 1596124296.412768
7465912.439449 -629474.926837 0.353832 3.804496 -0.014381 1596124296.562776
7465912.988159 -629474.775906 0.351480 3.850861 -0.015622 1596124296.712747
7465913.581523 -629474.560430 0.345742 3.833689 -0.016847 1596124296.862664
7465914.060947 -629474.336524 0.343737 3.833689 -0.018179 1596124297.012594
7465914.596278 -629474.133373 0.340533 3.881771 -0.019422 1596124297.162881
7465915.194351 -629473.927946 0.331934 3.898943 -0.020658 1596124297.312634
7465915.804531 -629473.725295 0.333129 3.881771 -0.023112 1596124297.462646
7465916.365599 -629473.579931 0.323711 3.912681 -0.024353 1596124297.612746
7465916.930758 -629473.405419 0.316057 3.928136 -0.024360 1596124297.762753
7465917.467535 -629473.206458 0.313082 3.926419 -0.024359 1596124297.912688
7465918.016317 -629473.073621 0.303823 3.957329 -0.024371 1596124298.062627
7465918.564032 -629472.895915 0.298702 3.957329 -0.024371 1596124298.212587
7465919.097505 -629472.741384 0.284153 3.957329 -0.024371 1596124298.362748
7465919.691481 -629472.553827 0.277140 4.020866 -0.024396 1596124298.513098
7465920.258473 -629472.413330 0.268990 4.051776 -0.024408 1596124298.663061
7465920.793306 -629472.244710 0.262563 4.065514 -0.024414 1596124298.813169
7465921.312472 -629472.091178 0.255377 4.065514 -0.024414 1596124298.963139
7465921.904097 -629471.943957 0.250456 4.098141 -0.024427 1596124299.113053
7465922.542127 -629471.779877 0.243979 4.082686 -0.024420 1596124299.263047
7465923.095762 -629471.647001 0.240710 4.111879 -0.024431 1596124299.412930
7465923.670539 -629471.523921 0.233358 4.111879 -0.024431 1596124299.562839
7465924.257874 -629471.392093 0.223178 4.111879 -0.023198 1596124299.712697
7465924.820169 -629471.260090 0.216682 4.173698 -0.023221 1596124299.862578
7465925.390860 -629471.126557 0.210136 4.204608 -0.021997 1596124300.012584
7465925.951830 -629470.976318 0.202563 4.187436 -0.019520 1596124300.162448
7465926.608806 -629470.855444 0.202799 4.173698 -0.019505 1596124300.312365
7465927.297914 -629470.735338 0.196570 4.187436 -0.018283 1596124300.462190
7465927.886763 -629470.614647 0.192456 4.173698 -0.016941 1596124300.612128
7465928.507043 -629470.504180 0.189327 4.158243 -0.015708 1596124300.761963
7465929.091038 -629470.366832 0.181852 4.173698 -0.014484 1596124300.911836
7465929.629137 -629470.246816 0.182718 4.111879 -0.014450 1596124301.061681
7465930.307922 -629470.096876 0.182057 4.111879 -0.010744 1596124301.211531
7465930.884042 -629470.030969 0.175044 4.098141 -0.009519 1596124301.361584
7465931.493078 -629469.908397 0.173650 4.080969 -0.009512 1596124301.511698
7465932.074426 -629469.827521 0.171794 4.065514 -0.009501 1596124301.661684
7465932.664548 -629469.773646 0.173333 4.065514 -0.009507 1596124301.811550
7465933.292041 -629469.659958 0.166123 4.003694 -0.011963 1596124301.961435
7465933.893087 -629469.500067 0.165219 3.974501 -0.015673 1596124302.111518
7465934.455437 -629469.366289 0.163193 4.005411 -0.018229 1596124302.261661
7465935.058065 -629469.294325 0.159748 3.928136 -0.023129 1596124302.411472
7465935.645356 -629469.233368 0.154840 3.974501 -0.029405 1596124302.561464
7465936.185551 -629469.123358 0.146743 3.881771 -0.036837 1596124302.711524
7465936.796994 -629468.994075 0.138213 3.897226 -0.041761 1596124302.861423
7465937.448852 -629468.925753 0.123755 3.864599 -0.045524 1596124303.011525
7465937.971430 -629468.885256 0.114968 3.833689 -0.050510 1596124303.161434
7465938.562115 -629468.830805 0.098452 3.881771 -0.056781 1596124303.312411
7465939.113077 -629468.804601 0.087449 3.864599 -0.062992 1596124303.461371
7465939.748811 -629468.752190 0.067271 3.898943 -0.065475 1596124303.611313
7465940.314909 -629468.699143 0.056859 3.959046 -0.065536 1596124303.761325
7465941.054430 -629468.705619 0.039767 3.881771 -0.063009 1596124303.961210
7465941.644368 -629468.702368 0.022585 3.818234 -0.060398 1596124304.111201
7465942.190588 -629468.685360 0.005130 3.758132 -0.055348 1596124304.261143
7465942.764808 -629468.696875 -0.005109 3.727222 -0.046654 1596124304.411106
7465943.291873 -629468.689713 -0.015941 3.742677 -0.035533 1596124304.560954
7465943.843363 -629468.696777 -0.020309 3.694595 -0.026827 1596124304.710935
7465944.557480 -629468.717661 -0.025272 3.665402 -0.014351 1596124304.911133
7465945.101116 -629468.736583 -0.027058 3.634492 -0.010668 1596124305.061290
7465945.685505 -629468.741381 -0.030265 3.570955 -0.013107 1596124305.211307
7465946.215432 -629468.754583 -0.031705 3.557217 -0.016776 1596124305.361467
7465946.758478 -629468.815520 -0.038432 3.605299 -0.021790 1596124305.511729
7465947.292761 -629468.838114 -0.043217 3.557217 -0.029219 1596124305.661888
7465947.838428 -629468.870810 -0.051561 3.433577 -0.035376 1596124305.811918
7465948.380563 -629468.892247 -0.063959 3.356303 -0.036557 1596124305.962040
7465948.938921 -629468.904258 -0.069066 3.404385 -0.036582 1596124306.161912
7465949.458865 -629468.932091 -0.079097 3.404385 -0.035361 1596124306.311901
7465950.123142 -629469.009740 -0.086690 3.246401 -0.027877 1596124306.511913
7465950.827249 -629469.114920 -0.094457 3.323675 -0.024144 1596124306.712038
7465951.452474 -629469.155594 -0.095365 3.232663 -0.021678 1596124306.912093
7465952.058385 -629469.222000 -0.097657 3.200036 -0.015476 1596124307.112104
7465952.704601 -629469.306011 -0.102981 3.277311 -0.011832 1596124307.312106
7465953.297753 -629469.360381 -0.103760 3.186298 -0.010597 1596124307.512191
7465953.836415 -629469.452704 -0.110010 3.291048 -0.010610 1596124307.662229
7465954.442504 -629469.530254 -0.110648 3.308220 -0.005631 1596124307.862362
7465955.008933 -629469.605759 -0.108013 3.215491 0.000469 1596124308.012301
7465955.593274 -629469.665058 -0.107206 3.244683 0.014078 1596124308.212304
7465956.273032 -629469.747639 -0.102035 3.169126 0.016512 1596124308.412343
7465956.837721 -629469.783622 -0.096591 3.091851 0.001789 1596124308.612401
7465957.378509 -629469.841898 -0.094690 3.074679 -0.009369 1596124308.762523
7465958.033017 -629469.902486 -0.096667 3.155388 -0.016677 1596124308.962625
7465958.652065 -629469.976086 -0.101690 3.107306 -0.016674 1596124309.162805
7465959.221866 -629470.022453 -0.106748 3.122761 -0.016678 1596124309.362815
7465959.726068 -629470.071483 -0.106409 3.074679 -0.015450 1596124309.512987
7465960.379721 -629470.137068 -0.109134 3.091851 -0.008051 1596124309.713013
7465960.958711 -629470.235448 -0.108946 3.091851 0.009091 1596124309.912959
7465961.578754 -629470.322440 -0.104289 3.109023 0.031299 1596124310.112727
7465962.199344 -629470.387549 -0.095644 3.139933 0.049746 1596124310.312564
7465962.816276 -629470.446444 -0.074760 3.076396 0.070709 1596124310.512430
7465963.414638 -629470.496783 -0.058797 3.045486 0.091601 1596124310.712475
7465963.927322 -629470.507518 -0.039187 3.200036 0.104126 1596124310.862080
7465964.577567 -629470.534548 -0.009763 3.139933 0.111453 1596124311.061839
7465965.259922 -629470.542150 0.010823 3.122761 0.111429 1596124311.261715
7465965.858642 -629470.554276 0.038665 3.157105 0.111478 1596124311.461619
7465966.508261 -629470.517814 0.072101 3.093568 0.111389 1596124311.661501
7465967.085560 -629470.483577 0.092089 3.139933 0.108953 1596124311.861506
7465967.775513 -629470.418144 0.124159 3.076396 0.107667 1596124312.061410
7465968.325773 -629470.358590 0.148738 3.167409 0.106487 1596124312.261613
7465968.940324 -629470.269765 0.175386 3.138216 0.100337 1596124312.461767
7465969.570207 -629470.132323 0.204987 3.198319 0.099208 1596124312.661773
7465970.212853 -629470.025472 0.235847 3.261856 0.096777 1596124312.861659
7465970.811648 -629469.879907 0.253692 3.138216 0.085572 1596124313.061709
7465971.311414 -629469.763335 0.274326 3.232663 0.073271 1596124313.211745
7465971.851785 -629469.589415 0.289933 3.169126 0.055937 1596124313.411716
7465972.449942 -629469.386906 0.304712 3.155388 0.038717 1596124313.611800
7465972.947534 -629469.197961 0.309871 3.122761 0.026338 1596124313.761814
7465973.533018 -629469.040527 0.313194 3.109023 0.010412 1596124313.961804
7465974.090309 -629468.854189 0.318572 3.139933 0.004224 1596124314.161683
7465974.693647 -629468.649438 0.321748 3.186298 0.001788 1596124314.361593
7465975.297682 -629468.483995 0.326579 3.155388 -0.000749 1596124314.561422
7465975.920650 -629468.263328 0.326532 3.155388 -0.001965 1596124314.761318
7465976.500695 -629468.102091 0.319452 3.200036 -0.001967 1596124314.961118
7465977.118853 -629467.888057 0.319119 3.076396 -0.003183 1596124315.161082
7465977.601950 -629467.730248 0.315078 3.139933 -0.003183 1596124315.311078
7465978.149359 -629467.523592 0.321488 3.124478 -0.003183 1596124315.511117
7465978.787562 -629467.327291 0.317507 3.076396 -0.004401 1596124315.711115
7465979.394959 -629467.126311 0.317741 3.153671 -0.005613 1596124315.911136
7465979.994956 -629466.961534 0.312013 3.121044 -0.011807 1596124316.111168
7465980.522764 -629466.757574 0.312027 3.062658 -0.015448 1596124316.261308
7465981.136977 -629466.581162 0.304429 3.000838 -0.032647 1596124316.511511
7465981.737968 -629466.416945 0.295676 2.987101 -0.051139 1596124316.711934
7465982.345771 -629466.241120 0.276244 2.923564 -0.068333 1596124316.912017
7465982.871200 -629466.103688 0.260218 2.846289 -0.079322 1596124317.112084
7465983.514389 -629465.932262 0.238993 2.705477 -0.077894 1596124317.362224
7465984.017623 -629465.783057 0.221585 2.705477 -0.076691 1596124317.562225
7465984.547902 -629465.693005 0.201316 2.676284 -0.074261 1596124317.762096
7465985.069136 -629465.589779 0.188941 2.628202 -0.072920 1596124317.961880
7465985.675349 -629465.452051 0.170793 2.676284 -0.077869 1596124318.211687
7465986.277924 -629465.330760 0.156747 2.676284 -0.090176 1596124318.411533
7465986.819020 -629465.260667 0.132646 2.691739 -0.104859 1596124318.611567
7465987.387177 -629465.198941 0.110202 2.720932 -0.120896 1596124318.811606
7465987.939943 -629465.150406 0.082169 2.736387 -0.144240 1596124319.011570
7465988.604785 -629465.099481 0.040789 2.767297 -0.163912 1596124319.261557
7465989.205823 -629465.059562 0.001454 2.844572 -0.181308 1596124319.461654
7465989.780471 -629465.085497 -0.042289 2.875482 -0.198765 1596124319.661746
7465990.303185 -629465.082550 -0.082251 2.921846 -0.215905 1596124319.861900
7465990.834615 -629465.135206 -0.134610 2.952756 -0.214953 1596124320.061937
7465991.448981 -629465.206900 -0.187211 2.999121 -0.207476 1596124320.261901
7465992.053297 -629465.341469 -0.242177 2.999121 -0.190317 1596124320.461835
7465992.565605 -629465.477424 -0.278568 2.985383 -0.187853 1596124320.661580
7465993.137379 -629465.627806 -0.325246 2.952756 -0.180405 1596124320.861434
7465993.673386 -629465.772901 -0.359303 2.969929 -0.174170 1596124321.011508
7465994.155490 -629466.017392 -0.397077 2.939019 -0.156880 1596124321.211370
7465994.647912 -629466.219713 -0.427419 2.968211 -0.119946 1596124321.411206
7465995.213654 -629466.489802 -0.452696 2.937301 -0.080624 1596124321.611052
7465995.722709 -629466.782949 -0.466715 2.968211 -0.037582 1596124321.810863
7465996.279727 -629467.105961 -0.473777 2.983666 -0.006824 1596124322.010659
7465996.817425 -629467.384522 -0.473240 3.031748 0.017698 1596124322.210610
7465997.446929 -629467.646798 -0.466448 3.045486 0.038665 1596124322.410568
7465998.007485 -629467.873141 -0.455295 3.091851 0.059622 1596124322.610749
7465998.523688 -629468.156247 -0.437738 3.139933 0.090501 1596124322.810901
7465999.085781 -629468.425105 -0.412942 3.139933 0.121238 1596124323.010858
7465999.539830 -629468.636871 -0.386003 3.169126 0.134919 1596124323.161087
7466000.101791 -629468.881676 -0.349576 3.170843 0.148497 1596124323.360858
7466000.728526 -629469.108285 -0.312463 3.157105 0.164535 1596124323.560951
7466001.222208 -629469.251710 -0.279727 3.139933 0.171855 1596124323.711004
7466001.844997 -629469.429274 -0.235955 3.109023 0.174332 1596124323.911084
7466002.419897 -629469.578105 -0.192796 3.093568 0.175471 1596124324.111079
7466003.035736 -629469.646765 -0.147238 3.062658 0.177943 1596124324.311272
7466003.656020 -629469.713407 -0.105068 3.016293 0.177844 1596124324.511334
7466004.275183 -629469.779568 -0.066704 3.016293 0.177844 1596124324.711307
7466004.820118 -629469.838258 -0.019007 3.000838 0.178980 1596124324.911340
7466005.444473 -629469.825113 0.020319 2.969929 0.180181 1596124325.111205
7466006.038200 -629469.820137 0.064006 2.952756 0.183839 1596124325.311110
7466006.600813 -629469.780495 0.109283 2.952756 0.191212 1596124325.510951
7466007.211373 -629469.726007 0.150088 2.923564 0.192404 1596124325.711058
7466007.796832 -629469.646719 0.194252 2.877199 0.192301 1596124325.910905
7466008.331704 -629469.524429 0.239388 2.860027 0.192264 1596124326.110890
7466008.856097 -629469.387214 0.284288 2.827399 0.193449 1596124326.310802
7466009.394842 -629469.230660 0.327775 2.827399 0.195862 1596124326.510876
7466009.913660 -629469.069009 0.374859 2.796490 0.201957 1596124326.710773
7466010.470518 -629468.814711 0.421581 2.827399 0.211909 1596124326.910667
7466010.956525 -629468.576304 0.470518 2.844572 0.211909 1596124327.110538
7466011.440691 -629468.307376 0.517589 2.827399 0.211909 1596124327.310417
7466011.962112 -629468.010632 0.563026 2.844572 0.211949 1596124327.510580
7466012.421586 -629467.718197 0.615914 2.844572 0.211991 1596124327.711296
7466012.891217 -629467.404575 0.664263 2.861744 0.211991 1596124327.910674
7466013.333730 -629467.059715 0.716733 2.908109 0.214593 1596124328.110615
7466013.793092 -629466.672322 0.767331 2.939019 0.214671 1596124328.310680
7466014.197842 -629466.216874 0.816957 2.952756 0.214706 1596124328.510770
7466014.605431 -629465.771630 0.865687 2.985383 0.214788 1596124328.710565
7466014.974244 -629465.340115 0.918019 2.999121 0.214823 1596124328.910619
7466015.351966 -629464.863392 0.969936 3.000838 0.214828 1596124329.110715
7466015.661510 -629464.355867 1.023108 3.016293 0.214867 1596124329.310548
7466015.996680 -629463.863559 1.074105 3.030031 0.214903 1596124329.510570
7466016.278671 -629463.266462 1.126259 3.060941 0.214984 1596124329.710534
7466016.525785 -629462.741393 1.176584 3.074679 0.215020 1596124329.910606
7466016.767253 -629462.184040 1.234445 3.091851 0.215020 1596124330.110570
7466016.897781 -629461.684584 1.271538 3.091851 0.215065 1596124330.260612
7466017.078741 -629461.131740 1.326891 3.109023 0.213864 1596124330.460615
7466017.219119 -629460.556383 1.377964 3.122761 0.212652 1596124330.660621
7466017.340135 -629459.927766 1.432602 3.122761 0.212652 1596124330.860586
7466017.411804 -629459.342141 1.486795 3.122761 0.212652 1596124331.060585
7466017.489358 -629458.718738 1.534724 3.109023 0.212616 1596124331.260514
7466017.480609 -629458.056848 1.591511 3.122761 0.212652 1596124331.460540
7466017.468459 -629457.472107 1.643515 3.093568 0.212575 1596124331.660632
7466017.405656 -629456.866748 1.695711 3.062658 0.211247 1596124331.860646
7466017.344667 -629456.297376 1.747482 3.062658 0.206344 1596124332.060535
7466017.246905 -629455.796190 1.781205 3.045486 0.200131 1596124332.210687
7466017.137790 -629455.250213 1.831647 3.047203 0.190167 1596124332.410797
7466016.944105 -629454.628391 1.876593 3.016293 0.177844 1596124332.610790
7466016.737713 -629454.070536 1.917962 3.016293 0.162975 1596124332.810811
7466016.560127 -629453.580386 1.954534 3.016293 0.143278 1596124333.010710
7466016.332974 -629453.011137 1.990434 3.016293 0.123543 1596124333.210809
7466016.110984 -629452.550115 2.011610 3.043769 0.110023 1596124333.360842
7466015.815668 -629451.990982 2.035976 3.043769 0.090394 1596124333.560827
7466015.553295 -629451.410498 2.055713 3.074679 0.069498 1596124333.761048
7466015.268283 -629450.842743 2.064993 3.122761 0.051051 1596124333.960873
7466014.953572 -629450.337957 2.078355 3.169126 0.032540 1596124334.160732
7466014.661460 -629449.816906 2.087822 3.200036 0.021490 1596124334.360673
7466014.296395 -629449.261375 2.093466 3.263573 0.010431 1596124334.560470
7466014.047593 -629448.802247 2.096882 3.279028 0.000469 1596124334.710444
7466013.757319 -629448.328880 2.099588 3.309938 -0.004413 1596124334.860380
7466013.488073 -629447.869480 2.092978 3.323675 -0.008076 1596124335.010461
7466013.173677 -629447.312300 2.090013 3.340848 -0.006857 1596124335.210682
7466012.890910 -629446.800749 2.083018 3.323675 -0.003194 1596124335.360568
7466012.570545 -629446.265481 2.084155 3.339130 0.003013 1596124335.560528
7466012.291075 -629445.763418 2.084032 3.354585 0.003013 1596124335.710412
7466012.012752 -629445.271872 2.083547 3.354585 0.003013 1596124335.860360
7466011.723421 -629444.725875 2.084739 3.354585 0.003013 1596124336.060337
7466011.405441 -629444.182218 2.083813 3.339130 -0.001973 1596124336.260463
7466011.117238 -629443.692845 2.081235 3.370040 -0.004418 1596124336.410509
7466010.853341 -629443.194888 2.084410 3.385495 -0.004418 1596124336.610510
7466010.565960 -629442.651219 2.083794 3.370040 -0.004417 1596124336.760417
7466010.237794 -629442.079531 2.076517 3.339130 -0.005637 1596124336.960382
7466009.944673 -629441.592218 2.083223 3.356303 -0.005637 1596124337.160372
7466009.660608 -629441.091703 2.082984 3.339130 -0.005636 1596124337.360373
7466009.373135 -629440.599652 2.084488 3.370040 -0.005639 1596124337.560240
7466009.115079 -629440.143701 2.086184 3.387213 -0.005640 1596124337.710172
7466008.849348 -629439.685141 2.082089 3.387213 -0.005640 1596124337.860189
7466008.560357 -629439.272754 2.078607 3.387213 -0.005640 1596124338.010221
7466008.218359 -629438.783332 2.076224 3.404385 -0.005641 1596124338.160186
7466007.941023 -629438.306674 2.073436 3.387213 -0.006862 1596124338.310174
7466007.653471 -629437.764881 2.068164 3.370040 -0.013069 1596124338.510139
7466007.327481 -629437.218794 2.060648 3.404385 -0.015519 1596124338.710136
7466007.051073 -629436.752085 2.058385 3.414688 -0.014299 1596124338.860098
7466006.790751 -629436.269397 2.059054 3.414688 -0.014299 1596124339.010055
7466006.540848 -629435.768461 2.050804 3.431860 -0.013080 1596124339.159948
7466006.258459 -629435.230711 2.045417 3.462770 -0.010641 1596124339.309968
7466005.980238 -629434.711909 2.048807 3.431860 -0.008089 1596124339.509818
7466005.685716 -629434.119376 2.038574 3.445598 -0.008090 1596124339.709713
7466005.425348 -629433.588768 2.040408 3.445598 -0.008090 1596124339.859607
7466005.148119 -629433.053806 2.038363 3.431860 -0.010636 1596124340.059370
7466004.877605 -629432.535460 2.032009 3.462770 -0.010641 1596124340.209311
7466004.569349 -629431.948406 2.027114 3.447315 -0.010638 1596124340.359350
7466004.354873 -629431.485259 2.023965 3.462770 -0.010641 1596124340.509490
7466003.999787 -629430.871077 2.017642 3.447315 -0.011861 1596124340.709797
7466003.754898 -629430.260529 2.019695 3.447315 -0.013083 1596124340.910033
7466003.527600 -629429.755200 2.015382 3.447315 -0.016750 1596124341.060079
7466003.287637 -629429.281422 2.008448 3.464487 -0.020524 1596124341.210064
7466003.080277 -629428.783367 2.006285 3.464487 -0.020524 1596124341.360067
7466002.785707 -629428.232176 2.000113 3.464487 -0.020524 1596124341.560039
7466002.573831 -629427.727268 1.992990 3.464487 -0.020524 1596124341.710036
7466002.301217 -629427.093873 1.987657 3.464487 -0.020524 1596124341.909997
7466002.105606 -629426.550347 1.986047 3.464487 -0.019301 1596124342.059933
7466001.830740 -629425.921925 1.980875 3.445598 -0.015531 1596124342.260074
7466001.593258 -629425.368804 1.980934 3.478225 -0.013086 1596124342.459879
7466001.352499 -629424.821155 1.979968 3.462770 -0.010641 1596124342.609859
7466001.149960 -629424.335989 1.977113 3.462770 -0.008093 1596124342.759829
7466000.907587 -629423.763019 1.973307 3.479942 -0.008094 1596124342.959841
7466000.675148 -629423.244367 1.973003 3.462770 -0.008093 1596124343.109749
7466000.381711 -629422.621133 1.974415 3.479942 -0.008094 1596124343.309781
7466000.188001 -629422.086314 1.966093 3.509135 -0.008098 1596124343.459665
7465999.933182 -629421.464364 1.964835 3.493680 -0.008096 1596124343.609579
7465999.729246 -629420.973873 1.967932 3.526307 -0.008100 1596124343.759611
7465999.494937 -629420.401459 1.967220 3.540045 -0.008102 1596124343.909656
7465999.281339 -629419.813201 1.961354 3.557217 -0.008103 1596124344.109667
7465999.101422 -629419.299425 1.966089 3.570955 -0.008105 1596124344.309606
7465998.860762 -629418.685314 1.963903 3.588127 -0.008107 1596124344.509580
7465998.633991 -629418.132728 1.964342 3.605299 -0.008110 1596124344.659464
7465998.411938 -629417.581573 1.964087 3.588127 -0.008107 1596124344.809539
7465998.187879 -629417.033787 1.965229 3.615602 -0.008111 1596124344.959369
7465997.946642 -629416.472037 1.962939 3.632775 -0.008113 1596124345.109433
7465997.704912 -629415.815812 1.954724 3.663685 -0.008117 1596124345.309497
7465997.534685 -629415.339255 1.960026 3.679140 -0.008119 1596124345.459677
7465997.329120 -629414.785277 1.954859 3.692877 -0.008120 1596124345.609559
7465997.134355 -629414.301785 1.953187 3.679140 -0.008119 1596124345.759646
7465996.868973 -629413.692384 1.950086 3.694595 -0.006894 1596124345.959659
7465996.664774 -629413.157768 1.947713 3.710049 -0.006896 1596124346.109664
7465996.456536 -629412.693760 1.944781 3.710049 -0.006896 1596124346.259552
7465996.240287 -629412.150509 1.945440 3.710049 -0.005668 1596124346.409478
7465996.017383 -629411.586780 1.945485 3.710049 -0.004441 1596124346.559428
7465995.831662 -629411.024383 1.946985 3.727222 -0.001986 1596124346.709319
7465995.609667 -629410.478984 1.946594 3.740959 -0.001987 1596124346.859293
7465995.394569 -629409.930529 1.947214 3.740959 -0.001987 1596124347.009408
7465995.228264 -629409.453629 1.945414 3.740959 -0.001987 1596124347.159441
7465995.030121 -629408.893298 1.946097 3.758132 -0.003216 1596124347.309467
7465994.789734 -629408.403675 1.944475 3.758132 -0.005672 1596124347.459554
7465994.565278 -629407.750355 1.940515 3.756414 -0.008129 1596124347.659499
7465994.364881 -629407.191367 1.938511 3.771869 -0.009461 1596124347.809448
7465994.131927 -629406.630386 1.938551 3.756414 -0.009459 1596124347.959327
7465993.908806 -629406.085954 1.937788 3.756414 -0.009459 1596124348.109263
7465993.695709 -629405.518874 1.938272 3.787324 -0.010692 1596124348.259318
7465993.502760 -629405.031453 1.931836 3.756414 -0.010687 1596124348.409329
7465993.341736 -629404.514641 1.928467 3.756414 -0.010687 1596124348.559281
7465993.134320 -629403.942148 1.928180 3.740959 -0.010685 1596124348.709219
7465992.952991 -629403.435341 1.923939 3.756414 -0.010687 1596124348.859200
7465992.746188 -629402.848491 1.922685 3.727222 -0.010682 1596124349.009252
7465992.590224 -629402.344836 1.923193 3.740959 -0.010685 1596124349.159356
7465992.405087 -629401.872383 1.911769 3.740959 -0.010685 1596124349.309469
7465992.229189 -629401.335195 1.912670 3.740959 -0.009457 1596124349.459487
7465992.040300 -629400.776942 1.912074 3.740959 -0.008127 1596124349.609584
7465991.854520 -629400.308589 1.907382 3.758132 -0.008129 1596124349.759684
7465991.650928 -629399.761795 1.906119 3.758132 -0.006900 1596124349.909710
7465991.439247 -629399.208783 1.906487 3.758132 -0.006900 1596124350.059782
7465991.201454 -629398.641642 1.906235 3.775304 -0.005674 1596124350.209665
7465991.002728 -629398.075134 1.905920 3.775304 -0.004446 1596124350.359707
7465990.801472 -629397.507568 1.906394 3.789042 -0.004447 1596124350.509588
7465990.603896 -629396.938315 1.906159 3.789042 -0.004447 1596124350.659519
7465990.412303 -629396.379155 1.905530 3.802779 -0.004447 1596124350.809487
7465990.215575 -629395.810094 1.905828 3.816517 -0.004448 1596124350.959367
7465990.029067 -629395.245699 1.906123 3.802779 -0.004447 1596124351.109324
7465989.870496 -629394.683786 1.905886 3.802779 -0.004448 1596124351.259362
7465989.684627 -629394.111314 1.906055 3.833689 -0.004448 1596124351.409447
