7806062.111548 -389319.716740 2.029630 0.284906 0.004133 1650375250.489729
7806061.885042 -389319.264827 2.030882 0.748482 0.005085 1650375251.438694
7806061.647675 -389318.795981 2.032202 0.966749 0.005088 1650375252.038118
7806061.406681 -389318.322178 2.033533 1.281594 0.005093 1650375252.487730
7806061.171922 -389317.862257 2.034825 1.542355 0.005099 1650375252.837485
7806060.923126 -389317.377622 2.036212 1.552013 0.005100 1650375253.187148
7806060.672259 -389316.891671 2.037603 1.526903 0.005099 1650375253.536826
7806060.418946 -389316.403623 2.038996 1.499861 0.005098 1650375253.886614
7806060.150513 -389315.889423 2.040453 1.694949 0.005103 1650375254.236179
7806059.898845 -389315.409599 2.041809 1.849474 0.005107 1650375254.535846
7806059.660867 -389314.956949 2.043086 2.087057 0.004978 1650375254.785654
7806059.397405 -389314.456969 2.044493 2.287940 0.004984 1650375255.035488
7806059.110599 -389313.914444 2.046027 2.459849 0.004990 1650375255.285518
7806058.875347 -389313.471585 2.047285 2.484960 0.004991 1650375255.485171
7806058.584075 -389312.926246 2.048696 2.461781 0.003486 1650375255.734969
7806058.290360 -389312.378840 2.049919 2.469507 0.002256 1650375255.984801
7806057.994860 -389311.830601 2.050576 2.454055 -0.002666 1650375256.234612
7806057.757008 -389311.390510 2.050445 2.490754 -0.007999 1650375256.434398
7806057.507503 -389310.928315 2.049445 2.651074 -0.015538 1650375256.634332
7806057.252590 -389310.454858 2.047242 2.664595 -0.025528 1650375256.834154
7806056.984552 -389309.953497 2.043711 2.824915 -0.033638 1650375257.033949
7806056.707663 -389309.430516 2.038930 2.948535 -0.041751 1650375257.233859
7806056.424408 -389308.888714 2.032666 3.043182 -0.051775 1650375257.433667
7806056.137949 -389308.331660 2.024424 3.106924 -0.064508 1650375257.633518
7806055.856256 -389307.772323 2.013717 3.081814 -0.082862 1650375257.833464
7806055.580641 -389307.209484 2.000072 3.095335 -0.101949 1650375258.033275
7806055.312000 -389306.640547 1.983957 3.101129 -0.116344 1650375258.232870
7806055.054070 -389306.070535 1.966425 3.066361 -0.125404 1650375258.432710
7806054.803562 -389305.497699 1.948475 3.064429 -0.133263 1650375258.632551
7806054.568008 -389304.924056 1.929085 3.031593 -0.140920 1650375258.832361
7806054.349210 -389304.352367 1.908113 3.054772 -0.149540 1650375259.032222
7806054.141881 -389303.784230 1.886182 2.965920 -0.161109 1650375259.232078
7806053.948268 -389303.215162 1.863223 2.958193 -0.167107 1650375259.431966
7806053.766352 -389302.637242 1.839655 2.977509 -0.169611 1650375259.631692
7806053.599658 -389302.061706 1.815242 2.962056 -0.179322 1650375259.831549
7806053.445966 -389301.477220 1.788709 2.985235 -0.193138 1650375260.031312
7806053.307658 -389300.887113 1.760065 3.008414 -0.206191 1650375260.231023
7806053.185489 -389300.288025 1.729579 3.031593 -0.215596 1650375260.430821
7806053.080981 -389299.680697 1.697311 3.043182 -0.226786 1650375260.630581
7806052.995244 -389299.061537 1.663102 3.087608 -0.235343 1650375260.830424
7806052.930655 -389298.437213 1.627278 3.103061 -0.245747 1650375261.030272
7806052.888733 -389297.811537 1.589949 3.097266 -0.254179 1650375261.230201
7806052.870319 -389297.184706 1.551578 3.099198 -0.260140 1650375261.430139
7806052.875796 -389296.562254 1.513026 3.087608 -0.262171 1650375261.630002
7806052.905306 -389295.940444 1.474319 3.077950 -0.263236 1650375261.829819
7806052.958365 -389295.324479 1.435715 3.077950 -0.264202 1650375262.029618
7806053.035679 -389294.707703 1.396516 3.089540 -0.267242 1650375262.229428
7806053.137861 -389294.090866 1.356572 3.106924 -0.269809 1650375262.429227
7806053.265770 -389293.474399 1.315630 3.126240 -0.274648 1650375262.629314
7806053.419517 -389292.861798 1.273941 3.137829 -0.277660 1650375262.829069
7806053.599960 -389292.252381 1.231885 3.176460 -0.277760 1650375263.028727
7806053.807452 -389291.636751 1.189688 3.228613 -0.277778 1650375263.228326
7806054.048839 -389291.032462 1.145771 3.242134 -0.277694 1650375263.428127
7806054.313236 -389290.436868 1.102568 3.242134 -0.277694 1650375263.627851
7806054.603982 -389289.852221 1.059247 3.236339 -0.277798 1650375263.827707
7806054.918649 -389289.283200 1.016085 3.224749 -0.277768 1650375264.027594
7806055.256723 -389288.730316 0.973044 3.224749 -0.277529 1650375264.227451
7806055.618495 -389288.193091 0.930244 3.207365 -0.275334 1650375264.427260
7806056.003468 -389287.671826 0.888494 3.217023 -0.266475 1650375264.626978
7806056.414144 -389287.162329 0.848356 3.259518 -0.253468 1650375264.826813
7806056.849120 -389286.665140 0.810770 3.305875 -0.234087 1650375265.026600
7806057.307637 -389286.179193 0.776227 3.348370 -0.214089 1650375265.226485
7806057.665344 -389285.822637 0.751994 3.352233 -0.201626 1650375265.376295
7806058.034948 -389285.472095 0.728818 3.388933 -0.191686 1650375265.526158
7806058.415779 -389285.127590 0.706881 3.425632 -0.180108 1650375265.676009
7806058.807902 -389284.788426 0.686119 3.456537 -0.168815 1650375265.825872
7806059.209704 -389284.455333 0.666652 3.487442 -0.157962 1650375265.975708
7806059.620733 -389284.128016 0.648279 3.508690 -0.148874 1650375266.125530
7806060.041637 -389283.805493 0.630685 3.537663 -0.141746 1650375266.275353
7806060.470937 -389283.488561 0.613714 3.549253 -0.136566 1650375266.425219
7806060.910859 -389283.175559 0.596970 3.593679 -0.132754 1650375266.575089
7806061.358852 -389282.868283 0.580857 3.626515 -0.126904 1650375266.724924
7806061.814386 -389282.566671 0.565945 3.643899 -0.116434 1650375266.874839
7806062.275633 -389282.271120 0.552223 3.667078 -0.107951 1650375267.024679
7806062.745804 -389281.978893 0.539623 3.682531 -0.098885 1650375267.174745
7806063.221308 -389281.691558 0.528549 3.703778 -0.085699 1650375267.324460
7806063.704033 -389281.407071 0.519095 3.734683 -0.073831 1650375267.474314
7806064.191818 -389281.125813 0.510783 3.742409 -0.064375 1650375267.624048
7806064.683990 -389280.847274 0.503868 3.757862 -0.054074 1650375267.773869
7806065.178053 -389280.571989 0.498078 3.763656 -0.046502 1650375267.923769
7806065.676499 -389280.297938 0.493377 3.788767 -0.037132 1650375268.073618
7806066.179592 -389280.024370 0.489838 3.815809 -0.028162 1650375268.223526
7806066.683715 -389279.752338 0.487772 3.821603 -0.018066 1650375268.373327
7806067.186148 -389279.482279 0.487104 3.798425 -0.008098 1650375268.523199
7806067.689248 -389279.212099 0.487510 3.819672 -0.000208 1650375268.673011
7806068.194254 -389278.940506 0.488823 3.815809 0.005468 1650375268.822768
7806068.699324 -389278.668048 0.490538 3.831261 0.008101 1650375268.972621
7806069.206524 -389278.393368 0.492406 3.833193 0.008932 1650375269.122459
7806069.715278 -389278.116641 0.494356 3.844782 0.009486 1650375269.272334
7806070.223939 -389277.838696 0.496313 3.860235 0.009488 1650375269.422225
7806070.736332 -389277.557460 0.498288 3.877619 0.009490 1650375269.572134
7806071.246074 -389277.276368 0.500266 3.854440 0.009626 1650375269.722039
7806071.757878 -389276.992830 0.502227 3.875687 0.009490 1650375269.872033
7806072.271847 -389276.706751 0.504199 3.898866 0.009493 1650375270.021799
7806072.783514 -389276.420566 0.506166 3.879550 0.009490 1650375270.171664
7806073.296874 -389276.132063 0.508139 3.908524 0.009493 1650375270.321510
7806073.810877 -389275.841841 0.510077 3.925908 0.009218 1650375270.471436
7806074.323720 -389275.550936 0.511988 3.896934 0.009076 1650375270.621254
7806074.836636 -389275.258693 0.513794 3.912387 0.008108 1650375270.771076
7806075.348925 -389274.965627 0.515476 3.906592 0.007414 1650375270.920980
7806075.861390 -389274.671336 0.517159 3.923976 0.007416 1650375271.070881
7806076.374833 -389274.375360 0.518842 3.933634 0.007417 1650375271.220815
7806076.890778 -389274.076815 0.520534 3.956813 0.007419 1650375271.370663
7806077.403335 -389273.779100 0.522222 3.945224 0.007418 1650375271.520536
7806077.918276 -389273.478902 0.523920 3.962608 0.007419 1650375271.670503
7806078.431359 -389273.178703 0.525606 3.941360 0.007417 1650375271.820420
7806078.946449 -389272.876277 0.527298 3.968402 0.007281 1650375271.970341
7806079.459776 -389272.573796 0.529000 3.962608 0.007419 1650375272.120241
7806079.974761 -389272.269263 0.530699 3.974197 0.007420 1650375272.270174
7806080.489051 -389271.964033 0.532387 3.970334 0.007420 1650375272.420141
7806081.000927 -389271.659098 0.534080 3.968402 0.007420 1650375272.569932
7806081.511825 -389271.353635 0.535771 3.945224 0.007418 1650375272.719936
7806082.017709 -389271.050093 0.537444 3.910455 0.007415 1650375272.869790
7806082.517020 -389270.749488 0.539095 3.877619 0.007412 1650375273.019692
7806083.023589 -389270.443534 0.540756 3.900798 0.007414 1650375273.169591
7806083.524878 -389270.139660 0.542408 3.900798 0.007414 1650375273.319403
7806084.016172 -389269.840741 0.544035 3.811946 0.007407 1650375273.469272
7806084.507601 -389269.540705 0.545658 3.800356 0.007406 1650375273.619079
7806084.996365 -389269.241245 0.547272 3.827398 0.007408 1650375273.769112
7806085.494530 -389268.934983 0.548911 3.910455 0.007415 1650375273.918781
7806085.987123 -389268.631014 0.550546 3.869892 0.007412 1650375274.068601
7806086.491916 -389268.318410 0.552207 3.947155 0.007279 1650375274.218502
7806087.000262 -389268.002482 0.553561 3.995444 0.004509 1650375274.368361
7806087.514385 -389267.682092 0.554549 4.034076 0.002152 1650375274.518215
7806088.034557 -389267.357341 0.555162 4.092023 -0.000764 1650375274.668116
7806088.561007 -389267.028415 0.555440 4.120996 -0.002571 1650375274.818044
7806089.092012 -389266.696548 0.555723 4.169285 -0.002572 1650375274.967821
7806089.627890 -389266.361495 0.556012 4.205985 -0.002573 1650375275.117684
7806090.170325 -389266.022149 0.556304 4.258137 -0.002575 1650375275.267633
7806090.715228 -389265.681046 0.556629 4.279384 -0.002436 1650375275.417536
7806091.268528 -389265.334518 0.556952 4.335400 -0.002438 1650375275.567390
7806091.816358 -389264.991190 0.557272 4.292905 -0.002436 1650375275.717239
7806092.369332 -389264.644414 0.557596 4.318016 -0.002437 1650375275.866918
7806092.926454 -389264.294765 0.557921 4.343126 -0.002439 1650375276.016726
7806093.485264 -389263.943757 0.558248 4.352784 -0.002439 1650375276.166579
7806094.041630 -389263.593979 0.558576 4.345058 -0.002439 1650375276.316439
7806094.597134 -389263.244450 0.558901 4.350852 -0.002439 1650375276.466337
7806095.157925 -389262.891299 0.559175 4.391415 -0.002997 1650375276.616279
7806095.720799 -389262.536667 0.558982 4.414594 -0.006205 1650375276.766228
7806096.284951 -389262.181438 0.558498 4.418457 -0.007600 1650375276.916227
7806096.848697 -389261.826861 0.558011 4.422320 -0.007601 1650375277.066178
7806097.411789 -389261.473124 0.557523 4.430047 -0.007602 1650375277.216029
7806097.979282 -389261.117048 0.557032 4.445499 -0.007603 1650375277.365924
7806098.545465 -389260.762154 0.556542 4.437773 -0.007602 1650375277.515657
7806099.115160 -389260.405449 0.556048 4.449362 -0.007603 1650375277.665661
7806099.683221 -389260.050118 0.555566 4.443568 -0.007603 1650375277.815210
7806100.253874 -389259.693522 0.555070 4.460952 -0.007605 1650375277.964996
7806100.826905 -389259.335796 0.554579 4.476404 -0.007606 1650375278.114801
7806101.401961 -389258.977157 0.554088 4.489925 -0.007607 1650375278.264702
7806101.980414 -389258.616751 0.553592 4.522762 -0.007611 1650375278.414604
7806102.565323 -389258.252699 0.553092 4.561393 -0.007614 1650375278.564510
7806103.151125 -389257.888422 0.552623 4.582640 -0.007337 1650375278.714369
7806103.736751 -389257.524534 0.552209 4.574914 -0.006917 1650375278.864268
7806104.325794 -389257.158770 0.551978 4.603888 -0.005662 1650375279.014182
7806104.911294 -389256.795337 0.551878 4.578777 -0.005241 1650375279.163980
7806105.498154 -389256.431180 0.551758 4.578777 -0.005241 1650375279.313979
7806106.086476 -389256.066188 0.551647 4.586503 -0.005241 1650375279.463658
7806106.681739 -389255.696931 0.551524 4.625135 -0.005244 1650375279.613501
7806107.272421 -389255.330449 0.551406 4.596161 -0.005242 1650375279.763313
7806107.861410 -389254.964997 0.551285 4.584572 -0.005241 1650375279.913252
7806108.459602 -389254.593892 0.551157 4.681150 -0.005248 1650375280.063118
7806109.066320 -389254.217523 0.551032 4.739097 -0.005252 1650375280.213090
7806109.670787 -389253.842455 0.550905 4.683082 -0.005388 1650375280.363013
7806110.265490 -389253.473297 0.550785 4.640587 -0.005245 1650375280.512914
7806110.865412 -389253.100848 0.550635 4.673424 -0.005247 1650375280.662812
7806111.472321 -389252.724000 0.550484 4.713987 -0.005390 1650375280.812676
7806112.071161 -389252.352038 0.550336 4.690808 -0.005389 1650375280.962618
7806112.676696 -389251.975931 0.550182 4.748755 -0.005393 1650375281.112431
7806113.286666 -389251.597117 0.550006 4.754550 -0.005673 1650375281.262241
7806113.888696 -389251.223230 0.549811 4.708192 -0.005670 1650375281.412098
7806114.484237 -389250.853344 0.549618 4.605819 -0.005662 1650375281.561947
7806115.083608 -389250.481092 0.549412 4.683082 -0.005668 1650375281.711849
7806115.676393 -389250.112855 0.549217 4.613545 -0.005663 1650375281.861572
7806116.262824 -389249.748544 0.549018 4.567188 -0.005659 1650375282.011408
7806116.838545 -389249.390850 0.548832 4.460952 -0.005651 1650375282.161229
7806117.411407 -389249.034965 0.548630 4.455157 -0.005651 1650375282.311034
7806117.987838 -389248.676935 0.548422 4.515036 -0.005655 1650375282.461131
7806118.558322 -389248.322570 0.548209 4.443568 -0.005789 1650375282.610796
7806119.134602 -389247.964691 0.548005 4.513104 -0.005655 1650375282.760567
7806119.700910 -389247.612942 0.547806 4.406868 -0.005647 1650375282.910425
7806120.265345 -389247.262422 0.547599 4.408799 -0.005647 1650375283.060272
7806120.833994 -389246.909411 0.547380 4.437773 -0.005649 1650375283.210167
7806121.397823 -389246.559408 0.547174 4.381757 -0.005645 1650375283.360039
7806121.956043 -389246.210727 0.547194 4.366305 -0.005644 1650375283.509878
7806122.515639 -389245.865487 0.546737 4.374031 -0.005784 1650375283.659751
7806123.078590 -389245.516035 0.546435 4.379826 -0.006203 1650375283.809605
7806123.636833 -389245.169533 0.546121 4.354716 -0.006340 1650375283.959457
7806124.199532 -389244.820568 0.545792 4.397210 -0.006343 1650375284.109222
7806124.759893 -389244.473320 0.545467 4.360510 -0.006340 1650375284.259077
7806125.318449 -389244.127401 0.545138 4.356647 -0.006340 1650375284.408982
7806125.879401 -389243.780162 0.544807 4.374031 -0.006342 1650375284.558785
7806126.430293 -389243.439149 0.544479 4.277453 -0.006334 1650375284.708699
7806126.990645 -389243.092621 0.544109 4.375963 -0.006481 1650375284.858554
7806127.544000 -389242.750699 0.543764 4.267795 -0.006473 1650375285.008366
7806128.102935 -389242.405835 0.543399 4.341195 -0.006478 1650375285.158352
7806128.660307 -389242.062324 0.543041 4.339263 -0.006478 1650375285.307980
7806129.212470 -389241.722293 0.542685 4.296769 -0.006475 1650375285.457829
7806129.771566 -389241.378418 0.542319 4.352784 -0.006480 1650375285.607603
7806130.323374 -389241.039320 0.541960 4.308358 -0.006475 1650375285.757366
7806130.875167 -389240.700628 0.541598 4.294837 -0.006475 1650375285.907146
7806131.427595 -389240.361919 0.541231 4.314153 -0.006476 1650375286.056938
7806131.980797 -389240.023054 0.540864 4.314153 -0.006476 1650375286.206843
7806132.536748 -389239.682864 0.540495 4.316084 -0.006476 1650375286.356642
7806133.086651 -389239.346662 0.540130 4.271658 -0.006473 1650375286.506462
7806133.638386 -389239.009733 0.539757 4.290974 -0.006474 1650375286.656503
7806134.193112 -389238.671326 0.539384 4.296769 -0.006475 1650375286.806088
7806134.742730 -389238.336219 0.539012 4.279384 -0.006473 1650375286.955972
7806135.293065 -389238.000914 0.538639 4.275521 -0.006473 1650375287.105839
7806135.842243 -389237.666554 0.538263 4.269727 -0.006473 1650375287.255695
7806136.388730 -389237.334086 0.537889 4.244616 -0.006470 1650375287.405523
7806136.932584 -389237.003461 0.537514 4.227232 -0.006469 1650375287.555366
7806137.476263 -389236.673181 0.537138 4.225301 -0.006469 1650375287.705218
7806138.020792 -389236.342653 0.536758 4.229164 -0.006469 1650375287.855226
7806138.564976 -389236.012608 0.536378 4.233027 -0.006470 1650375288.004967
7806139.108628 -389235.683178 0.535997 4.215643 -0.006468 1650375288.154911
7806139.648626 -389235.356219 0.535618 4.200190 -0.006467 1650375288.304676
7806140.189472 -389235.029013 0.535234 4.196327 -0.006467 1650375288.454595
7806140.730570 -389234.701860 0.534850 4.198259 -0.006467 1650375288.604445
7806141.270923 -389234.375365 0.534464 4.194396 -0.006466 1650375288.754323
7806141.813972 -389234.047519 0.534077 4.221437 -0.006469 1650375288.904113
7806142.357385 -389233.719693 0.533687 4.209848 -0.006468 1650375289.053965
7806142.897820 -389233.391660 0.533508 4.169285 -0.006465 1650375289.203860
7806143.437053 -389233.068872 0.532909 4.180875 -0.006465 1650375289.353713
7806143.978018 -389232.743067 0.532517 4.192464 -0.006466 1650375289.503574
7806144.520299 -389232.416736 0.532121 4.204053 -0.006468 1650375289.653437
7806145.062354 -389232.090859 0.531726 4.204053 -0.006468 1650375289.803385
7806145.602197 -389231.766589 0.531332 4.169285 -0.006465 1650375289.953380
7806146.141735 -389231.442768 0.530935 4.177011 -0.006465 1650375290.103240
7806146.682926 -389231.118225 0.530577 4.192464 -0.006049 1650375290.253139
7806147.223610 -389230.794223 0.530254 4.175080 -0.005909 1650375290.403103
7806147.762735 -389230.471326 0.530184 4.169285 -0.003684 1650375290.552966
7806148.302476 -389230.148089 0.530378 4.169285 -0.002572 1650375290.703077
7806148.843346 -389229.824089 0.530556 4.186669 -0.002573 1650375290.852811
7806149.385307 -389229.499335 0.530735 4.180875 -0.002572 1650375291.002638
7806149.926317 -389229.175028 0.530912 4.171217 -0.002572 1650375291.152552
7806150.466069 -389228.851382 0.531086 4.149970 -0.002571 1650375291.302437
7806151.006523 -389228.527279 0.531257 4.167354 -0.002572 1650375291.452308
7806151.548017 -389228.202522 0.531430 4.169285 -0.002572 1650375291.602165
7806152.090590 -389227.877119 0.531607 4.171217 -0.002433 1650375291.752105
7806152.633864 -389227.551263 0.531968 4.192464 -0.000765 1650375291.901829
7806153.175560 -389227.226137 0.532570 4.177011 0.000487 1650375292.051676
7806153.716331 -389226.901226 0.533195 4.169285 0.000487 1650375292.201564
7806154.258593 -389226.575066 0.533819 4.200190 0.000487 1650375292.351429
7806154.800872 -389226.248534 0.534437 4.202122 0.000487 1650375292.501252
7806155.342035 -389225.922339 0.535059 4.186669 0.000487 1650375292.651105
7806155.882158 -389225.596520 0.535678 4.177011 0.000487 1650375292.800902
7806156.422277 -389225.270483 0.536295 4.180875 0.000487 1650375292.950766
7806156.964296 -389224.943098 0.536907 4.194396 0.000487 1650375293.100584
7806157.506688 -389224.615248 0.537525 4.190532 0.000487 1650375293.250440
7806158.049928 -389224.286621 0.538143 4.207917 0.000487 1650375293.400355
7806158.591659 -389223.958623 0.538759 4.204053 0.000487 1650375293.550232
7806159.133859 -389223.630109 0.539373 4.207917 0.000487 1650375293.700202
7806159.674650 -389223.302221 0.539986 4.198259 0.000487 1650375293.850017
7806160.216544 -389222.973443 0.540599 4.192464 0.000487 1650375293.999893
7806160.762456 -389222.641993 0.541214 4.240753 0.000487 1650375294.149818
7806161.307538 -389222.310774 0.541830 4.242685 0.000487 1650375294.299613
7806161.854059 -389221.978408 0.542439 4.248479 0.000348 1650375294.449471
7806162.402068 -389221.644843 0.543052 4.262000 0.000348 1650375294.599362
7806162.952346 -389221.309613 0.543674 4.279384 0.000488 1650375294.749230
7806163.503723 -389220.973387 0.544297 4.296769 0.000488 1650375294.899122
7806164.056176 -389220.636145 0.544923 4.302563 0.000488 1650375295.048949
7806164.609851 -389220.297800 0.545549 4.300632 0.000488 1650375295.198977
7806165.162858 -389219.959482 0.546177 4.312221 0.000488 1650375295.348605
7806165.719717 -389219.618449 0.546807 4.337331 0.000488 1650375295.498453
7806166.277211 -389219.276657 0.547330 4.333468 -0.000627 1650375295.648304
7806166.837066 -389218.933122 0.547769 4.350852 -0.000767 1650375295.798124
7806167.394109 -389218.591025 0.548208 4.323810 -0.000766 1650375295.947981
7806167.954731 -389218.246502 0.548647 4.356647 -0.000767 1650375296.097748
7806168.517167 -389217.900648 0.549089 4.366305 -0.000767 1650375296.247643
7806169.082957 -389217.552518 0.549534 4.401073 -0.000767 1650375296.397509
7806169.650210 -389217.203232 0.549983 4.408799 -0.000767 1650375296.547435
7806170.214448 -389216.855505 0.550429 4.399142 -0.000767 1650375296.697307
7806170.781485 -389216.505772 0.550875 4.410731 -0.000767 1650375296.847358
7806171.350056 -389216.154846 0.551323 4.443568 -0.000767 1650375296.996979
7806171.920515 -389215.802486 0.551776 4.453225 -0.000767 1650375297.146833
7806172.490705 -389215.449992 0.552228 4.453225 -0.000767 1650375297.296680
7806173.060408 -389215.097495 0.552679 4.449362 -0.000767 1650375297.446633
7806173.629092 -389214.745337 0.553129 4.451294 -0.000767 1650375297.596593
7806174.198780 -389214.392293 0.553579 4.445499 -0.000767 1650375297.746616
7806174.766723 -389214.040058 0.554029 4.433910 -0.000767 1650375297.896391
7806175.334110 -389213.687882 0.554478 4.414594 -0.000767 1650375298.046292
7806175.902222 -389213.334969 0.554813 4.426183 -0.001883 1650375298.196164
7806176.469493 -389212.982504 0.554593 4.430047 -0.005509 1650375298.346042
7806177.037019 -389212.630178 0.554225 4.430047 -0.005789 1650375298.495910
7806177.604387 -389212.278323 0.553871 4.443568 -0.005789 1650375298.645763
7806178.171219 -389211.927145 0.553557 4.437773 -0.005370 1650375298.795527
7806178.738574 -389211.575858 0.553536 4.430047 -0.003278 1650375298.945385
7806179.304688 -389211.225352 0.553663 4.437773 -0.002860 1650375299.095240
7806179.870897 -389210.874784 0.553775 4.424252 -0.002859 1650375299.245141
7806180.439454 -389210.522780 0.553888 4.431978 -0.002860 1650375299.395033
7806181.006299 -389210.171860 0.554001 4.420389 -0.002859 1650375299.544794
7806181.569908 -389209.822980 0.554112 4.387552 -0.002858 1650375299.694651
7806182.134973 -389209.473233 0.554222 4.397210 -0.002858 1650375299.844563
7806182.701297 -389209.122763 0.554330 4.422320 -0.002859 1650375299.994549
7806183.266173 -389208.773261 0.554440 4.410731 -0.002859 1650375300.144414
7806183.832206 -389208.423138 0.554550 4.416526 -0.002859 1650375300.294341
7806184.397055 -389208.073889 0.554660 4.418457 -0.002859 1650375300.444268
7806184.961954 -389207.724767 0.554768 4.418457 -0.002859 1650375300.594260
7806185.528719 -389207.374643 0.554877 4.433910 -0.002860 1650375300.744207
7806186.095899 -389207.024425 0.554989 4.435841 -0.002860 1650375300.894182
7806186.660954 -389206.675691 0.555099 4.410731 -0.002859 1650375301.044165
7806187.224150 -389206.328265 0.555208 4.393347 -0.002858 1650375301.194003
7806187.788094 -389205.980507 0.555317 4.385621 -0.002858 1650375301.344004
7806188.352548 -389205.632552 0.555425 4.397210 -0.002858 1650375301.494020
7806188.916484 -389205.285012 0.555534 4.389484 -0.002858 1650375301.643935
7806189.481770 -389204.936691 0.555645 4.389484 -0.002858 1650375301.793965
7806190.043382 -389204.590710 0.555755 4.362442 -0.002857 1650375301.943913
7806190.605403 -389204.244529 0.555888 4.379826 -0.002718 1650375302.093903
7806191.167722 -389203.898206 0.556055 4.381757 -0.002439 1650375302.243819
7806191.732577 -389203.550318 0.556231 4.403005 -0.002440 1650375302.393759
7806192.296495 -389203.204205 0.556602 4.393347 -0.002440 1650375302.543683
7806192.855433 -389202.858817 0.556586 4.372100 -0.002439 1650375302.693475
7806193.416776 -389202.513165 0.556763 4.385621 -0.002439 1650375302.843285
7806193.981341 -389202.165593 0.556942 4.410731 -0.002441 1650375302.993105
7806194.548865 -389201.816275 0.557124 4.426183 -0.002441 1650375303.143238
7806195.114127 -389201.468455 0.557307 4.424252 -0.002441 1650375303.292818
7806195.677939 -389201.121605 0.557490 4.404936 -0.002440 1650375303.442609
7806196.242720 -389200.774231 0.557673 4.422320 -0.002441 1650375303.592464
7806196.809745 -389200.425549 0.557859 4.433910 -0.002441 1650375303.742307
7806197.377442 -389200.076533 0.558047 4.422320 -0.002441 1650375303.892200
7806197.943713 -389199.728485 0.558238 4.403005 -0.002440 1650375304.042036
7806198.508328 -389199.381548 0.558425 4.397210 -0.002440 1650375304.191910
7806199.074982 -389199.033400 0.558613 4.414594 -0.002441 1650375304.341907
7806199.640555 -389198.685997 0.558803 4.410731 -0.002441 1650375304.491809
7806200.204939 -389198.339376 0.558996 4.399142 -0.002440 1650375304.641614
7806200.767652 -389197.993790 0.559187 4.395278 -0.002440 1650375304.791455
7806201.328253 -389197.649499 0.559378 4.383689 -0.002439 1650375304.941188
7806201.889067 -389197.305083 0.559569 4.385621 -0.002439 1650375305.090993
7806202.447801 -389196.961974 0.559761 4.372100 -0.002439 1650375305.240798
7806203.004750 -389196.619948 0.559955 4.352784 -0.002439 1650375305.390661
7806203.558987 -389196.279536 0.560145 4.331537 -0.002438 1650375305.540471
7806204.109120 -389195.941603 0.560336 4.296769 -0.002437 1650375305.690320
7806204.661189 -389195.602411 0.560527 4.314153 -0.002437 1650375305.840137
7806205.210593 -389195.264866 0.560718 4.290974 -0.002436 1650375305.989940
7806205.760278 -389194.927086 0.560912 4.283248 -0.002436 1650375306.139805
7806206.309712 -389194.589398 0.561106 4.277453 -0.002436 1650375306.289681
7806206.857098 -389194.252907 0.561301 4.263932 -0.002436 1650375306.439643
7806207.404431 -389193.916350 0.561497 4.263932 -0.002436 1650375306.589500
7806207.951643 -389193.579773 0.561702 4.250411 -0.002296 1650375306.739459
7806208.499329 -389193.242815 0.561894 4.256206 -0.002436 1650375306.889319
7806209.045810 -389192.906541 0.562094 4.246548 -0.002435 1650375307.039172
7806209.590758 -389192.571128 0.562295 4.238822 -0.002435 1650375307.189018
7806210.135086 -389192.235966 0.562496 4.246548 -0.002435 1650375307.338883
7806210.679678 -389191.900522 0.562700 4.240753 -0.002435 1650375307.488740
7806211.223634 -389191.565414 0.562905 4.244616 -0.002435 1650375307.638540
7806211.767309 -389191.230434 0.563110 4.240753 -0.002435 1650375307.788632
7806212.309237 -389190.896517 0.563320 4.233027 -0.002435 1650375307.938307
7806212.849933 -389190.563344 0.563526 4.227232 -0.002435 1650375308.088215
7806213.391152 -389190.229814 0.563721 4.227232 -0.002573 1650375308.238019
7806213.931410 -389189.896867 0.563910 4.227232 -0.002573 1650375308.387784
7806214.472222 -389189.563523 0.564101 4.231095 -0.002574 1650375308.537616
7806215.013409 -389189.229881 0.564294 4.231095 -0.002574 1650375308.687560
7806215.551316 -389188.898240 0.564489 4.213711 -0.002573 1650375308.837212
7806216.091220 -389188.565272 0.564683 4.225301 -0.002573 1650375308.987046
7806216.632920 -389188.231102 0.564883 4.238822 -0.002574 1650375309.136966
7806217.173428 -389187.897604 0.565085 4.229164 -0.002574 1650375309.286776
7806217.712352 -389187.565017 0.565286 4.219506 -0.002573 1650375309.436635
7806218.251166 -389187.232407 0.565490 4.215643 -0.002573 1650375309.586497
7806218.792115 -389186.898309 0.565697 4.240753 -0.002574 1650375309.736290
7806219.335231 -389186.562663 0.565906 4.254274 -0.002575 1650375309.886102
7806219.875540 -389186.228615 0.566119 4.231095 -0.002574 1650375310.035955
7806220.414998 -389185.894921 0.566332 4.225301 -0.002573 1650375310.185685
7806220.954305 -389185.561146 0.566546 4.221437 -0.002573 1650375310.335533
7806221.492949 -389185.227620 0.566764 4.217574 -0.002573 1650375310.485263
7806222.033827 -389184.892497 0.566982 4.234958 -0.002574 1650375310.635071
7806222.574028 -389184.557586 0.567205 4.225301 -0.002573 1650375310.784878
7806223.113295 -389184.223031 0.567429 4.215643 -0.002573 1650375310.934680
7806223.651386 -389183.889004 0.567654 4.209848 -0.002573 1650375311.084496
7806224.188694 -389183.555264 0.567880 4.202122 -0.002573 1650375311.234345
7806224.726785 -389183.220821 0.568094 4.202122 -0.002712 1650375311.384209
7806225.265967 -389182.885495 0.568306 4.198259 -0.002712 1650375311.534063
7806225.803584 -389182.550989 0.568483 4.182806 -0.002990 1650375311.683867
7806226.342006 -389182.215889 0.568482 4.198259 -0.004520 1650375311.833746
7806226.878479 -389181.882171 0.568210 4.200190 -0.006189 1650375311.983496
7806227.417394 -389181.547174 0.567902 4.209848 -0.006190 1650375312.133324
7806227.955998 -389181.212659 0.567595 4.205985 -0.006189 1650375312.283167
7806228.496529 -389180.877180 0.567290 4.202122 -0.006189 1650375312.433083
7806229.036399 -389180.542396 0.566988 4.217574 -0.006190 1650375312.582822
7806229.578423 -389180.206534 0.566686 4.233027 -0.006191 1650375312.732689
7806230.120559 -389179.870909 0.566400 4.233027 -0.006052 1650375312.882527
7806230.667332 -389179.532602 0.566216 4.250411 -0.005218 1650375313.032441
7806231.214790 -389179.193987 0.566270 4.263932 -0.003549 1650375313.182572
7806231.760496 -389178.856463 0.566470 4.262000 -0.002853 1650375313.332189
7806232.307038 -389178.518278 0.566768 4.273590 -0.002297 1650375313.481987
7806232.853538 -389178.179912 0.567078 4.262000 -0.002296 1650375313.631814
7806233.402090 -389177.840035 0.567387 4.287111 -0.002297 1650375313.781666
7806233.951585 -389177.499363 0.567701 4.300632 -0.002298 1650375313.931530
7806234.498823 -389177.159946 0.568017 4.290974 -0.002297 1650375314.081467
7806235.046314 -389176.820178 0.568335 4.279384 -0.002297 1650375314.231334
7806235.591351 -389176.481756 0.568653 4.269727 -0.002296 1650375314.381133
7806236.136427 -389176.143085 0.568971 4.289042 -0.002297 1650375314.530991
7806236.683449 -389175.802966 0.569274 4.285179 -0.002436 1650375314.680866
7806237.229699 -389175.463152 0.569548 4.287111 -0.002576 1650375314.830659
7806237.775168 -389175.123638 0.569832 4.279384 -0.002576 1650375314.980522
7806238.319635 -389174.784551 0.570120 4.262000 -0.002575 1650375315.130323
7806238.864113 -389174.445235 0.570408 4.254274 -0.002575 1650375315.280143
7806239.407760 -389174.106211 0.570697 4.258137 -0.002575 1650375315.429956
7806239.950982 -389173.767206 0.570990 4.240753 -0.002574 1650375315.579808
7806240.492436 -389173.429083 0.571282 4.238822 -0.002574 1650375315.729573
7806241.032107 -389173.091853 0.571578 4.211780 -0.002573 1650375315.879361
7806241.572707 -389172.753780 0.571872 4.219506 -0.002573 1650375316.029226
7806242.114377 -389172.414784 0.572171 4.221437 -0.002573 1650375316.179209
7806242.652194 -389172.078033 0.572472 4.205985 -0.002573 1650375316.328903
7806243.190873 -389171.740498 0.572708 4.213711 -0.002990 1650375316.478907
7806243.728037 -389171.403735 0.572896 4.204053 -0.003407 1650375316.628738
7806244.263685 -389171.067824 0.572968 4.204053 -0.004242 1650375316.778378
7806244.803811 -389170.732224 0.573236 4.225301 -0.004382 1650375316.928255
7806245.337593 -389170.394145 0.573031 4.192464 -0.004380 1650375317.078096
7806245.875121 -389170.056862 0.573068 4.204053 -0.004381 1650375317.227947
7806246.408575 -389169.722152 0.573108 4.180875 -0.004380 1650375317.377802
7806246.943020 -389169.386719 0.573142 4.180875 -0.004519 1650375317.527604
7806247.477547 -389169.051108 0.573165 4.180875 -0.004519 1650375317.677469
7806248.010756 -389168.716203 0.573189 4.173148 -0.004519 1650375317.827325
7806248.543424 -389168.381536 0.573217 4.169285 -0.004518 1650375317.977134
7806249.075460 -389168.047192 0.573245 4.167354 -0.004518 1650375318.126981
7806249.605999 -389167.713734 0.573261 4.169285 -0.004657 1650375318.276804
7806250.136898 -389167.379907 0.573302 4.169285 -0.004518 1650375318.426631
7806250.667115 -389167.046304 0.573329 4.159627 -0.004518 1650375318.576594
7806251.194815 -389166.714101 0.573366 4.146106 -0.004517 1650375318.726514
7806251.721361 -389166.382460 0.573363 4.140312 -0.005073 1650375318.876407
7806252.246204 -389166.051911 0.573002 4.117133 -0.007433 1650375319.026298
7806252.771471 -389165.721293 0.572555 4.124859 -0.007711 1650375319.176166
7806253.296229 -389165.391193 0.572127 4.128722 -0.007712 1650375319.326023
7806253.819163 -389165.062408 0.571695 4.105544 -0.007848 1650375319.475920
7806254.340469 -389164.734858 0.571115 4.088159 -0.009235 1650375319.625714
7806254.858695 -389164.409677 0.570352 4.064981 -0.010066 1650375319.775594
7806255.374519 -389164.086512 0.569603 4.039870 -0.010202 1650375319.925484
7806255.887603 -389163.765624 0.568659 4.008965 -0.011447 1650375320.075428
7806256.397617 -389163.447308 0.567603 3.993513 -0.012277 1650375320.225250
7806256.904566 -389163.131604 0.566532 3.956813 -0.012410 1650375320.375106
7806257.407929 -389162.818861 0.565397 3.927839 -0.013099 1650375320.524966
7806257.907583 -389162.509232 0.564025 3.893071 -0.015033 1650375320.674861
7806258.403120 -389162.203150 0.562426 3.842851 -0.016409 1650375320.824768
7806258.897185 -389161.899023 0.560829 3.829330 -0.016544 1650375320.974612
7806259.389059 -389161.597288 0.559228 3.817740 -0.016542 1650375321.124479
7806259.878798 -389161.297887 0.557639 3.792630 -0.016538 1650375321.274388
7806260.364882 -389161.001742 0.556064 3.773314 -0.016535 1650375321.424184
7806260.849255 -389160.707601 0.554503 3.753999 -0.016393 1650375321.574092
7806261.330546 -389160.416286 0.553069 3.734683 -0.015283 1650375321.724076
7806261.809062 -389160.127546 0.551849 3.713436 -0.014035 1650375321.873983
7806262.285270 -389159.841002 0.550707 3.699915 -0.013480 1650375322.023764
7806262.759603 -389159.556306 0.549689 3.665146 -0.012370 1650375322.173647
7806263.231703 -389159.273586 0.548859 3.645831 -0.011124 1650375322.323372
7806263.702695 -389158.992042 0.548193 3.626515 -0.009740 1650375322.473505
7806264.170548 -389158.712741 0.547867 3.599473 -0.007113 1650375322.623257
7806264.635038 -389158.435628 0.547827 3.556979 -0.004901 1650375322.773225
7806265.091148 -389158.165714 0.548207 3.541526 -0.003382 1650375322.923270
7806265.543422 -389157.893735 0.548193 3.460400 -0.003379 1650375323.073539
7806265.991364 -389157.626379 0.548403 3.458469 -0.003379 1650375323.223357
7806266.434049 -389157.362109 0.548601 3.415974 -0.003378 1650375323.373394
7806266.876419 -389157.097880 0.548797 3.412111 -0.003378 1650375323.523321
7806267.318916 -389156.833398 0.548999 3.443016 -0.003240 1650375323.673226
7806267.758271 -389156.570658 0.549200 3.371548 -0.003238 1650375323.823130
7806268.196792 -389156.308292 0.549390 3.408248 -0.003378 1650375323.973069
7806268.634193 -389156.046483 0.549589 3.394727 -0.003377 1650375324.123021
7806269.071588 -389155.784510 0.549789 3.387001 -0.003377 1650375324.272918
7806269.508782 -389155.522449 0.549994 3.381206 -0.003238 1650375324.422830
7806269.949063 -389155.258258 0.550190 3.404385 -0.003378 1650375324.572731
7806270.389483 -389154.993773 0.550396 3.412111 -0.003378 1650375324.722625
7806270.828250 -389154.730169 0.550606 3.419838 -0.003378 1650375324.872536
7806271.269644 -389154.464855 0.550812 3.427564 -0.003378 1650375325.022391
7806271.706473 -389154.202235 0.551038 3.381206 -0.003238 1650375325.172235
7806272.144512 -389153.938716 0.551258 3.381206 -0.003238 1650375325.322104
7806272.584124 -389153.674039 0.551461 3.394727 -0.003377 1650375325.471997
7806273.019936 -389153.411533 0.551670 3.387001 -0.003377 1650375325.621965
7806273.457433 -389153.147875 0.551880 3.392796 -0.003377 1650375325.771755
7806273.892609 -389152.885569 0.552096 3.381206 -0.003376 1650375325.921627
7806274.325694 -389152.624443 0.552307 3.359959 -0.003375 1650375326.071464
7806274.757310 -389152.364064 0.552519 3.332917 -0.003375 1650375326.221322
7806275.190953 -389152.102291 0.552737 3.350301 -0.003238 1650375326.371183
7806275.622255 -389151.841845 0.552943 3.352233 -0.003375 1650375326.521042
7806276.053485 -389151.581346 0.553163 3.346438 -0.003238 1650375326.670995
7806276.483786 -389151.321318 0.553375 3.340643 -0.003375 1650375326.820895
7806277.053693 -389150.976786 0.553666 3.315533 -0.003374 1650375327.020768
7806277.622920 -389150.632459 0.553952 3.309738 -0.003374 1650375327.220630
7806278.191192 -389150.288522 0.554240 3.305875 -0.003374 1650375327.420451
7806278.755712 -389149.946709 0.554526 3.290423 -0.003373 1650375327.620249
7806279.319691 -389149.605029 0.554819 3.294286 -0.003373 1650375327.820072
7806279.883415 -389149.263325 0.555120 3.284628 -0.003373 1650375328.019873
7806280.444328 -389148.923202 0.555410 3.278833 -0.003373 1650375328.219699
7806281.006787 -389148.581986 0.555702 3.269175 -0.003373 1650375328.419511
7806281.568976 -389148.240797 0.555995 3.269175 -0.003373 1650375328.619312
7806282.125857 -389147.902795 0.556288 3.244065 -0.003372 1650375328.819085
7806282.684235 -389147.563762 0.556583 3.234407 -0.003372 1650375329.019099
7806283.244521 -389147.223396 0.556886 3.249860 -0.003372 1650375329.218730
7806283.804443 -389146.883090 0.557208 3.240202 -0.003234 1650375329.418524
7806284.366425 -389146.541371 0.557557 3.265312 -0.003097 1650375329.618343
7806284.927725 -389146.199912 0.557903 3.273039 -0.003098 1650375329.818113
7806285.489224 -389145.858136 0.558253 3.261449 -0.003097 1650375330.017932
7806286.053232 -389145.514562 0.558935 3.282696 0.001032 1650375330.217894
7806286.619447 -389145.168702 0.561149 3.296217 0.011222 1650375330.417701
7806287.188575 -389144.818768 0.565223 3.325191 0.023064 1650375330.617613
7806287.614078 -389144.554804 0.569418 3.327122 0.031043 1650375330.767534
7806288.043297 -389144.285723 0.574546 3.336780 0.038194 1650375330.917405
7806288.474124 -389144.012301 0.580259 3.373480 0.042466 1650375331.067242
7806288.901122 -389143.737682 0.586447 3.375412 0.046175 1650375331.217081
7806289.330805 -389143.457342 0.592828 3.412111 0.046741 1650375331.366987
7806289.761677 -389143.172139 0.599235 3.437222 0.046616 1650375331.516920
7806290.189073 -389142.885202 0.605655 3.425632 0.047022 1650375331.666829
7806290.617882 -389142.593070 0.612417 3.431427 0.050045 1650375331.816717
7806291.045711 -389142.297020 0.619907 3.439153 0.055811 1650375331.966688
7806291.470351 -389141.998168 0.627862 3.441085 0.058691 1650375332.116540
7806291.892936 -389141.695521 0.635803 3.452674 0.058561 1650375332.266492
7806292.312287 -389141.389986 0.643472 3.458469 0.055960 1650375332.416296
7806292.730659 -389141.080108 0.650692 3.446880 0.051837 1650375332.566150
7806293.143463 -389140.769688 0.657121 3.425632 0.045374 1650375332.716045
7806293.553497 -389140.457166 0.662658 3.404385 0.038632 1650375332.865814
7806293.961296 -389140.142688 0.667550 3.404385 0.033956 1650375333.015677
7806294.365099 -389139.828047 0.671948 3.402454 0.029552 1650375333.165477
7806294.766852 -389139.512148 0.675548 3.402454 0.022944 1650375333.315380
7806295.167603 -389139.194661 0.678324 3.383138 0.015778 1650375333.465181
7806295.564297 -389138.878591 0.680305 3.350301 0.009575 1650375333.614961
7806295.961075 -389138.561171 0.681546 3.359959 0.003927 1650375333.764817
7806296.356172 -389138.244227 0.682371 3.371548 0.000345 1650375333.914667
7806296.749639 -389137.928049 0.682449 3.358027 -0.006269 1650375334.064554
7806297.143095 -389137.611840 0.681646 3.348370 -0.013018 1650375334.214419
7806297.535408 -389137.297012 0.680328 3.346438 -0.016736 1650375334.364287
7806297.928807 -389136.982021 0.678910 3.334849 -0.017560 1650375334.514328
7806298.448181 -389136.567549 0.676517 3.294286 -0.022369 1650375334.713768
7806298.839878 -389136.256286 0.674132 3.309738 -0.025949 1650375334.863657
7806299.232084 -389135.946022 0.671645 3.329054 -0.026505 1650375335.013473
7806299.754942 -389135.534750 0.668209 3.315533 -0.027739 1650375335.213241
7806300.149121 -389135.226547 0.665504 3.327122 -0.028430 1650375335.363135
7806300.544550 -389134.918990 0.662665 3.325191 -0.029942 1650375335.513017
7806301.071578 -389134.511799 0.658527 3.321328 -0.032141 1650375335.712807
7806301.469484 -389134.206575 0.655194 3.323259 -0.033654 1650375335.862877
7806301.867720 -389133.903161 0.651677 3.311670 -0.035299 1650375336.012517
7806302.268823 -389133.599756 0.648078 3.329054 -0.035717 1650375336.162367
7806302.672279 -389133.296856 0.644395 3.356096 -0.036414 1650375336.312273
7806303.077140 -389132.995234 0.640702 3.354164 -0.036414 1650375336.462221
7806303.482985 -389132.695181 0.636994 3.348370 -0.036549 1650375336.612030
7806303.890133 -389132.396449 0.633285 3.348370 -0.036549 1650375336.761797
7806304.301182 -389132.097157 0.629536 3.369617 -0.036694 1650375336.911646
7806304.713613 -389131.799196 0.625691 3.369617 -0.037656 1650375337.061508
7806305.127878 -389131.502310 0.621705 3.385069 -0.038762 1650375337.211310
7806305.542687 -389131.207524 0.617494 3.394727 -0.040964 1650375337.361256
7806305.959474 -389130.913963 0.613095 3.365754 -0.041914 1650375337.511151
7806306.377954 -389130.621912 0.608695 3.371548 -0.041916 1650375337.661026
7806306.798698 -389130.330938 0.604284 3.381206 -0.041920 1650375337.810918
7806307.221015 -389130.041525 0.599870 3.398590 -0.041927 1650375337.960783
7806307.645379 -389129.753357 0.595477 3.404385 -0.041380 1650375338.110644
7806308.069410 -389129.467921 0.591476 3.392796 -0.037802 1650375338.260532
7806308.494430 -389129.183954 0.588272 3.388933 -0.030924 1650375338.410389
7806308.918929 -389128.901951 0.586033 3.361891 -0.023210 1650375338.560163
7806309.342360 -389128.621766 0.584490 3.356096 -0.017701 1650375338.709973
7806309.764306 -389128.343259 0.583308 3.356096 -0.015498 1650375338.859828
7806310.184490 -389128.066488 0.582133 3.340643 -0.015496 1650375339.009708
7806310.603139 -389127.791286 0.580966 3.315533 -0.015629 1650375339.159494
7806311.159198 -389127.426617 0.579390 3.300081 -0.015903 1650375339.359389
7806311.710429 -389127.066162 0.577713 3.267244 -0.016448 1650375339.559147
7806312.258238 -389126.709022 0.576048 3.242134 -0.016444 1650375339.759010
7806312.803401 -389126.354671 0.574394 3.230544 -0.016442 1650375339.958770
7806313.344665 -389126.003992 0.572749 3.205434 -0.016439 1650375340.158525
7806313.883786 -389125.655949 0.571106 3.195776 -0.016574 1650375340.358364
7806314.422758 -389125.309260 0.569433 3.188050 -0.016711 1650375340.558105
7806314.958864 -389124.965580 0.567774 3.159076 -0.016706 1650375340.757959
7806315.493826 -389124.623741 0.566118 3.157145 -0.016706 1650375340.957759
7806316.027882 -389124.283537 0.564466 3.151350 -0.016705 1650375341.157503
7806316.560269 -389123.945524 0.562822 3.135897 -0.016702 1650375341.357287
7806317.092266 -389123.608909 0.561180 3.130103 -0.016701 1650375341.557097
7806317.621787 -389123.274908 0.559544 3.116582 -0.016699 1650375341.756905
7806318.150061 -389122.942679 0.557907 3.101129 -0.016834 1650375341.956804
7806318.665579 -389122.619424 0.556240 3.054772 -0.017514 1650375342.156730
7806319.171338 -389122.303315 0.554540 2.946604 -0.017771 1650375342.356651
7806319.670925 -389121.992110 0.552797 2.871273 -0.018582 1650375342.556641
7806320.155525 -389121.691266 0.550812 2.797873 -0.020763 1650375342.756495
7806320.631841 -389121.396734 0.548789 2.776626 -0.020896 1650375342.956341
7806321.106028 -389121.104803 0.546772 2.709021 -0.021022 1650375343.156199
7806321.571312 -389120.819597 0.544796 2.701295 -0.021020 1650375343.355973
7806322.027811 -389120.540930 0.542855 2.662664 -0.021014 1650375343.555729
7806322.481749 -389120.264998 0.540931 2.620169 -0.021007 1650375343.755482
7806322.929818 -389119.993750 0.539031 2.616306 -0.021006 1650375343.955257
7806323.377122 -389119.724137 0.537135 2.589264 -0.021002 1650375344.155016
7806323.822487 -389119.456871 0.535251 2.587333 -0.021001 1650375344.354822
7806324.266426 -389119.191580 0.533370 2.583470 -0.021000 1650375344.554719
7806324.713641 -389118.925436 0.531477 2.596990 -0.021002 1650375344.754516
7806325.162330 -389118.659561 0.529583 2.591196 -0.021002 1650375344.954226
7806325.610929 -389118.394900 0.527697 2.591196 -0.021002 1650375345.154009
7806326.063340 -389118.129151 0.525793 2.612443 -0.020868 1650375345.353816
7806326.514468 -389117.865242 0.523887 2.600854 -0.021003 1650375345.553624
7806326.967456 -389117.601418 0.521994 2.627896 -0.020598 1650375345.753445
7806327.421773 -389117.338035 0.520458 2.620169 -0.016903 1650375345.953239
7806327.880042 -389117.073299 0.519445 2.635622 -0.013346 1650375346.153189
7806328.340360 -389116.808045 0.518476 2.631759 -0.013346 1650375346.353093
7806328.800561 -389116.543445 0.517507 2.637553 -0.013347 1650375346.552970
7806329.263675 -389116.277782 0.516552 2.666527 -0.013076 1650375346.753150
7806329.728678 -389116.011647 0.515652 2.670390 -0.012529 1650375346.952880
7806330.196571 -389115.743945 0.515020 2.680048 -0.012119 1650375347.152824
7806330.665071 -389115.477467 0.513984 2.672322 -0.012118 1650375347.352756
7806331.137007 -389115.209096 0.513137 2.699363 -0.012121 1650375347.552594
7806331.610913 -389114.940182 0.512290 2.703227 -0.012258 1650375347.752244
7806332.084542 -389114.671992 0.511447 2.703227 -0.012121 1650375347.952101
7806332.560278 -389114.403179 0.510600 2.716748 -0.012123 1650375348.152089
7806333.036145 -389114.134850 0.509744 2.726405 -0.012260 1650375348.351673
7806333.511985 -389113.867090 0.508898 2.709021 -0.012259 1650375348.551661
7806333.982697 -389113.602770 0.508064 2.691637 -0.012120 1650375348.751282
7806334.450247 -389113.340793 0.507222 2.658801 -0.012254 1650375348.951043
7806334.914491 -389113.081127 0.506416 2.637553 -0.011841 1650375349.150854
7806335.374649 -389112.824171 0.505863 2.589264 -0.009374 1650375349.350713
7806335.834472 -389112.567706 0.505504 2.608580 -0.008554 1650375349.550525
7806336.288207 -389112.314812 0.505144 2.581538 -0.008553 1650375349.750278
7806336.737706 -389112.064463 0.504788 2.550633 -0.008551 1650375349.950089
7806337.181812 -389111.817336 0.504425 2.537112 -0.008823 1650375350.149843
7806337.624391 -389111.571386 0.503618 2.510070 -0.014428 1650375350.349649
7806338.168398 -389111.270253 0.500910 2.477233 -0.027267 1650375350.599477
7806338.710898 -389110.972544 0.497034 2.448260 -0.033266 1650375350.849351
7806339.252671 -389110.678497 0.493304 2.452123 -0.028490 1650375351.099178
7806339.792858 -389110.387827 0.491732 2.430876 -0.011003 1650375351.348978
7806340.323152 -389110.103346 0.492301 2.376792 0.002528 1650375351.598737
7806340.837449 -389109.827215 0.495164 2.287940 0.019864 1650375351.848403
7806341.330855 -389109.560711 0.500042 2.179772 0.038106 1650375352.098070
7806341.805217 -389109.301328 0.507570 2.108304 0.062387 1650375352.347693
7806342.269375 -389109.042381 0.519840 2.069673 0.103825 1650375352.597399
7806342.784549 -389108.745161 0.540246 1.936395 0.153659 1650375352.897026
7806343.252127 -389108.462008 0.564835 1.772212 0.193393 1650375353.196691
7806343.681389 -389108.187389 0.592114 1.664044 0.226955 1650375353.496405
7806344.157182 -389107.862149 0.628367 1.621550 0.265580 1650375353.846136
7806344.586812 -389107.545133 0.666808 1.459298 0.303575 1650375354.195929
7806345.001912 -389107.212907 0.710241 1.258415 0.331633 1650375354.595717
7806345.404112 -389106.862058 0.754798 1.171495 0.331857 1650375355.045508
7806345.788262 -389106.496750 0.799083 0.989928 0.331881 1650375355.545097
7806346.146497 -389106.127100 0.842151 0.789045 0.331923 1650375356.144545
7806346.482527 -389105.751155 0.885456 0.595888 0.353384 1650375356.893320
7806346.799814 -389105.363990 0.931639 0.522489 0.364524 1650375357.892223
7806347.107513 -389104.941890 0.979703 0.713714 0.364548 1650375358.741495
7806347.394533 -389104.498872 1.028215 0.875965 0.364480 1650375359.391079
7806347.661244 -389104.035262 1.077206 0.698261 0.364536 1650375360.040532
