7757094.598353 -364059.928873 -0.127767 -0.001013 0.002892 1625845102.971418
7757095.099382 -364060.011005 -0.137509 0.705056 0.001222 1625845118.872090
7757095.628716 -364060.052964 -0.113705 0.909684 0.082761 1625845119.672275
7757096.135066 -364060.061876 -0.084456 1.092026 0.120210 1625845120.371975
7757096.672597 -364060.083099 -0.058204 1.162937 0.166085 1625845120.871920
7757097.218329 -364060.139082 -0.014750 1.221691 0.224707 1625845121.422673
7757097.721360 -364060.160958 0.045548 1.281459 0.224756 1625845121.922026
7757098.215016 -364060.042168 0.082900 1.360474 0.220137 1625845122.371697
7757098.758077 -364059.931004 0.144886 1.388838 0.178444 1625845122.821791
7757099.267881 -364059.823086 0.183444 1.448606 0.123682 1625845123.271448
7757099.768159 -364059.693231 0.200916 1.470892 0.071023 1625845123.721370
7757100.280385 -364059.540682 0.215889 1.473931 -0.008832 1625845124.121258
7757100.779816 -364059.396570 0.214261 1.480009 -0.035154 1625845124.521440
7757101.313312 -364059.241018 0.185609 1.506347 -0.071096 1625845125.071421
7757101.846754 -364059.114040 0.147388 1.502295 -0.097136 1625845125.521967
7757102.352735 -364058.967686 0.116634 1.474944 -0.098311 1625845126.021722
7757102.868968 -364058.871609 0.071015 1.491152 -0.135889 1625845126.421921
7757103.372585 -364058.779031 0.037939 1.523569 -0.163801 1625845126.921605
7757103.882071 -364058.685804 -0.002281 1.507360 -0.169032 1625845127.372591
7757104.414650 -364058.583001 -0.052506 1.533699 -0.218494 1625845127.921741
7757104.911924 -364058.669430 -0.143339 1.560037 -0.268195 1625845128.472025
7757105.442995 -364058.793031 -0.229310 1.582323 -0.244715 1625845128.922184
7757105.937504 -364058.947482 -0.291661 1.636013 -0.214017 1625845129.372788
7757106.502539 -364059.196868 -0.354721 1.699832 -0.142848 1625845129.771776
7757107.027553 -364059.377918 -0.390556 1.743392 -0.087025 1625845130.121242
7757107.507187 -364059.598619 -0.397925 1.727184 -0.038549 1625845130.471629
7757108.002888 -364059.746212 -0.403413 1.723132 0.002543 1625845130.821901
7757108.457323 -364059.963026 -0.401270 1.776821 0.019805 1625845131.172376
7757108.948420 -364060.166605 -0.394681 1.840641 0.025565 1625845131.521474
7757109.460899 -364060.367459 -0.381683 1.840641 0.026404 1625845131.821496
7757109.977972 -364060.524586 -0.374356 1.856849 0.048446 1625845132.121327
7757110.497128 -364060.698179 -0.355032 1.888253 0.088701 1625845132.471653
7757111.002279 -364060.945332 -0.342688 1.900409 0.082391 1625845132.772374
7757111.540609 -364061.102200 -0.323252 1.889266 0.078213 1625845133.071707
7757112.041453 -364061.276260 -0.305452 1.894331 0.068307 1625845133.322018
7757112.574632 -364061.396646 -0.296160 1.840641 0.049280 1625845133.622140
7757113.114201 -364061.491482 -0.286856 1.856849 0.052754 1625845133.872031
7757113.654468 -364061.666230 -0.273753 1.888253 0.081070 1625845134.222079
7757114.142066 -364061.778263 -0.257146 1.882174 0.071288 1625845134.522141
7757114.694082 -364061.891503 -0.243617 1.797082 0.051900 1625845134.871927
7757115.202809 -364062.002241 -0.232550 1.809238 0.037421 1625845135.121985
7757115.735446 -364062.116593 -0.227631 1.803160 0.037899 1625845135.422220
7757116.228954 -364062.212369 -0.215363 1.845706 0.040183 1625845135.672184
7757116.824020 -364062.308563 -0.202113 1.834563 0.090222 1625845136.022065
7757117.343079 -364062.405241 -0.187477 1.856849 0.069010 1625845136.372736
7757117.848628 -364062.451768 -0.178931 1.861914 0.036593 1625845136.622212
7757118.406180 -364062.509290 -0.174619 1.829498 0.021369 1625845136.872420
7757118.937332 -364062.603204 -0.172763 1.776821 0.049739 1625845137.222311
7757119.454054 -364062.625869 -0.156439 1.764665 0.095542 1625845137.521986
7757119.979762 -364062.710877 -0.136818 1.733262 0.115566 1625845137.822021
7757120.507127 -364062.842136 -0.116448 1.743392 0.148944 1625845138.172568
7757121.020753 -364062.963845 -0.082981 1.743392 0.184674 1625845138.472066
7757121.576767 -364063.057054 -0.042659 1.717054 0.217528 1625845138.822272
7757122.113386 -364063.062471 0.011578 1.695780 0.232700 1625845139.122395
7757122.666388 -364063.082340 0.067765 1.695780 0.246320 1625845139.472234
7757123.255684 -364063.017776 0.128990 1.690715 0.247332 1625845139.872080
7757123.766859 -364062.892571 0.198266 1.668429 0.254652 1625845140.172374
7757124.323933 -364062.798086 0.238652 1.619805 0.252667 1625845140.522327
7757124.857251 -364062.713853 0.304462 1.602583 0.245184 1625845140.922335
7757125.344418 -364062.557972 0.355531 1.553959 0.241397 1625845141.222390
7757125.831882 -364062.359013 0.412632 1.533699 0.240468 1625845141.572900
7757126.285862 -364062.113010 0.458180 1.485074 0.238499 1625845141.922198
7757126.739120 -364061.872949 0.516186 1.409098 0.235458 1625845142.322400
7757127.120295 -364061.541262 0.552286 1.405046 0.230230 1625845142.672657
7757127.553207 -364061.236717 0.617199 1.431385 0.242749 1625845143.122681
7757127.925978 -364060.856269 0.666353 1.360474 0.260801 1625845143.572899
7757128.318538 -364060.507503 0.727095 1.351357 0.265402 1625845143.972777
7757128.696445 -364060.112475 0.788674 1.361487 0.281119 1625845144.323148
7757129.058601 -364059.678959 0.848803 1.345279 0.279435 1625845144.772541
7757129.432423 -364059.239062 0.910896 1.388838 0.278039 1625845145.172849
7757129.742076 -364058.778304 0.973841 1.366552 0.276679 1625845145.622788
7757129.963772 -364058.307127 1.035314 1.393903 0.276710 1625845146.072650
7757130.143581 -364057.787937 1.109027 1.367565 0.276235 1625845146.472453
7757130.350053 -364057.265016 1.156234 1.454684 0.276225 1625845146.822592
7757130.459279 -364056.764779 1.219910 1.415176 0.276512 1625845147.222403
7757130.617811 -364056.277361 1.266158 1.421254 0.276965 1625845147.522296
7757130.778935 -364055.785601 1.335839 1.409098 0.269815 1625845147.922671
7757130.816970 -364055.254148 1.385796 1.389851 0.216283 1625845148.322523
7757130.867348 -364054.741670 1.421234 1.291589 0.108010 1625845148.722318
7757130.957421 -364054.210677 1.438811 1.098104 0.030262 1625845149.222198
7757131.013193 -364053.692111 1.445643 0.898541 0.024275 1625845149.722380
7757131.075806 -364053.167617 1.437810 0.844851 -0.010484 1625845150.422505
7757131.122198 -364052.668420 1.431481 0.785084 0.000983 1625845151.022214
7757131.240328 -364052.171517 1.441303 0.495362 0.006354 1625845151.973171
