7757673.317071 -363605.688407 0.813731 0.000000 0.000044 1563311640.563000
7757673.672251 -363605.304955 0.809004 0.646194 -0.065607 1563311642.501001
7757674.038312 -363604.917161 0.788303 0.984188 -0.122256 1563311643.184000
7757674.405123 -363604.556639 0.761666 1.238952 -0.140108 1563311643.658000
7757674.834994 -363604.158718 0.730509 1.478030 -0.139335 1563311644.074000
7757675.262550 -363603.788285 0.698464 1.694146 -0.125718 1563311644.442000
7757675.696948 -363603.435690 0.672950 1.890590 -0.105441 1563311644.754005
7757676.119480 -363603.102549 0.656462 2.058403 -0.084695 1563311645.014000
7757676.553494 -363602.760904 0.641247 2.228745 -0.063044 1563311645.278001
7757677.043665 -363602.411070 0.625301 2.404999 -0.041053 1563311645.538000
7757677.498647 -363602.068023 0.622210 2.550118 -0.024119 1563311645.762133
7757677.947174 -363601.742819 0.618481 2.699689 -0.007639 1563311645.977000
7757678.425229 -363601.413324 0.615417 2.852310 0.005715 1563311646.185000
7757678.908724 -363601.059385 0.620245 3.006614 0.015006 1563311646.393000
7757679.331630 -363600.753166 0.625385 3.125298 0.020135 1563311646.549001
7757679.882363 -363600.350531 0.630107 3.286284 0.023568 1563311646.761001
7757680.471626 -363599.931814 0.636924 3.450232 0.022002 1563311646.969000
7757680.928240 -363599.571271 0.642439 3.572807 0.020258 1563311647.142000
7757681.360105 -363599.253963 0.647320 3.657217 0.016194 1563311647.298000
7757681.833990 -363598.886761 0.646442 3.784874 0.010772 1563311647.454000
7757682.314566 -363598.511715 0.650329 3.913529 0.008185 1563311647.610000
7757682.803145 -363598.154337 0.652366 4.042339 0.004036 1563311647.766000
7757683.314064 -363597.732140 0.652366 4.174273 0.001207 1563311647.926000
7757683.888803 -363597.323448 0.652331 4.307894 -0.000973 1563311648.082000
7757684.403365 -363596.915355 0.652962 4.443163 -0.003358 1563311648.238000
7757684.933539 -363596.498112 0.650535 4.580074 -0.003519 1563311648.394059
7757685.346821 -363596.163110 0.652358 4.672335 -0.004846 1563311648.502000
7757685.938700 -363595.721853 0.649521 4.812018 -0.006218 1563311648.658000
7757686.535802 -363595.263123 0.646312 4.953330 -0.006485 1563311648.814000
7757686.954548 -363594.936091 0.646273 5.048440 -0.006455 1563311648.918000
7757687.379245 -363594.644127 0.645318 5.142494 -0.005706 1563311649.022001
7757687.803712 -363594.311740 0.644281 5.239143 -0.005103 1563311649.126000
7757688.316826 -363593.932094 0.641440 5.336465 -0.003882 1563311649.235000
7757688.718242 -363593.626749 0.639799 5.434444 -0.003072 1563311649.339000
7757689.161720 -363593.284567 0.641380 5.533139 -0.001295 1563311649.443016
7757689.700073 -363592.902896 0.641407 5.632546 0.000354 1563311649.547028
7757690.119321 -363592.550124 0.642113 5.732664 0.001017 1563311649.651000
7757690.599827 -363592.214725 0.641509 5.833492 0.001844 1563311649.755000
7757691.096130 -363591.842271 0.639558 5.931379 0.002204 1563311649.859000
7757691.590181 -363591.453803 0.642891 6.033746 0.002500 1563311649.968000
7757692.104404 -363591.064228 0.642440 6.136646 0.003791 1563311650.072000
7757692.619038 -363590.673953 0.641954 6.240254 0.003958 1563311650.176000
7757693.159726 -363590.261988 0.645469 6.344330 0.003348 1563311650.280000
7757693.683407 -363589.870443 0.645415 6.448356 0.003182 1563311650.384000
7757694.204793 -363589.462354 0.647821 6.549976 0.002438 1563311650.488060
7757694.754636 -363589.054677 0.647006 6.650930 0.001695 1563311650.592000
7757695.305477 -363588.627662 0.645907 6.748206 0.000735 1563311650.696000
7757695.886163 -363588.199755 0.645507 6.844301 0.000108 1563311650.800001
7757696.473687 -363587.735622 0.649063 6.940282 -0.000209 1563311650.904000
7757697.052562 -363587.287023 0.647198 7.033762 -0.000284 1563311651.012000
7757697.663737 -363586.846765 0.646979 7.127188 -0.001431 1563311651.117000
7757698.237955 -363586.386338 0.642438 7.219037 -0.001814 1563311651.221001
7757698.873847 -363585.902655 0.647576 7.309670 -0.001806 1563311651.325000
7757699.485240 -363585.459076 0.648290 7.398805 -0.000901 1563311651.429000
7757700.055974 -363584.998974 0.644889 7.486761 -0.001142 1563311651.533000
7757700.715600 -363584.514167 0.648108 7.573243 -0.001362 1563311651.637000
7757701.350343 -363584.032525 0.645577 7.657122 -0.001079 1563311651.746000
7757701.984957 -363583.534543 0.646121 7.740995 -0.001002 1563311651.850000
7757702.633010 -363583.038623 0.642306 7.823447 -0.000485 1563311651.954000
7757703.304931 -363582.531893 0.645035 7.904763 -0.000673 1563311652.058001
7757703.949854 -363582.065913 0.645695 7.984730 -0.000142 1563311652.162023
7757704.596241 -363581.560326 0.646731 8.063347 -0.000137 1563311652.266000
7757705.276718 -363581.045374 0.642909 8.140686 0.000039 1563311652.370001
7757705.983903 -363580.512365 0.644532 8.215520 -0.000391 1563311652.478000
7757706.697622 -363579.970119 0.644816 8.290235 -0.000198 1563311652.582000
7757707.365126 -363579.452893 0.645986 8.363666 -0.000148 1563311652.686000
7757708.075765 -363578.921975 0.644123 8.435814 -0.000140 1563311652.790057
7757709.116321 -363578.132368 0.644269 8.539614 -0.001009 1563311652.946002
7757709.821259 -363577.604463 0.642214 8.604945 -0.000263 1563311653.050023
7757710.246622 -363577.294096 0.643228 8.637912 -0.000353 1563311653.106937
7757710.965390 -363576.741623 0.645154 8.704948 -0.000634 1563311653.211000
7757711.680269 -363576.215027 0.639725 8.770608 0.000441 1563311653.315000
7757712.383684 -363575.662725 0.644075 8.835102 0.000695 1563311653.419001
7757713.130840 -363575.082524 0.644306 8.898293 0.001670 1563311653.523000
7757713.892790 -363574.518014 0.643919 8.959248 0.002536 1563311653.627001
7757714.678702 -363573.933967 0.645503 9.018060 0.002514 1563311653.734831
7757715.394289 -363573.371139 0.647744 9.077645 0.003092 1563311653.839000
7757716.143487 -363572.816075 0.647146 9.135832 0.004083 1563311653.943000
7757716.532984 -363572.501967 0.648734 9.164437 0.004067 1563311653.995000
7757717.305083 -363571.922678 0.650029 9.220730 0.004228 1563311654.099002
7757718.079570 -363571.330032 0.651436 9.275867 0.004205 1563311654.203000
7757718.867247 -363570.730475 0.652496 9.328724 0.004310 1563311654.307000
7757719.580907 -363570.161824 0.655888 9.380378 0.004481 1563311654.411000
7757720.017868 -363569.830217 0.653665 9.406430 0.004543 1563311654.469532
7757720.785938 -363569.221846 0.657173 9.457316 0.003571 1563311654.573000
7757721.183965 -363568.917730 0.660286 9.482208 0.003351 1563311654.625000
7757721.969284 -363568.313850 0.659371 9.531053 0.002674 1563311654.729001
7757722.749695 -363567.694607 0.659889 9.578876 0.001811 1563311654.833000
7757723.535714 -363567.080257 0.659735 9.625558 0.001390 1563311654.937000
7757723.939764 -363566.752342 0.662316 9.648374 0.001204 1563311654.989000
7757724.734390 -363566.135187 0.662204 9.693052 0.001216 1563311655.093001
7757725.151510 -363565.816822 0.661986 9.714224 0.000851 1563311655.148862
7757725.549258 -363565.497731 0.662297 9.735920 0.000612 1563311655.201000
7757725.959652 -363565.173305 0.664158 9.755473 0.000451 1563311655.253000
7757726.750214 -363564.548453 0.664589 9.788812 0.000047 1563311655.357000
7757727.551452 -363563.917056 0.663253 9.816603 -0.000346 1563311655.461000
7757727.953909 -363563.607301 0.661792 9.828785 -0.000533 1563311655.513001
7757728.351763 -363563.294267 0.662022 9.839854 -0.000633 1563311655.565000
7757728.752935 -363562.993952 0.659955 9.850400 -0.000906 1563311655.617000
7757729.155409 -363562.674819 0.661215 9.859976 -0.000986 1563311655.669001
7757729.567324 -363562.345298 0.662303 9.868680 -0.001236 1563311655.721000
7757729.998625 -363561.988293 0.660445 9.877208 -0.001070 1563311655.777023
7757730.423761 -363561.684890 0.660783 9.884474 -0.000473 1563311655.829621
7757730.816642 -363561.358937 0.664597 9.891391 -0.000289 1563311655.881000
7757731.624530 -363560.727377 0.662916 9.903166 0.000074 1563311655.985000
7757732.460781 -363560.089017 0.660119 9.912223 -0.000237 1563311656.089000
7757732.872225 -363559.793123 0.658336 9.915871 -0.000355 1563311656.141000
7757733.281203 -363559.474134 0.658467 9.918942 -0.000330 1563311656.193000
7757733.734020 -363559.121350 0.660743 9.921397 0.000116 1563311656.245000
7757734.508495 -363558.512485 0.660428 9.923437 0.001289 1563311656.349001
7757734.911192 -363558.200046 0.658622 9.923825 0.001575 1563311656.401000
7757735.308892 -363557.879648 0.659165 9.906732 0.001899 1563311656.453000
7757735.730644 -363557.542143 0.663752 9.874840 0.001497 1563311656.505056
7757736.518707 -363556.902411 0.661741 9.814412 0.001165 1563311656.613000
7757737.320712 -363556.279171 0.662029 9.753694 0.000854 1563311656.717000
7757737.723561 -363555.948849 0.664444 9.723120 0.000811 1563311656.769000
7757738.512533 -363555.333665 0.665036 9.662344 0.001230 1563311656.873000
7757739.301044 -363554.714238 0.663882 9.601726 0.001141 1563311656.977000
7757740.082175 -363554.103363 0.663417 9.541314 0.000864 1563311657.081000
7757740.875781 -363553.489914 0.663310 9.481646 0.000847 1563311657.185000
7757741.599247 -363552.901481 0.665843 9.423390 0.000926 1563311657.289000
7757741.991465 -363552.579631 0.669820 9.393105 0.000846 1563311657.341000
7757742.425498 -363552.239692 0.669300 9.363741 0.000848 1563311657.397630
7757743.178603 -363551.654697 0.670429 9.303940 0.000763 1563311657.501000
7757743.929566 -363551.061887 0.669393 9.244389 0.000098 1563311657.605000
7757744.333534 -363550.741613 0.668719 9.215185 -0.000481 1563311657.657001
7757745.104507 -363550.126825 0.666551 9.157313 -0.000851 1563311657.761021
7757745.815231 -363549.556427 0.669566 9.099778 -0.000546 1563311657.865001
7757746.528753 -363548.985789 0.665614 9.042218 -0.000433 1563311657.969000
7757747.292018 -363548.396240 0.663690 8.986066 -0.000805 1563311658.077280
7757748.024269 -363547.817582 0.659381 8.929346 -0.000994 1563311658.181000
7757748.743240 -363547.253487 0.663508 8.873566 -0.000612 1563311658.285001
7757749.469037 -363546.676557 0.663433 8.818180 -0.000084 1563311658.389000
7757750.183935 -363546.114277 0.663252 8.762790 0.000051 1563311658.493000
7757750.918547 -363545.538629 0.664443 8.707863 0.000067 1563311658.597048
7757751.717583 -363544.914706 0.664678 8.655110 -0.000005 1563311658.713168
7757752.770869 -363544.083424 0.663542 8.576118 -0.000874 1563311658.873001
7757753.509321 -363543.508412 0.664007 8.524575 -0.001517 1563311658.977000
7757754.168648 -363542.969626 0.663486 8.470589 -0.001575 1563311659.081040
7757754.850389 -363542.438922 0.660948 8.418580 -0.002120 1563311659.185000
7757755.552665 -363541.876304 0.663710 8.366208 -0.002684 1563311659.289000
7757756.301593 -363541.301883 0.660842 8.314819 -0.003423 1563311659.393000
7757756.939882 -363540.807519 0.657214 8.264692 -0.004735 1563311659.502000
7757757.649314 -363540.266068 0.655630 8.213859 -0.005407 1563311659.608000
7757758.314925 -363539.730166 0.656509 8.163003 -0.006292 1563311659.712000
7757758.960095 -363539.240461 0.651802 8.112781 -0.007078 1563311659.816000
7757759.669184 -363538.700129 0.650290 8.063505 -0.008453 1563311659.920000
7757760.292823 -363538.215815 0.645898 8.014789 -0.009642 1563311660.024000
7757760.954423 -363537.705145 0.644392 7.965802 -0.011001 1563311660.128000
7757761.618473 -363537.212270 0.637774 7.917338 -0.012199 1563311660.232079
7757762.274440 -363536.706381 0.637726 7.869927 -0.013851 1563311660.336001
7757762.951055 -363536.218012 0.631210 7.824707 -0.014985 1563311660.444910
7757763.663562 -363535.691806 0.625564 7.784879 -0.016493 1563311660.556000
7757764.330617 -363535.218947 0.621640 7.752029 -0.017944 1563311660.660000
7757764.967822 -363534.739023 0.618018 7.724853 -0.019555 1563311660.764000
7757765.650990 -363534.268891 0.608476 7.702529 -0.021062 1563311660.868000
7757766.272315 -363533.837119 0.601170 7.684564 -0.022859 1563311660.972006
7757766.962667 -363533.353525 0.597060 7.670009 -0.023967 1563311661.080858
7757767.652529 -363532.898649 0.587251 7.658521 -0.024498 1563311661.185000
7757768.286530 -363532.465735 0.579101 7.649479 -0.025868 1563311661.289053
7757768.944162 -363532.040724 0.571227 7.642464 -0.027081 1563311661.393000
7757769.630617 -363531.607256 0.559802 7.637125 -0.028154 1563311661.497000
7757770.325076 -363531.156004 0.556107 7.633164 -0.028953 1563311661.601001
7757770.978427 -363530.745763 0.548389 7.630248 -0.028305 1563311661.705000
7757771.673605 -363530.325050 0.537392 7.628277 -0.028788 1563311661.812000
7757772.340748 -363529.903763 0.528753 7.627322 -0.031239 1563311661.916000
7757773.058995 -363529.508067 0.518210 7.627007 -0.033587 1563311662.020000
7757773.709021 -363529.131033 0.508542 7.627007 -0.036153 1563311662.124026
7757774.417685 -363528.740118 0.500597 7.627007 -0.037966 1563311662.228001
7757775.149273 -363528.344628 0.488591 7.627007 -0.039714 1563311662.332000
7757775.814524 -363528.027226 0.476014 7.627007 -0.041463 1563311662.438000
7757776.559600 -363527.645302 0.458669 7.627007 -0.043465 1563311662.543000
7757777.264742 -363527.285774 0.443876 7.627007 -0.045928 1563311662.647000
7757778.006809 -363526.943653 0.433301 7.627007 -0.047420 1563311662.751001
7757778.699608 -363526.621476 0.414396 7.627007 -0.048109 1563311662.855000
7757779.438563 -363526.310767 0.405060 7.627007 -0.049779 1563311662.959000
7757780.170995 -363525.977248 0.388840 7.627007 -0.049971 1563311663.063000
7757780.931632 -363525.689689 0.371378 7.627007 -0.049436 1563311663.170000
7757781.669802 -363525.398174 0.351549 7.627007 -0.050924 1563311663.275000
7757782.413124 -363525.129307 0.342201 7.627007 -0.052130 1563311663.379001
7757783.134338 -363524.867282 0.326969 7.627007 -0.050648 1563311663.483000
7757783.929043 -363524.609888 0.307346 7.627007 -0.049945 1563311663.587000
7757784.765558 -363524.347063 0.296240 7.627007 -0.052225 1563311663.691000
7757785.424074 -363524.144693 0.278861 7.627007 -0.052871 1563311663.795000
7757786.181319 -363523.928587 0.263150 7.627007 -0.053262 1563311663.899000
7757786.960698 -363523.726158 0.247875 7.627007 -0.053953 1563311664.003045
7757787.800088 -363523.518813 0.227993 7.627007 -0.055839 1563311664.114163
7757788.543927 -363523.343816 0.212262 7.627007 -0.057837 1563311664.218000
7757789.383963 -363523.163861 0.195691 7.627007 -0.058550 1563311664.322001
7757790.146257 -363523.027039 0.172630 7.627007 -0.059096 1563311664.426000
7757790.921101 -363522.894258 0.157081 7.627007 -0.060622 1563311664.530000
7757791.700014 -363522.770357 0.138955 7.627007 -0.059584 1563311664.634000
7757792.538475 -363522.663617 0.119696 7.627007 -0.058536 1563311664.738001
7757793.281410 -363522.559620 0.106883 7.627007 -0.057775 1563311664.842000
7757794.111757 -363522.495982 0.085809 7.627007 -0.056600 1563311664.946000
7757794.971340 -363522.420146 0.065108 7.627007 -0.055264 1563311665.054626
7757795.717533 -363522.370181 0.056229 7.627007 -0.054934 1563311665.163772
7757796.563451 -363522.332210 0.037234 7.627007 -0.053082 1563311665.267000
7757797.369495 -363522.303893 0.019934 7.627007 -0.053335 1563311665.371000
7757798.169905 -363522.289455 0.002758 7.627007 -0.053020 1563311665.475001
7757798.868131 -363522.287841 -0.013212 7.627007 -0.052037 1563311665.579001
7757799.705749 -363522.304316 -0.027084 7.627007 -0.051680 1563311665.683000
7757800.544925 -363522.327710 -0.040905 7.627007 -0.051227 1563311665.787000
7757801.302790 -363522.368955 -0.056763 7.627007 -0.050955 1563311665.891000
7757802.082934 -363522.416291 -0.076179 7.627007 -0.052096 1563311665.999589
7757802.903606 -363522.481610 -0.092881 7.627007 -0.053182 1563311666.109927
7757803.758948 -363522.557670 -0.102568 7.627007 -0.053409 1563311666.214001
7757804.524948 -363522.648718 -0.124829 7.627007 -0.052824 1563311666.318000
7757805.317279 -363522.747802 -0.138383 7.627007 -0.054428 1563311666.422000
7757806.103864 -363522.858812 -0.159611 7.627007 -0.055432 1563311666.526000
7757806.856287 -363522.994810 -0.169554 7.627007 -0.055353 1563311666.630000
7757807.605213 -363523.125782 -0.191772 7.627007 -0.055006 1563311666.734000
7757808.385808 -363523.280408 -0.208117 7.627007 -0.055392 1563311666.838000
7757809.193869 -363523.452717 -0.225340 7.627007 -0.055148 1563311666.946866
7757809.995795 -363523.640896 -0.243482 7.627007 -0.054724 1563311667.054788
7757810.754606 -363523.833156 -0.259896 7.627007 -0.054618 1563311667.159000
7757811.541721 -363524.037877 -0.275936 7.627007 -0.054858 1563311667.263001
7757812.316750 -363524.259341 -0.291464 7.627007 -0.054287 1563311667.367000
7757813.071371 -363524.489595 -0.306924 7.533757 -0.055402 1563311667.471000
7757813.794895 -363524.723333 -0.324996 7.443927 -0.056432 1563311667.575000
7757814.536480 -363524.974379 -0.338777 7.355977 -0.057957 1563311667.679001
7757815.268636 -363525.234759 -0.358933 7.355977 -0.058996 1563311667.783002
7757815.947133 -363525.498757 -0.376234 7.355977 -0.059385 1563311667.887000
7757816.707592 -363525.782800 -0.387148 7.355977 -0.060159 1563311667.991001
7757817.359450 -363526.079396 -0.410857 7.276490 -0.060341 1563311668.095000
7757818.097495 -363526.399402 -0.426009 7.228911 -0.061896 1563311668.203000
7757818.791115 -363526.717067 -0.447713 7.228911 -0.061854 1563311668.310000
7757819.492756 -363527.061487 -0.463243 7.228911 -0.060964 1563311668.414002
7757820.129935 -363527.387325 -0.480658 7.228911 -0.059979 1563311668.518000
7757820.789835 -363527.738413 -0.499271 7.228911 -0.058496 1563311668.622001
7757821.484917 -363528.117731 -0.514597 7.228911 -0.056603 1563311668.727457
7757822.462176 -363528.683797 -0.537477 7.060760 -0.053334 1563311668.883001
7757823.071431 -363529.043499 -0.554534 6.922906 -0.051222 1563311668.990000
7757823.707216 -363529.448376 -0.568961 6.948777 -0.048503 1563311669.094001
7757824.299126 -363529.838305 -0.581810 6.973085 -0.045372 1563311669.198000
7757824.906813 -363530.239975 -0.593847 6.996678 -0.042226 1563311669.302001
7757825.499462 -363530.667668 -0.603858 7.020021 -0.039837 1563311669.406000
7757826.101925 -363531.074093 -0.615598 7.043118 -0.036964 1563311669.510003
7757826.694081 -363531.469661 -0.625502 7.064734 -0.034341 1563311669.614000
7757827.289477 -363531.886981 -0.634229 7.085197 -0.031766 1563311669.718000
7757827.889944 -363532.334923 -0.641853 7.104713 -0.029647 1563311669.822012
7757828.527661 -363532.839430 -0.652642 7.125438 -0.027724 1563311669.935744
7757829.128897 -363533.268324 -0.658108 7.146111 -0.025880 1563311670.040000
7757829.715665 -363533.718917 -0.666401 7.167048 -0.023852 1563311670.144000
7757830.296229 -363534.187243 -0.669805 7.187945 -0.022170 1563311670.248000
7757830.890465 -363534.659105 -0.679909 7.207362 -0.020116 1563311670.352000
7757831.467992 -363535.113624 -0.684402 7.225374 -0.018749 1563311670.456000
7757832.069711 -363535.589040 -0.685321 7.241753 -0.016587 1563311670.560000
7757832.679400 -363536.095799 -0.693416 7.257137 -0.015127 1563311670.664000
7757833.231715 -363536.560705 -0.694348 7.271987 -0.014139 1563311670.768000
7757833.812832 -363537.041664 -0.701092 7.286182 -0.012759 1563311670.872001
7757834.373562 -363537.523186 -0.705175 7.299329 -0.011807 1563311670.976000
7757834.966408 -363538.012173 -0.709563 7.311657 -0.011122 1563311671.080023
7757835.553634 -363538.522657 -0.712480 7.324000 -0.009481 1563311671.188000
7757836.183534 -363539.056872 -0.714817 7.336591 -0.008201 1563311671.299035
7757836.757569 -363539.556490 -0.716430 7.349407 -0.007354 1563311671.403000
7757837.365356 -363540.069447 -0.716505 7.362479 -0.006446 1563311671.507000
7757837.909569 -363540.558306 -0.720054 7.375659 -0.005801 1563311671.611000
7757838.496430 -363541.089852 -0.722855 7.388898 -0.005405 1563311671.715001
7757839.081479 -363541.574790 -0.721641 7.402161 -0.004725 1563311671.819000
7757839.678162 -363542.083749 -0.724934 7.415284 -0.004039 1563311671.923000
7757840.278229 -363542.614286 -0.723216 7.427787 -0.003644 1563311672.031001
7757840.861335 -363543.135788 -0.725237 7.439861 -0.002722 1563311672.138000
7757841.490257 -363543.699440 -0.727039 7.451831 -0.002404 1563311672.242000
7757842.004553 -363544.160486 -0.728066 7.463072 -0.002150 1563311672.346000
7757842.612900 -363544.670074 -0.729747 7.473486 -0.001898 1563311672.450000
7757843.178251 -363545.182303 -0.728553 7.483243 -0.001177 1563311672.554000
7757843.762652 -363545.707095 -0.729626 7.492313 -0.000465 1563311672.658000
7757844.345548 -363546.225546 -0.730982 7.501188 -0.000345 1563311672.762000
7757844.920562 -363546.738951 -0.731044 7.510026 -0.000264 1563311672.866000
7757845.516139 -363547.263281 -0.729713 7.518787 0.000205 1563311672.970001
7757846.090391 -363547.771719 -0.728984 7.527517 0.000336 1563311673.074000
7757846.693724 -363548.299912 -0.728731 7.536022 0.000252 1563311673.178000
7757847.298579 -363548.843242 -0.729578 7.544278 0.000220 1563311673.282000
7757847.896016 -363549.366943 -0.727740 7.552538 0.000159 1563311673.391000
7757848.491845 -363549.903465 -0.729959 7.560992 0.000137 1563311673.495001
7757849.071110 -363550.412158 -0.727139 7.569589 -0.000204 1563311673.599000
7757849.659970 -363550.934647 -0.728495 7.578276 0.000018 1563311673.703000
7757850.269041 -363551.477932 -0.729849 7.587019 -0.000297 1563311673.807001
7757850.846893 -363551.977254 -0.727559 7.595773 -0.000593 1563311673.911000
7757851.458772 -363552.531558 -0.727790 7.604512 -0.000382 1563311674.015000
7757852.087757 -363553.087974 -0.729375 7.613209 -0.000354 1563311674.119000
7757852.604115 -363553.550676 -0.729792 7.621707 -0.000642 1563311674.223001
7757853.264867 -363554.134031 -0.727151 7.630140 -0.000458 1563311674.332000
7757853.873210 -363554.677165 -0.727846 7.638620 -0.000081 1563311674.436493
7757854.443663 -363555.168705 -0.726772 7.647007 -0.000113 1563311674.540000
7757855.084614 -363555.719213 -0.729342 7.655287 -0.000154 1563311674.644000
7757855.606590 -363556.218451 -0.732633 7.663454 -0.000116 1563311674.748000
7757856.204617 -363556.749518 -0.730446 7.671502 -0.000186 1563311674.852000
7757856.810265 -363557.273142 -0.731354 7.679427 0.000418 1563311674.956002
7757857.407149 -363557.803866 -0.729353 7.687230 0.000534 1563311675.060000
7757858.001277 -363558.339944 -0.730384 7.694926 0.000468 1563311675.164000
7757858.594381 -363558.863222 -0.730307 7.702527 0.000666 1563311675.268000
7757859.200155 -363559.407037 -0.729097 7.710040 0.000948 1563311675.372000
7757859.880735 -363560.005118 -0.725475 7.717350 0.000986 1563311675.487017
7757860.476524 -363560.543006 -0.726848 7.724711 0.001422 1563311675.591000
7757861.107513 -363561.103833 -0.727615 7.732007 0.001016 1563311675.695000
7757861.680357 -363561.596576 -0.726225 7.739243 0.000705 1563311675.799001
7757862.298927 -363562.144858 -0.725635 7.746414 0.000805 1563311675.903001
7757862.905721 -363562.688846 -0.726778 7.753398 0.000604 1563311676.007000
7757863.487554 -363563.195298 -0.726352 7.760470 0.000697 1563311676.111001
7757864.092332 -363563.734800 -0.727305 7.767472 0.000775 1563311676.215226
7757864.703603 -363564.281634 -0.727470 7.774424 0.000543 1563311676.319001
7757865.299246 -363564.789615 -0.726796 7.781327 0.000883 1563311676.423000
7757865.921328 -363565.330445 -0.727402 7.788181 0.000996 1563311676.527000
7757866.544975 -363565.893955 -0.726672 7.794736 0.001009 1563311676.635315
7757867.140506 -363566.420558 -0.727034 7.801491 0.000926 1563311676.739000
7757867.766276 -363566.960894 -0.725241 7.808210 0.000399 1563311676.843000
7757868.360100 -363567.507874 -0.726468 7.814872 0.000243 1563311676.947000
7757868.978821 -363568.060481 -0.726330 7.821485 -0.000118 1563311677.051000
7757869.584456 -363568.562656 -0.726059 7.828051 -0.000327 1563311677.155000
7757870.199244 -363569.105406 -0.726722 7.834569 -0.000053 1563311677.259001
7757870.811732 -363569.661841 -0.726614 7.841041 -0.000201 1563311677.363001
7757871.452677 -363570.186530 -0.722782 7.847454 -0.000266 1563311677.467001
7757872.071520 -363570.746993 -0.725446 7.853823 0.000487 1563311677.575000
7757872.688891 -363571.290808 -0.726687 7.860142 0.000075 1563311677.679000
7757873.309866 -363571.856846 -0.727262 7.863281 0.000016 1563311677.783000
7757873.903507 -363572.365125 -0.725481 7.863281 0.000958 1563311677.887000
7757874.516478 -363572.919905 -0.725100 7.854025 0.001709 1563311677.991000
7757875.144359 -363573.464023 -0.725089 7.816086 0.001834 1563311678.095000
7757875.728430 -363573.978800 -0.724179 7.775122 0.002145 1563311678.199001
7757876.349549 -363574.515956 -0.723176 7.731971 0.002141 1563311678.303023
7757876.945715 -363575.057383 -0.725804 7.687128 0.002405 1563311678.407045
7757877.550350 -363575.563301 -0.722342 7.642284 0.002135 1563311678.511000
7757878.192582 -363576.127198 -0.722504 7.594232 0.002298 1563311678.622607
7757878.768787 -363576.652370 -0.723992 7.545686 0.002351 1563311678.726001
7757879.357018 -363577.142631 -0.720094 7.496527 0.001961 1563311678.830001
7757879.945100 -363577.654362 -0.721768 7.446232 0.001937 1563311678.934000
7757880.544534 -363578.166487 -0.719229 7.394976 0.001631 1563311679.038000
7757881.149942 -363578.707906 -0.720050 7.344679 0.001335 1563311679.146480
7757881.725825 -363579.208578 -0.716009 7.292426 0.000965 1563311679.255000
7757882.332916 -363579.722375 -0.720064 7.239099 0.000665 1563311679.359000
7757882.875373 -363580.212118 -0.716959 7.185240 -0.000099 1563311679.463000
7757883.468647 -363580.707264 -0.719256 7.129706 -0.000266 1563311679.568000
7757884.077162 -363581.189570 -0.718903 7.073450 -0.000684 1563311679.676937
7757884.570967 -363581.663762 -0.721712 7.004003 -0.000415 1563311679.781001
7757885.151275 -363582.166017 -0.719394 6.964608 -0.000854 1563311679.888000
7757885.719014 -363582.665002 -0.721302 6.907565 -0.000847 1563311679.992000
7757886.259875 -363583.116984 -0.719452 6.848531 -0.001600 1563311680.096000
7757886.762825 -363583.558891 -0.721436 6.791532 -0.001974 1563311680.200000
7757887.329800 -363584.052838 -0.720328 6.733237 -0.002364 1563311680.309001
7757887.866920 -363584.519942 -0.720572 6.675772 -0.002745 1563311680.413000
7757888.352182 -363584.955313 -0.721591 6.617638 -0.003168 1563311680.517000
7757888.890871 -363585.409288 -0.719943 6.559791 -0.003484 1563311680.621000
7757889.394339 -363585.854140 -0.724719 6.502163 -0.003918 1563311680.725001
7757889.898781 -363586.298846 -0.724938 6.446431 -0.004460 1563311680.829001
7757890.387272 -363586.735827 -0.726289 6.391355 -0.004583 1563311680.933001
7757890.926034 -363587.194400 -0.726486 6.333873 -0.004408 1563311681.041954
7757891.406440 -363587.630883 -0.729426 6.277398 -0.004292 1563311681.146000
7757891.892453 -363588.060204 -0.729196 6.225098 -0.004358 1563311681.250000
7757892.375359 -363588.492227 -0.730577 6.169228 -0.003998 1563311681.354027
7757892.862193 -363588.918536 -0.730500 6.113082 -0.003700 1563311681.458000
7757893.328905 -363589.330509 -0.731965 6.057944 -0.003385 1563311681.562000
7757893.783511 -363589.743938 -0.733036 6.003246 -0.003119 1563311681.666001
7757894.274664 -363590.166663 -0.730212 5.948930 -0.002718 1563311681.770001
7757894.726782 -363590.572587 -0.733014 5.895010 -0.002160 1563311681.874000
7757895.163054 -363590.973925 -0.735327 5.841772 -0.002258 1563311681.978000
7757895.625157 -363591.383901 -0.732834 5.789029 -0.002212 1563311682.082000
7757896.086358 -363591.793745 -0.733039 5.736298 -0.001652 1563311682.189252
7757896.533943 -363592.197492 -0.734512 5.683969 -0.001363 1563311682.295000
7757896.956288 -363592.585131 -0.734618 5.630529 -0.001258 1563311682.399000
7757897.385218 -363592.975482 -0.736314 5.578352 -0.001031 1563311682.503000
7757897.835392 -363593.361114 -0.735071 5.526617 -0.000803 1563311682.607000
7757898.269718 -363593.753704 -0.734642 5.475446 -0.000360 1563311682.711000
7757898.695637 -363594.124803 -0.735746 5.424593 -0.000071 1563311682.815000
7757899.101244 -363594.504786 -0.736428 5.372680 -0.000092 1563311682.919000
7757899.514150 -363594.889817 -0.736558 5.323224 0.000022 1563311683.023100
7757899.918371 -363595.269052 -0.737011 5.274760 0.000299 1563311683.127000
7757900.333914 -363595.648053 -0.737854 5.225084 0.000493 1563311683.235000
7757900.739266 -363595.984813 -0.733269 5.176080 0.000875 1563311683.339000
7757901.130100 -363596.339408 -0.735519 5.126815 0.001307 1563311683.443000
7757901.532875 -363596.715164 -0.736909 5.078146 0.001268 1563311683.547000
7757901.929212 -363597.070447 -0.736397 5.029810 0.001378 1563311683.651000
7757902.494846 -363597.567008 -0.733607 4.958248 0.001722 1563311683.807001
7757902.883150 -363597.903920 -0.733619 4.685337 0.002036 1563311683.911000
7757903.356968 -363598.332625 -0.735007 3.938337 0.002109 1563311684.067000
7757903.769606 -363598.702775 -0.733996 3.191337 0.002147 1563311684.223000
7757904.177322 -363599.080241 -0.734225 2.195337 0.002113 1563311684.431000
