7806157.978445 -389015.881116 -0.930635 1.124356 -0.089755 1651234699.656959
7806158.281589 -389016.291582 -0.939574 0.955266 -0.052297 1651234700.156606
7806158.598958 -389016.725805 -0.944079 0.867805 -0.030590 1651234700.755738
7806158.904371 -389017.145375 -0.947904 0.858087 -0.028567 1651234701.355069
7806159.203522 -389017.557728 -0.951578 0.836708 -0.031093 1651234701.954400
7806159.500430 -389017.970323 -0.956333 0.836708 -0.040310 1651234702.554356
7806159.812066 -389018.407550 -0.961422 0.799780 -0.036647 1651234703.203730
7806160.102846 -389018.817840 -0.965543 0.687053 -0.029059 1651234703.853400
7806160.396893 -389019.230314 -0.966516 0.358589 0.010192 1651234704.752544
7806160.693667 -389019.651486 -0.964062 0.358589 0.019691 1651234706.150981
7806160.978837 -389020.063903 -0.961593 0.358589 0.019691 1651234707.549262
7806161.264197 -389020.476595 -0.959123 0.358589 0.019691 1651234708.948473
7806161.549411 -389020.889075 -0.956654 0.358589 0.019691 1651234710.346967
7806161.834807 -389021.301819 -0.954183 0.358589 0.019691 1651234711.746354
7806162.120069 -389021.714369 -0.951714 0.358589 0.019691 1651234713.145086
7806162.405218 -389022.126756 -0.949245 0.358589 0.019691 1651234714.543264
7806162.690324 -389022.539081 -0.946777 0.358589 0.019691 1651234715.941231
7806160.503477 -389019.375454 -0.965722 0.210878 0.019436 1651234716.191090
7806160.816073 -389019.805111 -0.963289 0.745360 0.019444 1651234717.140499
7806161.129151 -389020.237741 -0.960774 0.933886 0.019577 1651234717.739728
7806161.449275 -389020.678777 -0.957936 1.134074 0.022121 1651234718.239703
7806161.750224 -389021.091764 -0.954998 1.314826 0.024288 1651234718.639032
7806162.085672 -389021.549383 -0.950369 1.429497 0.044966 1651234719.038569
7806162.398620 -389021.971291 -0.943089 1.497522 0.057757 1651234719.388111
7806162.727305 -389022.407232 -0.935331 1.544168 0.057768 1651234719.737629
7806163.069746 -389022.853951 -0.927277 1.579152 0.059293 1651234720.087468
7806163.409033 -389023.287963 -0.917718 1.549999 0.076561 1651234720.437442
7806163.748286 -389023.712079 -0.906890 1.532507 0.082086 1651234720.787300
7806164.095282 -389024.136036 -0.895726 1.567491 0.083228 1651234721.136896
7806164.453654 -389024.563635 -0.882926 1.621911 0.096404 1651234721.486456
7806164.791355 -389024.957176 -0.870526 1.763792 0.096466 1651234721.786178
7806165.162579 -389025.379551 -0.857005 1.903729 0.097284 1651234722.085922
7806165.560273 -389025.820001 -0.842680 1.983415 0.097199 1651234722.385677
7806165.963471 -389026.253586 -0.828384 1.938713 0.097176 1651234722.685379
7806166.309505 -389026.615905 -0.816278 1.901785 0.097283 1651234722.935234
7806166.719678 -389027.033545 -0.802139 1.993133 0.097205 1651234723.235401
7806167.145606 -389027.455177 -0.787661 1.998964 0.097207 1651234723.535298
7806167.517793 -389027.814013 -0.775170 2.100030 0.097261 1651234723.785102
7806167.918250 -389028.190742 -0.761884 2.239967 0.097215 1651234724.035032
7806168.345665 -389028.582365 -0.747865 2.341032 0.097150 1651234724.285020
7806168.784150 -389028.972596 -0.733839 2.341032 0.094136 1651234724.534625
7806169.232981 -389029.360947 -0.721241 2.366299 0.081935 1651234724.784384
7806169.682875 -389029.740570 -0.710335 2.358525 0.071947 1651234725.034103
7806170.138300 -389030.116717 -0.700938 2.370186 0.060925 1651234725.283955
7806170.598174 -389030.489660 -0.693480 2.354637 0.046303 1651234725.533802
7806171.059322 -389030.858434 -0.687899 2.346863 0.035474 1651234725.783785
7806171.517851 -389031.221257 -0.683833 2.309935 0.024375 1651234726.033636
7806171.975840 -389031.581301 -0.681843 2.311879 0.010594 1651234726.283502
7806172.428907 -389031.936699 -0.681403 2.288556 0.000640 1651234726.533152
7806172.876227 -389032.288009 -0.682524 2.263290 -0.011348 1651234726.782797
7806173.316786 -389032.635479 -0.685579 2.249685 -0.023960 1651234727.032470
7806173.750388 -389032.980316 -0.690356 2.218587 -0.037305 1651234727.282179
7806174.178379 -389033.324871 -0.696546 2.197208 -0.046941 1651234727.531888
7806174.599499 -389033.668904 -0.704045 2.181660 -0.058451 1651234727.781788
7806175.015690 -389034.015133 -0.713715 2.171942 -0.075585 1651234728.031675
7806175.424899 -389034.363417 -0.725901 2.140845 -0.096466 1651234728.281554
7806175.825498 -389034.714278 -0.740976 2.123352 -0.117157 1651234728.531364
7806176.215342 -389035.067369 -0.757708 2.101973 -0.127714 1651234728.781082
7806176.591256 -389035.420101 -0.774527 2.065045 -0.128541 1651234729.030776
7806177.009283 -389035.826887 -0.793578 1.907616 -0.128540 1651234729.330407
7806177.385831 -389036.206966 -0.811079 1.734638 -0.128537 1651234729.629970
7806177.778343 -389036.617949 -0.829897 1.575265 -0.132458 1651234729.979621
7806178.125462 -389036.994981 -0.848167 1.419779 -0.141713 1651234730.329484
7806178.476479 -389037.391151 -0.867397 1.297334 -0.141641 1651234730.728794
7806178.838792 -389037.817183 -0.887762 1.225422 -0.141722 1651234731.178464
7806179.186647 -389038.242289 -0.907871 1.005799 -0.141615 1651234731.677524
7806179.511436 -389038.653321 -0.927150 0.552946 -0.141703 1651234732.376634
7806179.833355 -389039.052238 -0.946204 0.446050 -0.141679 1651234734.274392
7806180.133548 -389039.453680 -0.964042 0.832821 -0.141787 1651234734.973666
7806180.446585 -389039.892181 -0.983750 1.052444 -0.152358 1651234735.523362
7806180.757804 -389040.350589 -1.008192 1.326488 -0.192159 1651234735.972596
7806181.040852 -389040.793917 -1.036446 1.563604 -0.224745 1651234736.322343
7806181.332738 -389041.285492 -1.072551 1.608306 -0.260829 1651234736.672091
7806181.604566 -389041.785323 -1.113646 1.586927 -0.293680 1651234737.021702
7806181.851835 -389042.288496 -1.156787 1.610249 -0.303643 1651234737.371453
7806182.080548 -389042.810691 -1.203682 1.633572 -0.330674 1651234737.721565
7806182.265081 -389043.291740 -1.249680 1.744356 -0.351075 1651234738.021207
7806182.435135 -389043.804232 -1.300155 1.806550 -0.365087 1651234738.321109
7806182.576896 -389044.329799 -1.352250 1.785171 -0.368027 1651234738.620953
7806182.692731 -389044.863007 -1.404627 1.796832 -0.368329 1651234738.920617
7806182.781731 -389045.411978 -1.458091 1.857083 -0.368356 1651234739.220333
7806182.841652 -389045.967269 -1.511762 1.839591 -0.367577 1651234739.520172
7806182.871552 -389046.507156 -1.562928 1.715202 -0.358528 1651234739.819510
7806182.875373 -389047.023837 -1.609894 1.781284 -0.347306 1651234740.119113
7806182.854184 -389047.556071 -1.658033 1.806550 -0.347161 1651234740.418366
7806182.804518 -389048.109475 -1.708293 1.890124 -0.347321 1651234740.718101
7806182.734767 -389048.609509 -1.753162 2.059215 -0.338731 1651234740.967872
7806182.633331 -389049.148514 -1.801330 2.214700 -0.337890 1651234741.217635
7806182.498185 -389049.710171 -1.852082 2.319653 -0.337933 1651234741.467612
7806182.330841 -389050.275299 -1.903868 2.362412 -0.337837 1651234741.717457
7806182.131967 -389050.836692 -1.956219 2.377960 -0.337776 1651234741.967171
7806181.902264 -389051.389960 -2.008895 2.391565 -0.337808 1651234742.216951
7806181.642283 -389051.932404 -2.061742 2.401283 -0.337045 1651234742.466820
7806181.354800 -389052.458346 -2.113529 2.407114 -0.328039 1651234742.716518
7806181.039370 -389052.970651 -2.162420 2.412945 -0.306039 1651234742.966217
7806180.698335 -389053.469246 -2.206772 2.424606 -0.274362 1651234743.216136
7806180.335748 -389053.953429 -2.245394 2.420719 -0.238432 1651234743.465916
7806179.954326 -389054.425139 -2.279191 2.430437 -0.209770 1651234743.715540
7806179.554108 -389054.887893 -2.310625 2.455703 -0.200183 1651234743.965198
7806179.138227 -389055.338994 -2.341928 2.463478 -0.199146 1651234744.214949
7806178.703071 -389055.782205 -2.372364 2.494575 -0.188293 1651234744.464669
7806178.341370 -389056.131226 -2.395444 2.512067 -0.177792 1651234744.664469
7806177.967730 -389056.475563 -2.418329 2.512067 -0.177792 1651234744.864511
7806177.581134 -389056.815486 -2.442512 2.554825 -0.187673 1651234745.064724
7806177.185561 -389057.146281 -2.467968 2.583979 -0.193595 1651234745.264446
7806176.782281 -389057.466321 -2.493825 2.591753 -0.199808 1651234745.464236
7806176.370299 -389057.775581 -2.522202 2.589810 -0.221402 1651234745.664039
7806175.951171 -389058.071113 -2.554210 2.574261 -0.250196 1651234745.863843
7806175.524916 -389058.350743 -2.589109 2.523728 -0.268731 1651234746.063623
7806175.091403 -389058.613334 -2.624446 2.512067 -0.270331 1651234746.263453
7806174.653676 -389058.857356 -2.659380 2.506236 -0.270319 1651234746.463191
7806174.097750 -389059.139019 -2.701814 2.500405 -0.258324 1651234746.712961
7806173.530543 -389059.397244 -2.740503 2.498462 -0.235422 1651234746.962859
7806172.955664 -389059.632692 -2.775913 2.498462 -0.214256 1651234747.212458
7806172.373323 -389059.847701 -2.807605 2.480970 -0.191214 1651234747.462072
7806171.787887 -389060.043513 -2.835176 2.471252 -0.168680 1651234747.711735
7806171.203439 -389060.221539 -2.859374 2.455703 -0.149030 1651234747.961346
7806170.613349 -389060.385941 -2.880809 2.457647 -0.131593 1651234748.211119
7806170.018953 -389060.537946 -2.899619 2.455703 -0.113846 1651234748.461109
7806169.423074 -389060.678448 -2.916094 2.459590 -0.098810 1651234748.710824
7806168.821413 -389060.810166 -2.929527 2.471252 -0.079403 1651234748.960516
7806168.219336 -389060.933811 -2.940071 2.457647 -0.060346 1651234749.210275
7806167.618136 -389061.051087 -2.947511 2.461534 -0.039923 1651234749.460418
7806167.016601 -389061.164297 -2.951737 2.449873 -0.018901 1651234749.710018
7806166.413046 -389061.275646 -2.953695 2.463478 -0.005117 1651234749.959765
7806165.809639 -389061.386343 -2.953216 2.465421 0.010597 1651234750.209431
7806165.203631 -389061.498689 -2.950283 2.471252 0.025416 1651234750.459044
7806164.602204 -389061.612818 -2.945165 2.459590 0.040725 1651234750.708704
7806163.999702 -389061.731291 -2.937424 2.455703 0.058162 1651234750.958459
7806163.402565 -389061.854266 -2.927999 2.445985 0.067171 1651234751.208121
7806162.819726 -389061.980495 -2.918141 2.327427 0.068262 1651234751.458001
7806162.231825 -389062.114261 -2.908177 2.399340 0.068292 1651234751.707896
7806161.658951 -389062.250759 -2.898457 2.346863 0.068270 1651234751.957780
7806161.092484 -389062.391765 -2.888817 2.401283 0.068293 1651234752.207522
7806160.516012 -389062.541575 -2.878753 2.405170 0.071841 1651234752.457104
7806159.946381 -389062.696339 -2.867240 2.377960 0.084086 1651234752.706728
7806159.368897 -389062.861196 -2.853790 2.405170 0.094677 1651234752.956716
7806158.791925 -389063.035311 -2.837496 2.412945 0.115460 1651234753.206465
7806158.219116 -389063.219532 -2.818360 2.389622 0.132442 1651234753.456277
7806157.648696 -389063.416008 -2.797363 2.407114 0.142192 1651234753.706030
7806157.088867 -389063.622559 -2.776258 2.395452 0.142549 1651234753.955803
7806156.537700 -389063.839737 -2.755302 2.366299 0.142522 1651234754.205786
7806155.997379 -389064.066203 -2.734562 2.323540 0.142483 1651234754.455881
7806155.468183 -389064.301161 -2.714322 2.317710 0.138421 1651234754.705782
7806154.953745 -389064.542055 -2.696803 2.271064 0.117596 1651234754.955672
7806154.455048 -389064.786138 -2.681326 2.208870 0.112947 1651234755.205369
7806153.968864 -389065.033484 -2.666115 2.195265 0.112938 1651234755.454952
7806153.495362 -389065.283757 -2.651171 2.123352 0.113014 1651234755.704639
7806153.030623 -389065.538823 -2.636645 2.125296 0.108154 1651234755.954359
7806152.579508 -389065.794866 -2.624538 2.080594 0.088341 1651234756.204073
7806152.135291 -389066.053701 -2.614993 2.065045 0.072204 1651234756.453731
7806151.696782 -389066.314647 -2.606430 2.059215 0.069296 1651234756.703434
7806151.263982 -389066.577239 -2.598156 2.039779 0.065116 1651234756.952995
7806150.755579 -389066.891539 -2.591018 1.998964 0.042659 1651234757.252625
7806150.269069 -389067.196549 -2.585379 1.888180 0.041875 1651234757.552560
7806149.815494 -389067.484355 -2.579972 1.746299 0.042991 1651234757.852723
7806149.330241 -389067.796187 -2.574187 1.641347 0.042847 1651234758.202659
7806148.874383 -389068.092764 -2.569009 1.551942 0.039281 1651234758.552360
7806148.450646 -389068.371049 -2.565934 1.439215 0.019852 1651234758.901830
7806148.018135 -389068.655968 -2.565249 1.244858 0.009816 1651234759.301290
7806147.597752 -389068.933609 -2.562626 1.060219 0.028583 1651234759.750570
7806147.157314 -389069.226497 -2.559522 0.945548 0.028702 1651234760.300122
7806146.734843 -389069.508786 -2.556701 0.710376 0.028690 1651234760.949534
7806146.319885 -389069.787763 -2.554598 0.296395 0.028677 1651234762.197962
7806145.900601 -389070.066483 -2.550987 0.296395 0.028677 1651234763.896616
7806146.322089 -389069.786448 -2.555575 0.282790 -0.088966 1651234764.645693
7806145.893461 -389070.066484 -2.571031 0.863918 -0.104417 1651234765.445140
7806145.446331 -389070.349255 -2.581727 1.207930 -0.056751 1651234765.944916
7806144.971822 -389070.643964 -2.587095 1.536394 -0.020411 1651234766.344484
7806144.537687 -389070.911973 -2.588599 1.773509 -0.004935 1651234766.644097
7806144.084811 -389071.190892 -2.589688 1.752130 -0.004934 1651234766.943671
7806143.635427 -389071.466677 -2.590772 1.754074 -0.004934 1651234767.243367
7806143.192803 -389071.737727 -2.591808 1.707428 -0.004295 1651234767.543012
7806142.750055 -389072.008614 -2.592686 1.794889 -0.003029 1651234767.842681
7806142.302344 -389072.282148 -2.593397 1.748243 -0.001500 1651234768.142300
7806141.834456 -389072.567984 -2.593457 1.874575 0.005622 1651234768.442137
7806141.329139 -389072.877159 -2.592527 2.000907 0.009315 1651234768.742185
7806140.892091 -389073.145007 -2.591693 2.063102 0.009316 1651234768.992293
7806140.457699 -389073.411577 -2.590866 2.024230 0.009315 1651234769.241852
7806140.031021 -389073.673851 -2.590059 1.979528 0.009314 1651234769.491551
7806139.602744 -389073.937515 -2.589247 1.993133 0.009315 1651234769.741327
7806139.172053 -389074.203014 -2.588429 1.983415 0.009315 1651234769.991048
7806138.742471 -389074.468150 -2.587614 2.049497 0.009316 1651234770.240765
7806138.297873 -389074.742884 -2.586758 2.138901 0.009316 1651234770.490434
7806137.828796 -389075.033186 -2.585782 2.253572 0.009955 1651234770.740207
7806137.343223 -389075.334343 -2.584717 2.288556 0.009956 1651234770.989794
7806136.854300 -389075.638192 -2.583646 2.323540 0.009956 1651234771.239663
7806136.336904 -389075.960390 -2.582488 2.436268 0.009958 1651234771.489440
7806135.809994 -389076.289275 -2.581302 2.523728 0.009959 1651234771.739390
7806135.370943 -389076.563995 -2.580300 2.593697 0.009961 1651234771.938865
7806134.917416 -389076.848366 -2.579254 2.700593 0.009963 1651234772.138649
7806134.448720 -389077.142862 -2.578162 2.768618 0.009964 1651234772.338589
7806133.968960 -389077.444955 -2.577037 2.852192 0.009966 1651234772.538411
7806133.473269 -389077.757881 -2.575862 2.941596 0.009967 1651234772.738208
7806132.972437 -389078.074933 -2.574672 2.978524 0.009968 1651234772.938050
7806132.468719 -389078.394505 -2.573540 3.005734 0.009969 1651234773.137861
7806131.963590 -389078.716478 -2.572260 2.999903 0.009969 1651234773.337615
7806131.463971 -389079.035511 -2.571066 3.017396 0.009969 1651234773.537332
7806130.966661 -389079.353861 -2.569877 2.893007 0.009967 1651234773.737173
7806130.479348 -389079.666589 -2.568717 2.891063 0.009967 1651234773.937135
7806129.989477 -389079.981740 -2.567541 2.908555 0.010095 1651234774.137008
7806129.504576 -389080.294455 -2.566390 2.893007 0.009967 1651234774.336908
7806129.005695 -389080.617099 -2.565190 2.984355 0.009969 1651234774.536794
7806128.491292 -389080.950820 -2.563942 3.106800 0.009971 1651234774.736605
7806127.966485 -389081.292489 -2.562675 3.149558 0.009972 1651234774.936363
7806127.433808 -389081.640497 -2.561388 3.180656 0.009844 1651234775.136210
7806126.895178 -389081.993452 -2.560081 3.240906 0.009845 1651234775.336013
7806126.350061 -389082.351687 -2.558748 3.275891 0.009846 1651234775.535771
7806125.799796 -389082.714416 -2.557403 3.314762 0.009847 1651234775.735569
7806125.244755 -389083.081489 -2.556041 3.338085 0.009847 1651234775.935374
7806124.827531 -389083.358184 -2.555006 3.345859 0.009848 1651234776.085346
7806124.272659 -389083.727098 -2.553690 3.347803 0.009204 1651234776.285244
7806123.717964 -389084.096756 -2.552944 3.338085 0.004956 1651234776.485107
7806123.165087 -389084.465560 -2.552718 3.341972 0.003154 1651234776.684902
7806122.611906 -389084.834662 -2.552465 3.338085 0.003283 1651234776.884665
7806122.059048 -389085.203607 -2.552219 3.336141 0.003155 1651234777.084375
7806121.509150 -389085.570653 -2.551974 3.308931 0.003156 1651234777.284225
7806120.957739 -389085.938762 -2.551724 3.312818 0.003155 1651234777.483982
7806120.412898 -389086.302562 -2.551473 3.270060 0.003286 1651234777.683717
7806119.866438 -389086.667543 -2.551231 3.283665 0.003157 1651234777.883610
7806119.323077 -389087.030495 -2.550982 3.272003 0.003157 1651234778.083525
7806118.782584 -389087.391466 -2.550745 3.244793 0.003159 1651234778.283262
7806118.240777 -389087.753200 -2.550508 3.268116 0.003157 1651234778.483039
7806117.704683 -389088.111037 -2.550270 3.203978 0.003289 1651234778.682891
7806117.166337 -389088.470348 -2.550025 3.244793 0.003159 1651234778.882815
7806116.617349 -389088.836122 -2.549685 3.287552 0.005730 1651234779.082716
7806116.069808 -389089.202544 -2.548491 3.305044 0.010233 1651234779.282595
7806115.522431 -389089.568541 -2.547121 3.297270 0.010361 1651234779.482362
7806114.977922 -389089.935053 -2.545624 3.277834 0.010361 1651234779.682127
7806114.434783 -389090.301063 -2.544197 3.279778 0.010361 1651234779.881975
7806113.894086 -389090.666585 -2.542786 3.268116 0.010360 1651234780.081892
7806113.355579 -389091.031875 -2.541367 3.262286 0.010360 1651234780.281809
7806112.817742 -389091.398003 -2.539957 3.260342 0.010360 1651234780.481777
7806112.283625 -389091.762851 -2.538549 3.248681 0.010360 1651234780.681551
7806111.751030 -389092.127896 -2.537138 3.244793 0.010360 1651234780.881614
7806111.214743 -389092.496760 -2.535717 3.258398 0.010360 1651234781.081341
7806110.684737 -389092.862486 -2.534305 3.238963 0.010360 1651234781.280867
7806110.146444 -389093.235003 -2.532887 3.289496 0.010232 1651234781.480646
7806109.609076 -389093.607837 -2.531617 3.262286 0.008560 1651234781.680460
7806109.072714 -389093.980589 -2.530528 3.272003 0.008302 1651234781.880222
7806108.534535 -389094.355160 -2.529417 3.266173 0.008302 1651234782.079984
7806108.002791 -389094.725900 -2.528325 3.252568 0.008302 1651234782.279832
7806107.467790 -389095.099643 -2.527225 3.279778 0.008302 1651234782.479635
7806106.934775 -389095.472704 -2.526127 3.248681 0.008302 1651234782.679527
7806106.411896 -389095.839480 -2.525051 3.196204 0.008302 1651234782.879459
7806105.896455 -389096.201943 -2.523997 3.153446 0.008302 1651234783.079317
7806105.387693 -389096.560664 -2.522953 3.114574 0.008302 1651234783.279119
7806104.886962 -389096.914564 -2.521925 3.083477 0.008301 1651234783.478910
7806104.393794 -389097.263852 -2.520921 3.025170 0.008172 1651234783.678715
7806103.908010 -389097.608675 -2.520070 2.945483 0.006505 1651234783.878505
7806103.426087 -389097.951357 -2.519916 2.961032 0.000989 1651234784.078281
7806102.953047 -389098.287704 -2.520257 2.908555 -0.000931 1651234784.278140
7806102.481507 -389098.622787 -2.520794 2.902725 -0.002725 1651234784.477657
7806102.011895 -389098.956101 -2.521849 2.852192 -0.007077 1651234784.677314
7806101.540886 -389099.289538 -2.523442 2.869684 -0.009769 1651234784.877444
7806101.075058 -389099.618057 -2.525119 2.850248 -0.010022 1651234785.077197
7806100.609247 -389099.945278 -2.526784 2.852192 -0.010022 1651234785.277149
7806100.147882 -389100.268156 -2.528437 2.836643 -0.010020 1651234785.476941
7806099.688941 -389100.588212 -2.530079 2.795828 -0.010014 1651234785.676828
7806099.235091 -389100.903616 -2.531715 2.766675 -0.010138 1651234785.876596
7806098.782897 -389101.216732 -2.533333 2.760844 -0.010137 1651234786.076391
7806098.332136 -389101.527636 -2.534954 2.731690 -0.010133 1651234786.276196
7806097.889380 -389101.831890 -2.536548 2.677270 -0.010125 1651234786.476044
7806097.445675 -389102.135841 -2.538139 2.673383 -0.010125 1651234786.675890
7806097.007496 -389102.435015 -2.539711 2.632568 -0.010119 1651234786.875816
7806096.571913 -389102.731400 -2.541271 2.630625 -0.010119 1651234787.075652
7806096.143181 -389103.022091 -2.542712 2.599528 -0.008197 1651234787.275550
7806095.715098 -389103.311530 -2.543491 2.587866 -0.002572 1651234787.475514
7806095.286363 -389103.601075 -2.543448 2.580092 0.003311 1651234787.675541
7806094.855081 -389103.892566 -2.542618 2.587866 0.009450 1651234787.875486
7806094.423985 -389104.184628 -2.541497 2.607302 0.010473 1651234788.075381
7806093.989306 -389104.479953 -2.540294 2.642286 0.010858 1651234788.275182
7806093.548303 -389104.780382 -2.539046 2.698650 0.010987 1651234788.474937
7806093.100049 -389105.086592 -2.537764 2.745295 0.011244 1651234788.674743
7806092.648847 -389105.395066 -2.536326 2.772505 0.012653 1651234788.874672
7806092.192119 -389105.709650 -2.534732 2.766675 0.012653 1651234789.074555
7806091.730842 -389106.028126 -2.533175 2.824982 0.012656 1651234789.274328
7806091.263869 -389106.351504 -2.531640 2.861910 0.012657 1651234789.474075
7806090.793777 -389106.679174 -2.529983 2.842474 0.012657 1651234789.673941
7806090.321457 -389107.009205 -2.528371 2.877458 0.012658 1651234789.873827
7806089.852177 -389107.338430 -2.526763 2.854135 0.012657 1651234790.073676
7806089.388372 -389107.665157 -2.525186 2.809433 0.012527 1651234790.273515
7806088.938837 -389107.983136 -2.523649 2.725860 0.012652 1651234790.473224
7806088.500256 -389108.294621 -2.522060 2.681158 0.013290 1651234790.672853
7806088.072047 -389108.599993 -2.520514 2.613133 0.013287 1651234790.872640
7806087.657443 -389108.896844 -2.519021 2.552882 0.013284 1651234791.072309
7806087.152619 -389109.259921 -2.517064 2.455703 0.015452 1651234791.322015
7806086.662067 -389109.614749 -2.514650 2.391565 0.017619 1651234791.571726
7806086.184168 -389109.962565 -2.512475 2.360468 0.014936 1651234791.821391
7806085.704191 -389110.313696 -2.510904 2.389622 0.012128 1651234792.071234
7806085.222417 -389110.667603 -2.509335 2.403227 0.012257 1651234792.321125
7806084.736736 -389111.025792 -2.507757 2.424606 0.012130 1651234792.571146
7806084.255021 -389111.382579 -2.506184 2.401283 0.012129 1651234792.820792
7806083.773670 -389111.740672 -2.504614 2.395452 0.012128 1651234793.070636
7806083.296385 -389112.097228 -2.503056 2.362412 0.012128 1651234793.320266
7806082.821042 -389112.453711 -2.501506 2.358525 0.012128 1651234793.570092
7806082.349746 -389112.808551 -2.499960 2.354637 0.012127 1651234793.820054
7806081.881830 -389113.162255 -2.498431 2.342976 0.012127 1651234794.069525
7806081.417205 -389113.514882 -2.496916 2.339089 0.012127 1651234794.319137
7806080.953224 -389113.868354 -2.495399 2.331315 0.012126 1651234794.568803
7806080.491329 -389114.221487 -2.493888 2.325484 0.012254 1651234794.818507
7806080.034070 -389114.572243 -2.492402 2.317710 0.012126 1651234795.068306
7806079.576995 -389114.923951 -2.491340 2.306048 0.006510 1651234795.318264
7806079.123275 -389115.273743 -2.491335 2.290500 0.000512 1651234795.567995
7806078.669176 -389115.623885 -2.491547 2.306048 0.000384 1651234795.817608
7806078.222937 -389115.968020 -2.491742 2.274951 0.000514 1651234796.067222
7806077.778113 -389116.311119 -2.491938 2.247741 0.000514 1651234796.316974
7806077.335177 -389116.652766 -2.492135 2.247741 0.000514 1651234796.566689
7806076.892447 -389116.994094 -2.492334 2.236080 0.000515 1651234796.816379
7806076.451021 -389117.334316 -2.492531 2.234136 0.000643 1651234797.066279
7806076.010181 -389117.673910 -2.492506 2.214700 0.003705 1651234797.316016
7806075.575042 -389118.009184 -2.492258 2.204982 0.003832 1651234797.565694
7806075.139897 -389118.344770 -2.492071 2.203039 0.003195 1651234797.815302
7806074.706382 -389118.679288 -2.492558 2.181660 -0.003563 1651234798.065007
7806074.273388 -389119.013030 -2.493404 2.187490 -0.004073 1651234798.314750
7806073.841313 -389119.345574 -2.494246 2.189434 -0.004073 1651234798.564569
7806073.411845 -389119.675691 -2.495086 2.177772 -0.004072 1651234798.814210
7806072.981649 -389120.005906 -2.495927 2.148619 -0.004070 1651234799.063859
7806072.550403 -389120.336437 -2.496686 2.158337 -0.002796 1651234799.313560
7806072.121849 -389120.664580 -2.497017 2.160280 0.000518 1651234799.563146
7806071.691174 -389120.994254 -2.496928 2.197208 0.004598 1651234799.812801
7806071.258382 -389121.325793 -2.496477 2.195265 0.005618 1651234800.062464
7806070.815908 -389121.665085 -2.495983 2.241910 0.005745 1651234800.312167
7806070.363476 -389122.012442 -2.495478 2.302161 0.005617 1651234800.562097
7806069.902097 -389122.366958 -2.494668 2.358525 0.009574 1651234800.812006
7806069.425361 -389122.733790 -2.493432 2.447929 0.010214 1651234801.061987
7806068.930844 -389123.115065 -2.492153 2.543164 0.010216 1651234801.311829
7806068.520522 -389123.432070 -2.491082 2.613133 0.010217 1651234801.511811
7806068.099893 -389123.757756 -2.489981 2.653948 0.010218 1651234801.711617
7806067.665188 -389124.095065 -2.488832 2.753070 0.010220 1651234801.911549
7806067.223581 -389124.438547 -2.487664 2.819151 0.010222 1651234802.111090
7806066.771020 -389124.791319 -2.486548 2.869684 0.008685 1651234802.310827
7806066.310228 -389125.151149 -2.485933 2.937709 0.004709 1651234802.510584
7806065.843949 -389125.515516 -2.485976 2.978524 0.001117 1651234802.710380
7806065.368817 -389125.886636 -2.486270 3.027113 -0.000554 1651234802.910098
7806064.884335 -389126.264646 -2.486666 3.110687 -0.000817 1651234803.109903
7806064.389575 -389126.650244 -2.487067 3.153446 -0.000821 1651234803.309676
7806063.882368 -389127.045057 -2.487481 3.233132 -0.000827 1651234803.509368
7806063.362546 -389127.449105 -2.487897 3.305044 -0.000833 1651234803.709160
7806062.965986 -389127.756995 -2.488112 3.355577 0.000322 1651234803.858965
7806062.565231 -389128.067975 -2.488105 3.386674 0.001865 1651234804.008851
7806062.159051 -389128.383050 -2.488083 3.419715 0.001863 1651234804.158668
7806061.746044 -389128.703274 -2.488056 3.474135 0.001860 1651234804.308478
7806061.330686 -389129.025174 -2.488033 3.511063 0.001858 1651234804.458322
7806060.911939 -389129.349514 -2.488009 3.538273 0.001856 1651234804.608290
7806060.489502 -389129.676540 -2.487984 3.579088 0.001854 1651234804.758033
7806060.064377 -389130.005498 -2.487926 3.582975 0.002369 1651234804.907885
7806059.635799 -389130.337065 -2.487444 3.619903 0.005594 1651234805.057645
7806059.203947 -389130.671322 -2.486846 3.633508 0.005981 1651234805.207712
7806058.769138 -389131.008062 -2.486255 3.666549 0.005981 1651234805.357348
7806058.332127 -389131.346697 -2.485662 3.687928 0.005980 1651234805.507217
7806057.892382 -389131.687646 -2.485065 3.715138 0.005980 1651234805.657128
7806057.450237 -389132.030663 -2.484465 3.742348 0.005980 1651234805.806988
7806057.005776 -389132.375699 -2.483722 3.767614 0.007401 1651234805.956802
7806056.558958 -389132.723044 -2.482567 3.785106 0.010117 1651234806.106703
7806056.111787 -389133.071448 -2.481159 3.790937 0.012056 1651234806.256501
7806055.662513 -389133.422574 -2.479301 3.798711 0.014772 1651234806.406341
7806055.210088 -389133.777467 -2.477419 3.841470 0.014776 1651234806.556156
7806054.757569 -389134.133794 -2.475534 3.843414 0.014776 1651234806.706205
7806054.303045 -389134.493106 -2.473638 3.874511 0.014778 1651234806.855795
7806053.847621 -389134.854586 -2.471733 3.880341 0.014779 1651234807.005576
7806053.390296 -389135.219049 -2.469816 3.895890 0.014780 1651234807.155421
7806052.930544 -389135.586939 -2.467884 3.925044 0.014782 1651234807.305309
7806052.468928 -389135.957800 -2.465955 3.938649 0.014654 1651234807.455255
7806052.005756 -389136.331266 -2.464258 3.954197 0.012453 1651234807.605159
7806051.541181 -389136.706956 -2.462897 3.981407 0.010770 1651234807.755057
7806051.076292 -389137.083870 -2.461567 3.993069 0.010511 1651234807.904852
7806050.609232 -389137.463519 -2.460455 4.018335 0.008308 1651234808.054707
7806050.142391 -389137.843750 -2.459736 4.029997 0.006104 1651234808.204519
7806049.674522 -389138.225358 -2.459131 4.041658 0.005715 1651234808.354317
7806049.205909 -389138.608030 -2.458518 4.049432 0.005715 1651234808.504168
7806048.737995 -389138.990594 -2.457907 4.045545 0.005715 1651234808.654111
7806048.270641 -389139.373231 -2.457299 4.039714 0.005715 1651234808.804027
7806047.805383 -389139.754734 -2.456694 4.022222 0.005715 1651234808.953915
7806047.345234 -389140.132659 -2.456097 4.012504 0.005715 1651234809.103706
7806046.882436 -389140.513321 -2.455495 3.996956 0.005716 1651234809.253510
7806046.421788 -389140.892784 -2.454898 3.981407 0.005716 1651234809.403353
7806045.964214 -389141.270292 -2.454325 3.956141 0.005458 1651234809.553212
7806045.512762 -389141.643296 -2.453840 3.899777 0.004941 1651234809.703015
7806045.057659 -389142.019747 -2.453528 3.958084 0.003385 1651234809.852923
7806044.602136 -389142.396855 -2.453305 3.907552 0.003258 1651234810.002732
7806044.148997 -389142.772270 -2.453092 3.909495 0.003128 1651234810.152643
7806043.693374 -389143.150027 -2.452871 3.948367 0.003126 1651234810.302429
7806043.238665 -389143.527333 -2.452690 3.944479 0.002867 1651234810.452281
7806042.777596 -389143.910126 -2.452653 3.987238 0.001828 1651234810.602238
7806042.313625 -389144.295458 -2.452706 4.016392 0.001438 1651234810.752160
7806041.845626 -389144.684207 -2.452766 4.049432 0.001305 1651234810.902063
7806041.373826 -389145.076154 -2.452866 4.088304 0.001043 1651234811.051868
7806040.897228 -389145.472104 -2.453020 4.125232 0.000521 1651234811.201722
7806040.416530 -389145.871393 -2.453276 4.175764 -0.000003 1651234811.351561
7806039.931459 -389146.274133 -2.453657 4.204918 -0.001045 1651234811.501334
7806039.441022 -389146.681003 -2.454199 4.257394 -0.001700 1651234811.651253
7806038.947438 -389147.090096 -2.454781 4.284604 -0.001963 1651234811.801134
7806038.451084 -389147.501085 -2.455410 4.302097 -0.002225 1651234811.950884
7806037.950891 -389147.914802 -2.456169 4.323476 -0.003138 1651234812.100857
7806037.446871 -389148.331065 -2.457188 4.362347 -0.004705 1651234812.250775
7806036.939998 -389148.748880 -2.458271 4.395388 -0.004841 1651234812.400703
7806036.430340 -389149.168126 -2.459347 4.401219 -0.004842 1651234812.550723
7806035.919538 -389149.587426 -2.460426 4.430372 -0.004846 1651234812.700415
7806035.406277 -389150.007839 -2.461511 4.447865 -0.004719 1651234812.850259
7806034.888803 -389150.430782 -2.462619 4.471187 -0.004853 1651234813.000080
7806034.368443 -389150.855192 -2.463697 4.477018 -0.004723 1651234813.149978
7806033.846370 -389151.280121 -2.464788 4.488680 -0.004725 1651234813.299832
7806033.322660 -389151.705490 -2.465882 4.494510 -0.004726 1651234813.449662
7806032.794234 -389152.133755 -2.466987 4.537269 -0.004733 1651234813.599462
7806032.263083 -389152.563322 -2.468098 4.566422 -0.004737 1651234813.749359
7806031.730606 -389152.993053 -2.469214 4.568366 -0.004738 1651234813.899123
7806031.194226 -389153.424997 -2.470345 4.603350 -0.004743 1651234814.048924
7806030.655807 -389153.857631 -2.471474 4.620842 -0.004746 1651234814.198869
7806030.114673 -389154.291460 -2.472610 4.636391 -0.004748 1651234814.348914
7806029.573322 -389154.724510 -2.473748 4.648052 -0.004750 1651234814.498477
7806029.029778 -389155.158376 -2.474892 4.642222 -0.004750 1651234814.648330
7806028.482613 -389155.594162 -2.476046 4.663601 -0.004753 1651234814.798203
7806027.933399 -389156.030594 -2.477204 4.669432 -0.004754 1651234814.948037
7806027.381956 -389156.467777 -2.478405 4.694698 -0.005150 1651234815.097833
7806026.830874 -389156.903531 -2.479953 4.683037 -0.007370 1651234815.247695
7806026.276865 -389157.340099 -2.481801 4.712190 -0.008944 1651234815.397604
7806025.720763 -389157.776577 -2.483934 4.733570 -0.010778 1651234815.547413
7806025.162480 -389158.212724 -2.486490 4.723852 -0.012867 1651234815.697397
7806024.603060 -389158.647404 -2.489251 4.733570 -0.013785 1651234815.846907
7806024.040793 -389159.081710 -2.492310 4.737457 -0.016007 1651234815.996659
7806023.476706 -389159.514444 -2.495976 4.749118 -0.019016 1651234816.146429
7806022.906827 -389159.948146 -2.500163 4.784102 -0.022035 1651234816.296191
7806022.336909 -389160.377969 -2.504916 4.774385 -0.025427 1651234816.446043
7806021.762630 -389160.806595 -2.510096 4.791877 -0.026871 1651234816.595971
7806021.187164 -389161.231403 -2.515295 4.787990 -0.027000 1651234816.745834
7806020.608022 -389161.654160 -2.520502 4.784102 -0.026998 1651234816.895686
7806020.026805 -389162.073703 -2.525710 4.764667 -0.026989 1651234817.045583
7806019.442172 -389162.490989 -2.530926 4.784102 -0.026998 1651234817.195606
7806018.851647 -389162.907692 -2.536152 4.824917 -0.026886 1651234817.345696
7806018.260789 -389163.319861 -2.541382 4.809369 -0.027010 1651234817.495734
7806017.666895 -389163.729340 -2.546592 4.815200 -0.026490 1651234817.645675
7806017.072826 -389164.134389 -2.551190 4.797707 -0.022432 1651234817.795614
7806016.475592 -389164.537785 -2.554604 4.801595 -0.015897 1651234817.945462
7806015.878184 -389164.938463 -2.557228 4.795764 -0.012494 1651234818.095322
7806015.279145 -389165.337821 -2.559842 4.805482 -0.012366 1651234818.245143
7806014.679232 -389165.735410 -2.562472 4.801595 -0.012496 1651234818.395045
7806014.082881 -389166.128316 -2.565093 4.776328 -0.012489 1651234818.544733
7806013.483569 -389166.520761 -2.567711 4.784102 -0.012361 1651234818.694592
7806012.882474 -389166.911932 -2.570347 4.776328 -0.012489 1651234818.844428
7806012.280650 -389167.301225 -2.572977 4.784102 -0.012361 1651234818.994282
7806011.677661 -389167.688984 -2.575563 4.787990 -0.011838 1651234819.144258
7806011.072696 -389168.075907 -2.577569 4.807425 -0.008311 1651234819.294034
7806010.467573 -389168.461289 -2.579065 4.801595 -0.006085 1651234819.443838
7806009.863418 -389168.844612 -2.580569 4.793820 -0.006083 1651234819.593631
7806009.257519 -389169.227605 -2.582078 4.791877 -0.006083 1651234819.743400
7806008.649738 -389169.610350 -2.583591 4.791877 -0.006083 1651234819.893118
7806008.044949 -389169.989810 -2.585021 4.751062 -0.005552 1651234820.042963
7806007.439881 -389170.368133 -2.586259 4.758836 -0.004115 1651234820.192903
7806006.833036 -389170.746651 -2.586906 4.770497 -0.000322 1651234820.342971
7806006.230367 -389171.122196 -2.587072 4.735513 0.001774 1651234820.492978
7806005.627598 -389171.497688 -2.587154 4.749118 0.002035 1651234820.642929
7806005.026502 -389171.872102 -2.587161 4.719965 0.002691 1651234820.792722
7806004.428663 -389172.244602 -2.586788 4.694698 0.004915 1651234820.942569
7806003.831148 -389172.617251 -2.586001 4.692755 0.007660 1651234821.092414
7806003.238636 -389172.987609 -2.584678 4.671375 0.010144 1651234821.242228
7806002.649476 -389173.357085 -2.583317 4.648052 0.010273 1651234821.392052
7806002.063609 -389173.725695 -2.581975 4.626673 0.010273 1651234821.541879
7806001.478715 -389174.094857 -2.580634 4.620842 0.010273 1651234821.691734
7806000.896872 -389174.463227 -2.579304 4.595576 0.010272 1651234821.841630
7806000.318512 -389174.830546 -2.577983 4.566422 0.010271 1651234821.991558
7805999.743092 -389175.197163 -2.576716 4.541156 0.009878 1651234822.141467
7805999.169248 -389175.563861 -2.575734 4.543100 0.007790 1651234822.291278
7805998.598435 -389175.929405 -2.575203 4.525607 0.005443 1651234822.441128
7805998.029021 -389176.294505 -2.575162 4.521720 0.002052 1651234822.590930
7805997.460720 -389176.658652 -2.575843 4.512002 -0.002251 1651234822.740778
7805996.894665 -389177.020486 -2.576947 4.492567 -0.003813 1651234822.890668
7805996.329188 -389177.380902 -2.578038 4.477018 -0.003811 1651234823.040434
7805995.767394 -389177.737935 -2.579126 4.436203 -0.003805 1651234823.190314
7805995.205530 -389178.093981 -2.580215 4.438147 -0.003805 1651234823.340049
7805994.641192 -389178.450501 -2.581309 4.451752 -0.003807 1651234823.489851
7805994.076224 -389178.806287 -2.582404 4.449808 -0.003807 1651234823.639703
7805993.508607 -389179.162595 -2.583503 4.465357 -0.003809 1651234823.789616
7805992.939145 -389179.518933 -2.584606 4.478962 -0.003811 1651234823.939490
7805992.365254 -389179.876935 -2.585709 4.504228 -0.003684 1651234824.089573
7805991.788314 -389180.235830 -2.586269 4.537269 0.000615 1651234824.239618
7805991.207443 -389180.596748 -2.585910 4.570310 0.005311 1651234824.389607
7805990.625704 -389180.958285 -2.585385 4.583915 0.005702 1651234824.539490
7805990.040981 -389181.321942 -2.584871 4.601407 0.005701 1651234824.689402
7805989.456683 -389181.685793 -2.584358 4.601407 0.005701 1651234824.839200
7805988.870229 -389182.051441 -2.583840 4.613068 0.005701 1651234824.989039
7805988.279509 -389182.420212 -2.583315 4.648052 0.005701 1651234825.139019
7805987.689420 -389182.789092 -2.582792 4.634447 0.005701 1651234825.288614
7805987.097877 -389183.159380 -2.582356 4.657770 0.005047 1651234825.438432
7805986.505010 -389183.530936 -2.582070 4.661657 0.004132 1651234825.588315
7805985.908678 -389183.904969 -2.581811 4.712190 0.004130 1651234825.738109
7805985.311167 -389184.280049 -2.581559 4.718021 0.003999 1651234825.887967
7805984.714683 -389184.654829 -2.581300 4.702472 0.004130 1651234826.037769
7805984.118203 -389185.030016 -2.581147 4.694698 0.002954 1651234826.187573
7805983.515620 -389185.409006 -2.581857 4.731626 -0.002541 1651234826.337585
7805982.915048 -389185.785960 -2.583155 4.714134 -0.004500 1651234826.487535
7805982.313868 -389186.162259 -2.584423 4.721908 -0.004501 1651234826.637452
7805981.708441 -389186.540158 -2.585697 4.749118 -0.004505 1651234826.787647
7805981.104831 -389186.915968 -2.586564 4.749118 -0.001497 1651234826.937384
7805980.501058 -389187.291416 -2.586829 4.747175 0.001381 1651234827.087309
7805979.897794 -389187.666487 -2.586939 4.739400 0.001905 1651234827.237178
7805979.294660 -389188.041437 -2.587074 4.723852 0.001906 1651234827.387028
7805978.688434 -389188.418261 -2.587207 4.754949 0.001904 1651234827.536879
7805978.084409 -389188.793690 -2.587342 4.754949 0.001904 1651234827.686627
7805977.479086 -389189.169889 -2.587477 4.764667 0.001903 1651234827.836442
7805976.875317 -389189.545088 -2.587607 4.743287 0.001904 1651234827.986327
7805976.274217 -389189.918675 -2.587745 4.708303 0.001907 1651234828.135991
7805975.671055 -389190.293567 -2.587877 4.725795 0.002037 1651234828.285854
7805975.070853 -389190.666650 -2.587956 4.706360 0.002430 1651234828.435752
7805974.476354 -389191.036305 -2.587902 4.657770 0.002957 1651234828.585731
7805973.881667 -389191.406234 -2.587841 4.702472 0.003084 1651234828.735710
7805973.290214 -389191.774355 -2.587793 4.527551 0.003095 1651234828.885668
7805972.697748 -389192.143307 -2.587728 4.651940 0.003218 1651234829.035564
7805972.111210 -389192.508911 -2.587594 4.630560 0.003742 1651234829.185457
7805971.516594 -389192.879794 -2.587415 4.731626 0.003737 1651234829.335375
7805970.931919 -389193.244815 -2.587256 4.626673 0.003742 1651234829.485399
7805970.343497 -389193.612405 -2.587094 4.626673 0.003742 1651234829.635008
7805969.755934 -389193.979712 -2.586927 4.657770 0.003871 1651234829.784775
7805969.161124 -389194.353098 -2.586909 4.692755 0.003739 1651234829.934614
7805968.563369 -389194.726108 -2.586564 4.719965 0.003737 1651234830.084335
7805967.962628 -389195.102493 -2.586395 4.747175 0.003736 1651234830.234230
7805967.355039 -389195.483166 -2.586215 4.793820 0.003733 1651234830.383992
7805966.743391 -389195.866425 -2.586026 4.815200 0.003863 1651234830.533832
7805966.127559 -389196.252338 -2.585842 4.840466 0.003731 1651234830.683635
7805965.507281 -389196.641086 -2.585647 4.889055 0.003728 1651234830.833406
7805964.881323 -389197.033446 -2.585450 4.937645 0.003857 1651234830.983248
7805964.252868 -389197.427468 -2.585252 4.943475 0.003725 1651234831.133188
7805963.622756 -389197.822624 -2.585112 4.955137 0.003200 1651234831.283084
7805962.989902 -389198.219413 -2.585297 4.968742 0.001756 1651234831.433018
7805962.565318 -389198.485472 -2.585422 4.990121 0.001754 1651234831.533005
7805962.140073 -389198.751836 -2.585547 5.030936 0.001751 1651234831.632789
7805961.715228 -389199.017854 -2.585672 5.023162 0.001751 1651234831.732683
7805961.289619 -389199.284244 -2.585774 5.032880 0.002013 1651234831.832554
7805960.862432 -389199.551573 -2.585679 5.038710 0.003457 1651234831.932427
7805960.433258 -389199.820151 -2.585606 5.077582 0.003192 1651234832.032289
7805960.003208 -389200.089205 -2.585934 5.083413 0.000037 1651234832.132140
7805959.575595 -389200.356384 -2.586961 5.077582 -0.005087 1651234832.231982
7805959.146506 -389200.623753 -2.588651 5.063977 -0.010469 1651234832.331920
7805958.713674 -389200.892298 -2.590962 5.100905 -0.015339 1651234832.431671
7805958.281781 -389201.158867 -2.593326 5.065920 -0.015984 1651234832.531577
7805957.846233 -389201.426200 -2.595730 5.110623 -0.016130 1651234832.631563
7805957.410643 -389201.692034 -2.598133 5.098961 -0.015995 1651234832.731788
7805956.975979 -389201.955781 -2.600529 5.102848 -0.015996 1651234832.831594
7805956.537990 -389202.220014 -2.602956 5.098961 -0.016126 1651234832.931822
7805956.102068 -389202.481490 -2.605287 5.087300 -0.015466 1651234833.031619
7805955.664132 -389202.742734 -2.607358 5.083413 -0.013495 1651234833.131526
7805955.226546 -389203.002478 -2.609149 5.095074 -0.011134 1651234833.231474
7805954.785981 -389203.262900 -2.610472 5.122284 -0.007592 1651234833.331652
7805954.348417 -389203.520750 -2.611227 5.108679 -0.003252 1651234833.431358
7805953.908649 -389203.779398 -2.611594 5.100905 0.000035 1651234833.531348
7805953.468947 -389204.037741 -2.611743 5.079525 0.001747 1651234833.631299
7805953.027315 -389204.297106 -2.611623 5.100905 0.003848 1651234833.731204
7805952.585743 -389204.556488 -2.611335 5.114510 0.004768 1651234833.831141
7805952.144162 -389204.815995 -2.611088 5.132002 0.004767 1651234833.931096
7805951.704729 -389205.074372 -2.610845 5.122284 0.004768 1651234834.030998
7805951.263061 -389205.334180 -2.610599 5.130058 0.004767 1651234834.131098
7805950.823042 -389205.593146 -2.610339 5.108679 0.004900 1651234834.230896
7805950.380358 -389205.853851 -2.609933 5.132002 0.006083 1651234834.330712
7805949.938195 -389206.114511 -2.609417 5.147550 0.006740 1651234834.430553
7805949.495117 -389206.376004 -2.608915 5.163099 0.006740 1651234834.530575
7805949.053571 -389206.636892 -2.608435 5.149494 0.006608 1651234834.630437
7805948.610945 -389206.898677 -2.608045 5.151438 0.005819 1651234834.730382
7805948.168024 -389207.160831 -2.607756 5.132002 0.005030 1651234834.830436
7805947.722989 -389207.424366 -2.607532 5.161155 0.004371 1651234834.930285
7805947.278575 -389207.687617 -2.607387 5.168930 0.003844 1651234835.030231
7805946.835542 -389207.950086 -2.607310 5.172817 0.003449 1651234835.130172
7805946.390560 -389208.213712 -2.607275 5.178648 0.003186 1651234835.230233
7805945.946326 -389208.476879 -2.607232 5.153381 0.003187 1651234835.330201
7805945.501165 -389208.740579 -2.607190 5.159212 0.003187 1651234835.430113
7805945.055951 -389209.004311 -2.607146 5.176704 0.003186 1651234835.530057
7805944.609821 -389209.268573 -2.607103 5.188365 0.003185 1651234835.630225
7805944.167119 -389209.530785 -2.607062 5.166986 0.003186 1651234835.729849
7805943.722298 -389209.794238 -2.607020 5.182535 0.003186 1651234835.829708
7805943.275774 -389210.058692 -2.606978 5.178648 0.003186 1651234835.929615
7805942.830266 -389210.322538 -2.606935 5.184478 0.003185 1651234836.029559
7805942.383906 -389210.586874 -2.606893 5.213632 0.003184 1651234836.129453
7805941.938027 -389210.850919 -2.606850 5.207801 0.003184 1651234836.229337
7805941.490621 -389211.115862 -2.606790 5.217519 0.003315 1651234836.329285
7805941.046603 -389211.378793 -2.606758 5.203914 0.003184 1651234836.429150
7805940.599205 -389211.643718 -2.606706 5.213632 0.003184 1651234836.529119
7805940.151340 -389211.908916 -2.606646 5.198083 0.003316 1651234836.629121
7805939.702135 -389212.174866 -2.606594 5.215575 0.003315 1651234836.728845
7805939.253462 -389212.440468 -2.606499 5.221406 0.003578 1651234836.828728
7805938.806337 -389212.705122 -2.606397 5.227237 0.003709 1651234836.928524
7805938.358484 -389212.970158 -2.606286 5.231124 0.003709 1651234837.028368
7805937.907787 -389213.236833 -2.606172 5.250560 0.003708 1651234837.128360
7805937.458021 -389213.502898 -2.606059 5.223350 0.003709 1651234837.228292
7805937.007883 -389213.769123 -2.605946 5.231124 0.003709 1651234837.328119
7805936.558240 -389214.034999 -2.605834 5.244729 0.003708 1651234837.427964
7805936.107289 -389214.301608 -2.605719 5.262221 0.003708 1651234837.527855
7805935.655986 -389214.568391 -2.605605 5.260278 0.003708 1651234837.627729
7805935.205669 -389214.834547 -2.605492 5.248616 0.003708 1651234837.727583
7805934.753316 -389215.101866 -2.605376 5.246673 0.003708 1651234837.827476
7805934.302796 -389215.368059 -2.605263 5.217519 0.003710 1651234837.927402
7805933.848871 -389215.636237 -2.605154 5.262221 0.003708 1651234838.027283
7805933.395726 -389215.903923 -2.605036 5.283600 0.003706 1651234838.127138
7805932.942683 -389216.171582 -2.604918 5.277770 0.003707 1651234838.227120
7805932.489358 -389216.439581 -2.604799 5.281657 0.003706 1651234838.326880
7805932.037950 -389216.706597 -2.604681 5.256390 0.003708 1651234838.426777
7805931.584837 -389216.974778 -2.604560 5.252503 0.003708 1651234838.526743
7805931.131412 -389217.243291 -2.604437 5.266108 0.003708 1651234838.626544
7805930.676258 -389217.512984 -2.604313 5.281657 0.003706 1651234838.726424
7805930.222372 -389217.782082 -2.604189 5.299149 0.003706 1651234838.826348
7805929.768233 -389218.051489 -2.604062 5.293318 0.003706 1651234838.926193
7805929.315770 -389218.320060 -2.603938 5.281657 0.003706 1651234839.026158
7805928.861973 -389218.589597 -2.603785 5.297205 0.003837 1651234839.126007
7805928.409873 -389218.858302 -2.603599 5.268052 0.004102 1651234839.225900
7805927.954915 -389219.128928 -2.603374 5.279713 0.004365 1651234839.325907
7805927.501342 -389219.398974 -2.603087 5.279713 0.004893 1651234839.425795
7805927.047514 -389219.669445 -2.602775 5.299149 0.005156 1651234839.525725
7805926.594862 -389219.939514 -2.602455 5.297205 0.005156 1651234839.625679
7805926.143466 -389220.209125 -2.602136 5.291375 0.005156 1651234839.725524
7805925.691685 -389220.479137 -2.601994 5.287488 0.005156 1651234839.825428
7805925.240206 -389220.749398 -2.601674 5.287488 0.005156 1651234839.925303
7805924.786990 -389221.021010 -2.601172 5.287488 0.005156 1651234840.025190
7805924.335547 -389221.291747 -2.600850 5.285544 0.005156 1651234840.125044
7805923.885060 -389221.562176 -2.600530 5.273883 0.005157 1651234840.224948
7805923.435522 -389221.832299 -2.600211 5.264165 0.005157 1651234840.324829
7805922.984607 -389222.103515 -2.599890 5.268052 0.005157 1651234840.424892
7805922.535592 -389222.373850 -2.599571 5.233068 0.005158 1651234840.524558
7805922.084869 -389222.645458 -2.599248 5.240842 0.005158 1651234840.624459
7805921.637766 -389222.915122 -2.598933 5.242785 0.005158 1651234840.724314
7805921.189618 -389223.185649 -2.598614 5.231124 0.005158 1651234840.824441
7805920.744156 -389223.454790 -2.598300 5.238898 0.005158 1651234840.924066
7805920.296266 -389223.725637 -2.597981 5.244729 0.005158 1651234841.023994
7805919.852925 -389223.993980 -2.597670 5.203914 0.005159 1651234841.123778
7805919.408643 -389224.263130 -2.597357 5.186422 0.005160 1651234841.223718
7805918.965683 -389224.531708 -2.597047 5.168930 0.005161 1651234841.323660
7805918.523055 -389224.800308 -2.596735 5.196140 0.005159 1651234841.423511
7805918.080449 -389225.069103 -2.596425 5.198083 0.005159 1651234841.523357
7805917.636503 -389225.338928 -2.596112 5.200027 0.005159 1651234841.623280
7805917.195232 -389225.607356 -2.595803 5.166986 0.005161 1651234841.723123
7805916.756996 -389225.874170 -2.595500 5.110623 0.005163 1651234841.823030
7805916.317983 -389226.141677 -2.595195 5.130058 0.005162 1651234841.922886
7805915.879614 -389226.409008 -2.594891 5.155325 0.005161 1651234842.022726
7805915.439864 -389226.677393 -2.594585 5.165043 0.005161 1651234842.122670
7805914.999101 -389226.946604 -2.594346 5.176704 0.004633 1651234842.222576
7805914.562057 -389227.213733 -2.594171 5.130058 0.004241 1651234842.322478
7805914.127997 -389227.479208 -2.593991 5.077582 0.004244 1651234842.422331
7805913.690557 -389227.746909 -2.593807 5.110623 0.004242 1651234842.522285
7805913.255164 -389228.013530 -2.593625 5.112566 0.004242 1651234842.622235
7805912.820800 -389228.279680 -2.593437 5.102848 0.004242 1651234842.722073
7805912.387693 -389228.545212 -2.593259 5.079525 0.004244 1651234842.822014
7805911.955073 -389228.810607 -2.593082 5.062033 0.004244 1651234842.921874
7805911.520724 -389229.077227 -2.592862 5.069808 0.004638 1651234843.021784
7805911.088586 -389229.342701 -2.592519 5.062033 0.005690 1651234843.121640
7805910.657005 -389229.608073 -2.592086 5.085356 0.006083 1651234843.221541
7805910.227714 -389229.872168 -2.591675 5.062033 0.006215 1651234843.321386
7805909.799139 -389230.135962 -2.591273 5.042598 0.006085 1651234843.421274
7805909.368361 -389230.401253 -2.590870 5.048428 0.006085 1651234843.521056
7805908.937027 -389230.667041 -2.590458 5.046485 0.006215 1651234843.620908
7805908.508528 -389230.931240 -2.590066 5.009557 0.006085 1651234843.720810
7805908.079353 -389231.196012 -2.589668 5.042598 0.006085 1651234843.820673
7805907.652858 -389231.459287 -2.589271 5.017331 0.006085 1651234843.920676
7805907.013133 -389231.854467 -2.588682 5.025105 0.006085 1651234844.070403
7805906.587474 -389232.117607 -2.588290 5.013444 0.006085 1651234844.170263
7805905.950329 -389232.511779 -2.587761 5.003726 0.005822 1651234844.320169
7805905.524641 -389232.775318 -2.587403 5.009557 0.005822 1651234844.420185
7805904.887332 -389233.170147 -2.586884 5.001783 0.005692 1651234844.570068
7805904.252813 -389233.563513 -2.586443 4.964855 0.005299 1651234844.719928
7805903.620218 -389233.955879 -2.586054 4.955137 0.005036 1651234844.869793
7805902.989870 -389234.347037 -2.585679 4.931814 0.005038 1651234845.019603
7805902.562413 -389234.612407 -2.585416 4.990121 0.005035 1651234845.119554
7805902.135706 -389234.877395 -2.585156 5.015388 0.005034 1651234845.219440
7805901.499233 -389235.272816 -2.584771 4.978460 0.005036 1651234845.369529
7805900.867963 -389235.665239 -2.584393 4.943475 0.005037 1651234845.519276
7805900.234524 -389236.059327 -2.584036 4.978460 0.004904 1651234845.668954
7805899.598325 -389236.455484 -2.583682 5.003726 0.004772 1651234845.818962
7805898.963413 -389236.851090 -2.583609 4.992065 0.002935 1651234845.968822
7805898.538512 -389237.115802 -2.583752 5.015388 0.002014 1651234846.068758
7805897.903014 -389237.511551 -2.583929 5.003726 0.002015 1651234846.218628
7805897.477772 -389237.776258 -2.584049 5.017331 0.002014 1651234846.318532
7805897.052930 -389238.040622 -2.584167 5.011500 0.002015 1651234846.418435
7805896.626916 -389238.305618 -2.584293 5.009557 0.001883 1651234846.518569
7805895.989315 -389238.702029 -2.584527 5.021218 0.001620 1651234846.668139
7805895.349827 -389239.099375 -2.584776 5.044541 0.001618 1651234846.817983
7805894.923167 -389239.364358 -2.584942 5.036767 0.001618 1651234846.917892
7805894.498318 -389239.628099 -2.585192 5.019275 0.000963 1651234847.017697
7805894.071772 -389239.892725 -2.585464 5.001783 0.000834 1651234847.117556
7805893.645024 -389240.157286 -2.585728 5.015388 0.000833 1651234847.217404
7805893.217878 -389240.421904 -2.585993 5.034823 0.000831 1651234847.317249
7805892.789905 -389240.686861 -2.586258 5.052315 0.000829 1651234847.417022
7805892.361672 -389240.951813 -2.586521 5.032880 0.000831 1651234847.516880
7805891.934485 -389241.215949 -2.586785 5.011500 0.000833 1651234847.616768
7805891.504380 -389241.481717 -2.587048 5.025105 0.000832 1651234847.716627
7805891.074971 -389241.746866 -2.587311 5.036767 0.000831 1651234847.816576
7805890.644977 -389242.012179 -2.587575 5.060090 0.000829 1651234847.916565
7805890.215117 -389242.277206 -2.587837 5.065920 0.000828 1651234848.016562
7805889.785166 -389242.542080 -2.588099 5.050372 0.000829 1651234848.116599
7805889.354578 -389242.807150 -2.588363 5.048428 0.000829 1651234848.216477
7805888.923072 -389243.072588 -2.588624 5.044541 0.000830 1651234848.316473
7805888.489370 -389243.339182 -2.588878 5.065920 0.000828 1651234848.416443
7805888.058144 -389243.604049 -2.589139 5.079525 0.000827 1651234848.516416
7805887.626098 -389243.869220 -2.589400 5.085356 0.000826 1651234848.616274
7805887.193188 -389244.134737 -2.589661 5.077582 0.000827 1651234848.716219
7805886.759964 -389244.400274 -2.589904 5.075638 0.000958 1651234848.816125
7805886.325137 -389244.666623 -2.590173 5.087300 0.000826 1651234848.916021
7805885.889442 -389244.933328 -2.590424 5.114510 0.000823 1651234849.015890
7805885.453685 -389245.199902 -2.590666 5.126171 0.000953 1651234849.115812
7805885.018444 -389245.465989 -2.590933 5.120340 0.000823 1651234849.215637
7805884.582075 -389245.732610 -2.591158 5.120340 0.001085 1651234849.315573
7805884.144672 -389245.999730 -2.591323 5.110623 0.001613 1651234849.415393
7805883.707101 -389246.266847 -2.591411 5.120340 0.002138 1651234849.515376
7805883.268837 -389246.534299 -2.591507 5.143663 0.002004 1651234849.615264
7805882.830703 -389246.801588 -2.591586 5.147550 0.002136 1651234849.715249
7805882.391196 -389247.069632 -2.591672 5.163099 0.002134 1651234849.815089
7805881.953949 -389247.336221 -2.591758 5.139776 0.002136 1651234849.914938
7805881.514715 -389247.603963 -2.591844 5.126171 0.002137 1651234850.014839
7805881.075405 -389247.871701 -2.591929 5.132002 0.002136 1651234850.114695
7805880.634899 -389248.140114 -2.592012 5.165043 0.002134 1651234850.214609
7805880.195483 -389248.407796 -2.592097 5.163099 0.002134 1651234850.314438
7805879.757228 -389248.674707 -2.592180 5.145607 0.002136 1651234850.414374
7805879.319479 -389248.941244 -2.592264 5.132002 0.002136 1651234850.514337
7805878.882276 -389249.207381 -2.592346 5.132002 0.002136 1651234850.614184
7805878.442240 -389249.475182 -2.592427 5.149494 0.002135 1651234850.714045
7805878.005129 -389249.741111 -2.592510 5.143663 0.002136 1651234850.813946
7805877.566733 -389250.007743 -2.592591 5.137833 0.002136 1651234850.913846
7805877.130982 -389250.271909 -2.592849 5.133945 0.002136 1651234851.013709
7805876.693603 -389250.538526 -2.592752 5.120340 0.002138 1651234851.113608
7805876.256456 -389250.804151 -2.592832 5.126171 0.002137 1651234851.213547
7805875.819527 -389251.069564 -2.592912 5.137833 0.002136 1651234851.313446
7805875.382946 -389251.334686 -2.592992 5.104792 0.002139 1651234851.413332
7805874.946189 -389251.599860 -2.593070 5.114510 0.002138 1651234851.513270
7805874.509451 -389251.864973 -2.593148 5.098961 0.002139 1651234851.613140
7805874.071344 -389252.130871 -2.593224 5.118397 0.002138 1651234851.713072
7805873.632952 -389252.396888 -2.593308 5.135889 0.002136 1651234851.812856
7805873.195941 -389252.662014 -2.593384 5.132002 0.002136 1651234851.912698
7805872.757790 -389252.927797 -2.593458 5.139776 0.002136 1651234852.012589
7805872.320417 -389253.193056 -2.593532 5.114510 0.002138 1651234852.112504
7805871.885496 -389253.456765 -2.593607 5.060090 0.002142 1651234852.212458
7805871.448868 -389253.721466 -2.593695 5.091187 0.002008 1651234852.312401
7805871.012753 -389253.985798 -2.593760 5.114510 0.002138 1651234852.412431
7805870.576973 -389254.249883 -2.593841 5.110623 0.002138 1651234852.512383
7805870.142893 -389254.512894 -2.593863 5.069808 0.002667 1651234852.612380
7805869.708871 -389254.775884 -2.593776 5.050372 0.003325 1651234852.712269
7805869.274464 -389255.039168 -2.593646 5.054259 0.003588 1651234852.812254
7805868.844598 -389255.299759 -2.593520 5.032880 0.003720 1651234852.912232
7805868.416018 -389255.559637 -2.593402 5.036767 0.003589 1651234853.012112
7805867.988195 -389255.819125 -2.593285 5.021218 0.003721 1651234853.112056
7805867.346837 -389256.208263 -2.593105 5.011500 0.003721 1651234853.261998
7805866.705212 -389256.597740 -2.592922 5.011500 0.003590 1651234853.411946
7805866.068160 -389256.984609 -2.592758 4.960968 0.003593 1651234853.561857
7805865.432669 -389257.370716 -2.592561 4.955137 0.003725 1651234853.711776
7805864.796472 -389257.757446 -2.592379 4.968742 0.003724 1651234853.861767
7805864.160194 -389258.144421 -2.592195 4.970685 0.003593 1651234854.011761
7805863.529291 -389258.528291 -2.592006 4.925983 0.003595 1651234854.161601
7805862.898413 -389258.912332 -2.591823 4.908491 0.003596 1651234854.311552
7805862.266407 -389259.297203 -2.591872 4.922096 0.001891 1651234854.461566
7805861.636938 -389259.680464 -2.592019 4.924040 0.001891 1651234854.611382
7805861.008005 -389260.063276 -2.592164 4.914322 0.001891 1651234854.761231
7805860.379117 -389260.445915 -2.592316 4.924040 0.001891 1651234854.911049
7805859.750771 -389260.828071 -2.592459 4.906548 0.001892 1651234855.060856
7805859.124129 -389261.209018 -2.592601 4.889055 0.001893 1651234855.210607
7805858.491637 -389261.593373 -2.592739 4.927927 0.001890 1651234855.360706
7805857.863469 -389261.974920 -2.592862 4.929870 0.002152 1651234855.510328
7805857.232481 -389262.358132 -2.592789 4.924040 0.002939 1651234855.660123
7805856.604876 -389262.739329 -2.592733 4.900717 0.002941 1651234855.809959
7805855.976791 -389263.120870 -2.592675 4.896830 0.002941 1651234855.959732
7805855.345838 -389263.504197 -2.592613 4.912378 0.002940 1651234856.109522
7805854.714527 -389263.887773 -2.592550 4.922096 0.002939 1651234856.259279
7805854.085927 -389264.269738 -2.592488 4.920153 0.002939 1651234856.409042
7805853.455850 -389264.652683 -2.592422 4.912378 0.002940 1651234856.558887
7805852.824229 -389265.036632 -2.592353 4.924040 0.002939 1651234856.708735
7805852.192789 -389265.420500 -2.592284 4.922096 0.002939 1651234856.858587
7805851.560896 -389265.804682 -2.592213 4.937645 0.002939 1651234857.008471
7805850.930201 -389266.187357 -2.592297 4.925983 0.002939 1651234857.158305
7805850.298372 -389266.572465 -2.592073 4.949306 0.002938 1651234857.308172
7805849.666209 -389266.956994 -2.592006 4.931814 0.002808 1651234857.457981
7805849.036380 -389267.340151 -2.591921 4.918209 0.002940 1651234857.607717
7805848.405528 -389267.724007 -2.591843 4.924040 0.002939 1651234857.757648
7805847.779605 -389268.104925 -2.591767 4.892943 0.002941 1651234857.907442
7805847.155110 -389268.485046 -2.591689 4.896830 0.002941 1651234858.057006
7805846.532436 -389268.864136 -2.591611 4.859902 0.002943 1651234858.206782
7805845.913580 -389269.240995 -2.591544 4.811312 0.002816 1651234858.356433
7805845.295533 -389269.617441 -2.591577 4.807425 0.002292 1651234858.506327
7805844.675513 -389269.995109 -2.591616 4.842410 0.002290 1651234858.656227
7805844.062993 -389270.368195 -2.591658 4.787990 0.002293 1651234858.806227
7805843.452633 -389270.739980 -2.591698 4.770497 0.002295 1651234858.956051
7805842.848111 -389271.108224 -2.591741 4.700529 0.002300 1651234859.105975
7805842.244800 -389271.475767 -2.591784 4.698585 0.002300 1651234859.255774
7805841.645206 -389271.841056 -2.591826 4.665545 0.002303 1651234859.405690
7805841.047867 -389272.204962 -2.591861 4.669432 0.002433 1651234859.555522
7805840.455082 -389272.566078 -2.591875 4.630560 0.002566 1651234859.705402
7805839.863775 -389272.926329 -2.591874 4.618899 0.002567 1651234859.855209
7805839.275832 -389273.284552 -2.591872 4.595576 0.002568 1651234860.005198
7805838.691562 -389273.640550 -2.591874 4.548930 0.002572 1651234860.155184
7805838.111039 -389273.994279 -2.591876 4.515890 0.002573 1651234860.305171
7805837.534728 -389274.345456 -2.591894 4.482849 0.002445 1651234860.455169
7805836.960984 -389274.695052 -2.592016 4.430372 0.001667 1651234860.605235
7805836.391657 -389275.041840 -2.592232 4.403162 0.001278 1651234860.755283
7805835.826666 -389275.385817 -2.592454 4.395388 0.001279 1651234860.905128
7805835.263397 -389275.728575 -2.592677 4.387614 0.001280 1651234861.055029
7805834.701609 -389276.070263 -2.592900 4.389557 0.001280 1651234861.204980
7805834.148037 -389276.406773 -2.593124 4.323476 0.001285 1651234861.354824
7805833.596746 -389276.741739 -2.593347 4.296266 0.001287 1651234861.504616
7805833.045815 -389277.076347 -2.593570 4.302097 0.001286 1651234861.654521
7805832.496131 -389277.410051 -2.593792 4.313758 0.001286 1651234861.804318
7805831.946352 -389277.743670 -2.594013 4.305984 0.001286 1651234861.954130
7805831.399015 -389278.075667 -2.594233 4.276830 0.001288 1651234862.104072
7805830.855063 -389278.405457 -2.594455 4.243789 0.001291 1651234862.253974
7805830.314431 -389278.733069 -2.594675 4.224354 0.001292 1651234862.403832
7805829.774687 -389279.059973 -2.594895 4.208805 0.001294 1651234862.553767
7805829.236136 -389279.386001 -2.595115 4.189369 0.001295 1651234862.703883
7805828.699984 -389279.710431 -2.595335 4.199087 0.001294 1651234862.853594
7805828.165716 -389280.033571 -2.595527 4.177708 0.001556 1651234863.003552
7805827.632099 -389280.356182 -2.595678 4.162159 0.001686 1651234863.153525
7805827.100643 -389280.677333 -2.595836 4.150498 0.001687 1651234863.303462
7805826.571473 -389280.996964 -2.595995 4.136893 0.001688 1651234863.453350
7805826.045176 -389281.314764 -2.596153 4.117457 0.001690 1651234863.603351
7805825.521546 -389281.630871 -2.596312 4.099965 0.001691 1651234863.753200
7805824.998300 -389281.946644 -2.596471 4.082473 0.001692 1651234863.903046
7805824.474750 -389282.262481 -2.596628 4.086360 0.001692 1651234864.052966
7805823.952423 -389282.577461 -2.596785 4.080529 0.001692 1651234864.202760
7805823.432293 -389282.891029 -2.596942 4.066924 0.001693 1651234864.352534
7805822.915534 -389283.202503 -2.597101 4.031940 0.001696 1651234864.502312
7805822.401956 -389283.511995 -2.597258 4.014448 0.001697 1651234864.652150
7805821.887698 -389283.821807 -2.597415 4.018335 0.001696 1651234864.801911
7805821.372115 -389284.132334 -2.597571 4.029997 0.001696 1651234864.951761
7805820.856487 -389284.442860 -2.597726 4.029997 0.001696 1651234865.101603
7805820.342212 -389284.752580 -2.597880 3.998899 0.001698 1651234865.251372
7805819.830439 -389285.060731 -2.598035 3.987238 0.001698 1651234865.401150
7805819.317058 -389285.369709 -2.598189 3.998899 0.001698 1651234865.550938
7805818.801427 -389285.679903 -2.598340 4.010561 0.001697 1651234865.700784
7805818.286608 -389285.989489 -2.598493 3.998899 0.001698 1651234865.850596
7805817.767294 -389286.301713 -2.598642 4.043602 0.001695 1651234866.000491
7805817.250635 -389286.612234 -2.598787 4.033884 0.001696 1651234866.150342
7805816.731689 -389286.923992 -2.598934 4.047489 0.001694 1651234866.300132
7805816.211094 -389287.236596 -2.599082 4.047489 0.001694 1651234866.449943
7805815.691711 -389287.548346 -2.599231 4.039714 0.001695 1651234866.599789
7805815.172099 -389287.860113 -2.599376 4.010561 0.001697 1651234866.749627
7805814.651121 -389288.172581 -2.599523 4.063037 0.001694 1651234866.899451
7805814.129875 -389288.485073 -2.599668 4.049432 0.001694 1651234867.049520
7805813.610731 -389288.796157 -2.599813 4.029997 0.001696 1651234867.199146
7805813.088925 -389289.108704 -2.599950 4.041658 0.001695 1651234867.349031
7805812.566486 -389289.421504 -2.600094 4.055263 0.001694 1651234867.498837
7805812.043147 -389289.734712 -2.600236 4.063037 0.001694 1651234867.648687
7805811.519899 -389290.047737 -2.600377 4.059150 0.001694 1651234867.798536
7805810.996952 -389290.360452 -2.600518 4.051376 0.001694 1651234867.948350
7805810.473602 -389290.673279 -2.600658 4.051376 0.001694 1651234868.098231
7805809.951697 -389290.985113 -2.600798 4.053319 0.001694 1651234868.248033
7805809.428622 -389291.297517 -2.600937 4.055263 0.001694 1651234868.397842
7805808.905021 -389291.610103 -2.601075 4.041658 0.001695 1651234868.547714
7805808.382658 -389291.921811 -2.601213 4.033884 0.001696 1651234868.697547
7805807.858375 -389292.234559 -2.601343 4.055263 0.001694 1651234868.847412
7805807.335451 -389292.546387 -2.601479 4.055263 0.001694 1651234868.997159
7805806.813869 -389292.857332 -2.601589 4.041658 0.001825 1651234869.146984
7805806.292478 -389293.168097 -2.601704 4.031940 0.001825 1651234869.296808
7805805.770883 -389293.478925 -2.601772 4.029997 0.002085 1651234869.446698
7805805.249360 -389293.789670 -2.601807 4.029997 0.002474 1651234869.596559
7805804.728924 -389294.099777 -2.601730 4.018335 0.003122 1651234869.746345
7805804.209234 -389294.409507 -2.601647 4.020279 0.003122 1651234869.896213
7805803.690731 -389294.718609 -2.601563 4.012504 0.003123 1651234870.046111
7805803.174009 -389295.026728 -2.601480 4.006674 0.003123 1651234870.196078
7805802.657572 -389295.334756 -2.601397 4.022222 0.003122 1651234870.345783
7805802.141774 -389295.642470 -2.601313 4.020279 0.003122 1651234870.495582
7805801.626813 -389295.949699 -2.601475 4.008617 0.001049 1651234870.645529
7805801.113647 -389296.255696 -2.601851 4.000843 0.000013 1651234870.795176
7805800.601286 -389296.560943 -2.602367 3.981407 -0.001022 1651234870.945014
7805800.091143 -389296.864497 -2.603002 3.969746 -0.001798 1651234871.094736
7805799.582246 -389297.166874 -2.603675 3.956141 -0.001926 1651234871.244567
7805799.074623 -389297.468056 -2.604339 3.940592 -0.001924 1651234871.394356
7805798.565866 -389297.769438 -2.605015 3.942536 -0.001925 1651234871.544318
7805798.058076 -389298.069722 -2.605690 3.934762 -0.001924 1651234871.694268
7805797.552635 -389298.368094 -2.606357 3.909495 -0.001921 1651234871.844393
7805797.048934 -389298.664905 -2.607027 3.899777 -0.002050 1651234871.994058
7805796.544554 -389298.961615 -2.607618 3.901721 -0.001144 1651234872.143862
7805796.040912 -389299.257504 -2.608010 3.899777 -0.000237 1651234872.293669
7805795.538399 -389299.552441 -2.608326 3.888116 0.000540 1651234872.443475
7805795.038085 -389299.845867 -2.608559 3.864793 0.000930 1651234872.593318
7805794.537091 -389300.139484 -2.608798 3.857019 0.000931 1651234872.743261
7805794.035209 -389300.433395 -2.609036 3.864793 0.000930 1651234872.893160
7805793.535490 -389300.725801 -2.609224 3.858962 0.001448 1651234873.043028
7805793.038023 -389301.016719 -2.609251 3.841470 0.002614 1651234873.192818
7805792.540322 -389301.307698 -2.609208 3.843414 0.002873 1651234873.342789
7805792.044615 -389301.597468 -2.609167 3.843414 0.002873 1651234873.492609
7805791.547168 -389301.888272 -2.609122 3.841470 0.002873 1651234873.642661
7805791.053766 -389302.176701 -2.609080 3.822034 0.002873 1651234873.792606
7805790.561892 -389302.464219 -2.609038 3.802599 0.002875 1651234873.942468
7805790.069554 -389302.752001 -2.608995 3.814260 0.002874 1651234874.092321
7805789.578342 -389303.039107 -2.608952 3.798711 0.002875 1651234874.242263
7805789.089306 -389303.324918 -2.608909 3.775389 0.002876 1651234874.392024
7805788.598113 -389303.611995 -2.608864 3.787050 0.002875 1651234874.542011
7805788.109271 -389303.897669 -2.608820 3.761784 0.002877 1651234874.691943
7805787.620497 -389304.183258 -2.608774 3.761784 0.002877 1651234874.841919
7805787.133796 -389304.467589 -2.608728 3.750122 0.002877 1651234874.991787
7805786.647509 -389304.751631 -2.608684 3.763727 0.002877 1651234875.141670
7805786.162764 -389305.034710 -2.608638 3.748179 0.002877 1651234875.291582
7805785.678390 -389305.317520 -2.608592 3.754009 0.002877 1651234875.441422
7805785.194648 -389305.599933 -2.608545 3.744291 0.002877 1651234875.591344
7805784.712155 -389305.881606 -2.608498 3.722912 0.002879 1651234875.741084
7805784.228049 -389306.164234 -2.608449 3.734574 0.002878 1651234875.890987
7805783.747165 -389306.444956 -2.608406 3.713194 0.002879 1651234876.040795
7805783.262805 -389306.727706 -2.608353 3.713194 0.002879 1651234876.190666
7805782.778918 -389307.010153 -2.608300 3.724856 0.002879 1651234876.340437
7805782.293831 -389307.293295 -2.608245 3.734574 0.002878 1651234876.490321
7805781.808194 -389307.576762 -2.608187 3.744291 0.002877 1651234876.640092
7805781.324249 -389307.859264 -2.608124 3.738461 0.002878 1651234876.789915
7805780.838153 -389308.143079 -2.608063 3.763727 0.002877 1651234876.939742
7805780.353740 -389308.425920 -2.607965 3.744291 0.003394 1651234877.089598
7805779.867162 -389308.710171 -2.607458 3.769558 0.006367 1651234877.239649
7805779.382999 -389308.993333 -2.606857 3.759840 0.006625 1651234877.389340
7805778.897687 -389309.277586 -2.606269 3.744291 0.006497 1651234877.539190
7805778.411453 -389309.562769 -2.605872 3.755953 0.005075 1651234877.688993
7805777.926482 -389309.847466 -2.605493 3.755953 0.005075 1651234877.838756
7805777.440298 -389310.133121 -2.605111 3.740404 0.005075 1651234877.988647
7805776.955007 -389310.418486 -2.604765 3.752066 0.004687 1651234878.138450
7805776.471148 -389310.703199 -2.604486 3.757896 0.004428 1651234878.288329
7805775.987209 -389310.988150 -2.604193 3.746235 0.004429 1651234878.438054
7805775.504810 -389311.272376 -2.603900 3.744291 0.004429 1651234878.588029
7805775.022199 -389311.556915 -2.603605 3.744291 0.004429 1651234878.737887
7805774.540215 -389311.841234 -2.603310 3.744291 0.004429 1651234878.887781
7805774.058638 -389312.125466 -2.603013 3.734574 0.004429 1651234879.037673
7805773.576612 -389312.410119 -2.602715 3.728743 0.004429 1651234879.187441
7805773.093307 -389312.695684 -2.602413 3.724856 0.004429 1651234879.337528
7805772.610667 -389312.981009 -2.602111 3.715138 0.004429 1651234879.487405
7805772.127901 -389313.266592 -2.601806 3.730686 0.004429 1651234879.637635
7805771.645970 -389313.551849 -2.601628 3.740404 0.003136 1651234879.787474
7805771.162544 -389313.838085 -2.601543 3.746235 0.002877 1651234879.937379
7805770.680432 -389314.123580 -2.601459 3.740404 0.002878 1651234880.087275
7805770.198343 -389314.409101 -2.601365 3.748179 0.002877 1651234880.237124
7805769.716104 -389314.694737 -2.601271 3.744291 0.002877 1651234880.387207
7805769.235916 -389314.979173 -2.601175 3.732630 0.002878 1651234880.536813
7805768.755631 -389315.263701 -2.601080 3.719025 0.002879 1651234880.686720
7805768.276480 -389315.547601 -2.600982 3.711251 0.002879 1651234880.836523
7805767.798061 -389315.831128 -2.600883 3.697646 0.002880 1651234880.986326
7805767.319521 -389316.114790 -2.600784 3.687928 0.002881 1651234881.136216
7805766.843483 -389316.397009 -2.600684 3.678210 0.002881 1651234881.286016
7805766.371729 -389316.676714 -2.600585 3.668492 0.002881 1651234881.435874
7805765.902141 -389316.955170 -2.600488 3.652944 0.002882 1651234881.585722
7805765.432607 -389317.233653 -2.600387 3.637395 0.002883 1651234881.735786
7805764.964470 -389317.511370 -2.600275 3.649056 0.003011 1651234881.885425
7805764.502527 -389317.785451 -2.600125 3.600467 0.003272 1651234882.035265
7805764.042487 -389318.058486 -2.599976 3.577144 0.003273 1651234882.185054
7805763.586570 -389318.329144 -2.599829 3.511063 0.003276 1651234882.334858
7805763.134400 -389318.597643 -2.599682 3.487740 0.003277 1651234882.484637
7805762.688385 -389318.862536 -2.599513 3.476079 0.003793 1651234882.634476
7805762.246993 -389319.124858 -2.598876 3.439151 0.007530 1651234882.784284
7805761.806970 -389319.386770 -2.598164 3.408054 0.007789 1651234882.934232
7805761.374456 -389319.644579 -2.597483 3.369182 0.007659 1651234883.084040
7805760.945002 -389319.900966 -2.596817 3.320593 0.007402 1651234883.233924
7805760.380340 -389320.238550 -2.596250 3.277834 0.005472 1651234883.433863
7805759.831750 -389320.566861 -2.595739 3.167051 0.005475 1651234883.633761
7805759.301966 -389320.884224 -2.595255 3.044606 0.005477 1651234883.833504
7805758.790373 -389321.190950 -2.594795 2.955201 0.005479 1651234884.033211
7805758.293809 -389321.488917 -2.594371 2.848305 0.005352 1651234884.232971
7805757.813437 -389321.777390 -2.593951 2.764731 0.005482 1651234884.432858
7805757.351634 -389322.054914 -2.593576 2.686988 0.005355 1651234884.632742
7805756.907331 -389322.322105 -2.593226 2.587866 0.005357 1651234884.832617
7805756.375995 -389322.641833 -2.592818 2.457647 0.005359 1651234885.082247
7805755.870199 -389322.946351 -2.592452 2.346863 0.005361 1651234885.331960
7805755.386416 -389323.237764 -2.592118 2.257459 0.005362 1651234885.581842
7805754.916851 -389323.520827 -2.591805 2.195265 0.005363 1651234885.831632
7805754.458314 -389323.797513 -2.591509 2.140845 0.005364 1651234886.081415
7805754.021455 -389324.061295 -2.591240 2.028117 0.005365 1651234886.331094
7805753.527116 -389324.359908 -2.590963 1.890124 0.005367 1651234886.630745
7805753.059709 -389324.642347 -2.590728 1.798776 0.005368 1651234886.930573
7805752.605999 -389324.916774 -2.590508 1.775453 0.005369 1651234887.230642
7805752.151367 -389325.192204 -2.590287 1.765735 0.005369 1651234887.530529
7805751.699606 -389325.466270 -2.590067 1.775453 0.005369 1651234887.830377
7805751.242232 -389325.744129 -2.590047 1.794889 0.003332 1651234888.130102
7805750.784468 -389326.022443 -2.590087 1.787114 0.003332 1651234888.429669
7805750.323589 -389326.302836 -2.590207 1.804607 0.002060 1651234888.729194
7805749.862210 -389326.583554 -2.590415 1.804607 0.002060 1651234889.028664
7805749.400173 -389326.864693 -2.590617 1.804607 0.002060 1651234889.328038
7805748.934650 -389327.147990 -2.590815 1.814324 0.002060 1651234889.627780
7805748.467261 -389327.432398 -2.590954 1.831817 0.003332 1651234889.927656
7805748.000280 -389327.716591 -2.590937 1.829873 0.003586 1651234890.227343
7805747.530957 -389328.002316 -2.590917 1.837647 0.003586 1651234890.526923
7805747.060977 -389328.288537 -2.590894 1.843478 0.003586 1651234890.826806
7805746.591425 -389328.574551 -2.590875 1.833760 0.003586 1651234891.126618
7805746.120168 -389328.861623 -2.590849 1.824042 0.003586 1651234891.426494
7805745.646489 -389329.150120 -2.590823 1.845422 0.003586 1651234891.726305
7805745.170659 -389329.439922 -2.590794 1.855139 0.003585 1651234892.026138
7805744.689911 -389329.732815 -2.590519 1.882349 0.005876 1651234892.325990
7805744.201565 -389330.030565 -2.590137 1.919277 0.005876 1651234892.625770
7805743.699658 -389330.336924 -2.589725 1.983415 0.006003 1651234892.925385
7805743.265978 -389330.602003 -2.589357 2.059215 0.006002 1651234893.175162
7805742.817270 -389330.876603 -2.588994 2.138901 0.005491 1651234893.424778
7805742.355253 -389331.159660 -2.588694 2.189434 0.005108 1651234893.674390
7805741.890050 -389331.444940 -2.588384 2.191377 0.005108 1651234893.924052
7805741.423604 -389331.731265 -2.588069 2.177772 0.005108 1651234894.173710
7805740.963342 -389332.014012 -2.587762 2.142788 0.005109 1651234894.423364
7805740.507668 -389332.294133 -2.587462 2.125296 0.005109 1651234894.673069
7805740.058903 -389332.570160 -2.587171 2.105860 0.005110 1651234894.922823
7805739.616256 -389332.842596 -2.586895 2.076707 0.004982 1651234895.172526
7805739.182100 -389333.109880 -2.586841 2.032005 0.003327 1651234895.422168
7805738.748538 -389333.376798 -2.586796 2.035892 0.003326 1651234895.671901
7805738.317221 -389333.642347 -2.586708 2.014512 0.003837 1651234895.921528
7805737.886598 -389333.907589 -2.586587 2.026174 0.004091 1651234896.171242
7805737.457330 -389334.172148 -2.586339 2.026174 0.004983 1651234896.421038
7805737.025813 -389334.438303 -2.586083 2.033948 0.004983 1651234896.670772
7805736.595711 -389334.703844 -2.585828 2.002851 0.004984 1651234896.920713
7805736.162892 -389334.971388 -2.585567 2.026174 0.004983 1651234897.170646
7805735.730712 -389335.238847 -2.585307 2.035892 0.004983 1651234897.420436
7805735.299165 -389335.506225 -2.585047 2.030061 0.004983 1651234897.670141
7805734.868415 -389335.773349 -2.584786 2.024230 0.004984 1651234897.919911
7805734.436914 -389336.041165 -2.584560 2.026174 0.004091 1651234898.169591
7805734.006456 -389336.308454 -2.584639 2.004795 0.002181 1651234898.419444
7805733.574597 -389336.576638 -2.584715 2.024230 0.002181 1651234898.669517
7805733.145057 -389336.843415 -2.584790 2.028117 0.002308 1651234898.919355
7805732.714567 -389337.110829 -2.584875 2.035892 0.002180 1651234899.169185
7805732.283696 -389337.378571 -2.584953 2.028117 0.002181 1651234899.419078
7805731.851088 -389337.647455 -2.585033 2.024230 0.002308 1651234899.668810
7805731.416557 -389337.917500 -2.585110 2.043666 0.002307 1651234899.918418
7805730.982663 -389338.187068 -2.585186 2.045610 0.002307 1651234900.168129
7805730.548088 -389338.457022 -2.585261 2.053384 0.002307 1651234900.417816
7805730.114138 -389338.726564 -2.585334 2.047553 0.002307 1651234900.667596
7805729.679578 -389338.996535 -2.585408 2.051440 0.002307 1651234900.917070
7805729.245707 -389339.266212 -2.585476 2.043666 0.002307 1651234901.166765
7805728.809247 -389339.537616 -2.585545 2.051440 0.002307 1651234901.416428
7805728.373531 -389339.808645 -2.585608 2.051440 0.002434 1651234901.666122
7805727.937296 -389340.080063 -2.585666 2.059215 0.002307 1651234901.915797
7805727.501304 -389340.351392 -2.585726 2.059215 0.002307 1651234902.165675
7805727.063285 -389340.624075 -2.585779 2.065045 0.002434 1651234902.415552
7805726.625296 -389340.896846 -2.585813 2.061158 0.002944 1651234902.665239
7805726.185078 -389341.171169 -2.585778 2.076707 0.003071 1651234902.914872
7805725.743013 -389341.446841 -2.585734 2.090312 0.003198 1651234903.164482
7805725.298484 -389341.724238 -2.585696 2.105860 0.003070 1651234903.414042
7805724.852032 -389342.002928 -2.585653 2.115578 0.003070 1651234903.663825
7805724.402895 -389342.283296 -2.585605 2.129183 0.003070 1651234903.913489
7805723.953824 -389342.563657 -2.585565 2.115578 0.003070 1651234904.163381
7805723.501833 -389342.845879 -2.585522 2.131127 0.003070 1651234904.412913
7805723.044080 -389343.131746 -2.585468 2.152506 0.003069 1651234904.663022
7805722.579244 -389343.422010 -2.585660 2.201095 0.000389 1651234904.912747
7805722.108689 -389343.715603 -2.585975 2.234136 0.000387 1651234905.162568
7805721.630900 -389344.013427 -2.586288 2.263290 0.000386 1651234905.412362
7805721.147497 -389344.314476 -2.586588 2.294387 0.000768 1651234905.662014
7805720.657791 -389344.619239 -2.586756 2.302161 0.001405 1651234905.911805
7805720.161748 -389344.927951 -2.586996 2.348807 0.001403 1651234906.161625
7805719.661302 -389345.238693 -2.587088 2.370186 0.001402 1651234906.411314
7805719.157684 -389345.551519 -2.587290 2.389622 0.002423 1651234906.660986
7805718.651899 -389345.865246 -2.587172 2.381847 0.002934 1651234906.910794
7805718.143957 -389346.180441 -2.587112 2.364355 0.002935 1651234907.160907
7805717.636185 -389346.495518 -2.587041 2.354637 0.003063 1651234907.410976
7805717.131479 -389346.808662 -2.586958 2.358525 0.003190 1651234907.660954
7805716.633277 -389347.117743 -2.586867 2.335202 0.003191 1651234907.910851
7805716.139892 -389347.423843 -2.586781 2.311879 0.003192 1651234908.160655
7805715.649973 -389347.727790 -2.586698 2.282725 0.003192 1651234908.410511
7805715.163641 -389348.029513 -2.586571 2.288556 0.004213 1651234908.660193
7805714.682608 -389348.328073 -2.586205 2.282725 0.005235 1651234908.909852
7805714.201023 -389348.627220 -2.585841 2.269120 0.005235 1651234909.159466
7805713.722717 -389348.924592 -2.585482 2.251628 0.005235 1651234909.409215
7805713.243322 -389349.222874 -2.585176 2.263290 0.004214 1651234909.658959
7805712.764518 -389349.520903 -2.585115 2.269120 0.003193 1651234909.908706
7805712.285252 -389349.819241 -2.585053 2.257459 0.002938 1651234910.158586
7805711.801875 -389350.120107 -2.585096 2.282725 0.002172 1651234910.408385
7805711.320659 -389350.419536 -2.585221 2.273007 0.001790 1651234910.658083
7805710.837953 -389350.719828 -2.585345 2.276895 0.001789 1651234910.907821
7805710.352339 -389351.021910 -2.585468 2.274951 0.001789 1651234911.157346
7805709.865485 -389351.324757 -2.585590 2.286612 0.001789 1651234911.407104
7805709.377167 -389351.628462 -2.585715 2.300217 0.001788 1651234911.656760
7805708.887727 -389351.932790 -2.585835 2.311879 0.001788 1651234911.906510
7805708.397304 -389352.237656 -2.585956 2.313822 0.001788 1651234912.156278
7805707.905448 -389352.543336 -2.586077 2.323540 0.001788 1651234912.405991
7805707.412146 -389352.849800 -2.586193 2.335202 0.001914 1651234912.655617
7805706.914373 -389353.158940 -2.586221 2.356581 0.002680 1651234912.905227
7805706.414672 -389353.469201 -2.586184 2.372130 0.002807 1651234913.154783
7805705.910787 -389353.781978 -2.586149 2.366299 0.002807 1651234913.404353
7805705.403066 -389354.097069 -2.586110 2.383791 0.002807 1651234913.654100
7805704.891352 -389354.414570 -2.586069 2.395452 0.002806 1651234913.903942
7805704.378985 -389354.732405 -2.586028 2.407114 0.002805 1651234914.153691
7805703.863725 -389355.051979 -2.585984 2.434324 0.002805 1651234914.403396
7805703.347452 -389355.372097 -2.585948 2.436268 0.002677 1651234914.653139
7805702.830883 -389355.692346 -2.585899 2.442098 0.002805 1651234914.902845
7805702.313554 -389356.013046 -2.585854 2.447929 0.002804 1651234915.152817
7805701.795220 -389356.334360 -2.585812 2.442098 0.002805 1651234915.402696
7805701.277107 -389356.655502 -2.585770 2.449873 0.002804 1651234915.652412
7805700.758133 -389356.977116 -2.585716 2.449873 0.003060 1651234915.902372
7805700.239891 -389357.298252 -2.585468 2.447929 0.004721 1651234916.151815
7805699.723347 -389357.618452 -2.585109 2.432380 0.004849 1651234916.401496
7805699.206105 -389357.939279 -2.584757 2.440155 0.004848 1651234916.651121
7805698.691419 -389358.258762 -2.584176 2.412945 0.006637 1651234916.900736
7805698.173855 -389358.580424 -2.583547 2.411001 0.006637 1651234917.150630
7805697.657030 -389358.902080 -2.582917 2.422662 0.006637 1651234917.400742
7805697.142067 -389359.223017 -2.582290 2.405170 0.006637 1651234917.650801
7805696.628640 -389359.543472 -2.581554 2.395452 0.007914 1651234917.900706
7805696.117807 -389359.862898 -2.580741 2.407114 0.007914 1651234918.150573
7805695.610203 -389360.180815 -2.579934 2.391565 0.007914 1651234918.400378
7805695.104272 -389360.498157 -2.579131 2.385735 0.007914 1651234918.650126
7805694.599399 -389360.815309 -2.578329 2.381847 0.007914 1651234918.899828
7805694.092312 -389361.134349 -2.577464 2.387678 0.008680 1651234919.149510
7805693.586320 -389361.453285 -2.576465 2.377960 0.009319 1651234919.399279
7805693.080409 -389361.772822 -2.575444 2.385735 0.009319 1651234919.649136
7805692.578357 -389362.090528 -2.574428 2.387678 0.009319 1651234919.898835
7805692.077448 -389362.408106 -2.573416 2.374073 0.009446 1651234920.148509
7805691.578133 -389362.725300 -2.572406 2.374073 0.009446 1651234920.398267
7805691.078811 -389363.043124 -2.571399 2.370186 0.009191 1651234920.648000
7805690.578791 -389363.361975 -2.570743 2.376017 0.006510 1651234920.897491
7805690.078577 -389363.681407 -2.570150 2.381847 0.006510 1651234921.147273
7805689.578167 -389364.001363 -2.569554 2.387678 0.006510 1651234921.396602
7805689.079443 -389364.320650 -2.568964 2.370186 0.006510 1651234921.646224
7805688.576093 -389364.643431 -2.568364 2.377960 0.006510 1651234921.895993
7805688.073824 -389364.966047 -2.567765 2.389622 0.006509 1651234922.145540
7805687.575722 -389365.286513 -2.567185 2.372130 0.006510 1651234922.395328
7805687.083550 -389365.603679 -2.566609 2.337145 0.006510 1651234922.645175
7805686.594356 -389365.919436 -2.566029 2.317710 0.006510 1651234922.895014
7805686.113727 -389366.230137 -2.565467 2.265233 0.006511 1651234923.144565
7805685.638017 -389366.538162 -2.564907 2.261346 0.006511 1651234923.394228
7805685.169322 -389366.842205 -2.564379 2.220531 0.006128 1651234923.644050
7805684.703790 -389367.144759 -2.564029 2.214700 0.005108 1651234923.893899
7805684.243792 -389367.444196 -2.563685 2.204982 0.005108 1651234924.143703
7805683.786900 -389367.742092 -2.563353 2.195265 0.004980 1651234924.393401
7805683.330352 -389368.040218 -2.563134 2.187490 0.003578 1651234924.643119
7805682.878693 -389368.335488 -2.563007 2.158337 0.003579 1651234924.892860
7805682.429323 -389368.629540 -2.562882 2.154450 0.003579 1651234925.142464
7805681.980576 -389368.923424 -2.562846 2.146675 0.001794 1651234925.392307
7805681.531852 -389369.217268 -2.563397 2.142788 -0.002668 1651234925.642147
7805681.084166 -389369.509961 -2.564153 2.138901 -0.003305 1651234925.891867
7805680.636811 -389369.801813 -2.565123 2.133070 -0.004706 1651234926.141644
7805680.190450 -389370.092294 -2.566107 2.140845 -0.004707 1651234926.391303
7805679.741401 -389370.383815 -2.567093 2.150562 -0.004707 1651234926.641002
7805679.288511 -389370.677154 -2.568086 2.171942 -0.004709 1651234926.890977
7805678.830974 -389370.972803 -2.569080 2.187490 -0.004711 1651234927.140778
7805678.367347 -389371.271689 -2.570293 2.191377 -0.007771 1651234927.390524
7805677.898012 -389371.573273 -2.571831 2.224418 -0.008411 1651234927.640205
7805677.425465 -389371.875755 -2.573371 2.253572 -0.008414 1651234927.889830
7805676.947186 -389372.180733 -2.574921 2.280782 -0.008417 1651234928.139536
7805676.463515 -389372.487964 -2.576484 2.311879 -0.008421 1651234928.389154
7805675.972709 -389372.798524 -2.578065 2.335202 -0.008423 1651234928.639127
7805675.475784 -389373.111789 -2.579659 2.356581 -0.008425 1651234928.889184
7805674.972002 -389373.428200 -2.581272 2.377960 -0.008428 1651234929.139236
7805674.463628 -389373.746316 -2.582893 2.401283 -0.008430 1651234929.389093
7805673.952020 -389374.065215 -2.584387 2.426550 -0.006135 1651234929.638807
7805673.435486 -389374.386064 -2.585291 2.445985 -0.002816 1651234929.888507
7805672.915124 -389374.708592 -2.585547 2.469308 0.001653 1651234930.138150
7805672.391319 -389375.032967 -2.585536 2.477083 0.003186 1651234930.387907
7805671.865023 -389375.358801 -2.585303 2.490688 0.003825 1651234930.637657
7805671.337411 -389375.685493 -2.584822 2.488744 0.006509 1651234930.887410
7805670.809780 -389376.012482 -2.584147 2.494575 0.006637 1651234931.137115
7805670.283020 -389376.339276 -2.583482 2.488744 0.006637 1651234931.386905
7805669.754828 -389376.667328 -2.582801 2.502349 0.006764 1651234931.636597
7805669.226108 -389376.996068 -2.582073 2.500405 0.007659 1651234931.886427
7805668.696423 -389377.325926 -2.581020 2.512067 0.009576 1651234932.136288
7805668.272128 -389377.590711 -2.579943 2.508180 0.011366 1651234932.336138
7805667.848173 -389377.855905 -2.578707 2.498462 0.012643 1651234932.535932
7805667.320005 -389378.187355 -2.576774 2.482913 0.015198 1651234932.785575
7805666.895275 -389378.454930 -2.575153 2.500405 0.015199 1651234932.985335
7805666.368675 -389378.788000 -2.573144 2.494575 0.015199 1651234933.235037
7805665.944627 -389379.057298 -2.571521 2.512067 0.015200 1651234933.435021
7805665.521195 -389379.327161 -2.569898 2.519841 0.015200 1651234933.634649
7805665.098112 -389379.597738 -2.568274 2.508180 0.015200 1651234933.834434
7805664.673712 -389379.870102 -2.566640 2.500405 0.015199 1651234934.034230
7805664.247818 -389380.144386 -2.564999 2.519841 0.015200 1651234934.233973
7805663.819730 -389380.421039 -2.563375 2.543164 0.014562 1651234934.433873
7805663.391989 -389380.698329 -2.562172 2.552882 0.011111 1651234934.633718
7805662.962912 -389380.977216 -2.561029 2.570374 0.011111 1651234934.833511
7805662.533951 -389381.256724 -2.559886 2.578148 0.011111 1651234935.033290
7805662.103461 -389381.537927 -2.558735 2.556769 0.011111 1651234935.232998
7805661.669579 -389381.822055 -2.557608 2.578148 0.010345 1651234935.432820
7805661.235482 -389382.106964 -2.556895 2.601471 0.006252 1651234935.632666
7805660.801300 -389382.392316 -2.556414 2.607302 0.005869 1651234935.832458
7805660.366636 -389382.678299 -2.555914 2.617020 0.005868 1651234936.032212
7805659.929974 -389382.965899 -2.555411 2.618963 0.005996 1651234936.232099
7805659.492858 -389383.254115 -2.554898 2.611189 0.005996 1651234936.432124
7805659.055035 -389383.543110 -2.554385 2.622850 0.005996 1651234936.631920
7805658.616792 -389383.832644 -2.554371 2.630625 -0.000528 1651234936.831728
7805658.178503 -389384.121876 -2.555830 2.630625 -0.012292 1651234937.031476
7805657.739224 -389384.410413 -2.558956 2.630625 -0.024428 1651234937.231232
7805657.300051 -389384.696572 -2.562878 2.618963 -0.027616 1651234937.431120
7805656.857825 -389384.982135 -2.566765 2.636455 -0.027365 1651234937.630997
7805656.414278 -389385.265995 -2.570493 2.636455 -0.025578 1651234937.830757
7805655.968291 -389385.549065 -2.573800 2.634512 -0.022259 1651234938.030464
7805655.521684 -389385.830437 -2.576574 2.644230 -0.018301 1651234938.230378
7805655.073709 -389386.110907 -2.578905 2.644230 -0.014467 1651234938.430574
7805654.627222 -389386.389002 -2.580664 2.644230 -0.009993 1651234938.630168
7805654.180679 -389386.666081 -2.581936 2.626738 -0.006795 1651234938.829929
7805653.732564 -389386.943393 -2.582977 2.632568 -0.005517 1651234939.029734
7805653.284191 -389387.220243 -2.583810 2.628681 -0.003725 1651234939.229484
7805652.835448 -389387.496884 -2.584236 2.636455 0.000111 1651234939.429381
7805652.388408 -389387.772311 -2.584301 2.624794 0.001774 1651234939.629398
7805651.947332 -389388.044000 -2.584187 2.603415 0.003311 1651234939.829340
7805651.508668 -389388.314285 -2.583796 2.560656 0.005230 1651234940.029241
7805651.073733 -389388.582441 -2.583379 2.548995 0.005230 1651234940.229013
7805650.642784 -389388.848313 -2.582966 2.521785 0.005231 1651234940.428695
7805650.215214 -389389.112293 -2.582558 2.523728 0.005231 1651234940.628535
7805649.789587 -389389.375262 -2.582151 2.515954 0.005231 1651234940.828512
7805649.257879 -389389.703998 -2.581646 2.508180 0.005231 1651234941.078357
7805648.831554 -389389.967722 -2.581236 2.531503 0.005230 1651234941.278149
7805648.403637 -389390.232622 -2.580821 2.527615 0.005230 1651234941.477853
7805647.973947 -389390.498895 -2.580401 2.523728 0.005231 1651234941.677570
7805647.539724 -389390.768297 -2.579973 2.545108 0.005230 1651234941.877408
7805647.103970 -389391.038920 -2.579541 2.572318 0.005229 1651234942.077410
7805646.668343 -389391.309737 -2.579107 2.578148 0.005229 1651234942.276817
7805646.231341 -389391.581715 -2.578670 2.595640 0.005229 1651234942.476672
7805645.793220 -389391.854683 -2.578216 2.591753 0.005357 1651234942.676628
7805645.354096 -389392.128626 -2.577632 2.576205 0.006764 1651234942.876533
7805644.911234 -389392.405420 -2.576790 2.605358 0.008554 1651234943.076481
7805644.469029 -389392.682446 -2.575647 2.615076 0.011368 1651234943.276369
7805644.029588 -389392.958588 -2.574257 2.609245 0.012391 1651234943.476334
7805643.589800 -389393.235883 -2.573031 2.607302 0.009961 1651234943.675901
7805643.152964 -389393.511854 -2.573009 2.587866 -0.000525 1651234943.875695
7805642.716965 -389393.787175 -2.573514 2.570374 -0.001931 1651234944.075460
7805642.278966 -389394.063485 -2.573957 2.587866 -0.001676 1651234944.275259
7805641.841991 -389394.338865 -2.574389 2.599528 -0.001677 1651234944.474961
7805641.410901 -389394.610276 -2.574822 2.566487 -0.001675 1651234944.674748
7805640.980207 -389394.881219 -2.575253 2.566487 -0.001675 1651234944.874525
7805640.551219 -389395.150863 -2.575681 2.568430 -0.001675 1651234945.074395
7805640.025543 -389395.480202 -2.576262 2.488744 -0.001669 1651234945.324378
7805639.509385 -389395.804673 -2.576730 2.436268 -0.001666 1651234945.574120
7805639.004222 -389396.121250 -2.577246 2.385735 -0.001663 1651234945.824116
7805638.511719 -389396.429623 -2.577750 2.315766 -0.001658 1651234946.073587
7805638.026825 -389396.733017 -2.578247 2.273007 -0.001655 1651234946.323339
7805637.551888 -389397.029972 -2.578741 2.230249 -0.001653 1651234946.572985
7805637.104735 -389397.309230 -2.579216 2.090312 -0.001645 1651234946.822646
7805636.604673 -389397.621033 -2.579765 1.932882 -0.001636 1651234947.122285
7805636.152137 -389397.902704 -2.580288 1.728807 -0.001626 1651234947.422081
7805635.707347 -389398.178038 -2.580957 0.910563 -0.001597 1651234947.871585
7805635.273859 -389398.443164 -2.582116 0.290564 -0.001587 1651234949.320488
