7757586.182708 -363973.870751 -2.476128 0.105154 0.000664 1560543240.706604
7757585.792690 -363974.184104 -2.476550 0.653741 0.000199 1560543241.706373
7757585.384745 -363974.503848 -2.477199 1.091222 -0.000383 1560543242.156056
7757584.969321 -363974.826081 -2.477972 1.407676 -0.000850 1560543242.505550
7757584.551659 -363975.151710 -2.478841 1.639809 -0.001434 1560543242.805427
7757584.085179 -363975.515528 -2.479903 1.855077 -0.001203 1560543243.105151
7757583.657735 -363975.845383 -2.480917 2.024713 -0.001906 1560543243.355071
7757583.203866 -363976.197176 -2.482402 2.176492 -0.003780 1560543243.604920
7757582.724328 -363976.565980 -2.483860 2.297518 -0.002730 1560543243.854563
7757582.325804 -363976.871062 -2.485069 2.379856 -0.003318 1560543244.054369
7757581.907020 -363977.193242 -2.486385 2.516755 -0.003322 1560543244.254326
7757581.480385 -363977.521136 -2.487661 2.561396 -0.002736 1560543244.454243
7757581.033764 -363977.863942 -2.488905 2.709207 -0.002035 1560543244.654024
7757580.572260 -363978.215200 -2.490070 2.777656 -0.002507 1560543244.853640
7757580.095588 -363978.578988 -2.491535 2.898682 -0.002275 1560543245.053384
7757579.606360 -363978.952118 -2.493082 2.967132 -0.003101 1560543245.253203
7757579.104151 -363979.333764 -2.494698 3.061374 -0.003104 1560543245.453097
7757578.586035 -363979.723828 -2.496260 3.146687 -0.002045 1560543245.653129
7757578.058773 -363980.117927 -2.497620 3.199264 -0.001693 1560543245.853020
7757577.654072 -363980.420494 -2.498560 3.267714 -0.001222 1560543246.002845
7757577.240331 -363980.729077 -2.499602 3.341123 -0.001933 1560543246.152645
7757576.821716 -363981.041266 -2.500673 3.377828 -0.001933 1560543246.302356
7757576.395638 -363981.356694 -2.501759 3.435365 -0.002053 1560543246.452146
7757575.962929 -363981.674416 -2.502826 3.477030 -0.001935 1560543246.602047
7757575.521420 -363981.999039 -2.503981 3.557384 -0.002648 1560543246.751911
7757575.074266 -363982.328455 -2.505239 3.600041 -0.003005 1560543246.901883
7757574.623071 -363982.660207 -2.506495 3.642697 -0.003126 1560543247.051791
7757574.164781 -363982.998110 -2.507918 3.700235 -0.003602 1560543247.201688
7757573.699672 -363983.339937 -2.509105 3.748844 -0.001943 1560543247.351498
7757573.225454 -363983.687963 -2.509826 3.813325 -0.000401 1560543247.501360
7757572.744038 -363984.040612 -2.510656 3.854990 -0.000758 1560543247.651265
7757572.255628 -363984.398023 -2.511519 3.928399 -0.000759 1560543247.801262
7757571.752315 -363984.767248 -2.512487 4.044466 -0.000761 1560543247.951156
7757571.243192 -363985.138524 -2.513442 4.085138 -0.000642 1560543248.101072
7757570.726297 -363985.513806 -2.514409 4.149620 -0.000643 1560543248.250843
7757570.201293 -363985.893481 -2.515497 4.218069 -0.001240 1560543248.400692
7757569.666668 -363986.280308 -2.516763 4.300407 -0.001601 1560543248.550509
7757569.124786 -363986.671288 -2.518062 4.345048 -0.001961 1560543248.700463
7757568.579588 -363987.064143 -2.519391 4.371832 -0.001244 1560543248.850375
7757568.026584 -363987.460919 -2.520772 4.447226 -0.001964 1560543249.000287
7757567.465928 -363987.861299 -2.522255 4.510715 -0.001967 1560543249.150038
7757566.900695 -363988.263934 -2.523873 4.538492 -0.002927 1560543249.299827
7757566.329834 -363988.668638 -2.525270 4.580156 -0.000770 1560543249.449646
7757565.751892 -363989.076535 -2.526489 4.643646 -0.001610 1560543249.599440
7757565.164830 -363989.489866 -2.528867 4.674398 -0.003414 1560543249.749352
7757564.576313 -363989.901868 -2.530761 4.717055 -0.003176 1560543249.899226
7757563.984263 -363990.314947 -2.532295 4.762688 -0.003178 1560543250.049223
7757563.382520 -363990.733058 -2.534237 4.788481 -0.003420 1560543250.199161
7757562.773413 -363991.153493 -2.536638 4.834113 -0.004626 1560543250.349065
7757562.164078 -363991.573004 -2.538593 4.891651 -0.004631 1560543250.498899
7757561.750225 -363991.856301 -2.540250 4.933315 -0.005237 1560543250.598760
7757561.335773 -363992.139787 -2.542014 4.948196 -0.005721 1560543250.698680
7757560.920613 -363992.423168 -2.543820 4.954148 -0.006083 1560543250.798628
7757560.503847 -363992.706653 -2.545721 4.965060 -0.006446 1560543250.898567
7757560.083258 -363992.991382 -2.547604 5.000773 -0.006450 1560543250.998482
7757559.660217 -363993.277056 -2.549504 5.036486 -0.006091 1560543251.098457
7757559.235175 -363993.562822 -2.551382 5.053350 -0.006093 1560543251.198382
7757558.807387 -363993.849095 -2.553263 5.081126 -0.005975 1560543251.298265
7757558.379657 -363994.133789 -2.555130 5.085095 -0.005976 1560543251.398120
7757557.953631 -363994.416756 -2.556969 5.069222 -0.005732 1560543251.497986
7757557.525576 -363994.700352 -2.558897 5.092039 -0.006097 1560543251.597837
7757557.094047 -363994.985154 -2.560760 5.143624 -0.005739 1560543251.697527
7757556.658521 -363995.271182 -2.562511 5.179336 -0.005138 1560543251.797440
7757556.220390 -363995.557610 -2.564339 5.205129 -0.005503 1560543251.897343
7757555.783168 -363995.842221 -2.566163 5.200169 -0.005140 1560543251.997257
7757555.346240 -363996.125643 -2.567514 5.190249 -0.002960 1560543252.097139
7757554.907848 -363996.408915 -2.568616 5.207113 -0.002113 1560543252.197046
7757554.467874 -363996.691809 -2.569762 5.207113 -0.002113 1560543252.297065
7757554.026930 -363996.974189 -2.571032 5.203145 -0.002718 1560543252.397067
7757553.588615 -363997.254518 -2.572228 5.194217 -0.002476 1560543252.496948
7757553.149369 -363997.535397 -2.573500 5.199177 -0.002961 1560543252.596826
7757552.708641 -363997.816769 -2.574897 5.221001 -0.003325 1560543252.696656
7757552.267133 -363998.097275 -2.576317 5.232906 -0.003325 1560543252.796464
7757551.825971 -363998.375784 -2.577700 5.216041 -0.003324 1560543252.896326
7757551.386633 -363998.652023 -2.579063 5.188265 -0.003322 1560543252.996222
7757550.949103 -363998.926681 -2.580406 5.180328 -0.003322 1560543253.096068
7757550.514953 -363999.199211 -2.581813 5.138664 -0.003803 1560543253.195941
7757550.083866 -363999.469431 -2.583256 5.101959 -0.003801 1560543253.295812
7757549.655789 -363999.736726 -2.584629 5.071206 -0.003558 1560543253.395768
7757549.228553 -364000.002144 -2.585996 5.060294 -0.003557 1560543253.495752
7757548.801220 -364000.266731 -2.587358 5.060294 -0.003557 1560543253.595711
7757548.375128 -364000.529954 -2.588715 5.038470 -0.003556 1560543253.695737
7757547.745016 -364000.917988 -2.590725 4.964068 -0.003551 1560543253.845753
7757547.121732 -364001.299651 -2.592690 4.916451 -0.003428 1560543253.995626
7757546.502897 -364001.677812 -2.592558 4.879746 0.006454 1560543254.145424
7757545.887767 -364002.055035 -2.589409 4.844034 0.014276 1560543254.295226
7757545.275651 -364002.433124 -2.586652 4.818241 0.011744 1560543254.445086
7757544.667841 -364002.810876 -2.584570 4.785504 0.009573 1560543254.594929
7757544.062966 -364003.188233 -2.583711 4.763680 0.004759 1560543254.744902
7757543.459499 -364003.565004 -2.584485 4.747808 -0.000653 1560543254.894802
7757542.854775 -364003.941629 -2.585923 4.742848 -0.001975 1560543255.044610
7757542.246115 -364004.318706 -2.587446 4.757728 -0.002096 1560543255.194377
7757541.633615 -364004.696926 -2.588970 4.782528 -0.002096 1560543255.344240
7757541.018367 -364005.075757 -2.590482 4.796417 -0.001856 1560543255.494204
7757540.399261 -364005.455721 -2.591954 4.811297 -0.001857 1560543255.644195
7757539.776252 -364005.836227 -2.593375 4.846018 -0.001497 1560543255.794098
7757539.152433 -364006.216124 -2.594532 4.854946 -0.000774 1560543255.943930
7757538.527176 -364006.595827 -2.595677 4.868834 -0.000774 1560543256.093904
7757537.899698 -364006.975620 -2.596686 4.889667 -0.000173 1560543256.243773
7757537.271464 -364007.354979 -2.597488 4.900579 0.000671 1560543256.393655
7757536.646811 -364007.731763 -2.597938 4.888675 0.001514 1560543256.543437
7757536.028828 -364008.104426 -2.598015 4.868834 0.002839 1560543256.693220
7757535.416551 -364008.473760 -2.597836 4.848994 0.003441 1560543256.842867
7757534.816780 -364008.836194 -2.597413 4.765664 0.004520 1560543256.992765
7757534.237293 -364009.186911 -2.596919 4.654558 0.004515 1560543257.142515
7757533.683825 -364009.522492 -2.596449 4.489883 0.004505 1560543257.292466
7757533.162205 -364009.839891 -2.596007 4.269654 0.004494 1560543257.442422
7757532.669883 -364010.139672 -2.595596 4.080178 0.004483 1560543257.592306
7757532.210636 -364010.419955 -2.595222 3.836141 0.004472 1560543257.742162
7757531.783278 -364010.681124 -2.594858 3.605001 0.004579 1560543257.892044
7757531.260413 -364011.000918 -2.594423 3.283586 0.004565 1560543258.091939
7757530.786558 -364011.290601 -2.594021 2.968124 0.004789 1560543258.291600
7757530.349312 -364011.558698 -2.593489 2.719127 0.005836 1560543258.491322
7757529.920907 -364011.822763 -2.592698 2.635797 0.006653 1560543258.691128
7757529.483088 -364012.093196 -2.591954 2.628853 0.006653 1560543258.890985
7757529.031442 -364012.372188 -2.591236 2.655638 0.006654 1560543259.090968
7757528.551960 -364012.668369 -2.590515 2.777656 0.006659 1560543259.290776
7757528.040801 -364012.984578 -2.589785 2.942331 0.006669 1560543259.490491
7757527.496005 -364013.322306 -2.589042 3.109983 0.006678 1560543259.690315
7757527.068224 -364013.587651 -2.588486 3.195296 0.006684 1560543259.840202
7757526.626838 -364013.861038 -2.587846 3.298467 0.007163 1560543259.990161
7757526.164134 -364014.147741 -2.587182 3.447269 0.006937 1560543260.140146
7757525.688814 -364014.442686 -2.586389 3.548456 0.008247 1560543260.290091
7757525.202130 -364014.745035 -2.585434 3.638729 0.008254 1560543260.439882
7757524.700430 -364015.057260 -2.584524 3.784556 0.008030 1560543260.589661
7757524.179900 -364015.381807 -2.583595 3.921455 0.007924 1560543260.739453
7757523.652491 -364015.710753 -2.582645 3.979984 0.007928 1560543260.889234
7757523.111363 -364016.048193 -2.581648 4.086130 0.007939 1560543261.039159
7757522.558016 -364016.393340 -2.580476 4.189300 0.008664 1560543261.189108
7757521.994002 -364016.745934 -2.578995 4.278582 0.009510 1560543261.339061
7757521.419895 -364017.106662 -2.577410 4.374808 0.009521 1560543261.488979
7757520.836415 -364017.474866 -2.575465 4.463098 0.010968 1560543261.638674
7757520.242823 -364017.851494 -2.572832 4.555356 0.013021 1560543261.788491
7757519.642150 -364018.234519 -2.570094 4.626781 0.013033 1560543261.938246
7757519.032858 -364018.626068 -2.567313 4.712095 0.012929 1560543262.088100
7757518.416149 -364019.025818 -2.564493 4.768640 0.012938 1560543262.238015
7757517.793558 -364019.432846 -2.561554 4.845026 0.013193 1560543262.387905
7757517.165838 -364019.845793 -2.558713 4.907523 0.012964 1560543262.537681
7757516.744054 -364020.124610 -2.556791 4.949188 0.012971 1560543262.637577
7757516.319429 -364020.406683 -2.554861 4.989861 0.012979 1560543262.737325
7757515.894064 -364020.690263 -2.552896 5.010693 0.013104 1560543262.837194
7757515.468537 -364020.975487 -2.550681 5.037478 0.014317 1560543262.937044
7757515.037281 -364021.266041 -2.548271 5.107911 0.015177 1560543263.036989
7757514.603467 -364021.560000 -2.545894 5.155528 0.014825 1560543263.136838
7757514.169409 -364021.855272 -2.543563 5.174376 0.014830 1560543263.236742
7757513.734085 -364022.152523 -2.541222 5.221001 0.014840 1560543263.336726
7757513.299786 -364022.450893 -2.538746 5.232906 0.015327 1560543263.436670
7757512.865506 -364022.750675 -2.536229 5.230921 0.015690 1560543263.536699
7757512.433680 -364023.050420 -2.533581 5.241834 0.016177 1560543263.636663
7757512.004786 -364023.349821 -2.530936 5.226953 0.016415 1560543263.736701
7757511.580655 -364023.647485 -2.528244 5.191241 0.016891 1560543263.836572
7757511.161720 -364023.943558 -2.525445 5.159496 0.017487 1560543263.936510
7757510.744317 -364024.240302 -2.522635 5.162472 0.017488 1560543264.036492
7757510.329264 -364024.537148 -2.519747 5.142632 0.018208 1560543264.136448
7757509.922771 -364024.829539 -2.516617 5.062278 0.019635 1560543264.236468
7757509.326818 -364025.261647 -2.511363 4.986885 0.022026 1560543264.386311
7757508.745087 -364025.687805 -2.505505 4.888675 0.024403 1560543264.536113
7757508.179161 -364026.108314 -2.498687 4.807329 0.028704 1560543264.685885
7757507.624600 -364026.526640 -2.490647 4.738880 0.032881 1560543264.835637
7757507.087786 -364026.938447 -2.481734 4.630749 0.036548 1560543264.985332
7757506.567194 -364027.345504 -2.471745 4.538492 0.041291 1560543265.135082
7757506.061019 -364027.749381 -2.460383 4.448218 0.047337 1560543265.284982
7757505.574970 -364028.146850 -2.447455 4.322231 0.053935 1560543265.434855
7757505.105628 -364028.542066 -2.433777 4.231957 0.057444 1560543265.584723
7757504.653548 -364028.933200 -2.420365 4.131763 0.057252 1560543265.734736
7757504.218564 -364029.319554 -2.407034 4.031569 0.059675 1560543265.884684
7757503.803786 -364029.697767 -2.392833 3.894671 0.065026 1560543266.034618
7757503.406385 -364030.070500 -2.378880 3.789516 0.063881 1560543266.184410
7757503.023326 -364030.440339 -2.366682 3.705195 0.056371 1560543266.334200
7757502.652760 -364030.806446 -2.356030 3.620873 0.053009 1560543266.484074
7757502.299659 -364031.163093 -2.344928 3.483974 0.058358 1560543266.633951
7757501.849491 -364031.629708 -2.326789 3.367908 0.074648 1560543266.833930
7757501.418698 -364032.093445 -2.305132 3.278626 0.087370 1560543267.033698
7757501.009838 -364032.553092 -2.282796 3.177440 0.091380 1560543267.233369
7757500.625440 -364033.005038 -2.257634 3.062366 0.111814 1560543267.433108
7757500.265117 -364033.453400 -2.222939 2.956220 0.160258 1560543267.632848
7757499.934394 -364033.899010 -2.176125 2.841145 0.211363 1560543267.832553
7757499.640445 -364034.338968 -2.125737 2.687382 0.231457 1560543268.032346
7757499.378413 -364034.777061 -2.073920 2.563380 0.249069 1560543268.232212
7757499.097573 -364035.317196 -2.009257 2.408625 0.254968 1560543268.482251
7757498.869132 -364035.834097 -1.950801 2.230061 0.245698 1560543268.732284
7757498.685854 -364036.321477 -1.898468 2.049513 0.242317 1560543268.982178
7757498.512802 -364036.873847 -1.840504 1.908646 0.242547 1560543269.281658
7757498.377274 -364037.411809 -1.785337 1.840197 0.240578 1560543269.581039
7757498.271254 -364037.951261 -1.735294 1.839205 0.213292 1560543269.880698
7757498.184918 -364038.532618 -1.690483 2.018761 0.178761 1560543270.180517
7757498.125798 -364039.069670 -1.658193 2.199308 0.139605 1560543270.430571
7757498.078445 -364039.660292 -1.629149 2.391760 0.120782 1560543270.680531
7757498.049650 -364040.167340 -1.606800 2.561396 0.104368 1560543270.880252
7757498.034277 -364040.696198 -1.587664 2.623893 0.087785 1560543271.079917
7757498.027244 -364041.245223 -1.572837 2.687382 0.068099 1560543271.279587
7757498.026061 -364041.810164 -1.559975 2.750871 0.060059 1560543271.479344
7757498.032807 -364042.389221 -1.546877 2.819321 0.060562 1560543271.679197
7757498.047978 -364042.978303 -1.533234 2.856026 0.062457 1560543271.879140
7757498.072086 -364043.575467 -1.517772 2.909595 0.071274 1560543272.079046
7757498.106505 -364044.187328 -1.498413 2.983004 0.086889 1560543272.278848
7757498.155009 -364044.811055 -1.475240 3.040541 0.098736 1560543272.478747
7757498.220059 -364045.445159 -1.449546 3.100062 0.106610 1560543272.678602
7757498.303990 -364046.092874 -1.421384 3.189344 0.112067 1560543272.878302
7757498.381304 -364046.588950 -1.399184 3.262754 0.113664 1560543273.028054
7757498.471821 -364047.095765 -1.376266 3.341123 0.114573 1560543273.177839
7757498.574515 -364047.609821 -1.352398 3.399653 0.116976 1560543273.327785
7757498.691847 -364048.129063 -1.327700 3.479014 0.117892 1560543273.477748
7757498.828540 -364048.659873 -1.302253 3.583176 0.117674 1560543273.627546
7757498.983041 -364049.196142 -1.276377 3.641705 0.117750 1560543273.777396
7757499.153767 -364049.736449 -1.250252 3.700235 0.117242 1560543273.927288
7757499.341616 -364050.282555 -1.223800 3.756780 0.116967 1560543274.077216
7757499.547197 -364050.830169 -1.197116 3.795469 0.116550 1560543274.227175
7757499.772950 -364051.382476 -1.170349 3.900623 0.114581 1560543274.377098
7757500.017831 -364051.938997 -1.143107 3.989904 0.114705 1560543274.526886
7757500.279777 -364052.494351 -1.114689 4.025617 0.118164 1560543274.676718
7757500.552685 -364053.039403 -1.085928 4.031569 0.120640 1560543274.826620
7757500.848620 -364053.579969 -1.055357 4.068274 0.123396 1560543274.976483
7757501.155601 -364054.105557 -1.024935 4.041489 0.125938 1560543275.126326
7757501.472917 -364054.612784 -0.993810 3.993873 0.131489 1560543275.276086
7757501.800454 -364055.102576 -0.960681 3.952208 0.142759 1560543275.425825
7757502.141421 -364055.577419 -0.923329 3.916495 0.162472 1560543275.575434
7757502.495629 -364056.032151 -0.882179 3.859950 0.176354 1560543275.725153
7757502.863473 -364056.464871 -0.841279 3.812333 0.176717 1560543275.874830
7757503.246789 -364056.879639 -0.800270 3.775628 0.178600 1560543276.024704
7757503.643700 -364057.275287 -0.759571 3.735947 0.178748 1560543276.174567
7757504.055072 -364057.654056 -0.719034 3.733963 0.178745 1560543276.324391
7757504.480842 -364058.015421 -0.678522 3.732971 0.178858 1560543276.474303
7757504.919145 -364058.357492 -0.638182 3.713131 0.178817 1560543276.624261
7757505.368280 -364058.680138 -0.598015 3.695275 0.178792 1560543276.774272
7757505.827165 -364058.983295 -0.557766 3.682378 0.181169 1560543276.924291
7757506.298373 -364059.268200 -0.515313 3.684362 0.190934 1560543277.074344
7757506.780208 -364059.533140 -0.471357 3.674442 0.197423 1560543277.224324
7757507.271782 -364059.775961 -0.424883 3.663530 0.209136 1560543277.374239
7757507.768789 -364059.992844 -0.377406 3.636745 0.213843 1560543277.523999
7757508.279073 -364060.185802 -0.328066 3.657578 0.221143 1560543277.673763
7757508.792088 -364060.350565 -0.277667 3.589128 0.227971 1560543277.823671
7757509.310930 -364060.488381 -0.226709 3.589128 0.231574 1560543277.973612
7757509.838224 -364060.599990 -0.175357 3.590120 0.232027 1560543278.123514
7757510.365973 -364060.683795 -0.124740 3.556392 0.231042 1560543278.273525
7757510.897044 -364060.740765 -0.074193 3.553416 0.231034 1560543278.423450
7757511.430164 -364060.769739 -0.023908 3.550440 0.229677 1560543278.573355
7757511.963880 -364060.770653 0.025420 3.552424 0.225062 1560543278.723100
7757512.497837 -364060.745826 0.071079 3.554408 0.205588 1560543278.872919
7757513.029593 -364060.698668 0.110798 3.539527 0.181342 1560543279.022719
7757513.560054 -364060.632301 0.146558 3.544487 0.164898 1560543279.172650
7757514.091880 -364060.547562 0.178324 3.577224 0.145396 1560543279.322543
7757514.622881 -364060.446690 0.206014 3.585160 0.126786 1560543279.472486
7757515.145301 -364060.333713 0.230700 3.548456 0.116811 1560543279.622342
7757515.666472 -364060.208213 0.255468 3.580200 0.116968 1560543279.772079
7757516.187713 -364060.068549 0.280721 3.604009 0.117935 1560543279.921891
7757516.701505 -364059.916007 0.306314 3.607977 0.119694 1560543280.071663
7757517.210890 -364059.749474 0.332201 3.600041 0.120150 1560543280.221602
7757517.704681 -364059.573750 0.357460 3.547464 0.119030 1560543280.371480
7757518.185459 -364059.389310 0.382067 3.499847 0.117685 1560543280.521437
7757518.648449 -364059.198672 0.405952 3.415525 0.116879 1560543280.671344
7757519.241643 -364058.934272 0.436671 3.331203 0.114677 1560543280.871164
7757519.799471 -364058.664145 0.464512 3.173472 0.106919 1560543281.071085
7757520.323372 -364058.394356 0.487234 3.025661 0.092650 1560543281.271070
7757520.818911 -364058.127029 0.506991 2.857018 0.086219 1560543281.471009
7757521.302242 -364057.855636 0.524575 2.820313 0.078235 1560543281.670797
7757521.788414 -364057.572320 0.540006 2.817337 0.068174 1560543281.870418
7757522.274383 -364057.279980 0.553924 2.819321 0.064545 1560543282.070159
7757522.768264 -364056.972560 0.568072 2.878842 0.064227 1560543282.270059
7757523.274115 -364056.647879 0.582487 2.951259 0.064034 1560543282.469905
7757523.795769 -364056.302990 0.597494 3.056414 0.064683 1560543282.669778
7757524.328548 -364055.938721 0.613979 3.124863 0.070712 1560543282.869612
7757524.874950 -364055.551973 0.633556 3.256802 0.081136 1560543283.069304
7757525.297629 -364055.241396 0.650034 3.356996 0.082863 1560543283.219038
7757525.728000 -364054.913943 0.666154 3.458182 0.078012 1560543283.368924
7757526.163689 -364054.570461 0.682337 3.541511 0.077964 1560543283.518755
7757526.606630 -364054.210003 0.699787 3.638729 0.081818 1560543283.668728
7757527.060811 -364053.826390 0.718883 3.786540 0.085612 1560543283.818603
7757527.521015 -364053.421283 0.739062 3.883758 0.086772 1560543283.968483
7757527.981532 -364052.998742 0.759428 3.978992 0.085807 1560543284.118452
7757528.449951 -364052.550174 0.780622 4.131763 0.085851 1560543284.268396
7757528.919079 -364052.080485 0.802401 4.230965 0.086078 1560543284.418370
7757529.388117 -364051.588694 0.824861 4.354968 0.086455 1560543284.568233
7757529.855340 -364051.075643 0.848168 4.459130 0.087646 1560543284.717985
7757530.319199 -364050.540952 0.872021 4.557340 0.087167 1560543284.867794
7757530.778495 -364049.984444 0.896330 4.659518 0.087172 1560543285.017630
7757531.233105 -364049.405344 0.921240 4.758720 0.087415 1560543285.167555
7757531.678162 -364048.809390 0.946589 4.818241 0.087849 1560543285.317379
7757531.970014 -364048.400876 0.963831 4.885699 0.088294 1560543285.417281
7757532.256935 -364047.985211 0.981353 4.938276 0.088722 1560543285.517158
7757532.536673 -364047.564276 0.998913 4.959108 0.088509 1560543285.616960
7757532.809409 -364047.137188 1.016534 4.984901 0.088304 1560543285.716738
7757533.076604 -364046.703092 1.034181 5.017637 0.087628 1560543285.816670
7757533.335201 -364046.265998 1.051676 5.017637 0.086789 1560543285.916526
7757533.585456 -364045.826080 1.069070 5.006725 0.086535 1560543286.016430
7757533.828298 -364045.381092 1.086536 5.012677 0.086543 1560543286.116421
7757534.062037 -364044.932900 1.103970 5.016645 0.086308 1560543286.216371
7757534.287087 -364044.481358 1.121305 5.016645 0.085828 1560543286.316323
7757534.503270 -364044.026790 1.138157 4.994821 0.083403 1560543286.416299
7757534.809920 -364043.346312 1.160855 4.944228 0.074347 1560543286.566207
7757535.099130 -364042.663277 1.178912 4.932323 0.058844 1560543286.716155
7757535.377038 -364041.977106 1.191791 4.926371 0.042241 1560543286.866039
7757535.645301 -364041.291813 1.200710 4.889667 0.030545 1560543287.015930
7757535.907239 -364040.608446 1.207621 4.885699 0.024282 1560543287.165731
7757536.164621 -364039.925395 1.213177 4.874786 0.019462 1560543287.315511
7757536.416698 -364039.246333 1.216454 4.840066 0.012349 1560543287.465216
7757536.667185 -364038.569282 1.217735 4.813281 0.005846 1560543287.615113
7757536.916223 -364037.893341 1.217611 4.812289 0.001393 1560543287.765029
7757537.165199 -364037.219065 1.216105 4.800385 -0.003421 1560543287.914944
7757537.413384 -364036.549504 1.213977 4.767648 -0.004863 1560543288.064796
7757537.662336 -364035.882151 1.211811 4.753760 -0.005102 1560543288.214507
7757537.912342 -364035.216104 1.209460 4.736896 -0.005582 1560543288.364316
7757538.163791 -364034.550723 1.207074 4.735903 -0.005702 1560543288.514130
7757538.416298 -364033.886400 1.204647 4.722015 -0.005941 1560543288.663936
7757538.670114 -364033.223087 1.201191 4.717055 -0.010387 1560543288.813811
7757538.926802 -364032.559463 1.196527 4.723007 -0.013873 1560543288.963789
7757539.186417 -364031.897869 1.190913 4.717055 -0.017357 1560543289.113710
7757539.449999 -364031.238083 1.184213 4.722015 -0.020001 1560543289.263640
7757539.717199 -364030.580065 1.176812 4.722015 -0.023245 1560543289.413489
7757539.989596 -364029.924029 1.167736 4.723007 -0.028168 1560543289.563385
7757540.268312 -364029.270201 1.157794 4.722015 -0.030332 1560543289.713310
7757540.554556 -364028.618086 1.147940 4.727967 -0.029974 1560543289.863097
7757540.848000 -364027.967960 1.138064 4.737888 -0.029978 1560543290.012770
7757541.148233 -364027.319516 1.128084 4.752768 -0.030225 1560543290.162595
7757541.456502 -364026.672718 1.117978 4.770624 -0.030233 1560543290.312454
7757541.772034 -364026.029183 1.107756 4.768640 -0.031074 1560543290.462311
7757542.094962 -364025.389737 1.096837 4.753760 -0.033709 1560543290.612260
7757542.425632 -364024.754191 1.085677 4.753760 -0.033709 1560543290.762110
7757542.764553 -364024.120264 1.074652 4.762688 -0.033474 1560543290.912034
7757543.110782 -364023.488725 1.063631 4.768640 -0.033480 1560543291.061814
7757543.463523 -364022.863320 1.052675 4.768640 -0.033236 1560543291.211521
7757543.824525 -364022.240219 1.041773 4.781536 -0.033246 1560543291.361279
7757544.192522 -364021.619689 1.030980 4.783520 -0.033006 1560543291.511108
7757544.566554 -364021.003387 1.020619 4.785504 -0.031323 1560543291.661015
7757544.947472 -364020.389343 1.010650 4.799393 -0.030365 1560543291.810933
7757545.335474 -364019.778134 1.001141 4.806337 -0.027364 1560543291.960968
7757545.728368 -364019.170076 0.994052 4.810305 -0.019908 1560543292.110896
7757546.122592 -364018.567573 0.987378 4.794433 -0.019301 1560543292.260915
7757546.520412 -364017.967697 0.980788 4.796417 -0.018700 1560543292.410820
7757546.922307 -364017.371110 0.974576 4.796417 -0.017375 1560543292.560604
7757547.327213 -364016.778749 0.968674 4.779552 -0.016533 1560543292.710318
7757547.734796 -364016.189668 0.962848 4.764672 -0.016528 1560543292.860030
7757548.144578 -364015.605011 0.957211 4.743840 -0.015921 1560543293.009835
7757548.557233 -364015.022455 0.951779 4.743840 -0.015440 1560543293.159606
7757548.972767 -364014.442053 0.946265 4.732927 -0.015678 1560543293.309561
7757549.393330 -364013.861947 0.940967 4.743840 -0.014719 1560543293.459485
7757549.820162 -364013.279742 0.935819 4.763680 -0.014122 1560543293.609443
7757550.250816 -364012.697241 0.931080 4.781536 -0.013043 1560543293.759300
7757550.686357 -364012.114159 0.926650 4.796417 -0.011603 1560543293.909065
7757551.127925 -364011.527830 0.923490 4.832129 -0.006553 1560543294.058873
7757551.575726 -364010.937650 0.920851 4.868834 -0.005714 1560543294.208793
7757552.026611 -364010.345941 0.918073 4.885699 -0.005956 1560543294.358651
7757552.480398 -364009.753837 0.915377 4.906531 -0.005716 1560543294.508585
7757552.940172 -364009.157667 0.912545 4.942244 -0.006082 1560543294.658501
7757553.247646 -364008.761240 0.910667 4.942244 -0.006082 1560543294.758412
7757553.557238 -364008.363807 0.908715 4.978948 -0.006447 1560543294.858258
7757553.871402 -364007.962318 0.906818 5.032517 -0.006091 1560543294.958131
7757554.188549 -364007.558935 0.904918 5.060294 -0.006094 1560543295.057949
7757554.505772 -364007.156382 0.902951 5.060294 -0.006336 1560543295.157746
7757554.823587 -364006.753968 0.901006 5.060294 -0.006336 1560543295.257624
7757555.142585 -364006.352459 0.899065 5.065254 -0.006336 1560543295.357475
7757555.464524 -364005.948993 0.897045 5.092039 -0.006822 1560543295.457429
7757555.788963 -364005.544749 0.894341 5.122791 -0.010453 1560543295.557377
7757556.116138 -364005.139674 0.891126 5.143624 -0.012392 1560543295.657305
7757556.446252 -364004.733813 0.887909 5.161480 -0.012395 1560543295.757306
7757556.778326 -364004.328067 0.884566 5.173384 -0.013244 1560543295.857290
7757557.112119 -364003.922793 0.881011 5.187273 -0.013853 1560543295.957157
7757557.448084 -364003.517194 0.877501 5.202153 -0.013855 1560543296.057006
7757557.785904 -364003.112205 0.873851 5.207113 -0.014341 1560543296.156769
7757558.127165 -364002.705746 0.870117 5.232906 -0.014710 1560543296.256746
7757558.470662 -364002.299575 0.866233 5.249770 -0.015441 1560543296.356627
7757558.816154 -364001.893883 0.862095 5.243818 -0.016530 1560543296.456528
7757559.163431 -364001.488825 0.857472 5.254730 -0.018955 1560543296.556478
7757559.513577 -364001.084117 0.852397 5.264650 -0.020654 1560543296.656520
7757559.867174 -364000.680094 0.847102 5.285483 -0.021752 1560543296.756489
7757560.224751 -364000.275423 0.841551 5.328139 -0.022615 1560543296.856419
7757560.585941 -363999.870602 0.835697 5.364844 -0.023721 1560543296.956296
7757560.951023 -363999.465905 0.829350 5.396589 -0.025554 1560543297.056228
7757561.320583 -363999.062130 0.822532 5.433294 -0.027391 1560543297.156049
7757561.694754 -363998.659868 0.815427 5.449166 -0.028249 1560543297.255898
7757562.073206 -363998.259634 0.808360 5.460078 -0.028254 1560543297.355750
7757562.453636 -363997.862431 0.801304 5.460078 -0.028254 1560543297.455668
7757562.838626 -363997.465958 0.794312 5.470990 -0.027773 1560543297.555606
7757563.227482 -363997.070878 0.787287 5.486863 -0.027781 1560543297.655522
7757563.618991 -363996.678718 0.780314 5.491823 -0.027296 1560543297.755476
7757564.013823 -363996.289141 0.773604 5.496783 -0.026084 1560543297.855499
7757564.411741 -363995.902376 0.767186 5.501743 -0.024748 1560543297.955495
7757564.813777 -363995.516678 0.761033 5.527535 -0.023421 1560543298.055390
7757565.218832 -363995.132327 0.754996 5.544400 -0.023062 1560543298.155323
7757565.625578 -363994.750499 0.749009 5.539440 -0.022817 1560543298.255224
7757566.035647 -363994.369671 0.743030 5.549360 -0.022456 1560543298.355201
7757566.449112 -363993.989764 0.737283 5.570192 -0.021125 1560543298.455193
7757566.864430 -363993.612345 0.731990 5.569200 -0.019420 1560543298.555139
7757567.281426 -363993.237942 0.727173 5.563248 -0.016983 1560543298.655089
7757567.701331 -363992.866433 0.723115 5.575152 -0.013456 1560543298.754960
7757568.122869 -363992.496638 0.720117 5.586065 -0.008951 1560543298.854805
7757568.545354 -363992.128209 0.717976 5.591025 -0.005297 1560543298.954606
7757568.971172 -363991.757847 0.716608 5.622769 -0.002253 1560543299.054480
7757569.397187 -363991.388105 0.715517 5.629714 -0.000790 1560543299.154312
7757569.819999 -363991.021325 0.714664 5.582097 -0.000180 1560543299.254164
7757570.241193 -363990.656693 0.714067 5.558288 0.000916 1560543299.354064
7757570.664553 -363990.291197 0.713611 5.574160 0.001525 1560543299.454105
7757571.089474 -363989.924741 0.713255 5.595985 0.001769 1560543299.553996
7757571.512810 -363989.559442 0.712748 5.579120 0.000916 1560543299.653978
7757571.931253 -363989.198124 0.711680 5.516623 -0.001640 1560543299.753874
7757572.350340 -363988.837028 0.710210 5.517615 -0.003586 1560543299.853930
7757572.771060 -363988.476665 0.708435 5.536464 -0.004439 1560543299.953806
7757573.194273 -363988.116328 0.706758 5.540432 -0.003954 1560543300.053708
7757573.617130 -363987.757725 0.705312 5.534480 -0.003101 1560543300.153671
7757574.039008 -363987.400366 0.703909 5.529519 -0.003100 1560543300.253631
7757574.460811 -363987.043064 0.702353 5.532496 -0.003831 1560543300.353534
7757574.882368 -363986.686379 0.700485 5.520591 -0.005535 1560543300.453525
7757575.303891 -363986.331197 0.698267 5.508687 -0.006627 1560543300.553551
7757575.725360 -363985.977987 0.696069 5.501743 -0.006626 1560543300.653454
7757576.148272 -363985.627038 0.693970 5.494799 -0.006139 1560543300.753391
7757576.572845 -363985.277552 0.691967 5.490831 -0.006017 1560543300.853289
7757576.997313 -363984.928908 0.689940 5.482895 -0.006381 1560543300.953147
7757577.421484 -363984.581928 0.687986 5.471982 -0.006136 1560543301.053004
7757577.845713 -363984.234931 0.686169 5.470990 -0.005529 1560543301.152975
7757578.270500 -363983.888288 0.684667 5.470990 -0.003948 1560543301.252949
7757578.694515 -363983.543385 0.683551 5.465038 -0.002975 1560543301.352824
7757579.117371 -363983.199866 0.682345 5.455118 -0.003096 1560543301.452674
7757579.541384 -363982.858147 0.681071 5.459086 -0.003339 1560543301.552486
7757579.965895 -363982.515868 0.679952 5.469998 -0.002975 1560543301.652277
7757580.388706 -363982.172147 0.678397 5.460078 -0.005284 1560543301.752050
7757580.810911 -363981.828767 0.676178 5.449166 -0.007228 1560543301.851906
7757581.234485 -363981.488576 0.674160 5.449166 -0.006377 1560543301.951764
7757581.659374 -363981.150072 0.672399 5.454126 -0.005527 1560543302.051545
7757582.082816 -363980.814266 0.670416 5.430317 -0.006862 1560543302.151355
7757582.504983 -363980.480628 0.668293 5.408493 -0.006980 1560543302.251243
7757582.927007 -363980.149035 0.666245 5.404525 -0.006858 1560543302.351095
7757583.347767 -363979.820943 0.664430 5.379724 -0.006005 1560543302.451051
7757583.764650 -363979.496410 0.662991 5.344012 -0.004424 1560543302.550915
7757584.178693 -363979.175119 0.661682 5.317227 -0.003937 1560543302.650940
7757584.590196 -363978.856055 0.660487 5.302347 -0.003573 1560543302.750959
7757584.999131 -363978.539071 0.659293 5.296395 -0.003572 1560543302.850857
7757585.402495 -363978.225191 0.658169 5.257706 -0.003327 1560543302.950814
7757585.990318 -363977.767818 0.656476 5.123783 -0.002956 1560543303.100683
7757586.559904 -363977.325393 0.655272 4.995813 -0.001019 1560543303.250479
7757587.110776 -363976.898436 0.654769 4.828161 0.001393 1560543303.400380
7757587.638434 -363976.488516 0.654614 4.664478 0.002351 1560543303.550308
7757588.147722 -363976.096248 0.654626 4.510715 0.003067 1560543303.700282
7757588.641258 -363975.717798 0.654136 4.380760 0.000669 1560543303.850173
7757589.110841 -363975.355055 0.653416 4.195253 0.000669 1560543304.000082
7757589.559194 -363975.004557 0.653159 4.051410 0.002694 1560543304.149912
7757589.984255 -363974.673131 0.652785 3.868878 0.001738 1560543304.299599
7757590.393043 -363974.356794 0.651844 3.748844 0.000193 1560543304.449408
7757590.900165 -363973.968878 0.651127 3.462150 0.002324 1560543304.649221
7757591.354080 -363973.622841 0.650700 3.146687 0.002790 1560543304.849116
7757591.757117 -363973.315668 0.650393 2.852057 0.003254 1560543305.049042
7757592.184190 -363972.991888 0.650003 2.427473 0.003010 1560543305.298944
7757592.594311 -363972.683185 0.649412 1.918567 0.002183 1560543305.598829
7757593.017862 -363972.371902 0.648043 1.122967 -0.000150 1560543306.098251
7757593.435907 -363972.086873 0.646991 0.131939 -0.000845 1560543308.995266
