7757883.978593 -363538.070560 2.423642 3.068973 -0.002126 1578403217.995447
7757883.563747 -363537.708751 2.426999 3.154099 -0.002031 1578403218.195181
7757883.087188 -363537.268705 2.428732 3.033503 0.000968 1578403218.394930
7757882.644923 -363536.876121 2.429630 3.033503 0.001241 1578403218.544811
7757882.203411 -363536.476600 2.433281 2.983846 0.002693 1578403218.844773
7757881.771040 -363536.083068 2.432873 3.086707 0.002611 1578403219.044827
7757881.312799 -363535.685788 2.435279 3.111536 0.002704 1578403219.244578
7757880.872757 -363535.346554 2.440143 3.077840 0.002610 1578403219.394446
7757880.421592 -363534.950285 2.437557 3.189568 0.002620 1578403219.594197
7757879.957369 -363534.502502 2.433559 3.205529 -0.000752 1578403219.793949
7757879.487627 -363534.125877 2.435260 3.171833 -0.005039 1578403219.993725
7757879.046065 -363533.731940 2.435945 3.283561 -0.004854 1578403220.193504
7757878.585828 -363533.339829 2.435132 3.111536 -0.004220 1578403220.393255
7757878.128149 -363532.977725 2.439694 3.051238 -0.003675 1578403220.543116
7757877.665320 -363532.620399 2.439968 3.068973 -0.003675 1578403220.692969
7757877.274061 -363532.295667 2.439230 2.999808 -0.003040 1578403220.893175
7757876.889991 -363531.953463 2.441053 3.120403 -0.002397 1578403221.043197
7757876.432429 -363531.559271 2.439900 3.060105 -0.002309 1578403221.243378
7757875.984806 -363531.169637 2.440377 3.111536 -0.002398 1578403221.443419
7757875.509166 -363530.772730 2.440019 3.026409 -0.001946 1578403221.643376
7757875.077839 -363530.332532 2.437993 2.888080 0.000502 1578403221.843452
7757874.676940 -363529.991405 2.438335 2.829555 0.011226 1578403222.043211
7757874.229119 -363529.581060 2.447278 2.845517 0.031569 1578403222.243026
7757873.801298 -363529.227896 2.454065 2.829555 0.045439 1578403222.442840
7757873.383319 -363528.884987 2.472487 2.829555 0.063455 1578403222.642641
7757872.940464 -363528.516996 2.496575 2.854384 0.090720 1578403222.842443
7757872.520034 -363528.196386 2.526197 2.845517 0.116916 1578403223.042336
7757872.094483 -363527.924096 2.558172 2.778125 0.135663 1578403223.242179
7757871.574391 -363527.562449 2.589529 2.802954 0.155644 1578403223.441979
7757871.121746 -363527.255173 2.632149 2.802954 0.175637 1578403223.641787
7757870.661163 -363526.963513 2.681452 2.820688 0.193940 1578403223.841484
7757870.158221 -363526.718887 2.739275 2.914682 0.210608 1578403224.041518
7757869.543540 -363526.508873 2.809747 2.939510 0.228243 1578403224.241708
7757869.055254 -363526.377223 2.875251 2.914682 0.234706 1578403224.441728
7757868.524183 -363526.216275 2.951220 2.914682 0.236502 1578403224.641753
7757868.036146 -363526.101322 3.003953 2.999808 0.247942 1578403224.791652
7757867.455556 -363526.002566 3.079225 2.939510 0.264474 1578403224.991512
7757866.938308 -363526.035442 -3.124267 3.042371 0.282722 1578403225.191497
7757866.373384 -363526.089939 -3.040097 2.999808 0.299143 1578403225.391468
7757865.766020 -363526.171127 -2.954171 3.026409 0.303665 1578403225.591367
7757865.167600 -363526.294999 -2.862950 2.966112 0.303828 1578403225.791289
7757864.625853 -363526.489524 -2.757060 2.854384 0.304022 1578403226.041507
7757864.168230 -363526.702593 -2.675540 2.863251 0.303963 1578403226.241595
7757863.676282 -363526.964862 -2.588870 2.845517 0.303670 1578403226.441432
7757863.199040 -363527.232771 -2.507274 2.760390 0.297530 1578403226.641368
7757862.764557 -363527.575281 -2.431226 2.829555 0.288195 1578403226.841203
7757862.374309 -363527.961455 -2.352905 2.769258 0.282651 1578403227.041200
7757861.963794 -363528.380636 -2.270000 2.802954 0.272467 1578403227.241336
7757861.616320 -363528.762173 -2.197640 2.888080 0.271326 1578403227.441591
7757861.299913 -363529.187661 -2.125174 2.872118 0.271205 1578403227.641700
7757861.026769 -363529.666332 -2.051373 2.888080 0.271243 1578403227.841985
7757860.805743 -363530.193963 -1.970421 2.863251 0.270681 1578403228.041909
7757860.556071 -363530.692314 -1.896968 2.966112 0.267399 1578403228.241977
7757860.377015 -363531.268386 -1.820166 2.966112 0.266726 1578403228.441803
7757860.212323 -363531.859638 -1.736385 2.983846 0.265776 1578403228.641778
7757860.082151 -363532.421836 -1.640290 2.999808 0.262173 1578403228.891868
7757860.024880 -363533.057475 -1.568431 3.042371 0.258050 1578403229.091847
7757860.011694 -363533.643473 -1.494324 2.999808 0.257780 1578403229.291673
7757860.035599 -363534.190543 -1.412780 3.051238 0.255362 1578403229.491528
7757860.132250 -363534.796938 -1.338749 3.077840 0.252795 1578403229.691491
7757860.237036 -363535.399799 -1.257043 3.162966 0.247555 1578403229.891299
7757860.462217 -363536.013345 -1.185499 3.111536 0.226972 1578403230.091195
7757860.718367 -363536.637871 -1.107220 3.292428 0.197772 1578403230.291281
7757860.970843 -363537.118859 -1.045920 3.292428 0.179000 1578403230.491513
7757861.288225 -363537.683028 -0.995035 3.437852 0.159177 1578403230.691830
7757861.564434 -363538.134030 -0.953947 3.480415 0.145353 1578403230.841971
7757861.875179 -363538.561917 -0.918499 3.471548 0.139085 1578403230.992007
7757862.227441 -363539.035007 -0.892186 3.547807 0.127723 1578403231.142167
7757862.584874 -363539.464794 -0.856468 3.556674 0.120183 1578403231.292241
7757862.931973 -363539.840402 -0.833295 3.556674 0.111714 1578403231.442214
7757863.261610 -363540.232994 -0.798651 3.498150 0.098732 1578403231.592202
7757863.614748 -363540.590333 -0.776417 3.547807 0.084473 1578403231.742296
7757864.042416 -363540.977296 -0.754928 3.547807 0.069939 1578403231.892433
7757864.446836 -363541.351178 -0.741475 3.583276 0.055668 1578403232.042561
7757864.852979 -363541.724714 -0.729839 3.650667 0.041193 1578403232.192591
7757865.200417 -363542.084330 -0.720131 3.650667 0.023908 1578403232.342608
7757865.621759 -363542.442186 -0.710030 3.753528 0.009278 1578403232.492564
7757866.007951 -363542.831620 -0.708452 3.650667 0.002948 1578403232.642473
7757866.462692 -363543.164050 -0.711808 3.771263 0.002770 1578403232.792405
7757866.930629 -363543.601135 -0.707130 3.746434 0.002584 1578403232.992280
7757867.328202 -363543.956418 -0.701865 3.753528 0.002584 1578403233.142105
7757867.806077 -363544.346325 -0.704759 3.728700 0.002582 1578403233.291996
7757868.187721 -363544.713683 -0.703089 3.719832 0.002489 1578403233.441810
7757868.656211 -363545.170931 -0.701163 3.806732 0.002039 1578403233.591666
7757869.103007 -363545.578637 -0.704584 3.780130 -0.000348 1578403233.741634
7757869.592763 -363546.005771 -0.700626 3.753528 -0.000350 1578403233.941616
7757870.132681 -363546.476300 -0.701075 3.797865 -0.000530 1578403234.141486
7757870.552939 -363546.853014 -0.698048 3.813826 -0.000346 1578403234.291387
7757870.958335 -363547.193594 -0.702897 3.822693 -0.000437 1578403234.441255
7757871.423169 -363547.579839 -0.705555 3.856389 -0.002271 1578403234.591317
7757871.862922 -363547.938076 -0.702543 3.865256 -0.004382 1578403234.741312
7757872.368989 -363548.394828 -0.706416 3.943288 -0.005850 1578403234.891285
7757872.811720 -363548.816419 -0.709933 3.943288 -0.007504 1578403235.041151
7757873.324490 -363549.274274 -0.711919 3.882991 -0.007229 1578403235.241101
7757873.864232 -363549.730813 -0.712987 3.797865 -0.006127 1578403235.441113
7757874.358413 -363550.154197 -0.715150 3.968117 -0.002632 1578403235.591239
7757874.788858 -363550.580148 -0.718235 3.934421 0.000766 1578403235.741334
7757875.177670 -363550.911976 -0.716223 3.891858 0.005538 1578403235.891420
7757875.590326 -363551.292497 -0.716283 3.909593 0.006092 1578403236.041304
7757875.979189 -363551.667864 -0.714310 3.831560 0.008007 1578403236.191292
7757876.420168 -363552.078509 -0.717995 3.840428 0.008192 1578403236.341251
7757876.900330 -363552.473674 -0.712868 3.840428 0.008376 1578403236.491334
7757877.306212 -363552.824456 -0.713570 3.831560 0.008374 1578403236.641360
7757877.706327 -363553.161818 -0.708737 3.891858 0.008385 1578403236.791357
7757878.149351 -363553.543195 -0.703611 3.771263 0.008089 1578403236.941222
7757878.149351 -363553.543195 -0.703611 3.771263 0.008089 1578403236.941222
7757878.595401 -363553.947716 -0.703789 3.806732 0.004241 1578403237.141018
7757879.081241 -363554.363411 -0.707076 3.780130 0.000019 1578403237.290956
7757879.501334 -363554.774815 -0.706042 3.865256 -0.001444 1578403237.440862
7757879.946693 -363555.128753 -0.703255 3.703871 -0.001454 1578403237.590777
7757880.306256 -363555.530703 -0.706094 3.865256 -0.001352 1578403237.740656
7757880.817366 -363555.956759 -0.712298 3.771263 -0.000808 1578403237.940428
7757881.279292 -363556.383911 -0.708752 3.753528 0.001392 1578403238.090251
7757881.744681 -363556.784616 -0.709972 3.753528 0.003776 1578403238.240225
7757882.155282 -363557.147755 -0.712348 3.771263 0.003870 1578403238.390167
7757882.533514 -363557.516765 -0.710369 3.574409 0.003847 1578403238.540073
7757882.942947 -363557.897679 -0.708975 3.583276 0.004946 1578403238.690005
7757883.333527 -363558.223060 -0.705807 3.625839 0.006875 1578403238.839917
7757883.822707 -363558.675403 -0.705118 3.565541 0.008330 1578403239.039823
7757884.275737 -363559.069147 -0.704525 3.522978 0.009055 1578403239.189877
7757884.723489 -363559.460277 -0.706533 3.480415 0.010693 1578403239.339738
7757885.160582 -363559.879166 -0.701989 3.437852 0.012787 1578403239.539518
7757885.579673 -363560.204739 -0.693784 3.402383 0.013328 1578403239.689367
7757886.062081 -363560.638626 -0.687244 3.359820 0.013137 1578403239.839253
7757886.448124 -363560.988201 -0.682873 3.326124 0.013130 1578403239.989291
7757886.912054 -363561.409936 -0.684853 3.292428 0.013123 1578403240.189481
7757887.358588 -363561.786293 -0.678364 3.223264 0.015207 1578403240.439555
7757887.771171 -363562.109014 -0.671596 3.180701 0.019298 1578403240.589647
7757888.172186 -363562.445098 -0.661082 3.102668 0.024013 1578403240.739814
7757888.597793 -363562.772383 -0.656984 2.999808 0.035709 1578403240.939847
7757889.087990 -363563.165102 -0.640279 2.880986 0.053709 1578403241.139668
7757889.487562 -363563.474949 -0.624969 2.802954 0.069042 1578403241.339606
7757889.910697 -363563.796135 -0.600019 2.733789 0.094398 1578403241.589695
7757890.410271 -363564.172759 -0.569022 2.675264 0.123259 1578403241.789865
7757890.936248 -363564.498139 -0.530702 2.648663 0.152880 1578403241.989630
7757891.435302 -363564.782463 -0.479257 2.588365 0.170238 1578403242.239564
7757891.918908 -363565.035982 -0.439592 2.572404 0.170304 1578403242.439557
7757892.464784 -363565.250794 -0.387012 2.520973 0.176456 1578403242.689869
7757892.980524 -363565.460770 -0.349259 2.262048 0.176468 1578403242.890185
7757893.564157 -363565.635276 -0.292003 2.469543 0.180407 1578403243.190382
7757894.070981 -363565.799876 -0.257902 2.297517 0.207416 1578403243.390343
7757894.670427 -363565.901906 -0.168527 2.391511 0.253631 1578403243.689935
7757895.250362 -363565.926711 -0.074270 2.125492 0.267414 1578403244.039920
7757895.763554 -363565.929728 -0.005608 2.100663 0.267455 1578403244.290170
7757896.258820 -363565.839268 0.073892 2.031498 0.267505 1578403244.590367
7757896.829164 -363565.708670 0.153747 2.082929 0.267508 1578403244.890222
7757897.335429 -363565.575027 0.226775 2.109531 0.267303 1578403245.139971
7757897.921972 -363565.411787 0.308276 2.159188 0.265719 1578403245.439739
7757898.442232 -363565.211681 0.378476 2.246087 0.230063 1578403245.689930
7757898.961849 -363564.993409 0.436578 2.288650 0.181824 1578403245.940022
7757899.477341 -363564.814472 0.469045 2.306385 0.140291 1578403246.190239
7757899.932221 -363564.578353 0.498720 2.366682 0.100652 1578403246.390076
7757900.435709 -363564.259134 0.527281 2.425207 0.059176 1578403246.639998
7757900.949878 -363563.964401 0.538409 2.451808 0.010987 1578403246.940095
7757901.380608 -363563.706469 0.545053 2.597232 -0.037244 1578403247.140241
7757901.824797 -363563.393314 0.529439 2.494371 -0.093388 1578403247.340290
7757902.277117 -363563.118910 0.506436 2.657530 -0.141160 1578403247.540421
7757902.741559 -363562.883205 0.471466 2.494371 -0.173565 1578403247.740796
7757903.225361 -363562.709898 0.418757 2.742656 -0.206328 1578403247.941081
7757903.718874 -363562.476572 0.366399 2.700093 -0.245452 1578403248.141261
7757904.231480 -363562.302858 0.297287 2.691226 -0.281520 1578403248.341501
7757904.740948 -363562.181890 0.230259 2.820688 -0.298269 1578403248.541385
7757905.328144 -363562.048311 0.139146 2.888080 -0.314161 1578403248.741272
7757905.908976 -363562.022256 0.059242 2.905814 -0.324878 1578403248.941171
7757906.518690 -363562.063302 -0.063418 2.939510 -0.324889 1578403249.191088
7757907.087100 -363562.103971 -0.151031 2.863251 -0.321816 1578403249.390798
7757907.624926 -363562.187390 -0.244625 2.914682 -0.303071 1578403249.590514
7757908.142883 -363562.365427 -0.330335 2.794086 -0.270720 1578403249.790205
7757908.741077 -363562.590582 -0.392274 3.077840 -0.236764 1578403249.989757
7757909.285288 -363562.898190 -0.465251 3.102668 -0.202752 1578403250.189670
7757909.838244 -363563.150401 -0.516361 3.223264 -0.163414 1578403250.389273
7757910.327880 -363563.496407 -0.558611 3.256959 -0.115452 1578403250.589156
7757910.757257 -363563.803611 -0.583036 3.265827 -0.088433 1578403250.739089
7757911.174008 -363564.087908 -0.597918 3.395289 -0.057798 1578403250.889103
7757911.675394 -363564.411968 -0.606487 3.420118 -0.048338 1578403251.039226
7757912.219548 -363564.778677 -0.622785 3.411250 -0.048040 1578403251.239456
7757912.792405 -363565.218425 -0.637102 3.350953 -0.048012 1578403251.439670
7757913.256702 -363565.531347 -0.650080 3.428985 -0.046506 1578403251.639759
7757913.673395 -363565.864809 -0.656488 3.489283 -0.036465 1578403251.789718
7757914.096522 -363566.230324 -0.669152 3.471548 -0.025604 1578403251.939604
7757914.546256 -363566.635078 -0.672433 3.334992 -0.008597 1578403252.139370
7757915.057783 -363567.050114 -0.675465 3.292428 -0.002112 1578403252.339259
7757915.544607 -363567.423841 -0.677246 3.189568 -0.002030 1578403252.539300
7757916.021909 -363567.783154 -0.678493 3.265827 -0.002026 1578403252.689433
7757916.575670 -363568.238741 -0.680216 3.326124 -0.000928 1578403252.889546
7757916.991331 -363568.642935 -0.677729 3.326124 0.004915 1578403253.039507
7757917.408624 -363569.009252 -0.673600 3.368687 0.015421 1578403253.239616
7757917.850266 -363569.379828 -0.672419 3.402383 0.015246 1578403253.389627
7757918.356819 -363569.822071 -0.665870 3.462681 0.007674 1578403253.589437
7757918.808368 -363570.197058 -0.663400 3.480415 0.003471 1578403253.789449
7757919.246194 -363570.527537 -0.666549 3.498150 0.003473 1578403253.939455
7757919.756399 -363570.932021 -0.674538 3.601011 0.003484 1578403254.089250
7757920.213368 -363571.325542 -0.668783 3.565541 0.003572 1578403254.239162
7757920.721949 -363571.706900 -0.666442 3.453813 0.003377 1578403254.439324
7757921.151467 -363572.029565 -0.663262 3.616972 0.003486 1578403254.589297
7757921.590973 -363572.426294 -0.665986 3.719832 0.003039 1578403254.739289
7757922.033966 -363572.810524 -0.670362 3.480415 -0.002473 1578403254.889184
7757922.427613 -363573.124670 -0.674166 3.737567 -0.008879 1578403255.039165
7757922.902131 -363573.442588 -0.676910 3.453813 -0.009513 1578403255.189176
7757923.343128 -363573.808748 -0.680990 3.420118 -0.009512 1578403255.339434
7757923.731907 -363574.124483 -0.686246 3.592143 -0.009517 1578403255.489618
7757924.181247 -363574.528941 -0.685775 3.505244 -0.009880 1578403255.639653
7757924.604216 -363574.866392 -0.687960 3.498150 -0.010063 1578403255.789647
7757925.091666 -363575.270033 -0.695285 3.437852 -0.014631 1578403255.989691
7757925.519191 -363575.593731 -0.701472 3.395289 -0.018373 1578403256.189546
7757925.905517 -363575.920597 -0.710317 3.428985 -0.021027 1578403256.339384
7757926.276146 -363576.263494 -0.708515 3.531846 -0.023603 1578403256.489158
7757926.644326 -363576.629711 -0.721219 3.480415 -0.028987 1578403256.638968
7757927.050868 -363576.977398 -0.726017 3.420118 -0.038562 1578403256.788858
7757927.537378 -363577.366241 -0.730781 3.402383 -0.056161 1578403256.988991
7757927.914923 -363577.781784 -0.749291 3.437852 -0.074941 1578403257.139123
7757928.325321 -363578.195358 -0.770031 3.428985 -0.096547 1578403257.289212
7757928.806001 -363578.710179 -0.809739 3.377555 -0.119458 1578403257.489467
7757929.205015 -363579.139630 -0.836063 3.359820 -0.127993 1578403257.639470
7757929.535462 -363579.546810 -0.865795 3.377555 -0.134937 1578403257.789537
7757929.863844 -363579.936139 -0.905020 3.359820 -0.153365 1578403257.989444
7757930.175818 -363580.389226 -0.948029 3.326124 -0.171126 1578403258.189275
7757930.464529 -363580.837628 -0.994609 3.292428 -0.172935 1578403258.339135
7757930.754055 -363581.263261 -1.032598 3.265827 -0.173158 1578403258.488859
7757931.044560 -363581.808763 -1.082682 3.171833 -0.176109 1578403258.688630
7757931.289425 -363582.302378 -1.143371 3.102668 -0.176354 1578403258.888698
7757931.510073 -363582.792342 -1.185533 3.093801 -0.179522 1578403259.038697
7757931.681897 -363583.289941 -1.226695 3.068973 -0.189354 1578403259.188835
7757931.866182 -363583.839693 -1.289296 3.026409 -0.210041 1578403259.388996
7757931.981074 -363584.405682 -1.346759 2.957245 -0.224253 1578403259.588871
7757932.054264 -363584.994055 -1.412896 2.845517 -0.230783 1578403259.788770
7757932.144847 -363585.636547 -1.491311 2.802954 -0.245396 1578403260.038799
7757932.171658 -363586.273984 -1.564951 2.896947 -0.253537 1578403260.238929
7757932.138760 -363586.798765 -1.627552 2.914682 -0.257241 1578403260.438931
7757932.054054 -363587.328436 -1.699141 2.948377 -0.265052 1578403260.638812
7757931.935489 -363587.929529 -1.758901 2.957245 -0.265411 1578403260.838662
7757931.791282 -363588.475909 -1.840327 2.872118 -0.265626 1578403261.038651
7757931.593736 -363589.010492 -1.908281 2.896947 -0.271496 1578403261.238856
7757931.401733 -363589.478471 -1.982619 2.872118 -0.276462 1578403261.439085
7757931.188991 -363590.027177 -2.051030 2.811821 -0.283677 1578403261.639072
7757930.864146 -363590.571416 -2.148713 2.802954 -0.285727 1578403261.888888
7757930.579494 -363591.029638 -2.226200 2.760390 -0.292881 1578403262.088793
7757930.239546 -363591.496674 -2.301912 2.717827 -0.298023 1578403262.288918
7757929.856616 -363591.901213 -2.373240 2.691226 -0.306739 1578403262.488996
7757929.456987 -363592.272622 -2.450502 2.675264 -0.318956 1578403262.688956
7757929.048297 -363592.577744 -2.530888 2.614967 -0.330878 1578403262.888941
7757928.589007 -363592.857748 -2.618388 2.597232 -0.335131 1578403263.088792
7757928.094548 -363593.103175 -2.705764 2.630928 -0.335095 1578403263.288637
7757927.542883 -363593.339164 -2.811139 2.512106 -0.335162 1578403263.538441
7757927.045561 -363593.456359 -2.892192 2.572404 -0.335635 1578403263.738569
7757926.505548 -363593.552396 -2.976791 2.536935 -0.339344 1578403263.938725
7757925.911890 -363593.596182 -3.083362 2.572404 -0.341046 1578403264.188994
7757925.291038 -363593.629564 3.089363 2.579498 -0.339613 1578403264.439035
7757924.662389 -363593.524958 2.985068 2.536935 -0.330360 1578403264.688752
7757924.075902 -363593.425775 2.881789 2.579498 -0.309692 1578403264.938374
7757923.564705 -363593.247914 2.803100 2.554669 -0.304357 1578403265.138315
7757923.020651 -363593.002622 2.719108 2.572404 -0.297466 1578403265.388414
7757922.487581 -363592.759740 2.632351 2.554669 -0.263632 1578403265.638466
7757922.053507 -363592.480877 2.572763 2.512106 -0.228986 1578403265.838192
7757921.565963 -363592.124872 2.513123 2.563536 -0.180339 1578403266.087950
7757921.153972 -363591.796446 2.473926 2.494371 -0.132175 1578403266.287934
7757920.712821 -363591.395926 2.447608 2.528067 -0.067355 1578403266.537905
7757920.321743 -363591.057173 2.433326 2.366682 -0.025517 1578403266.737922
7757919.883520 -363590.680302 2.430906 2.460676 -0.006047 1578403266.937907
7757919.475840 -363590.309430 2.433724 2.409245 -0.005323 1578403267.137852
7757919.028552 -363589.894469 2.429743 2.315252 -0.010394 1578403267.487982
7757918.645269 -363589.567611 2.433113 2.065194 -0.011202 1578403267.687863
7757918.248932 -363589.216758 2.431066 1.816910 -0.011376 1578403267.987754
7757917.868752 -363588.805938 2.427978 1.465765 -0.009206 1578403268.387794
7757917.426567 -363588.544479 2.423881 1.063189 -0.008303 1578403268.787709
7757918.185425 -363589.197263 2.466090 -0.000887 -0.009289 1578403191.428745
7757917.784336 -363588.824016 2.465043 1.063189 -0.001827 1578403195.426242
7757917.371771 -363588.478376 2.468480 1.396600 -0.001821 1578403195.776000
7757916.942772 -363588.122409 2.465308 1.731784 -0.001632 1578403196.125579
7757916.456126 -363587.743803 2.467309 1.946372 -0.001807 1578403196.425046
7757916.055665 -363587.428434 2.466626 2.082929 -0.001802 1578403196.624772
7757915.646889 -363587.088539 2.464911 2.262048 -0.001886 1578403196.874480
7757915.264561 -363586.731892 2.466125 2.331213 -0.001884 1578403197.124379
7757914.890748 -363586.396783 2.468113 2.503239 -0.001877 1578403197.324272
7757914.407782 -363586.048181 2.471114 2.666397 -0.001871 1578403197.524042
7757913.979744 -363585.683431 2.466218 2.733789 -0.002049 1578403197.723775
7757913.576352 -363585.344176 2.464120 2.939510 -0.002956 1578403197.873576
7757913.101779 -363584.994208 2.464964 2.820688 -0.003137 1578403198.073303
7757912.678035 -363584.645187 2.471471 2.999808 -0.003129 1578403198.273010
