7471712.912298 -681572.622927 0.822232 -0.000843 0.325246 1628863520.373125
7471713.272018 -681572.214204 0.891599 0.587791 0.189577 1628863525.173029
7471713.561077 -681571.779750 0.936988 0.913310 0.142460 1628863525.872980
7471713.857766 -681571.348354 0.967407 1.132572 0.099251 1628863526.372942
7471714.142516 -681570.886208 0.994168 1.304608 0.093224 1628863526.822826
7471714.408265 -681570.443829 1.017635 1.442912 0.098613 1628863527.172914
7471714.690610 -681569.997195 1.041579 1.549170 0.119834 1628863527.523014
7471714.957032 -681569.536234 1.079257 1.621695 0.136201 1628863527.872762
7471715.197822 -681569.068291 1.113496 1.670607 0.152416 1628863528.172630
7471715.437049 -681568.524232 1.159075 1.704340 0.178822 1628863528.522746
7471715.633366 -681568.055990 1.204273 1.712773 0.208083 1628863528.822863
7471715.826901 -681567.552544 1.258914 1.736386 0.256999 1628863529.122703
7471715.968540 -681567.052310 1.328066 1.753252 0.302181 1628863529.422698
7471716.042498 -681566.551761 1.404991 1.793731 0.321862 1628863529.722894
7471716.143240 -681566.049981 1.482871 1.810597 0.349161 1628863530.023110
7471716.125365 -681565.490176 1.580566 1.874689 0.368487 1628863530.322829
7471716.050224 -681564.974865 1.661544 1.923602 0.376238 1628863530.573124
7471715.935465 -681564.453801 1.767763 1.915168 0.394653 1628863530.872291
7471715.838344 -681563.900560 1.875351 1.923602 0.404008 1628863531.172194
7471715.629568 -681563.426784 1.966614 1.940468 0.403869 1628863531.422226
7471715.353683 -681562.930672 2.074125 1.955647 0.403921 1628863531.722525
7471715.054305 -681562.441490 2.182260 1.948901 0.403906 1628863532.022923
7471714.744999 -681562.029252 2.274127 1.972514 0.403880 1628863532.272953
7471714.386406 -681561.640211 2.367650 1.997813 0.399517 1628863532.522891
7471713.937140 -681561.288864 2.477436 2.029859 0.368711 1628863532.823071
7471713.464228 -681560.998491 2.560271 2.029859 0.344589 1628863533.073045
7471713.047784 -681560.718044 2.640395 2.029859 0.332345 1628863533.322834
7471712.512828 -681560.498512 2.729624 2.021426 0.307994 1628863533.622734
7471712.021335 -681560.301131 2.796911 2.046726 0.262317 1628863533.872884
7471711.525402 -681560.154537 2.852899 2.070338 0.207655 1628863534.123240
7471710.988372 -681560.050317 2.894238 2.136117 0.150500 1628863534.373423
7471710.440578 -681559.923817 2.928482 2.217075 0.096727 1628863534.623363
7471709.865052 -681559.827777 2.948211 2.282854 0.045414 1628863534.873193
7471709.300821 -681559.710713 2.957182 2.348632 0.008325 1628863535.123060
7471708.762374 -681559.606812 2.958860 2.389111 -0.016764 1628863535.373096
7471708.137463 -681559.500252 2.953888 2.461636 -0.031699 1628863535.623186
7471707.555520 -681559.399392 2.944720 2.502116 -0.048065 1628863535.873084
7471707.050490 -681559.336775 2.931802 2.551028 -0.057839 1628863536.072953
7471706.513644 -681559.223015 2.919226 2.576327 -0.065872 1628863536.273005
7471705.897450 -681559.063262 2.903756 2.510549 -0.069280 1628863536.522994
7471705.308819 -681558.899357 2.883849 2.446457 -0.078854 1628863536.772783
7471704.736001 -681558.764186 2.862616 2.412724 -0.086888 1628863537.022716
7471704.188815 -681558.600019 2.842605 2.291287 -0.087365 1628863537.272515
7471703.665093 -681558.444172 2.822814 2.119251 -0.084067 1628863537.522421
7471703.192118 -681558.270706 2.807037 1.891556 -0.067386 1628863537.772481
7471702.665509 -681558.077904 2.794295 1.540737 -0.048284 1628863538.122548
7471702.183607 -681557.902520 2.788892 1.125826 -0.032738 1628863538.522488
