7471736.398760 -681431.907251 1.643475 -0.000843 -0.002883 1629136941.667908
7471736.448942 -681432.408211 1.645611 -0.570924 -0.002898 1629136945.967981
7471736.468283 -681432.923403 1.643475 -0.766573 -0.002818 1629136946.718167
7471736.540839 -681433.459116 1.644545 -0.962222 -0.002833 1629136947.268077
7471736.567114 -681434.002750 1.641428 -1.092093 -0.002844 1629136947.768004
7471736.615885 -681434.518702 1.644445 -1.181484 -0.002853 1629136948.218500
7471736.658365 -681435.063045 1.645796 -1.238830 -0.002859 1629136948.668002
7471736.702366 -681435.601618 1.646435 -1.296175 -0.002865 1629136949.067799
7471736.747742 -681436.121807 1.645199 -1.385567 -0.002785 1629136949.467822
7471736.802565 -681436.699102 1.647221 -1.474958 -0.002796 1629136949.867800
7471736.838399 -681437.211142 1.647091 -1.532303 -0.002803 1629136950.217830
7471736.891145 -681437.787066 1.645484 -1.581216 -0.002810 1629136950.567903
7471736.917950 -681438.331365 1.646002 -1.621695 -0.002816 1629136950.917977
7471736.996632 -681438.947889 1.645414 -1.630128 -0.002817 1629136951.268073
7471737.032290 -681439.462401 1.645001 -1.566036 -0.002808 1629136951.618552
7471737.076549 -681439.974888 1.645810 -1.572782 -0.002809 1629136951.918156
7471737.096412 -681440.482617 1.644546 -1.557603 -0.002807 1629136952.268188
7471737.118185 -681441.036720 1.643856 -1.540737 -0.002804 1629136952.568307
7471737.147440 -681441.613136 1.647394 -1.508691 -0.002800 1629136952.968331
7471737.191842 -681442.129991 1.640393 -1.508691 -0.002800 1629136953.318507
7471737.214795 -681442.646577 1.643745 -1.500257 -0.002799 1629136953.618894
7471737.252312 -681443.146651 1.643828 -1.523870 -0.002438 1629136953.968467
7471737.292169 -681443.663773 1.643848 -1.523870 0.002574 1629136954.318403
7471737.340864 -681444.224686 1.643022 -1.508691 0.004580 1629136954.618382
7471737.453156 -681444.832515 1.640691 -1.483391 0.004583 1629136955.018970
7471737.494136 -681445.422902 1.639300 -1.491824 0.004582 1629136955.418551
7471737.586654 -681445.939012 1.636316 -1.468211 0.004493 1629136955.818110
7471737.605485 -681446.474051 1.637476 -1.442912 0.004587 1629136956.167886
7471737.658904 -681447.050007 1.637864 -1.410866 0.000217 1629136956.567888
7471737.686654 -681447.554411 1.637001 -1.483391 -0.002159 1629136956.917942
7471737.746795 -681448.088848 1.639783 -1.517124 -0.002164 1629136957.218237
7471737.808853 -681448.632859 1.638757 -1.557603 -0.001804 1629136957.518131
7471737.854068 -681449.246064 1.638281 -1.630128 0.005571 1629136957.867981
7471737.877723 -681449.812026 1.636703 -1.687473 0.010400 1629136958.118089
7471737.930682 -681450.350771 1.634493 -1.712773 0.010398 1629136958.418097
7471737.951825 -681450.861513 1.634510 -1.719519 0.010033 1629136958.668100
7471737.963026 -681451.370537 1.629467 -1.727952 0.004558 1629136958.918542
7471737.969010 -681451.891110 1.626862 -1.727952 0.004375 1629136959.168099
7471737.975226 -681452.424465 1.631769 -1.753252 0.003095 1629136959.418672
7471738.020787 -681452.956116 1.633185 -1.793731 0.002269 1629136959.668167
7471738.036134 -681453.474621 1.631845 -1.793731 -0.000743 1629136959.918241
7471738.078899 -681454.093652 1.632491 -1.825777 -0.000565 1629136960.268808
7471738.145265 -681454.654153 1.634287 -1.851076 0.003083 1629136960.568117
7471738.200583 -681455.228426 1.626109 -1.834210 0.004363 1629136960.868285
7471738.222757 -681455.780413 1.625726 -1.859510 0.014313 1629136961.219045
7471738.248724 -681456.290012 1.624557 -1.874689 0.014312 1629136961.468487
7471738.286774 -681456.858950 1.624473 -1.923602 0.014765 1629136961.768566
7471738.369726 -681457.459087 1.613947 -1.964081 0.014854 1629136962.068645
7471738.386240 -681458.011111 1.608108 -1.989380 0.014578 1629136962.318673
7471738.405943 -681458.616004 1.606915 -2.038292 0.013478 1629136962.618676
7471738.430789 -681459.213869 1.604481 -2.055159 0.013477 1629136962.918686
7471738.468906 -681459.725566 1.598453 -2.061905 0.012196 1629136963.168722
7471738.481909 -681460.232540 1.594972 -2.070338 0.008721 1629136963.419320
7471738.491045 -681460.748578 1.592368 -2.078771 0.004514 1629136963.668760
7471738.530017 -681461.369442 1.592618 -2.055159 0.004426 1629136963.968726
7471738.546186 -681461.894725 1.592247 -2.038292 0.003697 1629136964.218734
7471738.553704 -681462.460451 1.591877 -2.012993 0.003518 1629136964.518785
7471738.555569 -681462.962886 1.591718 -2.021426 0.003243 1629136964.768792
7471738.580078 -681463.539206 1.584298 -1.980947 0.003248 1629136965.068679
7471738.620559 -681464.063790 1.583073 -1.915168 0.003257 1629136965.318661
7471738.610870 -681464.613021 1.582313 -1.891556 0.003260 1629136965.619159
7471738.624561 -681465.134395 1.582033 -1.859510 0.000343 1629136965.868548
7471738.632009 -681465.715398 1.581899 -1.817344 -0.002480 1629136966.218649
7471738.645021 -681466.292220 1.584191 -1.776865 -0.002473 1629136966.518726
7471738.655958 -681466.864635 1.583492 -1.768432 -0.001742 1629136966.868800
7471738.664278 -681467.418116 1.582942 -1.810597 -0.001657 1629136967.169171
7471738.705725 -681467.950375 1.588034 -1.817344 -0.001841 1629136967.468905
7471738.717008 -681468.547527 1.588453 -1.834210 -0.002482 1629136967.769277
7471738.753255 -681469.070493 1.586927 -1.851076 -0.004219 1629136968.069020
7471738.766824 -681469.618484 1.587784 -1.842643 -0.004126 1629136968.369201
7471738.753197 -681470.165007 1.590682 -1.851076 -0.004219 1629136968.669172
7471738.767652 -681470.713087 1.595345 -1.866256 -0.004221 1629136968.969470
7471738.799577 -681471.287861 1.595846 -1.866256 0.001438 1629136969.269228
7471738.834954 -681471.867113 1.594063 -1.851076 0.004635 1629136969.569267
7471738.836547 -681472.383102 1.595162 -1.802164 0.006009 1629136969.869376
7471738.859303 -681472.944183 1.593741 -1.793731 0.006010 1629136970.169568
7471738.892063 -681473.518798 1.593088 -1.768432 0.005922 1629136970.519528
7471738.905368 -681474.056474 1.593064 -1.744819 0.004282 1629136970.819564
7471738.923713 -681474.595886 1.592057 -1.736386 -0.000917 1629136971.119606
7471738.938164 -681475.110785 1.592427 -1.712773 -0.000914 1629136971.425302
7471738.935615 -681475.620974 1.593189 -1.719519 -0.000915 1629136971.719766
7471738.956023 -681476.206937 1.592433 -1.727952 -0.000824 1629136972.069798
7471738.963749 -681476.742103 1.593055 -1.744819 -0.000280 1629136972.370035
7471738.972233 -681477.318129 1.594743 -1.768432 0.001451 1629136972.669808
7471739.027399 -681477.855470 1.594055 -1.802164 0.005553 1629136972.970479
7471739.042749 -681478.434433 1.595150 -1.793731 0.005189 1629136973.269386
7471739.071194 -681478.967911 1.596027 -1.810597 0.002905 1629136973.519282
7471739.072774 -681479.521319 1.594166 -1.834210 0.002263 1629136973.819240
7471739.088916 -681480.124744 1.594485 -1.866256 0.001894 1629136974.169424
7471739.118346 -681480.710376 1.595829 -1.874689 0.001071 1629136974.518632
7471739.168943 -681481.245460 1.601870 -1.859510 0.001621 1629136974.818516
7471739.197847 -681481.846786 1.601547 -1.851076 0.003630 1629136975.118512
7471739.206751 -681482.349269 1.602290 -1.825777 0.005368 1629136975.368996
7471739.225488 -681482.850516 1.601458 -1.810597 0.007560 1629136975.618616
7471739.254360 -681483.388960 1.602013 -1.785298 0.007745 1629136975.868652
7471739.271386 -681483.977909 1.602465 -1.785298 0.007289 1629136976.168815
7471739.287147 -681484.519377 1.600294 -1.785298 0.004095 1629136976.468911
7471739.303432 -681485.072286 1.600834 -1.810597 0.001445 1629136976.768984
7471739.328910 -681485.609159 1.597689 -1.842643 0.001258 1629136977.019048
7471739.333933 -681486.127998 1.599273 -1.842643 0.001258 1629136977.269174
7471739.353329 -681486.744657 1.600769 -1.859510 0.001256 1629136977.519132
7471739.376339 -681487.346998 1.601291 -1.851076 0.001257 1629136977.819205
7471739.410225 -681487.862113 1.601868 -1.851076 0.001348 1629136978.069140
7471739.445529 -681488.415158 1.603208 -1.825777 0.001260 1629136978.369164
7471739.498038 -681488.978347 1.604813 -1.802164 0.001629 1629136978.669305
7471739.519278 -681489.573330 1.604754 -1.859510 0.006003 1629136978.969932
7471739.547134 -681490.134753 1.605742 -1.825777 0.006098 1629136979.269438
7471739.559825 -681490.676889 1.604387 -1.817344 0.006099 1629136979.570304
7471739.597737 -681491.199201 1.606192 -1.817344 0.006099 1629136979.819480
7471739.612507 -681491.709420 1.605844 -1.825777 0.005733 1629136980.069441
7471739.625779 -681492.286654 1.605511 -1.817344 0.001900 1629136980.369477
7471739.650458 -681492.787237 1.605992 -1.817344 -0.005034 1629136980.669201
7471739.680661 -681493.315908 1.606766 -1.834210 -0.005220 1629136980.969565
7471739.698901 -681493.857095 1.607060 -1.825777 -0.006769 1629136981.318925
7471739.751774 -681494.370500 1.611338 -1.810597 -0.006675 1629136981.618994
7471739.791958 -681494.974755 1.614338 -1.793731 -0.006672 1629136981.919070
7471739.791681 -681495.483301 1.616428 -1.736386 -0.003379 1629136982.219209
7471739.827408 -681496.022556 1.618360 -1.727952 0.002003 1629136982.469271
7471739.823987 -681496.553359 1.616190 -1.719519 0.003008 1629136982.719180
7471739.871640 -681497.184963 1.610306 -1.704340 0.003009 1629136982.969836
7471739.910176 -681497.788519 1.611347 -1.695906 0.003010 1629136983.218902
7471739.931137 -681498.313092 1.609901 -1.679040 0.003012 1629136983.418757
7471739.977602 -681498.942025 1.612464 -1.687473 0.003011 1629136983.668763
7471740.057716 -681499.543650 1.616743 -1.679040 0.003012 1629136983.918843
7471740.110466 -681500.051104 1.620787 -1.670607 0.003013 1629136984.118814
7471740.189314 -681500.631543 1.624723 -1.679040 0.001827 1629136984.418751
7471740.252589 -681501.230029 1.624430 -1.736386 0.000999 1629136984.768646
7471740.295013 -681501.793181 1.622491 -1.768432 -0.001013 1629136985.068722
7471740.324672 -681502.316228 1.623193 -1.802164 -0.002934 1629136985.369389
7471740.353455 -681502.860793 1.626093 -1.825777 -0.002937 1629136985.668959
7471740.392074 -681503.431371 1.626772 -1.810597 -0.003117 1629136985.969009
7471740.403360 -681503.943785 1.629238 -1.810597 -0.003209 1629136986.269098
7471740.438808 -681504.484797 1.629776 -1.753252 -0.003200 1629136986.569186
7471740.511638 -681505.092967 1.632056 -1.695906 -0.003191 1629136986.919382
7471740.519653 -681505.660869 1.629522 -1.655427 -0.000632 1629136987.269430
7471740.573302 -681506.212874 1.625420 -1.646994 0.001831 1629136987.619658
7471740.623060 -681506.716267 1.624533 -1.630128 0.001833 1629136987.919770
7471740.657627 -681507.225901 1.626412 -1.614948 0.000740 1629136988.219837
7471740.694183 -681507.727498 1.624233 -1.638561 -0.000812 1629136988.519692
7471740.721706 -681508.316845 1.626411 -1.663860 -0.001545 1629136988.869665
7471740.761940 -681508.828158 1.627098 -1.727952 -0.001737 1629136989.169772
7471740.791213 -681509.341826 1.630880 -1.761685 -0.001741 1629136989.469587
7471740.848572 -681509.847165 1.629065 -1.785298 -0.001836 1629136989.769455
7471740.857892 -681510.435285 1.632713 -1.825777 -0.001295 1629136990.069378
7471740.897986 -681510.967359 1.633425 -1.842643 0.001349 1629136990.369451
7471740.924539 -681511.528808 1.633419 -1.851076 0.003174 1629136990.669501
7471740.978098 -681512.059614 1.630078 -1.883122 0.003170 1629136990.969626
7471741.061317 -681512.634315 1.630692 -1.891556 0.002438 1629136991.269547
7471741.094440 -681513.235985 1.631902 -1.874689 0.002258 1629136991.569479
7471741.132833 -681513.749169 1.631638 -1.891556 0.002164 1629136991.869049
7471741.161836 -681514.314644 1.633237 -1.874689 0.002167 1629136992.168947
7471741.242075 -681514.899265 1.634198 -1.866256 -0.000206 1629136992.468970
7471741.211898 -681515.412224 1.633481 -1.859510 -0.000205 1629136992.769089
7471741.270522 -681515.908854 1.634531 -1.842643 -0.000111 1629136993.019267
7471741.302067 -681516.465681 1.632679 -1.817344 -0.000107 1629136993.319524
7471741.362243 -681516.992869 1.634711 -1.802164 -0.000196 1629136993.619610
7471741.403162 -681517.592714 1.633050 -1.761685 -0.000099 1629136993.969719
7471741.435244 -681518.103095 1.634276 -1.736386 0.000451 1629136994.269711
7471741.495708 -681518.610181 1.637355 -1.727952 0.001365 1629136994.569692
7471741.523713 -681519.146507 1.637099 -1.687473 0.004015 1629136994.869809
7471741.569013 -681519.692412 1.637410 -1.670607 0.005658 1629136995.219717
7471741.615890 -681520.262658 1.634688 -1.646994 0.005661 1629136995.569725
7471741.660806 -681520.815438 1.632051 -1.646994 0.005661 1629136995.919848
7471741.717442 -681521.392663 1.631023 -1.630128 0.005480 1629136996.269783
7471741.756232 -681521.922532 1.628970 -1.655427 0.005021 1629136996.569716
7471741.770078 -681522.454278 1.629935 -1.679040 0.002739 1629136996.919810
7471741.808023 -681522.953378 1.630249 -1.719519 0.001548 1629136997.219825
7471741.835646 -681523.563462 1.630060 -1.727952 0.002915 1629136997.569853
7471741.878662 -681524.128618 1.630122 -1.712773 0.010763 1629136997.919570
7471741.887848 -681524.688942 1.622773 -1.695906 0.014506 1629136998.269494
7471741.934893 -681525.192582 1.622206 -1.670607 0.014507 1629136998.569448
7471741.969520 -681525.709044 1.621320 -1.638561 0.013962 1629136998.869641
7471742.004796 -681526.223250 1.621677 -1.606515 0.004662 1629136999.169633
7471742.043259 -681526.748066 1.615370 -1.581216 0.001383 1629136999.519430
7471742.067575 -681527.251938 1.616371 -1.581216 0.004117 1629136999.819372
7471742.105668 -681527.767073 1.612611 -1.581216 0.010044 1629137000.169261
7471742.128025 -681528.296112 1.611804 -1.598082 0.010042 1629137000.519171
7471742.131374 -681528.805248 1.611401 -1.663860 0.009490 1629137000.819168
7471742.151339 -681529.315096 1.609890 -1.744819 0.009574 1629137001.119272
7471742.184108 -681529.855697 1.609600 -1.810597 0.008382 1629137001.419159
7471742.188639 -681530.441301 1.607247 -1.851076 0.006734 1629137001.719006
7471742.200086 -681531.024171 1.605644 -1.859510 0.005455 1629137002.068851
7471742.284355 -681531.579796 1.600751 -1.851076 0.005456 1629137002.368912
7471742.305472 -681532.125259 1.602194 -1.842643 0.005457 1629137002.669025
7471742.331535 -681532.677881 1.599561 -1.802164 0.001720 1629137002.969589
7471742.334059 -681533.179712 1.597874 -1.712773 0.001093 1629137003.269045
7471742.357828 -681533.783488 1.598569 -1.679040 0.001097 1629137003.619252
7471742.367827 -681534.348454 1.600518 -1.646994 0.001101 1629137003.969188
7471742.393525 -681534.861453 1.600334 -1.614948 0.001105 1629137004.319514
7471742.404569 -681535.397742 1.597369 -1.638561 0.001193 1629137004.669240
7471742.438204 -681535.911480 1.596825 -1.606515 0.001197 1629137005.019315
7471742.460652 -681536.454757 1.599172 -1.589649 0.001290 1629137005.370353
7471742.487886 -681537.009855 1.599712 -1.557603 0.001294 1629137005.719420
7471742.499578 -681537.584720 1.599170 -1.517124 0.001208 1629137006.120524
7471742.531394 -681538.123957 1.600392 -1.483391 0.000847 1629137006.469841
7471742.564051 -681538.639446 1.601660 -1.474958 -0.000427 1629137006.819679
7471742.590220 -681539.160142 1.602258 -1.459778 -0.000790 1629137007.170863
7471742.606288 -681539.679973 1.604165 -1.434479 -0.001425 1629137007.519324
7471742.605881 -681540.227808 1.599916 -1.410866 -0.001422 1629137007.919559
7471742.638409 -681540.788981 1.603718 -1.434479 -0.002791 1629137008.319573
7471742.666143 -681541.288583 1.605984 -1.434479 -0.003337 1629137008.669547
7471742.674367 -681541.832813 1.605356 -1.419299 -0.003882 1629137009.069343
7471742.681422 -681542.383450 1.605828 -1.361954 -0.004967 1629137009.468992
7471742.724489 -681542.908539 1.608578 -1.328221 -0.011242 1629137009.868827
7471742.738014 -681543.448079 1.609051 -1.370387 -0.014523 1629137010.268254
7471742.765277 -681543.961010 1.613603 -1.442912 -0.015628 1629137010.618460
7471742.801428 -681544.469654 1.613695 -1.483391 -0.015635 1629137011.018725
7471742.848458 -681544.988362 1.620846 -1.523870 -0.015552 1629137011.319010
7471742.843686 -681545.528229 1.623933 -1.523870 -0.013549 1629137011.669099
7471742.881551 -681546.046336 1.629667 -1.491824 -0.004620 1629137012.018856
7471742.922763 -681546.607250 1.633256 -1.451345 -0.003339 1629137012.418741
7471742.967556 -681547.120413 1.633169 -1.483391 -0.002068 1629137012.768767
7471743.026315 -681547.677348 1.635958 -1.451345 -0.005525 1629137013.118972
7471743.087140 -681548.177975 1.636916 -1.402433 -0.009888 1629137013.518921
7471743.123604 -681548.730056 1.637254 -1.370387 -0.005241 1629137013.918895
7471743.160944 -681549.233804 1.639996 -1.321475 0.009515 1629137014.269153
7471743.218254 -681549.844245 1.638953 -1.279309 0.019446 1629137014.719078
7471743.256621 -681550.384434 1.631312 -1.215217 0.019538 1629137015.219230
7471743.310051 -681550.890768 1.627172 -1.173051 0.031650 1629137015.669287
7471743.303037 -681551.395813 1.622246 -1.149438 0.043575 1629137016.119366
7471743.337053 -681551.917529 1.612173 -1.117392 0.041571 1629137016.569349
7471743.343635 -681552.423170 1.603132 -1.060047 0.040476 1629137017.019212
7471743.398467 -681552.986310 1.593394 -0.977402 0.043293 1629137017.569566
7471743.445859 -681553.502330 1.587585 -0.896444 0.045563 1629137018.169312
7471743.437271 -681554.015238 1.576345 -0.879578 0.056017 1629137018.768995
7471743.439282 -681554.515778 1.563793 -0.888011 0.050654 1629137019.369297
7471743.500421 -681555.015474 1.552040 -0.839098 0.055287 1629137019.968937
7471743.431086 -681555.564532 1.540034 -0.807052 0.064824 1629137020.669262
7471743.407940 -681556.116623 1.519994 -0.904877 0.109144 1629137021.219354
7471743.408829 -681556.645532 1.488973 -0.815486 0.159970 1629137021.869244
7471743.412817 -681557.154235 1.450380 -0.758140 0.219103 1629137022.569306
7471743.335596 -681557.653495 1.401624 -0.749707 0.290866 1629137023.169286
7471743.230094 -681558.152237 1.330696 -0.611403 0.342696 1629137023.969369
7471743.131955 -681558.671612 1.251602 -0.602970 0.381916 1629137024.819315
7471742.989322 -681559.214169 1.151331 -0.538878 0.390284 1629137025.869359
7471742.772362 -681559.668360 1.074173 -0.554058 0.390293 1629137026.768944
7471742.519792 -681560.128613 0.982286 -0.579357 0.390308 1629137027.719958
7471742.225027 -681560.553444 0.895347 -0.628270 0.390262 1629137028.519024
7471741.881338 -681560.949426 0.810048 -0.594537 0.390318 1629137029.319808
7471741.546628 -681561.330348 0.732307 -0.196492 0.345152 1629137030.519294
7471741.935815 -681560.986896 0.661352 0.628270 -0.262596 1629137033.569542
7471742.364022 -681560.690398 0.595073 0.839098 -0.270877 1629137034.269646
7471742.808814 -681560.411884 0.532774 0.994268 -0.270755 1629137034.769518
7471743.295390 -681560.165868 0.465039 1.141005 -0.270728 1629137035.269596
7471743.753238 -681559.939333 0.404597 1.215217 -0.267481 1629137035.669444
7471744.261547 -681559.751527 0.339317 1.279309 -0.231291 1629137036.119128
7471744.742554 -681559.608260 0.286951 1.361954 -0.185004 1629137036.519077
7471745.232547 -681559.459979 0.246133 1.451345 -0.121638 1629137036.869175
7471745.728982 -681559.344412 0.229409 1.549170 -0.056878 1629137037.219255
7471746.292127 -681559.192714 0.221513 1.638561 -0.026952 1629137037.569372
7471746.809736 -681559.119597 0.218136 1.687473 -0.012122 1629137037.869219
7471747.344756 -681559.014009 0.216563 1.727952 0.001638 1629137038.219296
7471747.889957 -681558.865245 0.220316 1.793731 0.026552 1629137038.519616
7471748.458487 -681558.717110 0.226772 1.857823 0.044361 1629137038.819127
7471749.015529 -681558.584477 0.243236 1.874689 0.055410 1629137039.169270
7471749.494593 -681558.438610 0.258525 1.866256 0.070094 1629137039.419225
7471750.031829 -681558.298153 0.275983 1.825777 0.083746 1629137039.719632
7471750.507393 -681558.137762 0.298713 1.842643 0.088938 1629137039.969013
7471751.006751 -681557.969326 0.319259 1.759998 0.090456 1629137040.269177
7471751.529671 -681557.771206 0.342408 1.736386 0.090448 1629137040.569255
7471752.048519 -681557.589662 0.365849 1.695906 0.090343 1629137040.919764
7471752.524146 -681557.392962 0.391123 1.621695 0.078138 1629137041.219177
7471753.004323 -681557.184816 0.402979 1.572782 0.036401 1629137041.569584
7471753.527958 -681556.947479 0.412057 1.540737 0.028102 1629137041.920428
7471754.021447 -681556.731391 0.418603 1.491824 0.028101 1629137042.269584
7471754.528755 -681556.460688 0.427864 1.451345 0.027645 1629137042.669394
7471755.031111 -681556.238370 0.432701 1.394000 0.012335 1629137043.069313
7471755.482178 -681556.022226 0.433996 1.313041 -0.003231 1629137043.469146
7471755.957577 -681555.796318 0.436240 1.215217 -0.003221 1629137043.869243
7471756.436867 -681555.565292 0.431869 0.970656 -0.003197 1629137044.419229
7471756.918136 -681555.336266 0.432701 0.660316 -0.003175 1629137045.069633
