7757860.253965 -363560.409261 -0.686796 0.132684 -0.006349 1561485380.078885
7757860.650244 -363560.760682 -0.688290 0.885887 -0.006827 1561485380.828111
7757861.075949 -363561.133206 -0.689257 1.320850 -0.006000 1561485381.227710
7757861.476254 -363561.474060 -0.690193 1.611158 -0.007907 1561485381.527352
7757861.918897 -363561.863801 -0.691472 1.844601 -0.007676 1561485381.827051
7757862.328937 -363562.226501 -0.692386 2.046121 -0.006369 1561485382.076822
7757862.762390 -363562.611378 -0.693241 2.231678 -0.005776 1561485382.326590
7757863.137599 -363562.942407 -0.693765 2.363364 -0.005538 1561485382.526300
7757863.531202 -363563.284112 -0.694531 2.481083 -0.006378 1561485382.726098
7757863.944511 -363563.650431 -0.695799 2.628731 -0.009496 1561485382.926008
7757864.374367 -363564.037252 -0.697316 2.740465 -0.009621 1561485383.126111
7757864.818132 -363564.435062 -0.699133 2.851201 -0.011668 1561485383.325985
7757865.276314 -363564.849628 -0.700776 2.977899 -0.008313 1561485383.525889
7757865.746364 -363565.282487 -0.702146 3.100606 -0.008560 1561485383.725761
7757866.229573 -363565.721571 -0.703537 3.175428 -0.008323 1561485383.925678
7757866.721231 -363566.169999 -0.705146 3.258230 -0.009410 1561485384.125587
7757867.101231 -363566.506450 -0.705985 3.317090 -0.006401 1561485384.275528
7757867.486002 -363566.853036 -0.706602 3.375949 -0.006161 1561485384.425470
7757867.874551 -363567.202076 -0.706965 3.411864 -0.004232 1561485384.575407
7757868.273707 -363567.552998 -0.707161 3.455759 -0.004232 1561485384.725410
7757868.675651 -363567.906426 -0.707496 3.497659 -0.004595 1561485384.875375
7757869.085607 -363568.268026 -0.707834 3.551531 -0.004596 1561485385.025360
7757869.492461 -363568.638057 -0.708168 3.574476 -0.004596 1561485385.175261
7757869.901357 -363569.011211 -0.708505 3.620367 -0.004597 1561485385.325229
7757870.310869 -363569.387823 -0.708600 3.673241 -0.002903 1561485385.475150
7757870.724582 -363569.766735 -0.707613 3.710152 0.002423 1561485385.625046
7757871.136674 -363570.149855 -0.706118 3.716138 0.003634 1561485385.774994
7757871.553169 -363570.521196 -0.704442 3.705164 0.004722 1561485385.925010
7757871.967293 -363570.889370 -0.702282 3.704167 0.006538 1561485386.074968
7757872.372019 -363571.258081 -0.700490 3.678229 0.004357 1561485386.224884
7757872.776777 -363571.624894 -0.699302 3.666257 0.002058 1561485386.374931
7757873.186730 -363571.978663 -0.698496 3.641317 -0.000122 1561485386.524833
7757873.589067 -363572.331442 -0.697952 3.621364 -0.000727 1561485386.674753
7757873.987670 -363572.690730 -0.697424 3.619369 -0.000727 1561485386.824617
7757874.384688 -363573.049384 -0.696897 3.588443 -0.000727 1561485386.974506
7757874.781401 -363573.409920 -0.696251 3.577469 -0.000124 1561485387.124257
7757875.176567 -363573.764169 -0.695597 3.556519 -0.000125 1561485387.274031
7757875.571527 -363574.106094 -0.695012 3.552528 -0.000487 1561485387.423836
7757875.956399 -363574.445067 -0.694161 3.517612 0.000841 1561485387.573586
7757876.343075 -363574.772579 -0.693402 3.490676 0.001685 1561485387.723431
7757876.736959 -363575.107794 -0.691838 3.414857 0.005061 1561485387.873264
7757877.123556 -363575.443891 -0.687765 3.287161 0.020473 1561485388.023155
7757877.603982 -363575.858504 -0.676001 3.169442 0.051216 1561485388.222890
7757878.052160 -363576.235537 -0.654689 3.046735 0.096106 1561485388.422601
7757878.470447 -363576.573545 -0.624430 2.914051 0.131783 1561485388.622207
7757878.896998 -363576.892937 -0.589683 2.827258 0.160933 1561485388.821913
7757879.344893 -363577.196796 -0.547497 2.816284 0.194758 1561485389.021629
7757879.809016 -363577.474741 -0.497240 2.765405 0.226379 1561485389.221366
7757880.287590 -363577.718608 -0.441837 2.730489 0.252807 1561485389.421131
7757880.766037 -363577.937636 -0.383342 2.660655 0.268411 1561485389.620829
7757881.250429 -363578.125135 -0.322723 2.618755 0.283740 1561485389.820718
7757881.747211 -363578.278443 -0.259336 2.602793 0.297586 1561485390.020570
7757882.256067 -363578.396285 -0.194699 2.580846 0.300853 1561485390.220480
7757882.775088 -363578.483226 -0.131573 2.578850 0.293488 1561485390.420411
7757883.307107 -363578.552291 -0.067863 2.619753 0.296421 1561485390.620380
7757883.860093 -363578.588608 -0.001207 2.687591 0.301515 1561485390.820316
7757884.430443 -363578.588150 0.066158 2.772389 0.291492 1561485391.020242
7757885.016670 -363578.552396 0.133764 2.867163 0.288967 1561485391.220246
7757885.609533 -363578.482664 0.203961 2.952958 0.286528 1561485391.420228
7757886.203003 -363578.382259 0.273763 3.057708 0.278646 1561485391.619965
7757886.793323 -363578.232960 0.344185 3.136520 0.272540 1561485391.819770
7757887.354699 -363578.020086 0.413459 3.153480 0.263485 1561485392.019534
7757887.898277 -363577.753881 0.476170 3.099608 0.239173 1561485392.219384
7757888.446714 -363577.464600 0.533637 3.132530 0.221381 1561485392.419261
7757888.972023 -363577.132504 0.584525 3.084644 0.191665 1561485392.619230
7757889.465062 -363576.769862 0.625793 3.064692 0.157747 1561485392.819110
7757889.942039 -363576.400328 0.662122 3.054716 0.141984 1561485393.019035
7757890.398747 -363576.001562 0.694169 3.098611 0.120614 1561485393.218968
7757890.897183 -363575.561517 0.719930 3.202363 0.090155 1561485393.418811
7757891.311138 -363575.217179 0.734941 3.255237 0.069735 1561485393.568678
7757891.732094 -363574.865079 0.746310 3.314097 0.051643 1561485393.718667
7757892.143412 -363574.504944 0.756737 3.414857 0.048691 1561485393.868505
7757892.553443 -363574.130185 0.766846 3.541555 0.042007 1561485394.018321
7757892.958865 -363573.745705 0.773921 3.654286 0.027568 1561485394.168189
7757893.365926 -363573.359762 0.780370 3.726114 0.025904 1561485394.317991
7757893.771527 -363572.989030 0.785967 3.688205 0.021059 1561485394.467860
7757894.158020 -363572.601062 0.790922 3.705164 0.018638 1561485394.617620
7757894.544415 -363572.197830 0.795666 3.763026 0.017564 1561485394.767400
7757894.925216 -363571.797081 0.799795 3.715141 0.014288 1561485394.917142
7757895.301282 -363571.398345 0.803409 3.705164 0.013558 1561485395.066920
7757895.675368 -363570.998866 0.807125 3.699179 0.013435 1561485395.216687
7757896.045747 -363570.600412 0.810813 3.678229 0.013431 1561485395.366512
7757896.413964 -363570.201495 0.814504 3.683217 0.013552 1561485395.516254
7757896.779400 -363569.802741 0.818604 3.651293 0.016455 1561485395.666094
7757897.135437 -363569.410781 0.823963 3.586447 0.024171 1561485395.815736
7757897.484038 -363569.022765 0.831106 3.587445 0.032860 1561485395.965467
7757897.827347 -363568.635820 0.840596 3.597421 0.043611 1561485396.115164
7757898.167973 -363568.244071 0.851451 3.582457 0.046863 1561485396.264968
7757898.503558 -363567.850486 0.861473 3.545545 0.043832 1561485396.414778
7757898.828102 -363567.463956 0.871447 3.437802 0.046317 1561485396.564642
7757899.241670 -363566.962113 0.888076 3.317090 0.065355 1561485396.764361
7757899.635528 -363566.469893 0.912406 3.222316 0.102721 1561485396.964148
7757900.002711 -363565.986430 0.947520 3.091627 0.148543 1561485397.163868
7757900.341197 -363565.504067 0.990665 3.003837 0.183630 1561485397.363502
7757900.645288 -363565.025299 1.039214 2.872151 0.211949 1561485397.563086
7757900.919578 -363564.540105 1.093011 2.857187 0.240655 1561485397.762779
7757901.164524 -363564.041147 1.155290 2.835239 0.275697 1561485397.962513
7757901.373116 -363563.534084 1.224229 2.804313 0.305559 1561485398.162500
7757901.546086 -363563.004939 1.299785 2.876141 0.320488 1561485398.362323
7757901.674815 -363562.473624 1.374904 2.766403 0.321972 1561485398.562222
7757901.758540 -363561.954184 1.449703 2.717520 0.332707 1561485398.762101
7757901.803442 -363561.421301 1.522717 2.772389 0.308336 1561485398.961883
7757901.818206 -363560.871526 1.587632 2.745453 0.278710 1561485399.161713
7757901.808853 -363560.309141 1.648755 2.739467 0.272013 1561485399.361660
7757901.767501 -363559.741200 1.713280 2.751439 0.286061 1561485399.561542
7757901.692453 -363559.188583 1.779646 2.713529 0.297434 1561485399.761357
7757901.584774 -363558.653284 1.846408 2.681605 0.299882 1561485399.961139
7757901.442978 -363558.130411 1.913292 2.680608 0.301086 1561485400.160892
7757901.267283 -363557.622338 1.978863 2.680608 0.288753 1561485400.360708
7757901.059968 -363557.129211 2.036871 2.676617 0.250567 1561485400.560609
7757900.824887 -363556.648207 2.088330 2.708541 0.230227 1561485400.760483
7757900.559556 -363556.169628 2.138733 2.753434 0.218692 1561485400.960521
7757900.272581 -363555.707245 2.182700 2.735477 0.186639 1561485401.160406
7757899.970644 -363555.254643 2.215698 2.745453 0.126496 1561485401.360504
7757899.643855 -363554.810067 2.240793 2.788351 0.105828 1561485401.560662
7757899.305468 -363554.366611 2.262914 2.804313 0.092906 1561485401.760743
7757898.956692 -363553.930467 2.282076 2.817282 0.076954 1561485401.960593
7757898.591451 -363553.490671 2.297978 2.877139 0.063503 1561485402.160468
7757898.215062 -363553.050417 2.312098 2.911058 0.053952 1561485402.360223
7757897.824801 -363552.606532 2.320905 2.970915 0.026161 1561485402.559984
7757897.420430 -363552.153595 2.321529 3.043742 -0.006874 1561485402.759832
7757897.005230 -363551.688947 2.320420 3.127542 -0.005794 1561485402.959581
7757896.580077 -363551.213528 2.322195 3.179418 0.006725 1561485403.159245
7757896.144660 -363550.729641 2.325120 3.248254 0.005647 1561485403.358863
7757895.807265 -363550.358055 2.325432 3.322078 -0.003387 1561485403.508630
7757895.462585 -363549.980054 2.324284 3.379940 -0.009901 1561485403.658345
7757895.113100 -363549.597552 2.323440 3.428823 -0.005922 1561485403.808045
7757894.758428 -363549.210720 2.323997 3.471721 0.000839 1561485403.957772
7757894.397521 -363548.819325 2.325375 3.513621 0.002772 1561485404.107466
7757894.032254 -363548.425729 2.327093 3.552528 0.006280 1561485404.257210
7757893.659983 -363548.027824 2.329955 3.605402 0.009549 1561485404.406989
7757893.282814 -363547.628340 2.332312 3.636329 0.005926 1561485404.556746
7757892.899882 -363547.225824 2.333640 3.666257 0.001694 1561485404.706650
7757892.513889 -363546.822334 2.334766 3.693193 0.001695 1561485404.856488
7757892.122951 -363546.416481 2.336416 3.732100 0.004603 1561485405.006366
7757891.730316 -363546.011378 2.338535 3.741079 0.005574 1561485405.156125
7757891.333915 -363545.604998 2.340217 3.779986 0.003638 1561485405.305960
7757890.936267 -363545.199408 2.341794 3.769012 0.003033 1561485405.455788
7757890.546054 -363544.803275 2.342962 3.700176 0.001696 1561485405.605566
7757890.159407 -363544.412436 2.344803 3.677231 0.006050 1561485405.755427
7757889.767410 -363544.018624 2.347602 3.738086 0.008960 1561485405.905329
7757889.358777 -363543.610740 2.350254 3.901696 0.007405 1561485406.055162
7757888.950375 -363543.205678 2.351881 3.826874 0.001947 1561485406.204957
7757888.557013 -363542.817467 2.352509 3.721126 -0.000240 1561485406.354797
7757888.153997 -363542.421017 2.354098 3.830865 0.004732 1561485406.504614
7757887.742100 -363542.017692 2.356075 3.887729 0.004619 1561485406.654411
7757887.331288 -363541.617327 2.357757 3.869772 0.003283 1561485406.804224
7757886.920731 -363541.218507 2.358813 3.872765 0.000615 1561485406.954030
7757886.509441 -363540.819715 2.360392 3.880746 0.004617 1561485407.103930
7757886.090800 -363540.414404 2.362719 3.958560 0.006080 1561485407.253925
7757885.669300 -363540.007593 2.364329 3.959558 0.002318 1561485407.403815
7757885.250928 -363539.604535 2.365072 3.942598 -0.000718 1561485407.553746
7757884.827618 -363539.196716 2.365582 3.984498 -0.001081 1561485407.703725
7757884.401277 -363538.786226 2.366363 4.016422 -0.000229 1561485407.853649
7757883.972322 -363538.373737 2.367133 4.034379 -0.000471 1561485408.003545
7757883.542497 -363537.960920 2.368331 4.044356 0.002809 1561485408.153587
7757883.109447 -363537.546198 2.370730 4.089248 0.006338 1561485408.303234
7757882.673908 -363537.130642 2.372264 4.097229 0.001719 1561485408.453056
7757882.237777 -363536.716348 2.373707 4.093239 0.003300 1561485408.602971
7757881.802871 -363536.305313 2.375949 4.081268 0.005608 1561485408.752697
7757881.366508 -363535.895116 2.377830 4.084260 0.003300 1561485408.902536
7757880.931354 -363535.487158 2.379530 4.052337 0.003663 1561485409.052447
7757880.498886 -363535.083572 2.381789 4.035377 0.006334 1561485409.202255
7757880.061741 -363534.678043 2.384646 4.061315 0.008524 1561485409.352159
7757879.624624 -363534.275903 2.388041 4.043358 0.010953 1561485409.501909
7757879.187191 -363533.877014 2.391881 4.028394 0.012285 1561485409.651842
7757878.752669 -363533.484436 2.395632 3.986494 0.012278 1561485409.801692
7757878.319598 -363533.096650 2.399455 3.959558 0.012637 1561485409.951546
7757877.888302 -363532.713703 2.403368 3.916660 0.013356 1561485410.101366
7757877.462599 -363532.339173 2.408083 3.847824 0.019161 1561485410.251207
7757877.031675 -363531.964197 2.414898 3.906684 0.027784 1561485410.401021
7757876.597749 -363531.592316 2.423886 3.863786 0.037580 1561485410.550953
7757876.173620 -363531.236435 2.434590 3.758038 0.046717 1561485410.700646
7757875.749634 -363530.889379 2.447958 3.720129 0.059491 1561485410.850487
7757875.328229 -363530.554538 2.462562 3.668252 0.063432 1561485411.000335
7757874.902753 -363530.226631 2.477706 3.656281 0.067398 1561485411.150234
7757874.480942 -363529.912660 2.495299 3.560509 0.082104 1561485411.300092
7757874.062512 -363529.613790 2.516283 3.497659 0.100730 1561485411.449955
7757873.641209 -363529.327084 2.541029 3.460747 0.120132 1561485411.599734
7757873.215378 -363529.053714 2.569814 3.432814 0.140392 1561485411.749426
7757872.646073 -363528.716970 2.613544 3.344026 0.167125 1561485411.949069
7757872.073909 -363528.414361 2.663407 3.275190 0.191881 1561485412.148768
7757871.496411 -363528.147428 2.719069 3.214335 0.221111 1561485412.348600
7757870.915304 -363527.920459 2.782503 3.133528 0.252064 1561485412.548333
7757870.331482 -363527.736503 2.847981 3.090630 0.254985 1561485412.748103
7757869.740182 -363527.591034 2.909351 3.036758 0.241112 1561485412.947814
7757869.151244 -363527.482207 2.970398 2.977899 0.253502 1561485413.147618
7757868.559357 -363527.408389 3.036011 2.973908 0.271014 1561485413.347473
7757867.966427 -363527.371251 3.103767 2.940987 0.281640 1561485413.547415
7757867.381041 -363527.372248 -3.107690 2.889110 0.306390 1561485413.747194
7757866.803380 -363527.413673 -3.032115 2.865168 0.315450 1561485413.946878
7757866.223010 -363527.497693 -2.957958 2.894099 0.306374 1561485414.146840
7757865.659793 -363527.620790 -2.885419 2.827258 0.306524 1561485414.346802
7757865.114906 -363527.780427 -2.815324 2.776379 0.298407 1561485414.546746
7757864.590275 -363527.972505 -2.750942 2.761415 0.277399 1561485414.746732
7757864.077691 -363528.196514 -2.689583 2.735477 0.270367 1561485414.946703
7757863.590975 -363528.444828 -2.629056 2.691581 0.271792 1561485415.146567
7757863.125154 -363528.718370 -2.567931 2.669634 0.285298 1561485415.346397
7757862.677456 -363529.020321 -2.499120 2.666641 0.319491 1561485415.546290
7757862.264798 -363529.342221 -2.425647 2.581843 0.344011 1561485415.745988
7757861.885380 -363529.685916 -2.347627 2.543934 0.371589 1561485415.945768
7757861.540927 -363530.051249 -2.264135 2.507022 0.397070 1561485416.145517
7757861.166190 -363530.532336 -2.157440 2.416238 0.409342 1561485416.395220
7757860.857138 -363531.029296 -2.054039 2.355383 0.410577 1561485416.644821
7757860.606725 -363531.544759 -1.950147 2.321464 0.417765 1561485416.894418
7757860.418138 -363532.064864 -1.849370 2.247640 0.416740 1561485417.144072
7757860.286487 -363532.594907 -1.750287 2.246642 0.414688 1561485417.393761
7757860.210882 -363533.134127 -1.651342 2.198757 0.416699 1561485417.643675
7757860.191950 -363533.663783 -1.554910 2.196761 0.415713 1561485417.893536
7757860.227689 -363534.210366 -1.457465 2.226690 0.406754 1561485418.143429
7757860.318670 -363534.759545 -1.363246 2.273578 0.384731 1561485418.393281
7757860.466403 -363535.322931 -1.275993 2.374338 0.342277 1561485418.643145
7757860.670389 -363535.897192 -1.193697 2.476095 0.313782 1561485418.892930
7757860.872531 -363536.359088 -1.131056 2.547924 0.293588 1561485419.092830
7757861.110749 -363536.825260 -1.071092 2.654669 0.272765 1561485419.292663
7757861.388351 -363537.298021 -1.012086 2.780370 0.256644 1561485419.492538
7757861.705250 -363537.773416 -0.956642 2.896094 0.227077 1561485419.692372
7757862.059762 -363538.249534 -0.908088 3.003837 0.189981 1561485419.892353
7757862.455982 -363538.734562 -0.865934 3.175428 0.158627 1561485420.092259
7757862.885323 -363539.220111 -0.829852 3.271199 0.130806 1561485420.292197
7757863.343595 -363539.704387 -0.799242 3.359988 0.105712 1561485420.492104
7757863.701802 -363540.064413 -0.780539 3.407873 0.086623 1561485420.642081
7757864.074111 -363540.425456 -0.764838 3.490676 0.068829 1561485420.791992
7757864.455972 -363540.785080 -0.752427 3.520605 0.053212 1561485420.941867
7757864.845265 -363541.141464 -0.742001 3.564500 0.037922 1561485421.091850
7757865.243700 -363541.502040 -0.735117 3.613383 0.026831 1561485421.241801
7757865.652874 -363541.866313 -0.730522 3.692195 0.016699 1561485421.391845
7757866.066080 -363542.230984 -0.727102 3.705164 0.011742 1561485421.541794
7757866.480482 -363542.594364 -0.724353 3.726114 0.008717 1561485421.691708
7757866.899111 -363542.959678 -0.722273 3.740081 0.005211 1561485421.841540
7757867.313086 -363543.319519 -0.720538 3.699179 0.004601 1561485421.991400
7757867.728998 -363543.679859 -0.718763 3.721126 0.004724 1561485422.141262
7757868.142859 -363544.037133 -0.716857 3.689202 0.005448 1561485422.291043
7757868.553423 -363544.390112 -0.714948 3.660271 0.005445 1561485422.440910
7757868.962605 -363544.740531 -0.713470 3.655283 0.002783 1561485422.590767
7757869.371961 -363545.090105 -0.712417 3.658276 0.001452 1561485422.740521
7757869.778737 -363545.436636 -0.711303 3.630343 0.001208 1561485422.890299
7757870.184241 -363545.781471 -0.710351 3.640319 0.001209 1561485423.040146
7757870.589086 -363546.125134 -0.709353 3.619369 0.000603 1561485423.189939
7757870.989657 -363546.464806 -0.709405 3.590438 -0.004475 1561485423.339805
7757871.388623 -363546.803586 -0.710925 3.586447 -0.012937 1561485423.489658
7757871.784232 -363547.141118 -0.713247 3.574476 -0.013661 1561485423.639486
7757872.177246 -363547.478262 -0.714899 3.562505 -0.010759 1561485423.789319
7757872.566536 -363547.813737 -0.716544 3.546543 -0.011000 1561485423.939150
7757872.954820 -363548.149868 -0.718108 3.545545 -0.010516 1561485424.088943
7757873.337790 -363548.482710 -0.719622 3.508633 -0.010513 1561485424.238761
7757873.717029 -363548.813615 -0.720974 3.496662 -0.008822 1561485424.388581
7757874.095476 -363549.144891 -0.721612 3.493669 -0.006165 1561485424.538545
7757874.593807 -363549.582405 -0.721947 3.462742 -0.003628 1561485424.738331
7757875.089363 -363550.019045 -0.721635 3.460747 -0.002059 1561485424.938172
7757875.465043 -363550.353413 -0.721229 3.460747 -0.000731 1561485425.087928
7757875.845728 -363550.695399 -0.720461 3.450771 0.000596 1561485425.237800
7757876.224164 -363551.036773 -0.719676 3.429821 0.000596 1561485425.387605
7757876.600155 -363551.377116 -0.718909 3.413859 0.000353 1561485425.537405
7757876.973069 -363551.715272 -0.718602 3.402885 -0.002663 1561485425.687197
7757877.344425 -363552.053200 -0.719393 3.396900 -0.007852 1561485425.836990
7757877.832080 -363552.500019 -0.720425 3.370961 -0.006402 1561485426.036818
7757878.311394 -363552.948522 -0.720979 3.371959 -0.006162 1561485426.236666
7757878.795685 -363553.392917 -0.722062 3.354999 -0.007005 1561485426.436502
7757879.269814 -363553.838150 -0.723769 3.364976 -0.010743 1561485426.636206
7757879.647292 -363554.179160 -0.725630 3.339037 -0.012309 1561485426.786035
7757880.026942 -363554.519569 -0.726533 3.333052 -0.007004 1561485426.935867
7757880.405712 -363554.852391 -0.726898 3.322078 -0.005798 1561485427.085667
7757880.790642 -363555.183795 -0.727756 3.346021 -0.008331 1561485427.235562
7757881.173650 -363555.513930 -0.728844 3.329061 -0.008812 1561485427.385416
7757881.554017 -363555.846292 -0.729820 3.344026 -0.008211 1561485427.535284
7757881.940256 -363556.183883 -0.730782 3.399892 -0.008093 1561485427.685136
7757882.328176 -363556.523574 -0.731711 3.426828 -0.007853 1561485427.835057
7757882.719353 -363556.867475 -0.732647 3.456757 -0.007854 1561485427.984883
7757883.108141 -363557.210362 -0.733612 3.445783 -0.008095 1561485428.134662
7757883.502365 -363557.549805 -0.734613 3.460747 -0.008337 1561485428.284496
7757883.903319 -363557.894566 -0.735715 3.503645 -0.008581 1561485428.434288
7757884.306812 -363558.246995 -0.736834 3.545545 -0.008584 1561485428.584137
7757884.708777 -363558.599593 -0.737992 3.567493 -0.008827 1561485428.734016
7757885.107882 -363558.952757 -0.739113 3.550533 -0.008584 1561485428.883937
7757885.503837 -363559.304238 -0.740472 3.519607 -0.010394 1561485429.033956
7757885.902785 -363559.658051 -0.742175 3.545545 -0.011725 1561485429.183893
7757886.295318 -363560.014108 -0.744113 3.530581 -0.012691 1561485429.333736
7757886.681066 -363560.363451 -0.746391 3.502647 -0.014498 1561485429.483588
7757887.064595 -363560.710451 -0.748517 3.481697 -0.012323 1561485429.633494
7757887.448998 -363561.057182 -0.749907 3.493669 -0.009667 1561485429.783402
7757887.830275 -363561.403133 -0.750748 3.472719 -0.005923 1561485429.933239
7757888.326572 -363561.850429 -0.749979 3.397897 0.001439 1561485430.132938
7757888.808314 -363562.279063 -0.745839 3.312102 0.017102 1561485430.332692
7757889.269868 -363562.685484 -0.735980 3.195380 0.041854 1561485430.532453
7757889.711074 -363563.074051 -0.719362 3.053718 0.072107 1561485430.732264
7757890.138399 -363563.426542 -0.696041 2.904075 0.102623 1561485430.932035
7757890.552197 -363563.755068 -0.667915 2.813291 0.127993 1561485431.131767
7757890.948118 -363564.071332 -0.635110 2.677615 0.155099 1561485431.331553
7757891.436995 -363564.422544 -0.587852 2.557900 0.191442 1561485431.581193
7757891.914148 -363564.731119 -0.534420 2.442176 0.218472 1561485431.830816
7757892.387613 -363565.010621 -0.477304 2.294528 0.253418 1561485432.080349
7757892.869498 -363565.241228 -0.411946 2.135907 0.306513 1561485432.329915
7757893.361664 -363565.442209 -0.336351 2.199754 0.345800 1561485432.579491
7757893.871587 -363565.584210 -0.249284 2.114957 0.392882 1561485432.829194
7757894.436833 -363565.720551 -0.144146 2.014197 0.415981 1561485433.128731
7757894.975876 -363565.799115 -0.037050 1.940373 0.425504 1561485433.428284
7757895.510529 -363565.758774 0.064163 1.875527 0.393628 1561485433.727878
7757896.033487 -363565.703745 0.157216 1.875527 0.393628 1561485434.027660
7757896.535452 -363565.618986 0.228584 1.935385 0.341932 1561485434.277608
7757897.048062 -363565.512417 0.291811 1.918425 0.302282 1561485434.527568
7757897.554276 -363565.341081 0.347386 1.971299 0.262691 1561485434.777460
7757898.049455 -363565.124835 0.393538 2.051109 0.197861 1561485435.027365
7757898.550626 -363564.911725 0.429094 2.130918 0.147342 1561485435.277335
7757899.064039 -363564.730542 0.457386 2.170823 0.115467 1561485435.527350
7757899.549608 -363564.501168 0.477040 2.229683 0.066018 1561485435.777279
7757900.073414 -363564.211699 0.483584 2.215716 0.004256 1561485436.027392
7757900.570100 -363563.953122 0.479369 2.225692 -0.039321 1561485436.277528
7757901.053809 -363563.701247 0.462424 2.209731 -0.104681 1561485436.527610
7757901.504311 -363563.468705 0.432512 2.204742 -0.151732 1561485436.777636
7757901.998514 -363563.235437 0.395925 2.183792 -0.178379 1561485437.027483
7757902.476182 -363563.025621 0.355097 2.189778 -0.199760 1561485437.277178
7757902.957384 -363562.844423 0.305664 2.156857 -0.245770 1561485437.526902
7757903.436924 -363562.698161 0.243425 2.140895 -0.307179 1561485437.776690
7757903.925502 -363562.585626 0.169930 2.108971 -0.342339 1561485438.026556
7757904.496148 -363562.504447 0.083991 2.061085 -0.346076 1561485438.326006
7757905.067790 -363562.477585 -0.006911 2.008211 -0.360952 1561485438.625490
7757905.617209 -363562.505223 -0.095043 1.966311 -0.366491 1561485438.924877
7757906.145929 -363562.583277 -0.181940 1.919423 -0.365235 1561485439.224157
7757906.667313 -363562.710266 -0.261594 1.950349 -0.319532 1561485439.523703
7757907.180757 -363562.880991 -0.334659 1.971299 -0.308497 1561485439.823266
7757907.678384 -363563.090854 -0.405625 1.950349 -0.290258 1561485440.122748
7757908.158212 -363563.340730 -0.467650 1.994244 -0.246983 1561485440.422156
7757908.642978 -363563.624853 -0.523112 2.024173 -0.223123 1561485440.721708
7757909.108861 -363563.942182 -0.571240 2.067071 -0.188995 1561485441.021266
7757909.579814 -363564.289600 -0.612162 2.094006 -0.162590 1561485441.320751
7757909.980526 -363564.593088 -0.643060 2.103983 -0.149051 1561485441.570369
7757910.395472 -363564.914132 -0.670919 2.129921 -0.131734 1561485441.820047
7757910.822436 -363565.249922 -0.695548 2.146880 -0.113733 1561485442.070077
7757911.262853 -363565.598428 -0.714338 2.182795 -0.082388 1561485442.320127
7757911.709030 -363565.959194 -0.724534 2.203745 -0.040390 1561485442.570045
7757912.148417 -363566.323096 -0.730417 2.209731 -0.032638 1561485442.819754
7757912.585484 -363566.692061 -0.737018 2.241654 -0.034669 1561485443.069498
7757913.023992 -363567.069916 -0.743391 2.262604 -0.033722 1561485443.319428
7757913.463757 -363567.457136 -0.748543 2.326452 -0.022627 1561485443.569247
7757913.909892 -363567.857158 -0.750636 2.380324 -0.010321 1561485443.819048
7757914.358828 -363568.265291 -0.750972 2.435193 -0.004224 1561485444.068748
7757914.811488 -363568.680838 -0.748888 2.485074 0.004151 1561485444.318483
7757915.195069 -363569.023438 -0.747242 2.558898 0.003437 1561485444.518234
7757915.598550 -363569.368417 -0.745410 2.595810 0.004517 1561485444.718083
7757916.006583 -363569.715703 -0.742948 2.634717 0.007874 1561485444.917820
7757916.421033 -363570.069339 -0.739790 2.687591 0.009556 1561485445.117537
7757916.843445 -363570.430046 -0.738238 2.766403 -0.000988 1561485445.317327
7757917.277198 -363570.802028 -0.737611 2.851201 -0.001347 1561485445.517127
7757917.716276 -363571.179709 -0.736851 2.925025 -0.001346 1561485445.716931
7757918.171118 -363571.571679 -0.736001 3.004834 -0.000743 1561485445.916762
7757918.622442 -363571.959839 -0.733706 3.010820 0.007187 1561485446.116450
7757919.091238 -363572.361994 -0.730680 3.115570 0.007680 1561485446.316161
7757919.564838 -363572.766528 -0.727328 3.147494 0.009367 1561485446.515944
7757920.044578 -363573.174290 -0.723983 3.184406 0.008289 1561485446.715748
7757920.527214 -363573.582744 -0.721616 3.207352 0.004078 1561485446.915531
7757921.013275 -363573.993840 -0.719222 3.211342 0.005404 1561485447.115300
7757921.496057 -363574.401425 -0.717191 3.224311 0.002755 1561485447.315062
7757921.983703 -363574.811247 -0.715744 3.227304 -0.001099 1561485447.514971
7757922.470409 -363575.218625 -0.716532 3.222316 -0.008324 1561485447.714802
7757922.954915 -363575.623201 -0.717335 3.206354 -0.007842 1561485447.914629
7757923.436519 -363576.024589 -0.718122 3.189394 -0.007239 1561485448.114410
7757923.923803 -363576.430609 -0.719433 3.245261 -0.011216 1561485448.314397
7757924.416147 -363576.841694 -0.722621 3.260225 -0.020012 1561485448.514600
7757924.905566 -363577.253192 -0.728613 3.270202 -0.029285 1561485448.714651
7757925.396359 -363577.665192 -0.734935 3.275190 -0.031939 1561485448.914655
7757925.881113 -363578.088770 -0.744437 3.259228 -0.044931 1561485449.114767
7757926.352405 -363578.502697 -0.757337 3.175428 -0.058355 1561485449.314768
7757926.795476 -363578.901193 -0.774108 3.016806 -0.077188 1561485449.514619
7757927.208554 -363579.283989 -0.794779 2.857187 -0.101050 1561485449.714496
7757927.589205 -363579.649869 -0.819926 2.677615 -0.123061 1561485449.914422
7757928.020765 -363580.084915 -0.854169 2.486072 -0.151928 1561485450.164506
7757928.412202 -363580.507180 -0.897480 2.341416 -0.192377 1561485450.414517
7757928.762450 -363580.916078 -0.939925 2.210728 -0.196922 1561485450.664295
7757929.079695 -363581.318758 -0.985832 2.130918 -0.226690 1561485450.914054
7757929.422450 -363581.805238 -1.049147 2.057095 -0.262350 1561485451.213678
7757929.724100 -363582.297456 -1.111893 1.994244 -0.260346 1561485451.513254
7757929.989551 -363582.798333 -1.176585 1.971299 -0.277137 1561485451.812952
7757930.218469 -363583.307894 -1.244759 1.923413 -0.299550 1561485452.112610
7757930.408153 -363583.823193 -1.317940 1.918425 -0.320121 1561485452.412275
7757930.558512 -363584.345063 -1.391529 1.875527 -0.318103 1561485452.711841
7757930.670095 -363584.865388 -1.462684 1.844601 -0.316843 1561485453.011403
7757930.745402 -363585.386822 -1.532467 1.812677 -0.312449 1561485453.311132
7757930.785710 -363585.907537 -1.600920 1.807689 -0.312866 1561485453.611030
7757930.792020 -363586.423090 -1.671727 1.774768 -0.335562 1561485453.910837
7757930.760719 -363586.939112 -1.753801 1.774768 -0.395666 1561485454.210576
7757930.687406 -363587.433713 -1.848757 1.717903 -0.443016 1561485454.510240
7757930.542806 -363587.992029 -1.961869 1.722891 -0.446967 1561485454.859849
7757930.335276 -363588.528291 -2.078059 1.706930 -0.468233 1561485455.209407
7757930.062839 -363589.036088 -2.205080 1.711918 -0.502959 1561485455.558973
7757929.734477 -363589.495835 -2.334595 1.687975 -0.506310 1561485455.908571
7757929.351094 -363589.908283 -2.465019 1.690968 -0.507739 1561485456.258221
7757928.915996 -363590.268038 -2.596193 1.705932 -0.504805 1561485456.607948
7757928.429668 -363590.571619 -2.721826 1.743842 -0.459904 1561485456.957485
7757927.971917 -363590.787724 -2.818146 1.807689 -0.414339 1561485457.257022
7757927.470980 -363590.966290 -2.908941 1.860563 -0.394096 1561485457.556552
7757926.935530 -363591.100692 -3.007565 1.923413 -0.417177 1561485457.856150
7757926.382557 -363591.181645 -3.104355 1.961323 -0.391821 1561485458.155567
7757925.801116 -363591.207694 3.079269 1.976287 -0.408987 1561485458.455377
7757925.202001 -363591.171494 2.975197 2.083033 -0.394420 1561485458.755218
7757924.702145 -363591.093847 2.893561 2.062083 -0.378319 1561485459.004925
7757924.190287 -363590.970121 2.812336 2.167830 -0.361166 1561485459.254743
7757923.674171 -363590.800468 2.734147 2.236666 -0.334577 1561485459.504494
7757923.160809 -363590.588048 2.661838 2.258614 -0.310480 1561485459.754157
7757922.656198 -363590.336622 2.593617 2.320466 -0.287955 1561485460.003898
7757922.144253 -363590.037284 2.529438 2.412248 -0.257931 1561485460.253762
7757921.641954 -363589.701591 2.471444 2.496048 -0.221216 1561485460.503714
7757921.138469 -363589.322955 2.422076 2.623743 -0.177204 1561485460.753585
7757920.731540 -363588.988757 2.390634 2.692579 -0.138874 1561485460.953489
7757920.326719 -363588.635976 2.367843 2.761415 -0.095006 1561485461.153219
7757919.914455 -363588.261844 2.355902 2.845215 -0.044169 1561485461.352952
7757919.492539 -363587.871222 2.350023 2.940987 -0.025484 1561485461.552579
7757919.056929 -363587.463934 2.346133 3.031770 -0.019615 1561485461.752473
7757918.611460 -363587.045108 2.342575 3.094620 -0.017339 1561485461.952447
7757918.154384 -363586.613633 2.340131 3.169442 -0.011451 1561485462.152279
7757917.685243 -363586.170308 2.339084 3.239275 -0.007241 1561485462.352185
7757917.203848 -363585.716548 2.339847 3.313099 0.002399 1561485462.552001
7757916.833330 -363585.369684 2.342168 3.376947 0.009398 1561485462.701845
7757916.454340 -363585.018179 2.344936 3.414857 0.009161 1561485462.851712
7757916.070224 -363584.665648 2.346789 3.439797 0.004579 1561485463.001492
7757915.678583 -363584.309416 2.349157 3.492671 0.009534 1561485463.151357
7757915.277706 -363583.948712 2.353194 3.535569 0.016667 1561485463.301283
7757914.869276 -363583.586663 2.357368 3.570486 0.015829 1561485463.451264
7757914.450884 -363583.221153 2.361473 3.617374 0.015355 1561485463.601392
7757914.031824 -363582.855394 2.365052 3.618371 0.012090 1561485463.751429
7757913.614188 -363582.489335 2.368631 3.632338 0.014269 1561485463.901495
7757913.195824 -363582.121454 2.372538 3.646305 0.014031 1561485464.051505
7757912.777463 -363581.752747 2.375633 3.656281 0.009799 1561485464.201384
7757912.359621 -363581.383619 2.378232 3.656281 0.008227 1561485464.351260
7757911.943039 -363581.014691 2.380763 3.657279 0.008226 1561485464.501119
7757911.525842 -363580.644405 2.383404 3.678229 0.008592 1561485464.650990
7757911.107094 -363580.272615 2.385738 3.705164 0.006538 1561485464.800823
7757910.689022 -363579.902073 2.387460 3.700176 0.004117 1561485464.950733
7757910.270633 -363579.531009 2.388684 3.726114 0.002423 1561485465.100504
7757909.851382 -363579.159207 2.390225 3.725117 0.003876 1561485465.250438
7757909.435244 -363578.790906 2.391935 3.706162 0.004602 1561485465.400274
7757909.020297 -363578.424545 2.393623 3.689202 0.004117 1561485465.550160
7757908.611368 -363578.064515 2.395061 3.640319 0.003387 1561485465.699972
7757908.203303 -363577.705452 2.396609 3.641317 0.004112 1561485465.849800
7757907.799472 -363577.350383 2.398206 3.603407 0.003746 1561485465.999627
7757907.400419 -363577.000107 2.399509 3.566495 0.003018 1561485466.149456
7757907.003950 -363576.652381 2.400306 3.552528 -0.000487 1561485466.299345
7757906.611343 -363576.307822 2.400883 3.513621 0.000236 1561485466.449198
7757906.227112 -363575.970588 2.401819 3.445783 0.001200 1561485466.599122
7757905.728546 -363575.533552 2.402975 3.345023 0.001074 1561485466.798950
7757905.240419 -363575.106053 2.404100 3.281175 0.000830 1561485466.998758
7757904.781764 -363574.705308 2.405491 3.058706 0.004549 1561485467.198610
7757904.341487 -363574.321789 2.409162 2.968920 0.015113 1561485467.398371
7757903.916679 -363573.954718 2.414471 2.846213 0.022892 1561485467.598174
7757903.505299 -363573.603476 2.422100 2.754432 0.035332 1561485467.797891
7757903.105509 -363573.267834 2.432760 2.645691 0.054305 1561485467.997715
7757902.710447 -363572.944213 2.449141 2.613767 0.085269 1561485468.197580
7757902.316898 -363572.633616 2.471793 2.558898 0.118644 1561485468.397262
7757901.818534 -363572.263532 2.512828 2.533957 0.179502 1561485468.646901
7757901.322218 -363571.929892 2.566500 2.437188 0.225188 1561485468.896376
7757900.823438 -363571.633486 2.627478 2.359374 0.263168 1561485469.145877
7757900.310692 -363571.372087 2.698654 2.358376 0.300546 1561485469.395308
7757899.794372 -363571.154634 2.773554 2.247640 0.321734 1561485469.644964
7757899.276902 -363570.980488 2.847266 2.235669 0.316268 1561485469.894768
7757898.753101 -363570.845095 2.922801 2.188780 0.338227 1561485470.144487
7757898.228863 -363570.751506 3.002592 2.152866 0.354054 1561485470.394354
7757897.706886 -363570.700311 3.081541 2.108971 0.353871 1561485470.644073
7757897.190653 -363570.689725 -3.123603 2.087023 0.355812 1561485470.893733
7757896.667711 -363570.719352 -3.044183 2.151868 0.356768 1561485471.143501
7757896.148307 -363570.789802 -2.964580 2.116952 0.356288 1561485471.393268
7757895.634198 -363570.901670 -2.884556 2.151868 0.356585 1561485471.643087
7757895.128090 -363571.055596 -2.803971 2.167830 0.356293 1561485471.892860
7757894.631296 -363571.251555 -2.726409 2.188780 0.326203 1561485472.142650
7757894.141134 -363571.487394 -2.656719 2.214719 0.296408 1561485472.392389
7757893.662234 -363571.759080 -2.588952 2.257616 0.289688 1561485472.642184
7757893.209554 -363572.056920 -2.525573 2.215716 0.267913 1561485472.891903
7757892.785422 -363572.375241 -2.471944 2.145883 0.231637 1561485473.141688
7757892.385440 -363572.708553 -2.427031 2.108971 0.193806 1561485473.391457
7757891.998830 -363573.057734 -2.396061 2.097997 0.121293 1561485473.641310
7757891.627017 -363573.409943 -2.380537 2.014197 0.054397 1561485473.891227
7757891.233827 -363573.790738 -2.373893 1.743842 0.016854 1561485474.191290
7757890.821909 -363574.191047 -2.378280 1.573248 -0.047261 1561485474.541464
7757890.409011 -363574.581805 -2.398750 1.627120 -0.130423 1561485474.891426
7757890.021930 -363574.926732 -2.434459 1.706930 -0.202746 1561485475.191401
7757889.610941 -363575.263617 -2.484425 1.764792 -0.254519 1561485475.491216
7757889.161770 -363575.591945 -2.546260 1.839613 -0.295670 1561485475.791009
7757888.673893 -363575.898409 -2.627596 1.918425 -0.374838 1561485476.090689
7757888.155675 -363576.161517 -2.724881 1.908449 -0.398514 1561485476.390521
7757887.626555 -363576.369720 -2.813005 1.892487 -0.371242 1561485476.689786
7757887.072053 -363576.530710 -2.904212 1.929399 -0.389323 1561485476.989169
7757886.485102 -363576.640364 -3.002639 2.041133 -0.398485 1561485477.288794
7757885.955978 -363576.687224 -3.094370 2.167830 -0.415648 1561485477.538620
7757885.393974 -363576.683036 3.092809 2.263602 -0.401646 1561485477.788485
7757884.817379 -363576.623434 2.998365 2.343412 -0.387348 1561485478.038382
7757884.232539 -363576.506835 2.906584 2.423221 -0.359665 1561485478.288024
7757883.639370 -363576.332879 2.824105 2.480086 -0.313489 1561485478.537653
7757883.053553 -363576.108334 2.745930 2.553910 -0.305213 1561485478.787225
7757882.581684 -363575.888014 2.682562 2.628731 -0.294167 1561485478.986941
7757882.110998 -363575.630971 2.622678 2.724503 -0.266746 1561485479.186532
7757881.644172 -363575.338410 2.568402 2.761415 -0.236881 1561485479.386029
7757881.187000 -363575.017437 2.521801 2.788351 -0.200432 1561485479.585625
7757880.738510 -363574.672133 2.482658 2.829253 -0.167795 1561485479.785326
7757880.300206 -363574.308275 2.450116 2.826260 -0.138797 1561485479.984856
7757879.868328 -363573.927510 2.425355 2.856189 -0.101028 1561485480.184533
7757879.446293 -363573.534670 2.411021 2.840227 -0.038175 1561485480.384271
