7805684.015957 -389371.787670 0.585779 1.327041 -0.041933 1651846192.865225
7805684.428262 -389371.498066 0.579536 1.305653 -0.066187 1651846193.214869
7805684.885380 -389371.258628 0.567684 1.260932 -0.089653 1651846193.664400
7805685.325886 -389370.977792 0.556770 1.222044 -0.110523 1651846194.064051
7805685.816862 -389370.761315 0.540011 1.080104 -0.126096 1651846194.563666
7805686.225379 -389370.467297 0.524481 0.969274 -0.126053 1651846195.063193
7805686.717419 -389370.253120 0.506888 0.887610 -0.126142 1651846195.712593
7805687.189966 -389370.048839 0.491718 0.872055 -0.126020 1651846196.262259
7805687.650395 -389369.769740 0.472975 0.840945 -0.126010 1651846196.961413
7805688.127932 -389369.583019 0.457639 0.920665 -0.126036 1651846197.510957
7805688.632771 -389369.391108 0.440737 0.992607 -0.126062 1651846198.060529
7805689.079234 -389369.156554 0.422391 1.060660 -0.126088 1651846198.609991
7805689.566948 -389368.947034 0.404837 1.085937 -0.126099 1651846199.109627
7805690.083388 -389368.759599 0.387465 1.099548 -0.126105 1651846199.609067
7805690.616337 -389368.547026 0.370012 1.095659 -0.126103 1651846200.108506
7805691.108154 -389368.347841 0.352746 1.091770 -0.120477 1651846200.607927
7805691.607969 -389368.193822 0.335999 1.095659 -0.104448 1651846201.107516
7805692.126328 -389368.034863 0.323772 1.101492 -0.078015 1651846201.607023
7805692.663229 -389367.877844 0.315427 1.124825 -0.050482 1651846202.106558
7805693.155997 -389367.725112 0.307992 1.134547 -0.050483 1651846202.556044
7805693.645922 -389367.594399 0.299833 1.124825 -0.047342 1651846203.005678
7805694.167117 -389367.418516 0.293606 1.060660 -0.019361 1651846203.555293
7805694.651407 -389367.275332 0.291388 1.023717 0.007224 1651846204.005114
7805695.135855 -389367.112413 0.290751 0.889555 0.021170 1651846204.504620
7805695.634353 -389366.995121 0.293089 0.654285 0.021158 1651846205.253853
7805696.139365 -389366.856306 0.291605 0.380127 0.021149 1651846227.283462
7805696.636793 -389366.672265 0.293041 0.761226 0.021163 1651846228.032768
7805697.192844 -389366.499579 0.292597 1.074271 0.002975 1651846228.632453
7805697.738528 -389366.366285 0.292025 1.422315 -0.002735 1651846229.081882
7805698.241349 -389366.159543 0.290909 1.719806 -0.007000 1651846229.431584
7805698.805049 -389366.020098 0.290036 1.762582 -0.007124 1651846229.731375
7805699.289677 -389365.892478 0.289768 1.855913 -0.007128 1651846230.031017
7805699.807478 -389365.750233 0.288858 1.916188 -0.007130 1651846230.330570
7805700.355408 -389365.651751 0.289095 1.912300 -0.007129 1651846230.630251
7805700.860381 -389365.499385 0.289075 2.048406 -0.007014 1651846230.880034
7805701.446715 -389365.342317 0.288328 2.133959 -0.007018 1651846231.179779
7805701.951224 -389365.205468 0.287481 2.273955 -0.005558 1651846231.429496
7805702.477150 -389365.023703 0.287373 2.336175 -0.001894 1651846231.679256
7805703.061372 -389364.857083 0.288045 2.427561 0.006787 1651846231.929063
7805703.632870 -389364.689952 0.290637 2.501447 0.022321 1651846232.178801
7805704.145554 -389364.584763 0.294939 2.503392 0.038193 1651846232.378653
7805704.744389 -389364.465029 0.302037 2.540335 0.053306 1651846232.628284
7805705.343130 -389364.283381 0.311315 2.458671 0.058860 1651846232.877999
7805705.929636 -389364.095651 0.320155 2.530613 0.058770 1651846233.127736
7805706.620049 -389363.888956 0.330715 2.528669 0.058890 1651846233.427424
7805707.097702 -389363.731558 0.338890 2.454782 0.061163 1651846233.627226
7805707.573299 -389363.564477 0.347008 2.452838 0.064677 1651846233.827080
7805708.163292 -389363.360582 0.356680 2.569501 0.066066 1651846234.076870
7805708.744503 -389363.137077 0.366396 2.592833 0.066200 1651846234.326620
7805709.242963 -389362.993202 0.375174 2.598667 0.066809 1651846234.526443
7805709.797394 -389362.734644 0.386260 2.643387 0.066832 1651846234.776251
7805710.301439 -389362.552490 0.396416 2.666720 0.066844 1651846234.976122
7805710.793624 -389362.372052 0.405806 2.635610 0.066828 1651846235.175960
7805711.267303 -389362.178628 0.414838 2.672553 0.066847 1651846235.375850
7805711.765433 -389361.974860 0.423875 2.672553 0.066847 1651846235.575667
7805712.270731 -389361.766593 0.432542 2.660887 0.066841 1651846235.775504
7805712.735699 -389361.534200 0.440839 2.647276 0.066834 1651846235.975344
7805713.212601 -389361.297435 0.449167 2.664776 0.062354 1651846236.175212
7805713.671088 -389361.086035 0.456935 2.645332 0.048479 1651846236.375157
7805714.143258 -389360.874250 0.461860 2.631721 0.031758 1651846236.575096
7805714.620253 -389360.652190 0.465447 2.662831 0.019901 1651846236.775043
7805715.129258 -389360.420225 0.468172 2.719218 0.019420 1651846236.974976
7805715.564920 -389360.167591 0.472305 2.614222 0.023808 1651846237.174810
7805716.019652 -389359.922389 0.476667 2.645332 0.029072 1651846237.374533
7805716.441680 -389359.654247 0.482635 2.658942 0.031642 1651846237.574265
7805716.895872 -389359.424130 0.488220 2.651165 0.040067 1651846237.774102
7805717.374507 -389359.198052 0.494130 2.649220 0.044215 1651846237.973809
7805717.864395 -389358.951570 0.499995 2.660887 0.044219 1651846238.173627
7805718.303944 -389358.699974 0.506231 2.647276 0.044214 1651846238.373420
7805718.769496 -389358.437873 0.512208 2.594778 0.044683 1651846238.573273
7805719.268927 -389358.205583 0.518263 2.596722 0.044684 1651846238.773081
7805719.891648 -389357.807289 0.528123 2.608388 0.044688 1651846239.072828
7805720.470983 -389357.525143 0.535654 2.579223 0.044678 1651846239.322619
7805720.936381 -389357.296757 0.542370 2.571445 0.044676 1651846239.522469
7805721.428834 -389356.970451 0.550232 2.585056 0.044680 1651846239.772120
7805721.898170 -389356.690246 0.556680 2.557835 0.044671 1651846239.971885
7805722.403949 -389356.391522 0.563919 2.555890 0.044670 1651846240.221662
7805722.847601 -389356.103538 0.569994 2.555890 0.044670 1651846240.421545
7805723.283697 -389355.818008 0.575459 2.536446 0.040642 1651846240.621280
7805723.716555 -389355.541331 0.579927 2.532558 0.029902 1651846240.821089
7805724.214393 -389355.149684 0.583897 2.534502 0.017191 1651846241.070853
7805724.681826 -389354.823199 0.584907 2.536446 0.002754 1651846241.320629
7805725.179611 -389354.478992 0.585157 2.513114 -0.006546 1651846241.570425
7805725.780196 -389354.072518 0.584253 2.507281 -0.011929 1651846241.870119
7805726.228591 -389353.767573 0.582182 2.501447 -0.019754 1651846242.069914
7805726.661325 -389353.515637 0.580540 2.489781 -0.019997 1651846242.269675
7805727.162737 -389353.204155 0.578398 2.462560 -0.019993 1651846242.519468
7805727.660158 -389352.894680 0.575870 2.456727 -0.019625 1651846242.769141
7805728.169200 -389352.557345 0.573920 2.470337 -0.016083 1651846243.018939
7805728.690479 -389352.240965 0.572454 2.472282 -0.013148 1651846243.268656
7805729.189530 -389351.908714 0.570455 2.452838 -0.012168 1651846243.518385
7805729.748816 -389351.557887 0.568630 2.447005 -0.012046 1651846243.768122
7805730.254966 -389351.230697 0.567537 2.427561 -0.012166 1651846244.017920
7805730.729489 -389350.929659 0.566793 2.431450 -0.012166 1651846244.267733
7805731.247363 -389350.630801 0.565692 2.419783 -0.012654 1651846244.517526
7805731.720982 -389350.278232 0.565233 2.402284 -0.016930 1651846244.767367
7805732.207297 -389349.988131 0.563169 2.390618 -0.018028 1651846245.017204
7805732.685691 -389349.646454 0.560514 2.357563 -0.018024 1651846245.267102
7805733.170892 -389349.363303 0.557037 2.307009 -0.018018 1651846245.516933
7805733.674639 -389349.051764 0.555022 2.303120 -0.018017 1651846245.766838
7805734.144054 -389348.761137 0.554128 2.297287 -0.018016 1651846246.016479
7805734.591465 -389348.483185 0.552851 2.277844 -0.018014 1651846246.266148
7805735.018263 -389348.194486 0.550603 2.258400 -0.019354 1651846246.515899
7805735.516582 -389347.880337 0.549417 2.229234 -0.019350 1651846246.765573
7805735.980561 -389347.577967 0.547001 2.202013 -0.015320 1651846247.015293
7805736.440501 -389347.312549 0.545607 2.170903 -0.012877 1651846247.265039
7805736.852867 -389347.025032 0.544927 2.147570 -0.012875 1651846247.514799
7805737.389276 -389346.695664 0.543399 2.132015 -0.012874 1651846247.814500
7805737.847068 -389346.388364 0.542656 2.097016 -0.012871 1651846248.064214
7805738.361094 -389346.091409 0.541629 2.065906 -0.012869 1651846248.363826
7805738.888783 -389345.742985 0.540148 2.036740 -0.012866 1651846248.663492
7805739.412147 -389345.410510 0.538740 1.997853 -0.012863 1651846248.963240
7805739.990047 -389345.072580 0.537307 1.984242 -0.012862 1651846249.312910
7805740.501648 -389344.793833 0.534899 1.964798 -0.012861 1651846249.612727
7805740.978030 -389344.510666 0.533218 1.949243 -0.012859 1651846249.912415
7805741.441845 -389344.225431 0.531621 1.892856 -0.012855 1651846250.212129
7805741.873086 -389343.958321 0.530469 1.892856 -0.012855 1651846250.461954
7805742.323718 -389343.629995 0.529845 1.887023 -0.012855 1651846250.761597
7805742.791055 -389343.344210 0.529131 1.873412 -0.012854 1651846251.061345
7805743.274285 -389343.013513 0.528455 1.852024 -0.012852 1651846251.361184
7805743.746281 -389342.735315 0.527639 1.834524 -0.010781 1651846251.660753
7805744.224702 -389342.459376 0.527968 1.818969 -0.010780 1651846251.960459
7805744.669859 -389342.192368 0.528777 1.795637 -0.010778 1651846252.260120
7805745.156650 -389341.970898 0.528329 1.789804 -0.011509 1651846252.559906
7805745.577397 -389341.683604 0.528012 1.764527 -0.011629 1651846252.859637
7805746.013491 -389341.393180 0.527019 1.760638 -0.011628 1651846253.159299
7805746.463785 -389341.148079 0.527183 1.739250 -0.009680 1651846253.459002
7805747.000482 -389340.871842 0.526699 1.686751 -0.004078 1651846253.808660
7805747.458830 -389340.552672 0.527004 1.653697 -0.004077 1651846254.158422
7805747.916648 -389340.293984 0.527216 1.655641 -0.004077 1651846254.458284
7805748.368947 -389340.071222 0.527275 1.575922 -0.004075 1651846254.758060
7805748.833075 -389339.796057 0.527003 1.478703 -0.004074 1651846255.107720
7805749.302369 -389339.488405 0.527801 1.459259 -0.004074 1651846255.457373
7805749.719050 -389339.203459 0.527925 1.344540 -0.004072 1651846255.806945
7805750.176985 -389338.935992 0.529887 1.251210 -0.004192 1651846256.256398
7805750.665914 -389338.743815 0.531459 1.150102 -0.004069 1651846256.705982
7805751.097995 -389338.448301 0.531977 1.068438 -0.004068 1651846257.205474
7805751.546945 -389338.217303 0.533335 0.998440 -0.004067 1651846257.655057
7805752.006926 -389337.972904 0.533393 0.891499 -0.004065 1651846258.254489
7805752.401897 -389337.665785 0.532015 0.767059 -0.004185 1651846258.903790
7805752.862168 -389337.401480 0.530869 0.658173 -0.004063 1651846259.653095
7805753.321139 -389337.134849 0.531366 0.607619 -0.004063 1651846260.752629
7805753.747879 -389336.854309 0.529633 0.489012 -0.004062 1651846261.551807
7805754.148352 -389336.542199 0.529110 0.601786 -0.004063 1651846418.006779
7805754.640267 -389336.344567 0.529847 0.844834 -0.004065 1651846418.656254
7805755.090553 -389336.085972 0.529431 1.144269 -0.004190 1651846419.155840
7805755.549828 -389335.765327 0.529387 1.389261 -0.004072 1651846419.605357
7805756.088113 -389335.430476 0.529897 1.616754 0.005050 1651846420.005060
7805756.593032 -389335.185374 0.530744 1.675085 0.005052 1651846420.354869
7805757.020529 -389334.886405 0.532199 1.721750 0.005053 1651846420.654570
7805757.440042 -389334.603136 0.532701 1.735361 0.005053 1651846420.954166
7805757.907741 -389334.319898 0.533561 1.770360 0.005176 1651846421.253828
7805758.451398 -389334.071234 0.535299 1.793692 0.005055 1651846421.603493
7805758.894136 -389333.806072 0.536080 1.844246 0.005056 1651846421.903210
7805759.379312 -389333.481332 0.537650 2.038685 0.005062 1651846422.202909
7805759.823688 -389333.247759 0.538520 2.091183 0.005064 1651846422.452675
7805760.281783 -389333.012778 0.540124 2.235067 0.005068 1651846422.702410
7805760.775483 -389332.705307 0.541588 2.318676 0.008614 1651846422.952254
7805761.315343 -389332.388155 0.543791 2.413950 0.020230 1651846423.201906
7805761.794533 -389332.082434 0.549392 2.489781 0.040993 1651846423.451733
7805762.252121 -389331.799764 0.556208 2.571445 0.060488 1651846423.651536
7805762.730015 -389331.436786 0.567990 2.637554 0.083632 1651846423.901327
7805763.233291 -389331.133141 0.583195 2.602555 0.109254 1651846424.151059
7805763.691620 -389330.848748 0.599031 2.647276 0.131677 1651846424.350863
7805764.102173 -389330.528181 0.617369 2.623944 0.149436 1651846424.550661
7805764.516162 -389330.233488 0.638768 2.608388 0.169159 1651846424.750470
7805764.928569 -389329.912560 0.662575 2.670609 0.189365 1651846424.950218
7805765.313153 -389329.572258 0.689966 2.588945 0.213193 1651846425.149980
7805765.754421 -389329.247569 0.719613 2.581167 0.237314 1651846425.349753
7805766.162956 -389328.915830 0.752918 2.664776 0.259825 1651846425.549504
7805766.570407 -389328.564930 0.789486 2.697830 0.282056 1651846425.749349
7805766.933714 -389328.156795 0.829834 2.767828 0.302850 1651846425.949191
7805767.337155 -389327.742193 0.874132 2.812549 0.318960 1651846426.148967
7805767.713506 -389327.312151 0.920895 2.876713 0.335686 1651846426.348725
7805768.027170 -389326.863534 0.972740 2.886435 0.350273 1651846426.548527
7805768.345058 -389326.367047 1.025233 2.991432 0.361577 1651846426.748366
7805768.664829 -389325.832688 1.079860 3.016709 0.362736 1651846426.948051
7805768.922712 -389325.331851 1.137849 3.057541 0.370624 1651846427.147973
7805769.161348 -389324.839110 1.196544 3.051708 0.378074 1651846427.347907
7805769.412033 -389324.126130 1.274022 3.036152 0.382884 1651846427.597859
7805769.629753 -389323.375769 1.350876 3.012820 0.382890 1651846427.847760
7805769.776829 -389322.811142 1.409886 2.985599 0.382884 1651846428.047721
7805769.841451 -389322.236648 1.468829 2.931156 0.379584 1651846428.247571
7805769.953507 -389321.657659 1.524874 2.861158 0.369633 1651846428.447366
7805769.940142 -389321.133206 1.578446 2.787272 0.355444 1651846428.647174
7805769.878559 -389320.593017 1.629929 2.738662 0.336425 1651846428.847096
7805769.885198 -389320.031423 1.678228 2.672553 0.310266 1651846429.046898
7805769.796863 -389319.509361 1.719157 2.604500 0.286301 1651846429.246671
7805769.694067 -389318.877065 1.768028 2.608388 0.259711 1651846429.496470
7805769.567506 -389318.373695 1.804206 2.538391 0.243436 1651846429.696328
7805769.451781 -389317.853169 1.839201 2.571445 0.243390 1651846429.895960
7805769.256619 -389317.146967 1.892407 2.567556 0.242530 1651846430.195533
7805769.012198 -389316.440829 1.942824 2.563668 0.225187 1651846430.494949
7805768.835579 -389315.868364 1.981433 2.579223 0.213287 1651846430.744663
7805768.550308 -389315.315797 2.020188 2.585056 0.213297 1651846430.994444
7805768.235782 -389314.739878 2.056871 2.643387 0.213284 1651846431.244307
7805768.010267 -389314.277277 2.087718 2.649220 0.213183 1651846431.444284
7805767.712124 -389313.835264 2.117459 2.709496 0.213286 1651846431.644159
7805767.419169 -389313.364774 2.150202 2.736718 0.215535 1651846431.844004
7805767.076989 -389312.866372 2.191567 2.761995 0.234533 1651846432.093668
7805766.753379 -389312.423380 2.226962 2.771717 0.253009 1651846432.293240
7805766.394400 -389312.017232 2.265630 2.802827 0.275967 1651846432.492905
7805766.045666 -389311.597312 2.305815 2.822270 0.291838 1651846432.692620
7805765.568183 -389311.053455 2.358797 2.814493 0.300792 1651846432.942287
7805765.196024 -389310.678488 2.402020 2.822270 0.301307 1651846433.142117
7805764.793188 -389310.276712 2.445543 2.814493 0.309941 1651846433.341930
7805764.386027 -389309.979943 2.489996 2.765883 0.322103 1651846433.541747
7805763.973156 -389309.617678 2.537497 2.740606 0.330600 1651846433.741538
7805763.510062 -389309.311774 2.585945 2.701719 0.332477 1651846433.941354
7805762.985802 -389308.953907 2.645117 2.670609 0.335961 1651846434.191233
7805762.429077 -389308.630705 2.706328 2.670609 0.354837 1651846434.441136
7805761.822565 -389308.335700 2.768490 2.641443 0.357015 1651846434.691000
7805761.333502 -389308.119805 2.825938 2.635610 0.356908 1651846434.940879
7805760.818353 -389307.994233 2.875028 2.645332 0.352861 1651846435.140690
7805760.158279 -389307.827245 2.935274 2.655054 0.351797 1651846435.390353
7805759.633381 -389307.765126 2.982472 2.670609 0.351840 1651846435.590105
7805759.110014 -389307.666494 3.031244 2.660887 0.351904 1651846435.790030
7805758.582686 -389307.570180 3.078989 2.651165 0.351695 1651846435.989802
7805758.032992 -389307.550420 3.126274 2.655054 0.347134 1651846436.189707
7805757.528124 -389307.537660 -3.111416 2.653109 0.334322 1651846436.389467
7805757.007084 -389307.532991 -3.065197 2.684219 0.326470 1651846436.589334
7805756.473767 -389307.624250 -3.022596 2.688108 0.322188 1651846436.789259
7805755.955527 -389307.666633 -2.978464 2.697830 0.320967 1651846436.989185
7805755.360072 -389307.762197 -2.923527 2.674497 0.320332 1651846437.238984
7805754.816645 -389307.908017 -2.881415 2.676442 0.314842 1651846437.438855
7805754.305157 -389308.026497 -2.841179 2.691997 0.293629 1651846437.638746
7805753.710390 -389308.253240 -2.794032 2.684219 0.272930 1651846437.888371
7805753.227126 -389308.427734 -2.760285 2.678386 0.240281 1651846438.088100
7805752.764477 -389308.662323 -2.730403 2.668664 0.212995 1651846438.287895
7805752.287504 -389308.878118 -2.704451 2.666720 0.175525 1651846438.487864
7805751.711945 -389309.149108 -2.679322 2.631721 0.126003 1651846438.738009
7805751.149965 -389309.457536 -2.661414 2.610333 0.086384 1651846438.988179
7805750.655593 -389309.739976 -2.649066 2.555890 0.053921 1651846439.238441
7805750.136528 -389310.063186 -2.641702 2.524780 0.035638 1651846439.488514
7805749.585880 -389310.336630 -2.634464 2.499503 0.034289 1651846439.738446
7805749.072425 -389310.617122 -2.626847 2.447005 0.043173 1651846439.988351
7805748.507211 -389310.899313 -2.617991 2.460615 0.049749 1651846440.238307
7805748.001336 -389311.175197 -2.609662 2.431450 0.049739 1651846440.487947
7805747.563633 -389311.476325 -2.601004 2.427561 0.049737 1651846440.737522
7805747.100408 -389311.782686 -2.591922 2.400340 0.049728 1651846440.987230
7805746.585785 -389312.104372 -2.583437 2.380896 0.049721 1651846441.237059
7805745.969549 -389312.468551 -2.573097 2.390618 0.052641 1651846441.536796
7805745.549230 -389312.741559 -2.564547 2.382840 0.068516 1651846441.736568
7805745.049900 -389313.062926 -2.552019 2.340064 0.089454 1651846441.986214
7805744.624890 -389313.344509 -2.539043 2.324509 0.108556 1651846442.185930
7805744.199406 -389313.656541 -2.522354 2.281732 0.108167 1651846442.435637
7805743.685679 -389314.048198 -2.507790 2.200068 0.072294 1651846442.735340
7805743.266576 -389314.372534 -2.497293 2.118404 0.061870 1651846442.985099
7805742.782585 -389314.745110 -2.486099 1.939521 0.062165 1651846443.284851
7805742.325691 -389315.112904 -2.474156 1.894800 0.062270 1651846443.584698
7805741.888702 -389315.419199 -2.463993 1.752860 0.047955 1651846443.884392
7805741.499892 -389315.768403 -2.459001 1.688696 0.002860 1651846444.184215
7805741.062684 -389316.135345 -2.459467 1.579810 -0.048760 1651846444.583767
7805740.637309 -389316.477266 -2.465225 1.451481 -0.061048 1651846444.933475
7805740.253594 -389316.825626 -2.466668 1.266765 0.003706 1651846445.332748
7805739.793081 -389317.072116 -2.458704 1.056772 0.058549 1651846445.782005
7805739.411258 -389317.459336 -2.450458 0.920665 0.020808 1651846446.381221
7805739.039181 -389317.799099 -2.455653 0.767059 -0.138676 1651846447.030169
7805738.656626 -389318.135636 -2.481995 0.776781 -0.291921 1651846447.729464
7805738.255267 -389318.437244 -2.518320 0.788447 -0.338341 1651846448.328528
7805737.820695 -389318.696303 -2.550611 0.755392 -0.218209 1651846449.027433
7805737.378873 -389319.024653 -2.575813 0.759281 -0.143651 1651846449.776707
7805736.913965 -389319.255508 -2.578910 0.774836 0.083679 1651846450.426258
7805736.458848 -389319.507303 -2.549874 0.794280 0.368545 1651846451.125668
7805736.039657 -389319.838024 -2.494763 0.782614 0.456126 1651846451.775257
7805735.641303 -389320.168750 -2.445613 0.749559 0.300541 1651846452.474769
7805735.276866 -389320.534330 -2.408627 0.726227 0.214071 1651846453.223766
7805734.875826 -389320.881942 -2.380187 0.700950 0.183586 1651846453.922892
7805734.556179 -389321.277799 -2.366250 0.619286 0.028181 1651846454.672535
7805734.215193 -389321.655676 -2.365595 0.648451 -0.096508 1651846455.522128
7805733.840316 -389322.000634 -2.382525 0.629008 -0.232764 1651846456.421074
7805733.473779 -389322.355596 -2.412404 0.592064 -0.296240 1651846457.220403
7805733.030228 -389322.653872 -2.440641 0.547344 -0.151425 1651846458.169571
7805732.607407 -389322.991864 -2.453911 0.518178 -0.051973 1651846459.218495
7805732.219531 -389323.353859 -2.456424 0.502623 -0.003699 1651846460.367276
7805731.814409 -389323.648101 -2.463581 0.496790 -0.062080 1651846461.466247
7805731.422947 -389323.987902 -2.469692 0.500678 -0.037126 1651846462.415602
7805731.006129 -389324.307939 -2.471897 0.487068 -0.019214 1651846463.514657
7805730.599967 -389324.609033 -2.474037 0.362627 -0.019211 1651846464.713445
7805730.163456 -389324.920289 -2.475263 0.683450 -0.019463 1651846759.190604
7805729.756998 -389325.260585 -2.476253 0.837056 -0.014983 1651846759.740173
7805729.312192 -389325.600888 -2.479102 1.105381 -0.014995 1651846760.289862
7805728.840451 -389325.903725 -2.481725 1.389261 -0.014889 1651846760.739399
7805728.419225 -389326.269169 -2.482836 1.616754 -0.014904 1651846761.089037
7805727.979773 -389326.616857 -2.484264 1.675085 -0.003469 1651846761.438704
7805727.557547 -389326.923580 -2.483689 1.692585 0.015032 1651846761.738454
7805727.121995 -389327.306131 -2.479995 1.659530 0.027796 1651846762.088111
7805726.672776 -389327.677666 -2.475228 1.789804 0.028058 1651846762.437951
7805726.244858 -389328.023997 -2.470835 1.902578 0.028075 1651846762.737757
7805725.799598 -389328.391545 -2.465921 2.137848 0.030794 1651846763.037634
7805725.356634 -389328.728908 -2.459968 2.291454 0.047381 1651846763.287301
7805724.885965 -389329.094399 -2.451385 2.503392 0.065186 1651846763.536917
7805724.343378 -389329.526902 -2.440289 2.631721 0.065856 1651846763.786500
7805723.792096 -389330.044312 -2.426650 2.528669 0.062288 1651846764.086052
7805723.403987 -389330.437693 -2.417652 2.643387 0.059428 1651846764.285868
7805722.991078 -389330.777224 -2.409163 2.594778 0.059527 1651846764.485719
7805722.592149 -389331.115762 -2.400585 2.561723 0.059512 1651846764.685565
7805722.243180 -389331.496308 -2.391736 2.678386 0.059567 1651846764.885410
7805721.897289 -389331.873059 -2.383130 2.600611 0.058922 1651846765.085104
7805721.516259 -389332.281663 -2.374997 2.721163 0.051068 1651846765.284788
7805721.151129 -389332.636835 -2.366611 2.783383 0.045971 1651846765.484578
7805720.763759 -389332.996719 -2.358570 2.903935 0.045285 1651846765.684438
7805720.376184 -389333.391721 -2.350173 3.022542 0.045210 1651846765.884165
7805719.945772 -389333.824622 -2.341832 3.065318 0.045227 1651846766.084061
7805719.529140 -389334.283377 -2.333771 3.008931 0.043002 1651846766.283867
7805719.097599 -389334.737470 -2.326489 3.176148 0.036080 1651846766.483719
7805718.617973 -389335.297658 -2.320465 3.026431 0.023890 1651846766.733560
7805718.233240 -389335.741732 -2.316466 3.117817 0.014203 1651846766.933462
7805717.829036 -389336.192482 -2.313633 3.075040 0.010879 1651846767.133397
7805717.425697 -389336.669485 -2.311618 3.100317 -0.000430 1651846767.333338
7805717.029769 -389337.129276 -2.310638 3.143094 -0.005966 1651846767.533196
7805716.579703 -389337.599950 -2.310592 3.238368 -0.012618 1651846767.733034
7805716.257006 -389338.010435 -2.311995 3.318088 -0.020140 1651846767.882938
7805715.827637 -389338.452129 -2.314602 3.417251 -0.033212 1651846768.082750
7805715.477653 -389338.822001 -2.317821 3.514470 -0.043212 1651846768.232535
7805715.109566 -389339.222648 -2.322546 3.582524 -0.052216 1651846768.382222
7805714.720000 -389339.613217 -2.328484 3.677799 -0.061109 1651846768.531982
7805714.359047 -389340.037964 -2.336775 3.745852 -0.066795 1651846768.681885
7805713.983308 -389340.463406 -2.345267 3.835293 -0.070784 1651846768.831817
7805713.586695 -389340.879706 -2.354118 3.901402 -0.073533 1651846768.981797
7805713.145901 -389341.285880 -2.363786 3.967511 -0.075673 1651846769.131667
7805712.791320 -389341.703847 -2.374566 4.047231 -0.077704 1651846769.281527
7805712.344505 -389342.092569 -2.384991 4.101674 -0.077755 1651846769.431392
7805711.897407 -389342.511100 -2.395424 4.109451 -0.078008 1651846769.581207
7805711.438183 -389342.901585 -2.406520 4.101674 -0.078000 1651846769.731061
7805710.993472 -389343.323952 -2.417274 4.097785 -0.077996 1651846769.880851
7805710.564688 -389343.755225 -2.427501 4.095841 -0.077995 1651846770.030754
7805710.119936 -389344.143237 -2.438525 4.078341 -0.077979 1651846770.180702
7805709.659233 -389344.540714 -2.449492 4.066675 -0.077968 1651846770.330595
7805709.208757 -389344.936805 -2.459921 4.043342 -0.078068 1651846770.480492
7805708.750311 -389345.287080 -2.470742 4.012232 -0.077917 1651846770.630410
7805708.301214 -389345.683222 -2.481626 3.994733 -0.078024 1651846770.780331
7805707.798367 -389346.016665 -2.493075 4.047231 -0.077950 1651846770.930192
7805707.332718 -389346.334457 -2.504277 4.060842 -0.076859 1651846771.079989
7805706.849961 -389346.714667 -2.515132 4.084174 -0.075286 1651846771.229668
7805706.185090 -389347.181519 -2.528510 4.175560 -0.067622 1651846771.429428
7805705.678732 -389347.558600 -2.537515 4.253336 -0.059667 1651846771.579244
7805705.138033 -389347.952257 -2.545993 4.300001 -0.056487 1651846771.729133
7805704.634852 -389348.312557 -2.554222 4.340833 -0.052553 1651846771.878869
7805703.929869 -389348.822163 -2.564633 4.373887 -0.052452 1651846772.078668
7805703.247847 -389349.299553 -2.575349 4.449718 -0.052503 1651846772.278286
7805702.678690 -389349.649147 -2.583062 4.492495 -0.052408 1651846772.428027
7805702.093396 -389349.975966 -2.591708 4.519716 -0.052427 1651846772.577890
7805701.483885 -389350.334228 -2.599900 4.550826 -0.052449 1651846772.727743
7805700.921269 -389350.675642 -2.608375 4.562492 -0.051959 1651846772.877676
7805700.321731 -389350.989531 -2.616917 4.599436 -0.050120 1651846773.027586
7805699.708954 -389351.370536 -2.623979 4.636379 -0.046286 1651846773.177495
7805699.129905 -389351.724203 -2.630916 4.671378 -0.039700 1651846773.327374
7805698.527006 -389352.072028 -2.636475 4.696655 -0.033096 1651846773.477228
7805697.709718 -389352.494136 -2.642029 4.690822 -0.024344 1651846773.676928
7805697.085592 -389352.849775 -2.644995 4.704432 -0.018719 1651846773.826694
7805696.495232 -389353.183165 -2.647564 4.696655 -0.011082 1651846773.976522
7805695.880411 -389353.506820 -2.648982 4.716099 -0.002693 1651846774.126197
7805695.438302 -389353.750687 -2.649057 4.696655 0.001941 1651846774.226039
7805694.772211 -389354.077413 -2.649199 4.681100 0.002441 1651846774.375803
7805694.184064 -389354.430802 -2.649340 4.671378 0.002441 1651846774.525700
7805693.561745 -389354.723060 -2.649262 4.649990 0.002440 1651846774.675499
7805692.955026 -389355.059259 -2.649346 4.661656 0.002441 1651846774.825397
7805692.365425 -389355.406062 -2.649048 4.644156 0.002440 1651846774.975297
7805691.743758 -389355.705481 -2.648195 4.572214 0.002438 1651846775.125244
7805691.154861 -389356.047313 -2.649249 4.583881 0.002438 1651846775.275204
7805690.546888 -389356.357717 -2.648439 4.548882 0.002437 1651846775.425154
7805689.924262 -389356.694389 -2.647519 4.541104 0.002437 1651846775.574994
7805689.335387 -389357.021565 -2.646780 4.529438 0.002436 1651846775.724896
7805688.763911 -389357.321493 -2.646218 4.504161 0.002436 1651846775.874838
7805688.215251 -389357.631491 -2.645631 4.494439 0.002435 1651846776.024778
7805687.613746 -389357.957421 -2.645200 4.451663 0.002434 1651846776.174722
7805687.032056 -389358.262925 -2.644491 4.459440 0.002434 1651846776.324674
7805686.449743 -389358.574606 -2.643541 4.443885 0.002434 1651846776.474660
7805685.872959 -389358.894548 -2.641988 4.422497 0.002433 1651846776.624701
7805685.305196 -389359.252378 -2.641184 4.401109 0.002433 1651846776.774782
7805684.725893 -389359.524880 -2.640219 4.406942 0.002433 1651846776.924728
7805683.977244 -389359.939281 -2.639625 4.366110 0.002431 1651846777.124491
7805683.216474 -389360.363872 -2.638296 4.368054 0.002431 1651846777.324154
7805682.664023 -389360.688229 -2.637142 4.352499 0.002431 1651846777.474005
7805682.085073 -389360.973791 -2.636443 4.364165 0.002431 1651846777.623913
7805681.500722 -389361.287920 -2.634415 4.342777 0.002431 1651846777.773810
7805680.931702 -389361.632535 -2.632518 4.321389 0.002430 1651846777.923803
7805680.372817 -389361.903418 -2.630688 4.315556 0.002430 1651846778.073687
7805679.807092 -389362.218771 -2.629447 4.317500 0.002430 1651846778.223544
7805679.263329 -389362.518190 -2.628449 4.298056 0.002429 1651846778.373249
7805678.523523 -389362.939377 -2.627088 4.278613 0.002429 1651846778.572939
7805677.947042 -389363.265337 -2.626004 4.274724 0.001806 1651846778.722726
7805677.372323 -389363.574340 -2.626141 4.270835 -0.005541 1651846778.872572
7805676.795463 -389363.864762 -2.626816 4.276668 -0.005791 1651846779.022392
7805676.271844 -389364.171916 -2.627155 4.274724 -0.005667 1651846779.172290
7805675.718053 -389364.474773 -2.627560 4.245558 -0.002801 1651846779.322243
7805675.157111 -389364.806425 -2.628328 4.241669 -0.001058 1651846779.472104
7805674.583510 -389365.122388 -2.628684 4.241669 -0.001058 1651846779.622037
7805674.049040 -389365.421038 -2.628770 4.253336 -0.000934 1651846779.771974
7805673.487736 -389365.739603 -2.628381 4.249447 0.000062 1651846779.921851
7805672.899832 -389366.059678 -2.627737 4.220281 0.000062 1651846780.071645
7805672.348813 -389366.366570 -2.627439 4.226114 0.000186 1651846780.221369
7805671.823168 -389366.672393 -2.626321 4.231947 0.000311 1651846780.371121
7805671.270262 -389366.947759 -2.625216 4.220281 0.000809 1651846780.520974
7805670.712799 -389367.251023 -2.624250 4.210559 0.001680 1651846780.670853
7805670.175512 -389367.550769 -2.622687 4.214448 0.001929 1651846780.820681
7805669.501021 -389367.954747 -2.620631 4.198893 0.001804 1651846781.020610
7805668.992084 -389368.246503 -2.619438 4.193060 0.001804 1651846781.170470
7805668.446416 -389368.536635 -2.617884 4.210559 0.001804 1651846781.320379
7805667.939113 -389368.801145 -2.615906 4.185282 0.001804 1651846781.470186
7805667.370458 -389369.117029 -2.614936 4.183338 0.001804 1651846781.619897
7805666.808643 -389369.467248 -2.613573 4.183338 0.001928 1651846781.769698
7805666.261128 -389369.734787 -2.611963 4.161950 0.001804 1651846781.919471
7805665.565414 -389370.147068 -2.609661 4.185282 0.001928 1651846782.119232
7805664.965148 -389370.493180 -2.608740 4.177505 0.001928 1651846782.269175
7805664.423785 -389370.837077 -2.608729 4.187227 0.001804 1651846782.419071
7805663.894732 -389371.134789 -2.608138 4.193060 0.001804 1651846782.569092
7805663.395550 -389371.414833 -2.607867 4.208615 0.001556 1651846782.718915
7805662.888076 -389371.725416 -2.608259 4.224170 -0.005041 1651846782.868721
7805662.171349 -389372.146889 -2.611481 4.249447 -0.013631 1651846783.068384
7805661.428857 -389372.564991 -2.614200 4.237781 -0.014997 1651846783.268145
7805660.868742 -389372.897378 -2.615854 4.282501 -0.015006 1651846783.418043
7805660.298308 -389373.199909 -2.617781 4.301945 -0.015009 1651846783.567936
7805659.731667 -389373.512170 -2.619936 4.331111 -0.015015 1651846783.717948
7805659.160794 -389373.858087 -2.621609 4.352499 -0.015019 1651846783.867773
7805658.580191 -389374.156937 -2.624085 4.377776 -0.015024 1651846784.017541
7805658.050880 -389374.427896 -2.626426 4.403053 -0.014904 1651846784.167352
7805657.458399 -389374.761517 -2.628988 4.420552 -0.014907 1651846784.317079
7805656.899152 -389375.081693 -2.630771 4.449718 -0.014913 1651846784.466873
7805656.314768 -389375.357382 -2.632805 4.457496 -0.014914 1651846784.616781
7805655.759238 -389375.676346 -2.634865 4.484717 -0.014795 1651846784.766632
7805655.324743 -389375.930328 -2.636181 4.492495 -0.014797 1651846784.866534
7805654.747981 -389376.250037 -2.638006 4.515827 -0.014676 1651846785.016431
7805654.178625 -389376.590502 -2.640064 4.544993 -0.014682 1651846785.166364
7805653.560908 -389376.908452 -2.642055 4.539160 -0.014681 1651846785.316311
7805652.937732 -389377.248018 -2.644214 4.572214 -0.014687 1651846785.466222
7805652.350825 -389377.576133 -2.646306 4.572214 -0.014687 1651846785.616026
7805651.757378 -389377.890098 -2.648625 4.585825 -0.014565 1651846785.765792
7805651.106931 -389378.223910 -2.651450 4.618879 -0.014571 1651846785.915600
7805650.517068 -389378.529368 -2.654071 4.620824 -0.013447 1651846786.065465
7805649.896114 -389378.856114 -2.655897 4.634434 -0.013448 1651846786.215346
7805649.291476 -389379.151614 -2.658068 4.634434 -0.013324 1651846786.365201
7805648.691361 -389379.445926 -2.660133 4.638323 -0.013074 1651846786.515108
7805648.057937 -389379.759988 -2.662535 4.626657 -0.012822 1651846786.665044
7805647.452219 -389380.066123 -2.665355 4.649990 -0.012075 1651846786.814808
7805646.836133 -389380.372461 -2.667421 4.622768 -0.010195 1651846786.964473
7805646.218924 -389380.668127 -2.668756 4.638323 -0.007445 1651846787.114239
7805645.612676 -389380.962055 -2.670169 4.655823 -0.004318 1651846787.264058
7805645.001624 -389381.303707 -2.671154 4.638323 -0.000438 1651846787.413855
7805644.354360 -389381.620870 -2.670680 4.628601 0.002314 1651846787.563615
7805643.743296 -389381.912184 -2.670733 4.607213 0.002314 1651846787.713427
7805642.918430 -389382.334392 -2.670054 4.628601 0.002189 1651846787.913163
7805642.330496 -389382.640675 -2.670297 4.597491 0.002314 1651846788.063062
7805641.529356 -389383.047208 -2.670390 4.609158 0.002564 1651846788.262926
7805640.931528 -389383.346962 -2.670104 4.589714 0.002938 1651846788.412881
7805640.313107 -389383.656098 -2.670828 4.585825 0.003814 1651846788.562862
7805639.708012 -389383.958243 -2.669567 4.591658 0.004940 1651846788.712770
7805639.119469 -389384.268788 -2.668521 4.595547 0.005190 1651846788.862616
7805638.497259 -389384.584638 -2.667855 4.581936 0.005189 1651846789.012522
7805637.900686 -389384.888512 -2.666818 4.579992 0.005189 1651846789.162496
7805637.296461 -389385.175406 -2.665466 4.587769 0.005189 1651846789.312361
7805636.689377 -389385.474286 -2.664828 4.579992 0.005064 1651846789.462314
7805636.134912 -389385.752477 -2.663873 4.544993 0.005186 1651846789.612251
7805635.347293 -389386.172997 -2.662384 4.539160 0.007060 1651846789.812211
7805634.693540 -389386.492789 -2.661075 4.525549 0.009558 1651846789.962002
7805634.122521 -389386.813210 -2.659401 4.506105 0.009555 1651846790.111949
7805633.334701 -389387.269952 -2.657372 4.500272 0.009554 1651846790.311668
7805632.758316 -389387.562710 -2.656223 4.403053 0.009542 1651846790.461514
7805632.199204 -389387.856648 -2.654921 4.364165 0.009537 1651846790.611420
7805631.437341 -389388.254642 -2.652886 4.305834 0.009530 1651846790.811149
7805630.839649 -389388.561636 -2.651592 4.263058 0.009525 1651846790.960894
7805630.303865 -389388.884541 -2.650044 4.214448 0.009520 1651846791.110617
7805629.780509 -389389.179678 -2.648911 4.165838 0.009514 1651846791.260365
7805629.265691 -389389.485173 -2.646671 4.109451 0.009631 1651846791.410121
7805628.694923 -389389.742392 -2.643902 4.055009 0.009625 1651846791.560026
7805628.179511 -389390.007234 -2.640887 4.031676 0.009623 1651846791.709945
7805627.646295 -389390.260135 -2.639137 3.971400 0.009616 1651846791.859857
7805627.117136 -389390.536211 -2.636651 3.924735 0.009611 1651846792.009678
7805626.584577 -389390.844541 -2.634273 3.940290 0.009613 1651846792.159538
7805626.066751 -389391.096040 -2.633095 3.903347 0.009608 1651846792.309331
7805625.535751 -389391.363768 -2.631810 3.922791 0.009611 1651846792.459247
7805625.029898 -389391.666640 -2.629551 3.866404 0.009604 1651846792.609097
7805624.541573 -389391.962188 -2.627805 3.881959 0.009606 1651846792.758831
7805624.051544 -389392.227384 -2.626785 3.846960 0.009602 1651846792.908570
7805623.527559 -389392.531110 -2.624872 3.846960 0.009726 1651846793.058497
7805623.040849 -389392.790068 -2.623232 3.829460 0.016040 1651846793.208258
7805622.523214 -389393.101602 -2.620635 3.845015 0.022480 1651846793.358099
7805621.876147 -389393.468314 -2.614437 3.850849 0.035097 1651846793.557941
7805621.361914 -389393.775512 -2.607999 3.837238 0.051622 1651846793.707824
7805620.883293 -389394.034717 -2.599741 3.835293 0.065390 1651846793.857678
7805620.397098 -389394.374821 -2.588397 3.811961 0.087252 1651846794.007583
7805619.924246 -389394.679811 -2.574217 3.835293 0.104748 1651846794.157425
7805619.405965 -389394.944835 -2.556763 3.800295 0.133606 1651846794.307359
7805618.928965 -389395.256496 -2.536082 3.811961 0.152190 1651846794.457191
7805618.454339 -389395.583975 -2.512416 3.806128 0.175716 1651846794.607030
7805618.022187 -389395.906564 -2.485140 3.759463 0.203790 1651846794.756892
7805617.590462 -389396.226807 -2.455284 3.726408 0.214911 1651846794.906800
7805617.131793 -389396.595516 -2.422679 3.722519 0.237896 1651846795.056678
7805616.702605 -389396.976003 -2.385494 3.724464 0.267488 1651846795.206496
7805616.308127 -389397.340913 -2.346376 3.689465 0.288082 1651846795.356346
7805615.932115 -389397.723553 -2.304644 3.675854 0.312510 1651846795.506197
7805615.553179 -389398.147821 -2.257235 3.648633 0.330771 1651846795.656098
7805615.230724 -389398.577285 -2.210231 3.623356 0.345990 1651846795.805949
7805614.924968 -389399.003881 -2.160259 3.605856 0.356831 1651846795.955803
7805614.606474 -389399.419538 -2.109896 3.596135 0.369107 1651846796.105790
7805614.337070 -389399.878306 -2.057305 3.576691 0.374465 1651846796.255649
7805614.090987 -389400.385817 -2.006041 3.561136 0.380221 1651846796.405549
7805613.842018 -389400.853594 -1.952892 3.543636 0.388152 1651846796.555399
7805613.672725 -389401.354854 -1.898883 3.516415 0.395068 1651846796.705209
7805613.504878 -389401.857100 -1.843639 3.533914 0.401230 1651846796.854936
7805613.385357 -389402.355602 -1.786041 3.526137 0.411512 1651846797.004694
7805613.273508 -389403.003920 -1.710490 3.504749 0.416983 1651846797.204448
7805613.184852 -389403.544047 -1.652031 3.500860 0.419642 1651846797.354293
7805613.145891 -389404.203145 -1.572588 3.440584 0.434250 1651846797.554056
7805613.116328 -389404.725571 -1.509932 3.465861 0.439264 1651846797.703947
7805613.151415 -389405.237091 -1.451231 3.444473 0.444090 1651846797.853769
7805613.271527 -389405.878859 -1.371147 3.405585 0.446128 1651846798.053568
7805613.376187 -389406.374592 -1.309877 3.386141 0.446193 1651846798.203243
7805613.548192 -389406.993542 -1.229218 3.378364 0.446234 1651846798.402750
7805613.746547 -389407.457059 -1.165425 3.339476 0.446138 1651846798.552388
7805613.995743 -389408.021950 -1.087586 3.320032 0.446280 1651846798.751997
7805614.245280 -389408.471773 -1.026153 3.296700 0.446407 1651846798.901697
7805614.551262 -389409.019786 -0.947397 3.283089 0.446196 1651846799.101399
7805614.947155 -389409.565565 -0.869818 3.321977 0.445301 1651846799.301105
7805615.279961 -389409.939150 -0.811373 3.323921 0.441719 1651846799.450913
7805615.748575 -389410.413085 -0.736986 3.312255 0.433696 1651846799.650671
7805616.152650 -389410.711444 -0.679570 3.349198 0.426844 1651846799.800385
7805616.647578 -389411.143803 -0.603767 3.327810 0.422289 1651846800.000057
7805617.342723 -389411.577518 -0.508959 3.337532 0.413512 1651846800.249702
7805618.080365 -389411.946951 -0.417799 3.374475 0.396196 1651846800.499456
7805618.541190 -389412.146009 -0.364714 3.399752 0.392128 1651846800.649305
7805619.163412 -389412.344642 -0.291888 3.393919 0.388419 1651846800.849128
7805619.706808 -389412.485784 -0.238674 3.399752 0.384643 1651846800.998963
7805620.334784 -389412.678122 -0.170772 3.393919 0.383927 1651846801.198887
7805620.906512 -389412.760993 -0.101213 3.421140 0.377920 1651846801.398663
7805621.412720 -389412.783017 -0.052346 3.434751 0.353634 1651846801.548604
7805621.929011 -389412.765900 -0.005302 3.403641 0.337993 1651846801.698474
7805622.478081 -389412.739879 0.039591 3.415307 0.325369 1651846801.848368
7805623.010468 -389412.685418 0.082399 3.434751 0.308669 1651846801.998236
7805623.525320 -389412.649069 0.123173 3.415307 0.295051 1651846802.148077
7805624.162199 -389412.544973 0.172718 3.426973 0.258241 1651846802.347961
7805624.661928 -389412.433749 0.205430 3.401696 0.222798 1651846802.497879
7805625.280437 -389412.231373 0.242398 3.360864 0.194045 1651846802.697871
7805625.916770 -389412.050330 0.275209 3.339476 0.187884 1651846802.897806
7805626.383692 -389411.870560 0.300039 3.267534 0.187638 1651846803.047798
7805626.976432 -389411.674835 0.333053 3.209202 0.188214 1651846803.247789
7805627.547397 -389411.451892 0.366956 3.156704 0.189482 1651846803.447645
7805628.104325 -389411.203086 0.398601 3.110039 0.193016 1651846803.647489
7805628.645947 -389410.925073 0.431668 3.075040 0.195096 1651846803.847290
7805629.208461 -389410.675369 0.463575 3.028375 0.195126 1651846804.047189
7805629.715474 -389410.379089 0.494664 2.950600 0.195104 1651846804.247070
7805630.223340 -389410.071724 0.524973 2.962266 0.195124 1651846804.446795
7805630.719966 -389409.781625 0.555779 2.931156 0.195184 1651846804.646600
7805631.201473 -389409.470857 0.586854 2.861158 0.195179 1651846804.846447
7805631.662621 -389409.153724 0.617815 2.847547 0.195157 1651846805.046298
7805632.092473 -389408.817611 0.647799 2.798938 0.192492 1651846805.246116
7805632.607848 -389408.375359 0.684068 2.767828 0.179429 1651846805.495775
7805633.021032 -389408.037598 0.709070 2.713385 0.163783 1651846805.695526
7805633.387975 -389407.628586 0.732350 2.686164 0.143913 1651846805.895380
7805633.720291 -389407.226747 0.751640 2.625888 0.121150 1651846806.095308
7805634.136845 -389406.841116 0.768090 2.587000 0.098014 1651846806.295167
7805634.493867 -389406.464773 0.780890 2.583111 0.080342 1651846806.495063
7805634.905600 -389405.989665 0.792891 2.561723 0.048935 1651846806.744959
7805635.306151 -389405.534310 0.799931 2.452838 0.017181 1651846806.994887
7805635.651947 -389405.132764 0.803749 2.293399 -0.004581 1651846807.244687
7805636.034619 -389404.787197 0.804516 2.314787 -0.020216 1651846807.444595
7805636.459498 -389404.446524 0.803155 2.205901 -0.038114 1651846807.694406
7805636.796281 -389404.048651 0.799289 2.132015 -0.064777 1651846807.944198
7805637.131251 -389403.660820 0.791110 2.015352 -0.085312 1651846808.194047
7805637.527559 -389403.245811 0.779807 1.894800 -0.097801 1651846808.493801
7805637.920465 -389402.870188 0.766939 1.799526 -0.111640 1651846808.793634
7805638.282585 -389402.497386 0.752843 1.739250 -0.117038 1651846809.093358
7805638.657521 -389402.096051 0.737728 1.643975 -0.117099 1651846809.442959
7805639.043672 -389401.747920 0.724384 1.507868 -0.117024 1651846809.792480
7805639.422476 -389401.404776 0.711302 1.400927 -0.123434 1651846810.142005
7805639.838173 -389401.115734 0.695560 1.319263 -0.143323 1651846810.541696
7805640.345762 -389400.758317 0.676305 1.113159 -0.143447 1651846811.091432
7805640.755748 -389400.394884 0.655791 0.978996 -0.143386 1651846811.691084
7805641.180080 -389400.023871 0.637962 0.920665 -0.143363 1651846812.240771
7805641.610764 -389399.714502 0.620670 0.743726 -0.143415 1651846812.889567
7805642.025513 -389399.409419 0.602244 0.671784 -0.143393 1651846813.638563
7805642.450077 -389399.116954 0.588899 0.667895 -0.047887 1651846814.487653
7805642.863861 -389398.820649 0.588239 0.592064 0.008913 1651846815.336907
