7757668.886125 -363609.969332 0.657614 -0.001015 0.000483 1557237278.000196
7757669.270839 -363609.625838 0.657378 0.884081 0.000207 1557237280.598500
7757669.692196 -363609.341397 0.661166 1.240352 0.000207 1557237280.948073
7757670.084967 -363609.004939 0.655492 1.558053 0.004640 1557237281.247971
7757670.549666 -363608.680930 0.656911 1.871693 0.007143 1557237281.547961
7757670.955043 -363608.369089 0.660393 2.146763 0.009933 1557237281.747851
7757671.353724 -363608.060305 0.658668 2.410668 0.009254 1557237281.947721
7757671.805886 -363607.678816 0.663006 2.701978 0.010250 1557237282.147548
7757672.338610 -363607.272621 0.665055 2.927312 0.014321 1557237282.347167
7757672.858539 -363606.890921 0.667279 3.175991 0.015052 1557237282.546960
7757673.341294 -363606.517279 0.670867 3.338394 0.013537 1557237282.746840
7757673.810533 -363606.140505 0.675078 3.531248 0.006676 1557237282.896745
7757674.239976 -363605.812888 0.673328 3.685530 -0.002322 1557237283.046679
7757674.698745 -363605.445652 0.673134 3.755567 -0.006270 1557237283.196606
7757675.191396 -363605.085257 0.669523 3.937255 0.000494 1557237283.346552
7757675.658443 -363604.683522 0.667320 4.026576 0.009259 1557237283.496325
7757676.150229 -363604.336132 0.669639 4.079357 0.018455 1557237283.646075
7757676.681004 -363603.917141 0.675847 4.152439 0.028235 1557237283.795794
7757677.169030 -363603.538607 0.683367 4.243790 0.034073 1557237283.945656
7757677.660271 -363603.168884 0.689689 4.318902 0.035097 1557237284.095509
7757678.160516 -363602.725904 0.695876 4.401118 0.033568 1557237284.245440
7757678.663850 -363602.301643 0.702550 4.492470 0.029774 1557237284.395329
7757679.209152 -363601.848987 0.709060 4.648782 0.019016 1557237284.545459
7757679.610609 -363601.494458 0.708813 4.712729 0.014467 1557237284.645481
7757680.130279 -363601.026546 0.711751 4.842651 0.005070 1557237284.795635
7757680.720398 -363600.534950 0.712222 4.971558 -0.003506 1557237284.945652
7757681.103971 -363600.210134 0.712807 5.057835 -0.009240 1557237285.045677
7757681.501244 -363599.894669 0.707678 5.139036 -0.013268 1557237285.145557
7757681.934508 -363599.516255 0.704402 5.214147 -0.016010 1557237285.245538
7757683.164509 -363598.466662 0.696810 5.479067 -0.016940 1557237285.545205
7757683.605810 -363598.135742 0.690706 5.548088 -0.015805 1557237285.645063
7757684.046680 -363597.796172 0.688214 5.619140 -0.015101 1557237285.744875
7757684.495065 -363597.436624 0.685916 5.676996 -0.015404 1557237285.844746
7757684.947784 -363597.063815 0.680488 5.730792 -0.015416 1557237285.944515
7757685.416950 -363596.689134 0.680092 5.811993 -0.014279 1557237286.044401
7757685.870805 -363596.296988 0.675040 5.900300 -0.012266 1557237286.144106
7757686.317692 -363595.959556 0.670280 5.980486 -0.010247 1557237286.243942
7757686.795823 -363595.608177 0.670204 6.045447 -0.008659 1557237286.343785
7757687.341824 -363595.184133 0.665672 6.110408 -0.009252 1557237286.443741
7757687.862484 -363594.782619 0.664844 6.174354 -0.008241 1557237286.543744
7757688.337844 -363594.412032 0.666334 6.227135 -0.006206 1557237286.643719
7757688.854229 -363594.012221 0.662224 6.288037 -0.003727 1557237286.743974
7757689.324474 -363593.640094 0.663828 6.335742 -0.002414 1557237286.843736
7757689.793549 -363593.280851 0.657590 6.372283 -0.002415 1557237286.943750
7757690.313724 -363592.911915 0.655740 6.406794 -0.002563 1557237287.043791
7757690.834450 -363592.491477 0.658938 6.416944 -0.001831 1557237287.143852
7757691.339993 -363592.110975 0.661523 6.442319 -0.000073 1557237287.243898
7757691.857952 -363591.712389 0.660500 6.496115 0.000954 1557237287.343857
7757692.344029 -363591.356205 0.660358 6.529611 0.000220 1557237287.443760
7757692.914293 -363590.949668 0.662134 6.508295 -0.000807 1557237287.543581
7757693.451514 -363590.536564 0.660917 6.519461 -0.000954 1557237287.643473
7757693.965541 -363590.142531 0.661472 6.603707 -0.000367 1557237287.743363
7757694.494359 -363589.744652 0.661358 6.678818 -0.000368 1557237287.843202
7757694.982817 -363589.377687 0.662218 6.731599 -0.000958 1557237287.943108
7757695.618355 -363588.913540 0.663059 6.780320 0.000664 1557237288.043039
7757696.121886 -363588.516056 0.659408 6.839191 0.004355 1557237288.143005
7757696.715384 -363588.054818 0.660366 6.929528 0.005250 1557237288.242997
7757697.206544 -363587.662905 0.661944 7.024940 0.004074 1557237288.342980
7757697.736360 -363587.276154 0.661065 7.079751 0.002744 1557237288.443004
7757698.427675 -363586.784922 0.666216 7.124411 0.002302 1557237288.543018
7757698.932476 -363586.390989 0.666044 7.185312 0.003344 1557237288.643112
7757699.497184 -363585.956041 0.660081 7.240123 0.005134 1557237288.743122
7757700.054776 -363585.502078 0.660189 7.295949 0.006928 1557237288.843034
7757700.678064 -363585.011578 0.667463 7.358881 0.006340 1557237288.942973
7757701.225847 -363584.594071 0.663423 7.408616 0.003211 1557237289.042853
7757701.806294 -363584.132561 0.663096 7.435007 0.001569 1557237289.142692
7757702.381964 -363583.692044 0.667906 7.466472 0.002616 1557237289.242549
7757703.024104 -363583.181876 0.669499 7.525343 0.004117 1557237289.342391
7757703.593625 -363582.737658 0.671278 7.570004 0.004271 1557237289.442228
7757704.193455 -363582.249224 0.670681 7.573049 0.002323 1557237289.541924
7757704.788895 -363581.815312 0.671203 7.578124 -0.002623 1557237289.641708
7757705.332281 -363581.383955 0.673823 7.608575 -0.005774 1557237289.741601
7757705.964212 -363580.890028 0.671742 7.624815 -0.005776 1557237289.841516
7757706.518743 -363580.458696 0.671007 7.640040 -0.004127 1557237289.941488
7757707.146119 -363579.966520 0.668101 7.679626 -0.000976 1557237290.041403
7757707.788641 -363579.470633 0.668314 7.733422 -0.000977 1557237290.141414
7757708.403195 -363578.997404 0.667804 7.754738 -0.000827 1557237290.241314
7757708.986221 -363578.566683 0.669479 7.765903 -0.000376 1557237290.341277
7757709.585286 -363578.109351 0.668265 7.765903 -0.000376 1557237290.441274
7757710.208441 -363577.615988 0.669916 7.791278 -0.000376 1557237290.541373
7757711.729732 -363576.382240 0.670172 7.813609 -0.000527 1557237290.791095
7757712.362921 -363575.862605 0.673870 7.876540 0.003545 1557237290.890934
7757712.988109 -363575.378430 0.677634 7.904960 0.001736 1557237290.990876
7757713.586216 -363574.896327 0.675827 7.914095 0.000528 1557237291.090853
7757714.084033 -363574.484819 0.674843 7.924246 0.000529 1557237291.190807
7757714.748913 -363573.992962 0.676017 7.960786 0.000680 1557237291.290844
7757715.393644 -363573.463451 0.680366 7.973981 0.000227 1557237291.390843
7757715.977282 -363572.966489 0.679505 7.997327 0.000983 1557237291.490861
7757716.636637 -363572.460292 0.681099 8.017627 0.001286 1557237291.590804
7757717.241937 -363571.982930 0.681285 8.035898 0.000984 1557237291.690730
7757717.873150 -363571.462486 0.682309 8.062288 0.000227 1557237291.790616
7757718.430684 -363570.992240 0.679776 8.087663 0.000530 1557237291.890762
7757719.130987 -363570.426718 0.683750 8.083603 0.000227 1557237291.990367
7757719.701038 -363569.963779 0.680216 8.086648 0.000682 1557237292.090242
7757720.378875 -363569.408928 0.683941 8.123189 0.001289 1557237292.190033
7757720.999394 -363568.932383 0.684051 8.135369 0.000986 1557237292.289896
7757721.624367 -363568.423305 0.682655 8.126234 -0.000379 1557237292.389821
7757722.245511 -363567.910339 0.682845 8.140444 0.000986 1557237292.489675
7757722.839370 -363567.419621 0.682378 8.164805 0.001745 1557237292.589708
7757723.441367 -363566.943925 0.680004 8.178000 0.002202 1557237292.689661
7757724.104263 -363566.401668 0.683374 8.189165 0.002050 1557237292.789599
7757724.640310 -363565.947889 0.680572 8.201345 0.002051 1557237292.889595
7757725.345173 -363565.394815 0.683308 8.204390 0.002203 1557237292.989581
7757725.951684 -363564.940950 0.681539 8.217586 0.002203 1557237293.089562
7757726.535080 -363564.461087 0.680808 8.223676 0.002052 1557237293.189470
7757727.143252 -363563.943303 0.680886 8.223676 0.001596 1557237293.289385
7757727.765048 -363563.423204 0.680814 8.233826 0.001749 1557237293.389283
7757728.406708 -363562.927168 0.679167 8.250066 0.002053 1557237293.489171
7757729.026915 -363562.425801 0.678382 8.272397 0.002510 1557237293.589140
7757729.668906 -363561.914661 0.677540 8.288637 0.002511 1557237293.689054
7757730.272694 -363561.408728 0.675780 8.310967 0.002513 1557237293.789063
7757730.922680 -363560.862766 0.672760 8.323148 0.002209 1557237293.889022
7757731.569906 -363560.329728 0.668855 8.328223 0.002057 1557237293.988971
7757732.201305 -363559.827076 0.669805 8.329238 0.002210 1557237294.088846
7757732.836884 -363559.331885 0.669608 8.326193 0.002819 1557237294.188691
7757733.438535 -363558.856751 0.666688 8.320103 0.003123 1557237294.288594
7757734.142641 -363558.301649 0.667493 8.282547 0.002055 1557237294.388407
7757734.750548 -363557.818256 0.665109 8.235856 0.000684 1557237294.488219
7757735.428249 -363557.252115 0.666569 8.212511 0.001292 1557237294.588056
7757736.013159 -363556.785400 0.664301 8.206421 0.001596 1557237294.687903
7757736.638613 -363556.307725 0.663373 8.205406 0.001595 1557237294.787791
7757737.273671 -363555.841966 0.663576 8.169880 0.002202 1557237294.887666
7757737.875465 -363555.376443 0.662786 8.118114 0.002807 1557237294.987597
7757738.477403 -363554.918729 0.663490 8.111009 0.002198 1557237295.087558
7757739.173177 -363554.406856 0.665618 8.140444 0.002199 1557237295.187553
7757739.739565 -363553.934902 0.664385 8.151610 0.002049 1557237295.287604
7757740.354844 -363553.452503 0.665250 8.128264 0.002200 1557237295.387653
7757741.018735 -363552.920306 0.663075 8.106949 0.002502 1557237295.487669
7757741.633586 -363552.458401 0.662853 8.109994 0.002502 1557237295.587599
7757742.245335 -363552.008258 0.663622 8.096799 0.001592 1557237295.687567
7757742.868412 -363551.528754 0.660908 8.077513 0.000985 1557237295.787512
7757743.512185 -363551.001930 0.664127 8.078528 0.001591 1557237295.887437
7757744.121012 -363550.557033 0.661285 8.040973 0.001741 1557237295.987333
7757744.771031 -363550.073137 0.661171 8.019657 0.002194 1557237296.087198
7757745.709389 -363549.333740 0.663963 8.028792 0.002800 1557237296.236979
7757746.333862 -363548.866091 0.663533 8.008492 0.002042 1557237296.336931
7757747.000544 -363548.358880 0.662484 7.994282 0.001739 1557237296.436889
7757747.589046 -363547.926224 0.661288 7.983117 0.002192 1557237296.536783
7757748.215715 -363547.463051 0.662163 7.972966 0.002796 1557237296.636840
7757748.764374 -363547.019763 0.659422 7.958756 0.002191 1557237296.736757
7757749.404264 -363546.553261 0.660692 7.935411 0.002039 1557237296.836620
7757750.030345 -363546.057851 0.660231 7.917140 0.002491 1557237296.936447
7757750.685434 -363545.574229 0.661164 7.911050 0.003095 1557237297.036335
7757751.300202 -363545.101046 0.662094 7.889735 0.003546 1557237297.136290
7757751.869330 -363544.686171 0.662421 7.875525 0.003846 1557237297.236187
7757752.501531 -363544.210274 0.664145 7.881615 0.004601 1557237297.336096
7757753.127798 -363543.717623 0.662375 7.893795 0.004603 1557237297.435998
7757753.755917 -363543.227778 0.664099 7.881615 0.005356 1557237297.535862
7757755.285852 -363542.028126 0.663819 7.855224 0.004750 1557237297.785511
7757755.810597 -363541.628939 0.663228 7.821729 0.004295 1557237297.885280
7757756.487952 -363541.127194 0.664665 7.774023 0.004742 1557237297.985207
7757757.048537 -363540.677496 0.666073 7.782143 0.005042 1557237298.085113
7757757.700929 -363540.182010 0.667481 7.795338 0.005345 1557237298.185038
7757758.302311 -363539.738452 0.671486 7.771993 0.004591 1557237298.285003
7757758.900800 -363539.256916 0.668473 7.738497 0.001730 1557237298.385048
7757759.430403 -363538.839700 0.668281 7.747632 -0.000075 1557237298.485059
7757760.055131 -363538.331656 0.669142 7.763873 -0.000376 1557237298.585110
7757760.691234 -363537.841451 0.671414 7.759813 -0.004138 1557237298.685108
7757761.319354 -363537.342555 0.668100 7.761843 -0.005793 1557237298.785061
7757761.938867 -363536.867456 0.666848 7.765903 -0.005643 1557237298.884925
7757762.514824 -363536.434089 0.665083 7.751692 -0.005191 1557237298.984907
7757763.134093 -363535.966267 0.663208 7.713122 -0.005338 1557237299.084719
7757763.783322 -363535.482592 0.664210 7.679626 -0.005633 1557237299.184576
7757764.340131 -363535.047477 0.657871 7.697897 -0.006385 1557237299.284536
7757764.917918 -363534.589324 0.657167 7.716167 -0.008343 1557237299.384471
7757765.569773 -363534.079588 0.655238 7.715152 -0.008343 1557237299.484320
7757766.102693 -363533.693968 0.650629 7.690791 -0.008640 1557237299.584209
7757766.681496 -363533.222984 0.650103 7.663386 -0.010888 1557237299.684157
7757767.643865 -363532.535720 0.640689 7.632935 -0.016431 1557237299.834009
7757768.231541 -363532.127818 0.637049 7.625830 -0.018528 1557237299.933984
7757768.854862 -363531.683044 0.629329 7.616695 -0.019727 1557237300.033957
7757769.397668 -363531.269860 0.620543 7.636995 -0.023780 1557237300.133947
7757770.031698 -363530.823689 0.616372 7.641056 -0.028288 1557237300.233863
7757770.632743 -363530.411855 0.608268 7.608575 -0.036823 1557237300.333739
7757771.265087 -363529.966436 0.599638 7.559854 -0.044577 1557237300.433609
7757771.860027 -363529.557693 0.587973 7.538539 -0.047388 1557237300.533490
7757772.469966 -363529.160408 0.574593 7.519253 -0.051248 1557237300.633368
7757773.058506 -363528.795406 0.559394 7.514178 -0.054690 1557237300.733272
7757773.711564 -363528.380028 0.546493 7.491848 -0.056457 1557237300.833223
7757774.373650 -363528.034385 0.531538 7.458352 -0.056854 1557237300.933189
7757774.979329 -363527.678853 0.517162 7.442112 -0.060408 1557237301.033164
7757775.609177 -363527.310149 0.500218 7.439067 -0.066382 1557237301.133207
7757776.259661 -363526.967328 0.484299 7.419782 -0.069345 1557237301.233137
7757776.895781 -363526.650049 0.466307 7.401511 -0.070652 1557237301.333013
7757777.533800 -363526.338637 0.447069 7.382226 -0.074043 1557237301.432932
7757778.152572 -363526.032949 0.432294 7.361926 -0.075957 1557237301.532831
7757778.774810 -363525.733922 0.412280 7.343655 -0.075327 1557237301.632709
7757779.490369 -363525.413970 0.397141 7.305085 -0.074689 1557237301.732562
7757780.160430 -363525.137637 0.376772 7.267529 -0.072684 1557237301.832483
7757780.768610 -363524.883713 0.362375 7.266514 -0.071934 1557237301.932379
7757781.507648 -363524.651241 0.344287 7.269559 -0.068816 1557237302.032158
7757782.154168 -363524.434567 0.325055 7.252304 -0.065685 1557237302.132040
7757782.830852 -363524.231819 0.310884 7.223883 -0.064325 1557237302.231940
7757783.468881 -363524.027508 0.294534 7.215763 -0.062808 1557237302.331919
7757784.200153 -363523.780257 0.279954 7.208658 -0.062050 1557237302.431869
7757784.829421 -363523.595982 0.265382 7.195463 -0.061151 1557237302.531742
7757785.531126 -363523.423194 0.251790 7.171102 -0.060528 1557237302.631757
7757786.196860 -363523.265227 0.236949 7.122381 -0.059432 1557237302.731712
7757786.894665 -363523.100168 0.222902 7.112231 -0.058531 1557237302.831697
7757787.613482 -363522.937566 0.209578 7.101066 -0.057333 1557237302.931666
7757788.251615 -363522.805359 0.196099 7.068585 -0.055224 1557237303.031598
7757788.927464 -363522.685069 0.180984 7.034075 -0.053855 1557237303.131608
7757789.608768 -363522.541067 0.170332 7.040165 -0.052381 1557237303.231519
7757790.272661 -363522.453194 0.153793 7.049300 -0.051064 1557237303.331434
7757790.998310 -363522.335855 0.142895 7.021895 -0.049699 1557237303.431316
7757791.647282 -363522.255389 0.131187 6.996519 -0.049526 1557237303.531183
7757792.283110 -363522.175526 0.117378 6.989414 -0.049673 1557237303.631018
7757792.978103 -363522.090859 0.105868 6.960993 -0.050827 1557237303.731001
7757793.632260 -363522.025134 0.093495 6.923438 -0.050061 1557237303.830819
7757794.271092 -363521.961459 0.079284 6.897047 -0.049731 1557237303.930660
7757794.974228 -363521.920744 0.070620 6.881822 -0.049721 1557237304.030608
7757795.648963 -363521.921744 0.056602 6.897047 -0.048984 1557237304.130450
7757796.308654 -363521.866352 0.045176 6.879792 -0.047938 1557237304.230328
7757796.997394 -363521.830692 0.032456 6.827011 -0.053933 1557237304.330225
7757797.697225 -363521.811741 0.021248 6.801636 -0.060093 1557237304.430180
7757798.317012 -363521.813388 0.008853 6.786410 -0.063755 1557237304.530191
7757798.932738 -363521.805788 -0.006521 6.778290 -0.062274 1557237304.630196
7757799.590995 -363521.805487 -0.019621 6.773215 -0.059619 1557237304.730211
7757800.285747 -363521.828133 -0.035858 6.746825 -0.058118 1557237304.830181
7757800.930893 -363521.869294 -0.052631 6.729569 -0.058099 1557237304.930127
7757801.659365 -363521.917996 -0.063430 6.713329 -0.057346 1557237305.030051
7757802.246094 -363521.956902 -0.076371 6.713329 -0.054405 1557237305.129974
7757802.901415 -363522.020219 -0.089526 6.707239 -0.053076 1557237305.229765
7757803.519774 -363522.061735 -0.100609 6.686939 -0.053643 1557237305.329568
7757804.197190 -363522.145660 -0.117554 6.648368 -0.054927 1557237305.429436
7757804.815034 -363522.223597 -0.129841 6.649383 -0.056249 1557237305.529295
7757805.498332 -363522.332765 -0.142356 6.654458 -0.057283 1557237305.629192
7757806.077264 -363522.432756 -0.157346 6.630098 -0.057550 1557237305.729158
7757806.720009 -363522.514120 -0.170000 6.613857 -0.057533 1557237305.829108
7757807.405482 -363522.616833 -0.182261 6.596602 -0.057526 1557237305.929096
7757808.002311 -363522.757520 -0.195651 6.543821 -0.057605 1557237306.029102
7757808.637672 -363522.891271 -0.206629 6.465665 -0.058846 1557237306.129126
7757809.240921 -363523.023532 -0.222289 6.502205 -0.060471 1557237306.229082
7757809.829065 -363523.141178 -0.232449 6.533671 -0.060665 1557237306.329018
7757810.509432 -363523.319012 -0.246012 6.502205 -0.060946 1557237306.428941
7757811.077887 -363523.484810 -0.260770 6.437244 -0.061022 1557237306.528828
7757811.698863 -363523.654241 -0.276252 6.389538 -0.060517 1557237306.628651
7757812.279288 -363523.824861 -0.288089 6.399688 -0.059640 1557237306.728686
7757812.838766 -363523.985528 -0.301112 6.422019 -0.057769 1557237306.828500
7757813.493987 -363524.189823 -0.314791 6.394613 -0.057027 1557237306.928501
7757814.062857 -363524.398196 -0.329284 6.390553 -0.055982 1557237307.028500
7757814.672857 -363524.607556 -0.340161 6.356043 -0.053902 1557237307.128465
7757815.192883 -363524.791522 -0.352173 6.319502 -0.052261 1557237307.228329
7757815.837820 -363525.027611 -0.364113 6.300217 -0.051508 1557237307.328283
7757816.356817 -363525.223163 -0.377823 6.325592 -0.051244 1557237307.428059
7757816.934322 -363525.437427 -0.388252 6.337772 -0.051845 1557237307.527951
7757817.493969 -363525.684819 -0.398432 6.303262 -0.053851 1557237307.627924
7757818.120278 -363525.978338 -0.410217 6.287021 -0.055295 1557237307.727763
7757818.694278 -363526.220306 -0.423074 6.288037 -0.056317 1557237307.827678
7757819.188986 -363526.450639 -0.436558 6.279916 -0.057768 1557237307.927593
7757819.743215 -363526.703262 -0.450275 6.276871 -0.058354 1557237308.027375
7757820.349649 -363527.014132 -0.461185 6.271796 -0.059950 1557237308.127194
7757820.865755 -363527.254266 -0.475771 6.244391 -0.063123 1557237308.227103
7757821.453214 -363527.554482 -0.488586 6.232211 -0.063549 1557237308.327050
7757821.947477 -363527.828488 -0.501318 6.206835 -0.064246 1557237308.426961
7757823.020984 -363528.454142 -0.528958 6.179430 -0.063779 1557237308.626962
7757824.271743 -363529.196860 -0.561119 6.121574 -0.057462 1557237308.876719
7757824.896157 -363529.578452 -0.572349 6.126649 -0.055423 1557237308.976574
7757825.333908 -363529.903736 -0.580753 6.119544 -0.051782 1557237309.076430
7757825.810353 -363530.245487 -0.594114 6.108378 -0.048144 1557237309.176358
7757826.293060 -363530.576846 -0.607195 6.091123 -0.045805 1557237309.276378
7757826.733026 -363530.897641 -0.615655 6.081988 -0.044484 1557237309.376232
7757827.303226 -363531.311756 -0.622580 6.094168 -0.042157 1557237309.476187
7757827.825629 -363531.662006 -0.634336 6.115483 -0.037803 1557237309.576078
7757828.227720 -363531.994390 -0.639637 6.123604 -0.030241 1557237309.675924
7757828.666643 -363532.349626 -0.648442 6.120559 -0.026450 1557237309.775813
7757829.139353 -363532.702227 -0.654334 6.084018 -0.026725 1557237309.875602
7757829.594647 -363533.037715 -0.660907 6.039357 -0.027728 1557237309.975490
7757830.091944 -363533.435276 -0.666676 6.039357 -0.026853 1557237310.075464
7757830.600718 -363533.853901 -0.671054 6.067778 -0.024678 1557237310.175475
7757831.053592 -363534.225480 -0.676072 6.059657 -0.023658 1557237310.275511
7757831.460812 -363534.578336 -0.682662 6.042402 -0.022050 1557237310.375444
7757831.947700 -363534.956289 -0.688794 6.045447 -0.019724 1557237310.475359
7757832.399146 -363535.326487 -0.689631 6.056612 -0.017106 1557237310.575302
7757832.845967 -363535.713008 -0.694820 6.055597 -0.014048 1557237310.675170
7757833.280549 -363536.065577 -0.699578 6.039357 -0.012008 1557237310.775010
7757833.712203 -363536.443742 -0.701744 6.040372 -0.009388 1557237310.874881
7757834.221013 -363536.859837 -0.703214 6.032252 -0.009388 1557237310.974825
7757834.676945 -363537.280952 -0.702049 6.021087 -0.010986 1557237311.074780
7757835.106557 -363537.660526 -0.709235 6.019057 -0.010402 1557237311.174737
7757835.497171 -363538.004254 -0.711843 6.012967 -0.008656 1557237311.274704
7757835.947141 -363538.357537 -0.713614 6.012967 -0.005165 1557237311.374749
7757836.395795 -363538.759871 -0.713236 6.018042 -0.002837 1557237311.474717
7757836.853013 -363539.193287 -0.716828 6.034282 -0.001819 1557237311.574645
7757837.266165 -363539.533409 -0.717673 6.039357 0.000218 1557237311.674518
7757837.716072 -363539.932691 -0.716368 6.038342 0.001237 1557237311.774373
7757838.184208 -363540.363879 -0.712512 6.054582 0.001528 1557237311.874382
7757838.566684 -363540.693956 -0.717655 6.072853 0.002112 1557237311.974340
7757839.043014 -363541.127066 -0.720141 6.083003 0.001238 1557237312.074354
7757839.511639 -363541.523007 -0.717206 6.070823 0.000655 1557237312.174289
7757839.960096 -363541.935070 -0.718100 6.070823 -0.000364 1557237312.274236
7757840.366874 -363542.282201 -0.717294 6.093153 -0.001092 1557237312.374184
7757840.854897 -363542.721803 -0.717665 6.105333 -0.001093 1557237312.473997
7757841.326543 -363543.112751 -0.715480 6.115483 0.000219 1557237312.573833
7757841.792886 -363543.533703 -0.716760 6.105333 0.002551 1557237312.673737
7757842.200393 -363543.895944 -0.720762 6.108378 0.002696 1557237312.773677
7757842.684093 -363544.330991 -0.716805 6.127664 0.003134 1557237312.873595
7757843.316194 -363544.858578 -0.717383 6.149994 0.001531 1557237313.023612
7757843.769370 -363545.257143 -0.715368 6.140859 0.001094 1557237313.123585
7757844.216677 -363545.664567 -0.717457 6.144919 0.001239 1557237313.223612
7757844.627083 -363546.042721 -0.717261 6.145934 0.001239 1557237313.323590
7757845.071192 -363546.428180 -0.715903 6.152024 -0.000510 1557237313.423455
7757845.644154 -363546.938759 -0.715188 6.169279 -0.002553 1557237313.523373
7757846.287552 -363547.468273 -0.720166 6.168264 -0.003282 1557237313.673223
7757846.749016 -363547.872112 -0.720205 6.152024 -0.004594 1557237313.773130
7757847.119153 -363548.222333 -0.722021 6.174354 -0.005324 1557237313.873114
7757847.658606 -363548.690044 -0.722366 6.234241 -0.005331 1557237313.972985
7757848.090494 -363549.062736 -0.724980 6.245406 -0.005332 1557237314.072841
7757848.544178 -363549.465065 -0.726020 6.233226 -0.004746 1557237314.172768
7757848.960983 -363549.872043 -0.731882 6.215970 -0.002993 1557237314.272641
7757849.416771 -363550.289202 -0.731693 6.198715 0.000949 1557237314.372608
7757849.881633 -363550.675174 -0.733197 6.225105 0.001533 1557237314.472599
7757850.347311 -363551.144797 -0.732605 6.260631 0.001242 1557237314.572508
7757850.796164 -363551.551525 -0.731990 6.245406 0.003579 1557237314.672501
7757851.277807 -363551.976595 -0.734068 6.213940 0.005329 1557237314.772362
7757851.729372 -363552.402134 -0.733348 6.198715 0.005327 1557237314.872391
7757852.162516 -363552.814227 -0.731832 6.198715 0.004744 1557237314.972495
7757852.628921 -363553.252679 -0.729487 6.212925 0.004307 1557237315.072545
7757853.003216 -363553.614317 -0.729221 6.233226 0.004746 1557237315.172859
7757853.486136 -363554.056344 -0.730169 6.244391 0.005040 1557237315.272340
7757853.960488 -363554.453918 -0.729118 6.250481 0.004310 1557237315.372214
7757854.425935 -363554.855968 -0.728570 6.260631 0.002703 1557237315.472097
7757854.876364 -363555.257785 -0.728785 6.277886 0.003581 1557237315.571937
7757855.371313 -363555.696888 -0.723225 6.279916 0.005043 1557237315.671863
7757855.772809 -363556.044669 -0.726257 6.267736 0.006064 1557237315.771745
7757856.316756 -363556.524993 -0.723736 6.270781 0.006649 1557237315.871651
7757856.725685 -363556.924571 -0.724782 6.275856 0.006797 1557237315.971510
7757857.232701 -363557.364202 -0.722358 6.281946 0.006651 1557237316.071437
7757857.671112 -363557.764859 -0.722048 6.272811 0.006650 1557237316.171368
7757858.116837 -363558.177257 -0.721077 6.294127 0.006067 1557237316.271364
7757858.572383 -363558.560810 -0.723248 6.310367 0.003729 1557237316.371359
7757859.110877 -363559.035578 -0.721792 6.288037 0.001974 1557237316.471322
7757859.567489 -363559.435552 -0.721905 6.276871 0.000950 1557237316.571254
7757860.029616 -363559.836418 -0.717793 6.288037 0.000950 1557237316.671108
7757860.468229 -363560.243188 -0.721605 6.315442 0.001243 1557237316.771006
7757860.921411 -363560.639288 -0.721397 6.340817 0.001536 1557237316.870935
7757861.390335 -363561.067345 -0.719067 6.324577 0.001682 1557237316.970822
7757861.808884 -363561.445791 -0.719660 6.320517 0.001975 1557237317.070741
7757862.285129 -363561.856017 -0.719568 6.324577 0.001975 1557237317.170748
7757862.741765 -363562.270613 -0.717444 6.335742 0.002560 1557237317.270705
7757863.259939 -363562.714144 -0.719659 6.359088 0.003293 1557237317.370734
7757863.671943 -363563.083701 -0.716706 6.359088 0.003586 1557237317.470667
7757864.142011 -363563.504848 -0.716625 6.348938 0.003585 1557237317.570626
7757864.641407 -363563.963624 -0.714114 6.345893 0.002561 1557237317.670566
7757865.119052 -363564.382077 -0.716379 6.355028 0.001244 1557237317.770556
7757865.531352 -363564.737687 -0.719165 6.349953 0.001976 1557237317.870484
7757866.043100 -363565.197279 -0.714484 6.356043 0.003732 1557237317.970243
7757866.484054 -363565.599059 -0.712971 6.386493 0.003734 1557237318.070096
7757866.977043 -363566.025862 -0.713710 6.382433 0.002709 1557237318.169963
7757867.494053 -363566.466837 -0.715059 6.317472 0.002267 1557237318.269850
7757867.977542 -363566.901644 -0.712581 6.308337 0.002559 1557237318.369884
7757868.416941 -363567.294656 -0.713765 6.325592 0.002560 1557237318.469805
7757868.890385 -363567.701053 -0.712551 6.355028 0.002707 1557237318.569827
7757869.319651 -363568.073660 -0.714728 6.393598 0.002710 1557237318.669840
7757869.843793 -363568.521386 -0.715917 6.391568 0.002563 1557237318.769810
7757870.284744 -363568.889624 -0.716398 6.358073 0.003001 1557237318.869695
7757870.773297 -363569.325671 -0.713116 6.342847 0.003000 1557237318.969578
7757871.275429 -363569.772049 -0.711896 6.342847 0.003585 1557237319.069409
7757871.715311 -363570.133235 -0.714803 6.401719 0.004321 1557237319.169337
7757872.178618 -363570.515865 -0.713796 6.416944 0.003736 1557237319.269320
7757872.657360 -363570.951618 -0.713521 6.378373 0.004027 1557237319.369238
7757873.121314 -363571.369452 -0.710246 6.363148 0.004026 1557237319.469245
7757873.584644 -363571.759925 -0.712121 6.411869 0.003590 1557237319.569259
7757874.052450 -363572.205194 -0.709806 6.428109 0.003591 1557237319.669261
7757874.505917 -363572.587457 -0.709762 6.363148 0.003294 1557237319.769222
7757874.960777 -363572.982422 -0.709253 6.375328 0.003294 1557237319.869176
7757875.513252 -363573.470982 -0.709254 6.411869 0.002271 1557237319.969043
7757875.975103 -363573.849428 -0.710306 6.416944 0.000513 1557237320.068983
7757876.426619 -363574.259270 -0.709682 6.419989 -0.001832 1557237320.168766
7757876.918591 -363574.677237 -0.713190 6.418974 -0.003590 1557237320.268702
7757877.372265 -363575.098604 -0.712474 6.417959 -0.005055 1557237320.368675
7757877.876873 -363575.536629 -0.715172 6.421004 -0.006081 1557237320.468642
7757878.314031 -363575.924764 -0.716292 6.392583 -0.007691 1557237320.568616
7757878.793530 -363576.330409 -0.715865 6.379388 -0.007103 1557237320.668468
7757879.236163 -363576.728880 -0.717373 6.395628 -0.004321 1557237320.768391
7757879.728991 -363577.149263 -0.722014 6.382433 -0.002416 1557237320.868310
7757880.186130 -363577.566552 -0.721385 6.392583 -0.001391 1557237320.968077
7757880.710403 -363578.028067 -0.721968 6.424049 0.000953 1557237321.067983
7757881.155182 -363578.479907 -0.717835 6.398673 0.002710 1557237321.167862
7757881.652704 -363578.901649 -0.719296 6.363148 0.003587 1557237321.267827
7757882.073885 -363579.301403 -0.720880 6.405779 0.003003 1557237321.367826
7757882.531744 -363579.747622 -0.722287 6.453484 0.002712 1557237321.467830
7757882.972008 -363580.128436 -0.721958 6.416944 0.003004 1557237321.567814
7757883.477001 -363580.558754 -0.720679 6.373298 0.003003 1557237321.667747
7757883.979205 -363581.014130 -0.721858 6.394613 0.002709 1557237321.767681
7757884.472325 -363581.427950 -0.721366 6.437244 0.001978 1557237321.867617
7757884.958349 -363581.822708 -0.718378 6.450439 0.001686 1557237321.967482
7757885.376107 -363582.214649 -0.722873 6.402734 0.001245 1557237322.067332
7757886.784315 -363583.459964 -0.721785 6.382433 0.001245 1557237322.367177
7757887.304780 -363583.937710 -0.718796 6.468710 0.001687 1557237322.467238
7757887.735484 -363584.327560 -0.721058 6.464650 0.003300 1557237322.567148
7757888.182207 -363584.695722 -0.721265 6.470740 0.003300 1557237322.667070
7757888.682982 -363585.131109 -0.720834 6.459575 0.002566 1557237322.766992
7757889.183241 -363585.584681 -0.719371 6.408824 0.001539 1557237322.866895
7757889.687477 -363586.032336 -0.718573 6.377358 0.001977 1557237322.966777
7757890.117445 -363586.419363 -0.718479 6.411869 0.002271 1557237323.066629
7757890.613785 -363586.852952 -0.718774 6.460590 0.001540 1557237323.166465
7757891.048395 -363587.230831 -0.719444 6.443334 0.001246 1557237323.266234
7757891.540741 -363587.623218 -0.719089 6.422019 0.001685 1557237323.366106
7757892.046166 -363588.103384 -0.716035 6.415929 0.003297 1557237323.465993
7757892.485444 -363588.488361 -0.717915 6.415929 0.002711 1557237323.565950
7757893.450818 -363589.342883 -0.717104 6.416944 0.001245 1557237323.765904
7757893.882654 -363589.741312 -0.717531 6.481905 0.000953 1557237323.865907
7757894.378852 -363590.164061 -0.716734 6.476830 0.000954 1557237323.965917
7757894.832893 -363590.588615 -0.721371 6.438259 0.000513 1557237324.065934
7757895.278909 -363590.974570 -0.722033 6.405779 0.000952 1557237324.165844
7757895.801533 -363591.415623 -0.718072 6.439274 0.001246 1557237324.265682
7757896.249582 -363591.818362 -0.718069 6.465665 0.001686 1557237324.365615
7757896.710214 -363592.215637 -0.719324 6.447394 0.002273 1557237324.465485
7757897.188656 -363592.646164 -0.720539 6.409839 0.002564 1557237324.565454
7757897.674029 -363593.075707 -0.721369 6.359088 0.002708 1557237324.665415
7757898.117091 -363593.471914 -0.721403 6.324577 0.003584 1557237324.765407
7757898.571749 -363593.866904 -0.721515 6.340817 0.004755 1557237324.865440
7757899.049336 -363594.270576 -0.719207 6.332697 0.006364 1557237324.965463
7757899.494204 -363594.680510 -0.719091 6.300217 0.008701 1557237325.065451
7757899.961405 -363595.100117 -0.716550 6.272811 0.009427 1557237325.165416
7757900.451587 -363595.510424 -0.717825 6.265706 0.008111 1557237325.265384
7757900.895588 -363595.903864 -0.717253 6.255556 0.007378 1557237325.365366
7757901.363260 -363596.301707 -0.711560 6.235256 0.006646 1557237325.465248
7757901.769172 -363596.709273 -0.708957 6.227135 0.006207 1557237325.565230
7757902.216611 -363597.099020 -0.710291 6.209880 0.004307 1557237325.665071
7757902.678518 -363597.490605 -0.710275 6.200745 0.003284 1557237325.764987
7757903.134456 -363597.878167 -0.711455 6.205820 0.002700 1557237325.864934
7757903.612778 -363598.282872 -0.709904 6.205820 0.001679 1557237325.964763
7757904.076145 -363598.685055 -0.710885 6.195670 0.000219 1557237326.064579
7757904.514168 -363599.082690 -0.711645 6.185520 0.000219 1557237326.164379
7757904.983488 -363599.507168 -0.711651 6.179430 0.001240 1557237326.264214
7757905.439719 -363599.891001 -0.711544 6.170294 0.001240 1557237326.364068
7757905.890290 -363600.262442 -0.714020 6.162174 0.000656 1557237326.463980
7757906.362924 -363600.692734 -0.711307 6.161159 0.000511 1557237326.563933
7757906.851017 -363601.138984 -0.710856 6.170294 0.000656 1557237326.663861
7757907.283721 -363601.530344 -0.713508 6.185520 0.001532 1557237326.763932
7757907.736088 -363601.915319 -0.711553 6.186535 0.001678 1557237326.863904
7757908.213697 -363602.323594 -0.713970 6.179430 0.001532 1557237326.963866
7757908.687370 -363602.737785 -0.712563 6.182475 -0.000073 1557237327.063832
7757909.100462 -363603.103294 -0.712922 6.191610 -0.000365 1557237327.163713
7757909.568351 -363603.501733 -0.715148 6.200745 0.001241 1557237327.263649
7757910.043458 -363603.912540 -0.714682 6.209880 0.004744 1557237327.363544
7757910.506588 -363604.308719 -0.712902 6.208865 0.005329 1557237327.463408
7757910.936862 -363604.721000 -0.714522 6.212925 0.002993 1557237327.563222
7757911.382992 -363605.105151 -0.713690 6.212925 -0.001533 1557237327.663166
7757911.890727 -363605.536497 -0.714558 6.223075 -0.004308 1557237327.762964
7757912.287808 -363605.905395 -0.715202 6.239316 -0.004016 1557237327.862976
7757912.795180 -363606.341559 -0.717396 6.233226 -0.003286 1557237327.962923
7757913.229186 -363606.737232 -0.718016 6.238301 -0.002994 1557237328.062848
7757913.716208 -363607.150081 -0.717432 6.255556 -0.002995 1557237328.162808
7757914.181835 -363607.567559 -0.720450 6.255556 -0.001534 1557237328.262735
7757914.635755 -363608.040648 -0.719158 6.250481 0.000511 1557237328.362632
7757915.090837 -363608.434095 -0.718958 6.248451 0.001680 1557237328.462588
7757915.524729 -363608.833330 -0.720411 6.257586 0.002265 1557237328.562426
7757915.984634 -363609.211771 -0.720823 6.275856 0.001535 1557237328.662322
7757916.497898 -363609.645899 -0.717289 6.273826 0.001534 1557237328.762108
7757916.916483 -363610.036811 -0.720148 6.267736 0.002265 1557237328.862006
7757917.375311 -363610.451689 -0.721561 6.288037 0.002558 1557237328.961865
7757917.878479 -363610.887420 -0.723449 6.314427 0.001536 1557237329.061800
7757918.327451 -363611.293574 -0.721079 6.323562 -0.000073 1557237329.161725
7757918.785015 -363611.686152 -0.721804 6.291082 -0.000366 1557237329.261667
7757919.255951 -363612.095786 -0.720888 6.265706 0.000658 1557237329.361664
7757919.728928 -363612.507306 -0.720254 6.260631 0.000950 1557237329.461643
7757920.186015 -363612.913726 -0.719968 6.275856 0.001534 1557237329.561440
7757920.634864 -363613.303018 -0.719898 6.287021 0.001681 1557237329.661360
7757921.076028 -363613.690165 -0.718381 6.291082 0.001974 1557237329.761323
7757921.536197 -363614.084332 -0.720962 6.275856 0.002265 1557237329.861266
7757921.972409 -363614.502304 -0.722211 6.261646 0.001680 1557237329.961223
7757922.514413 -363614.991067 -0.719940 6.260631 0.001680 1557237330.061261
7757922.936356 -363615.378121 -0.719611 6.265706 0.001973 1557237330.161146
7757923.390697 -363615.782643 -0.718871 6.277886 0.001973 1557237330.261076
7757923.884961 -363616.202632 -0.719931 6.284991 0.001973 1557237330.360872
7757924.318528 -363616.591776 -0.722216 6.274841 0.002558 1557237330.460796
7757924.818895 -363617.017958 -0.717731 6.252511 0.004018 1557237330.560734
7757925.220657 -363617.372398 -0.719270 6.244391 0.003725 1557237330.660626
7757925.682256 -363617.768883 -0.719183 6.254541 0.003579 1557237330.760722
7757926.144103 -363618.162990 -0.719142 6.260631 0.003580 1557237330.860620
7757926.638535 -363618.563612 -0.718823 6.255556 0.002995 1557237330.960515
7757927.113109 -363618.988571 -0.717578 6.260631 0.002265 1557237331.060518
7757927.573093 -363619.397096 -0.717766 6.260631 0.001973 1557237331.160400
7757928.020153 -363619.811183 -0.717219 6.235256 0.002264 1557237331.260332
7757928.468937 -363620.205602 -0.717590 6.213940 0.001971 1557237331.360113
7757928.968019 -363620.654707 -0.715601 6.261646 0.001242 1557237331.459991
7757929.447664 -363621.075904 -0.715305 6.283976 -0.000365 1557237331.559832
7757929.912018 -363621.483751 -0.714594 6.249466 -0.000365 1557237331.659706
7757930.376286 -363621.915668 -0.715920 6.219015 0.002263 1557237331.759677
7757930.867764 -363622.333942 -0.716033 6.239316 0.004016 1557237331.859669
7757931.260101 -363622.686370 -0.717354 6.270781 0.003580 1557237331.959591
7757931.697512 -363623.061925 -0.719220 6.250481 0.004602 1557237332.059538
7757932.194392 -363623.469669 -0.718442 6.245406 0.006062 1557237332.159464
7757932.671158 -363623.923818 -0.716098 6.254541 0.006063 1557237332.259360
7757933.100706 -363624.290923 -0.716778 6.256571 0.006064 1557237332.359191
7757933.576579 -363624.695132 -0.715124 6.271796 0.006356 1557237332.459070
7757934.092657 -363625.177231 -0.711322 6.271796 0.004749 1557237332.558996
7757934.572358 -363625.630457 -0.710970 6.272811 0.001242 1557237332.658973
7757934.988452 -363625.983634 -0.712170 6.253526 -0.001388 1557237332.758961
7757935.443121 -363626.380936 -0.712784 6.231196 -0.002848 1557237332.858989
7757935.884710 -363626.781636 -0.713385 6.239316 -0.002410 1557237332.958909
7757936.379813 -363627.246436 -0.712202 6.253526 -0.000365 1557237333.058811
7757936.771979 -363627.590858 -0.717641 6.252511 0.000950 1557237333.158710
7757937.235819 -363627.994963 -0.715129 6.254541 0.001242 1557237333.258529
7757937.682380 -363628.388012 -0.715331 6.260631 0.001534 1557237333.358453
7757938.123654 -363628.772618 -0.716438 6.266721 -0.000365 1557237333.458385
7757938.626690 -363629.203834 -0.715920 6.249466 -0.000365 1557237333.558295
7757939.081237 -363629.602204 -0.716004 6.222060 0.000949 1557237333.658373
7757939.488303 -363629.973200 -0.719098 6.227135 0.001533 1557237333.758328
7757939.958687 -363630.398494 -0.716533 6.243376 0.001242 1557237333.858275
7757940.454054 -363630.817866 -0.717490 6.239316 0.001242 1557237333.958192
7757940.846356 -363631.160652 -0.719109 6.212925 0.001971 1557237334.058004
7757941.339367 -363631.629190 -0.719664 6.203790 0.002263 1557237334.157797
7757941.749493 -363631.984916 -0.718806 6.202775 0.001533 1557237334.257616
7757942.245031 -363632.399634 -0.720323 6.207850 0.001971 1557237334.357472
7757942.745929 -363632.849219 -0.717681 6.241346 0.002264 1557237334.457443
7757943.202968 -363633.245541 -0.717421 6.262661 0.002265 1557237334.557342
7757943.692297 -363633.667854 -0.716667 6.246421 0.000657 1557237334.657298
7757944.095748 -363634.028523 -0.718272 6.228150 -0.001387 1557237334.757284
7757944.504654 -363634.417529 -0.722082 6.232211 -0.002848 1557237334.857268
7757945.067328 -363634.911193 -0.718078 6.238301 -0.004309 1557237334.957240
7757945.493009 -363635.279378 -0.721522 6.239316 -0.006646 1557237335.057225
7757945.955049 -363635.683483 -0.722131 6.245406 -0.008399 1557237335.157085
7757946.454892 -363636.120212 -0.722865 6.250481 -0.008400 1557237335.257072
7757946.912429 -363636.549325 -0.723409 6.243376 -0.008399 1557237335.356995
7757947.351670 -363636.938220 -0.727788 6.232211 -0.008397 1557237335.456962
7757947.780542 -363637.340175 -0.731104 6.238301 -0.008836 1557237335.556731
7757948.243968 -363637.740703 -0.731595 6.248451 -0.009714 1557237335.656666
7757948.763752 -363638.214100 -0.734209 6.259616 -0.010301 1557237335.756646
7757949.193162 -363638.608435 -0.734303 6.260631 -0.010301 1557237335.856500
7757949.684666 -363639.101175 -0.739943 6.255556 -0.012345 1557237335.956435
7757950.074550 -363639.479181 -0.744027 6.244391 -0.015556 1557237336.056349
7757950.630861 -363639.973622 -0.744158 6.248451 -0.019941 1557237336.156379
7757951.028094 -363640.369037 -0.751225 6.254541 -0.030754 1557237336.256296
7757951.482291 -363640.784276 -0.755474 6.257586 -0.035710 1557237336.356321
7757951.875412 -363641.180768 -0.765384 6.240331 -0.033368 1557237336.456316
7757952.336534 -363641.603570 -0.771276 6.220030 -0.029856 1557237336.556354
7757952.817399 -363642.076790 -0.777441 6.241346 -0.028694 1557237336.656361
7757953.247084 -363642.514067 -0.786811 6.293112 -0.025204 1557237336.756238
7757953.641949 -363642.899986 -0.791795 6.293112 -0.020249 1557237336.856124
7757954.096367 -363643.390930 -0.795849 6.271796 -0.019511 1557237336.955990
7757954.519813 -363643.841332 -0.802814 6.267736 -0.025643 1557237337.055850
7757954.928010 -363644.295385 -0.809001 6.301232 -0.044506 1557237337.155740
7757955.316967 -363644.702213 -0.819515 6.299202 -0.058371 1557237337.255704
7757955.697078 -363645.099248 -0.830970 6.269766 -0.064172 1557237337.355526
7757956.184461 -363645.616658 -0.844407 6.253526 -0.065902 1557237337.455397
7757956.579265 -363646.083959 -0.858023 6.263676 -0.071450 1557237337.555359
7757956.980691 -363646.576523 -0.873165 6.264691 -0.074073 1557237337.655309
7757957.381608 -363647.064364 -0.887535 6.305292 -0.071926 1557237337.755261
7757957.747036 -363647.497185 -0.901670 6.293112 -0.069308 1557237337.855188
7757958.121625 -363647.992688 -0.918862 6.276871 -0.072778 1557237337.955106
7757958.481666 -363648.471210 -0.934682 6.244391 -0.083504 1557237338.054988
7757958.860821 -363649.000941 -0.950255 6.250481 -0.089329 1557237338.154850
7757959.217097 -363649.497471 -0.967514 6.250481 -0.091654 1557237338.254721
7757959.605493 -363650.023125 -0.987500 6.248451 -0.094266 1557237338.354618
7757959.901319 -363650.500014 -1.007597 6.246421 -0.095860 1557237338.454487
7757960.190838 -363651.026239 -1.024688 6.210895 -0.094784 1557237338.554359
7757960.531594 -363651.595038 -1.045534 6.200745 -0.096363 1557237338.654175
7757960.807038 -363652.098682 -1.066673 6.202775 -0.099413 1557237338.754082
7757961.827817 -363654.023115 -1.141040 6.183490 -0.097204 1557237339.103910
7757962.035786 -363654.531617 -1.159225 6.213940 -0.097256 1557237339.203953
7757962.251678 -363655.084943 -1.178379 6.148979 -0.097435 1557237339.303927
7757962.466516 -363655.678305 -1.196247 6.131724 -0.097994 1557237339.403939
7757962.976077 -363657.063576 -1.246635 6.135784 -0.098283 1557237339.653772
7757963.178129 -363657.636392 -1.268672 6.138829 -0.095824 1557237339.753562
7757963.345021 -363658.207291 -1.288618 6.115483 -0.095930 1557237339.853382
7757963.487220 -363658.766977 -1.305144 6.110408 -0.096211 1557237339.953166
7757963.661257 -363659.408401 -1.325134 6.094168 -0.095315 1557237340.052981
7757963.795155 -363659.975898 -1.344909 6.089093 -0.095162 1557237340.152774
7757963.899240 -363660.529229 -1.363565 6.098228 -0.095750 1557237340.252632
7757964.006689 -363661.130348 -1.382491 6.112438 -0.095202 1557237340.352591
7757964.117993 -363661.695060 -1.403029 6.118529 -0.095209 1557237340.452498
7757964.190013 -363662.291873 -1.422063 6.112438 -0.095925 1557237340.552393
7757964.288092 -363662.936345 -1.439754 6.121574 -0.095649 1557237340.652446
7757964.353281 -363663.467700 -1.461275 6.124619 -0.096383 1557237340.752471
7757964.387587 -363664.095776 -1.481697 6.103303 -0.096782 1557237340.852509
7757964.447542 -363664.677265 -1.501264 6.075898 -0.096160 1557237340.952494
7757964.503674 -363665.238815 -1.520519 6.080973 -0.094869 1557237341.052507
7757964.512124 -363665.751514 -1.542021 6.094168 -0.092707 1557237341.152448
7757964.514874 -363666.448387 -1.560637 6.085033 -0.091671 1557237341.252404
7757964.524555 -363667.003464 -1.578889 6.071838 -0.091957 1557237341.352264
7757964.514425 -363667.637429 -1.597326 6.060672 -0.092227 1557237341.452159
7757964.502758 -363668.258811 -1.614834 6.043417 -0.093052 1557237341.551987
7757964.480346 -363668.790193 -1.633210 6.034282 -0.093052 1557237341.651863
7757964.436768 -363669.415071 -1.652354 6.022102 -0.090856 1557237341.751730
7757964.369014 -363669.949293 -1.668919 6.019057 -0.087811 1557237341.851579
7757964.281835 -363670.566667 -1.687307 6.020072 -0.085061 1557237341.951518
7757964.203539 -363671.134060 -1.704343 6.000786 -0.083014 1557237342.051355
7757964.113317 -363671.701930 -1.720344 5.983531 -0.081099 1557237342.151198
7757964.012451 -363672.313506 -1.738755 5.965261 -0.079488 1557237342.251100
7757963.916107 -363672.885792 -1.754184 5.965261 -0.077889 1557237342.350970
7757963.822736 -363673.455768 -1.769122 5.970336 -0.077171 1557237342.450889
7757963.691958 -363674.003052 -1.785649 5.981501 -0.076751 1557237342.550848
7757963.533733 -363674.624212 -1.799618 5.986576 -0.076613 1557237342.650851
7757963.389592 -363675.183345 -1.816447 5.964246 -0.079335 1557237342.750842
7757963.243568 -363675.739831 -1.834639 5.959171 -0.082513 1557237342.850807
7757963.101707 -363676.320204 -1.848048 5.958156 -0.082656 1557237342.950688
7757962.962953 -363676.818555 -1.867198 5.945975 -0.080613 1557237343.050639
7757962.762732 -363677.372540 -1.882403 5.948005 -0.077142 1557237343.150519
7757962.559174 -363677.957157 -1.896262 5.935825 -0.075252 1557237343.250380
7757962.377283 -363678.482544 -1.911248 5.917555 -0.074642 1557237343.350336
7757962.183906 -363679.025162 -1.929230 5.898270 -0.075631 1557237343.450299
7757961.956992 -363679.598155 -1.942523 5.881014 -0.076332 1557237343.550308
7757961.749605 -363680.081485 -1.958608 5.870864 -0.076174 1557237343.650321
7757961.540990 -363680.593391 -1.975772 5.873909 -0.074298 1557237343.750266
7757961.261984 -363681.155453 -1.987349 5.888119 -0.072725 1557237343.850189
7757961.053444 -363681.636145 -2.002984 5.898270 -0.071145 1557237343.950097
7757960.811497 -363682.209958 -2.016249 5.866804 -0.070095 1557237344.049929
7757960.543026 -363682.728215 -2.032744 5.830263 -0.069908 1557237344.149813
7757960.285025 -363683.244674 -2.050382 5.803873 -0.074645 1557237344.249751
7757959.897145 -363683.936910 -2.067887 5.790678 -0.080548 1557237344.399615
7757959.614445 -363684.483845 -2.085170 5.784588 -0.082128 1557237344.499449
7757959.370742 -363684.951911 -2.102339 5.769362 -0.085576 1557237344.599270
7757959.055629 -363685.416283 -2.117972 5.763272 -0.087732 1557237344.699174
7757958.781951 -363685.883847 -2.139000 5.758197 -0.090308 1557237344.799142
7757958.017219 -363687.072982 -2.180797 5.739927 -0.097497 1557237345.049197
7757957.691174 -363687.515116 -2.203913 5.735867 -0.104948 1557237345.149286
7757957.330673 -363687.980184 -2.226960 5.725717 -0.108674 1557237345.249250
7757956.983571 -363688.430672 -2.243801 5.725717 -0.111836 1557237345.349213
7757956.638163 -363688.846884 -2.263180 5.730792 -0.111271 1557237345.449267
7757956.229978 -363689.304747 -2.286921 5.725717 -0.110546 1557237345.549200
7757955.880787 -363689.681977 -2.306837 5.712521 -0.108947 1557237345.649165
7757955.550847 -363690.074869 -2.326277 5.697296 -0.106482 1557237345.749067
7757955.084493 -363690.573810 -2.349456 5.692221 -0.102305 1557237345.848956
7757954.722353 -363690.927699 -2.368641 5.701356 -0.095103 1557237345.948802
7757954.335396 -363691.284005 -2.384903 5.699326 -0.085616 1557237346.048739
7757953.864616 -363691.711328 -2.401568 5.696281 -0.078416 1557237346.148702
7757953.444665 -363692.088321 -2.416194 5.698311 -0.069034 1557237346.248470
7757953.017752 -363692.461069 -2.426050 5.684101 -0.060649 1557237346.348213
7757952.616062 -363692.787101 -2.439844 5.658725 -0.050232 1557237346.447958
7757951.995899 -363693.287763 -2.454592 5.685116 -0.034645 1557237346.597647
7757951.578347 -363693.632771 -2.459725 5.709476 -0.028291 1557237346.697431
7757951.128004 -363694.018181 -2.465845 5.679026 -0.021195 1557237346.797316
7757950.664794 -363694.357253 -2.471006 5.657710 -0.016559 1557237346.897120
7757950.247231 -363694.675325 -2.472803 5.679026 -0.012513 1557237346.997051
7757949.858237 -363695.010890 -2.477394 5.684101 -0.009477 1557237347.096941
7757949.409191 -363695.329726 -2.477659 5.679026 -0.005570 1557237347.196839
7757948.977178 -363695.681302 -2.479336 5.673951 -0.001519 1557237347.296699
7757948.519759 -363696.028087 -2.480401 5.672936 0.000651 1557237347.396751
7757948.040387 -363696.395307 -2.480944 5.666845 0.002242 1557237347.496650
7757947.623661 -363696.708335 -2.479944 5.656695 0.002242 1557237347.596566
7757947.103297 -363697.110864 -2.479429 5.646545 0.002241 1557237347.696601
7757946.468910 -363697.581466 -2.477116 5.655680 0.002242 1557237347.846485
7757945.998962 -363697.955793 -2.477752 5.661770 0.002242 1557237347.946439
7757945.548963 -363698.290599 -2.478863 5.646545 0.002097 1557237348.046422
7757944.946864 -363698.756502 -2.480593 5.627260 0.002241 1557237348.196409
7757944.482189 -363699.109124 -2.479963 5.635380 0.001807 1557237348.296378
7757944.021844 -363699.445617 -2.478984 5.655680 0.002242 1557237348.396448
7757943.606016 -363699.763597 -2.478234 5.643500 0.003832 1557237348.496436
7757943.162362 -363700.093126 -2.481059 5.628275 0.005132 1557237348.596414
7757942.762804 -363700.417543 -2.478618 5.615080 0.004119 1557237348.696182
7757942.324968 -363700.752724 -2.478163 5.607974 0.003830 1557237348.796201
7757941.894915 -363701.091931 -2.478471 5.611020 0.004552 1557237348.895988
7757941.400557 -363701.445696 -2.478161 5.634365 0.004265 1557237348.995798
7757940.772358 -363701.949899 -2.476595 5.624215 0.003108 1557237349.145594
7757940.318600 -363702.309742 -2.478151 5.593764 0.003106 1557237349.245547
7757939.676946 -363702.793858 -2.478495 5.581584 0.002528 1557237349.395351
7757939.041111 -363703.270173 -2.476378 5.603914 0.002818 1557237349.545171
7757938.618589 -363703.599475 -2.478593 5.599854 0.002818 1557237349.645010
7757937.945396 -363704.100889 -2.475192 5.577524 0.003250 1557237349.794776
7757937.365014 -363704.568777 -2.477741 5.576509 0.002239 1557237349.944633
7757936.915730 -363704.910728 -2.476384 5.555194 0.000650 1557237350.044580
7757936.486228 -363705.258596 -2.477420 5.549103 0.001083 1557237350.144562
7757936.029593 -363705.614347 -2.475635 5.560269 0.002238 1557237350.244593
7757935.549726 -363705.966728 -2.472498 5.565344 0.002238 1557237350.344627
7757934.944787 -363706.425900 -2.475734 5.555194 0.002527 1557237350.494539
7757934.297120 -363706.911761 -2.475719 5.551133 0.001516 1557237350.644328
7757933.881136 -363707.232258 -2.475418 5.554178 0.001227 1557237350.744270
7757933.413659 -363707.570821 -2.473539 5.536923 0.001516 1557237350.844098
7757933.001272 -363707.923714 -2.473511 5.532863 0.002093 1557237350.943923
7757932.532118 -363708.296716 -2.474051 5.538953 0.004547 1557237351.043810
7757931.982409 -363708.702350 -2.474964 5.538953 0.003104 1557237351.193815
7757931.485804 -363709.078635 -2.473829 5.538953 0.002237 1557237351.293770
7757930.840304 -363709.590700 -2.474844 5.520683 0.002092 1557237351.443733
7757930.414059 -363709.914219 -2.470977 5.506473 0.001226 1557237351.543681
7757930.015446 -363710.245751 -2.475067 5.496322 0.000649 1557237351.643606
7757929.586979 -363710.573123 -2.474572 5.514593 0.001226 1557237351.743456
7757929.164190 -363710.882925 -2.475183 5.513578 0.002092 1557237351.843346
7757928.761213 -363711.184650 -2.476154 5.492262 0.001226 1557237351.943189
7757928.305568 -363711.549664 -2.475954 5.477037 0.000649 1557237352.043012
7757927.686516 -363712.039059 -2.476214 5.479067 0.001081 1557237352.192844
7757927.112859 -363712.470321 -2.476396 5.481097 -0.000793 1557237352.342829
7757926.632738 -363712.865913 -2.477527 5.452677 -0.001370 1557237352.442814
7757926.224137 -363713.182518 -2.476179 5.434406 -0.000360 1557237352.542860
7757925.783732 -363713.539208 -2.475235 5.445572 0.001225 1557237352.642892
7757925.365296 -363713.845734 -2.476442 5.467902 0.001514 1557237352.742759
7757924.908550 -363714.193960 -2.475196 5.461812 0.000216 1557237352.842706
7757924.263272 -363714.684757 -2.475756 5.439481 -0.000360 1557237352.992519
7757923.652820 -363715.156638 -2.477095 5.424256 -0.000793 1557237353.142321
7757923.255967 -363715.465103 -2.475199 5.437451 -0.001513 1557237353.242172
7757922.851421 -363715.787032 -2.476919 5.438466 -0.001081 1557237353.341966
7757922.437198 -363716.101094 -2.479127 5.421211 -0.001369 1557237353.441864
7757921.815643 -363716.583548 -2.480585 5.400911 -0.001800 1557237353.591704
7757921.385293 -363716.920519 -2.479449 5.384670 -0.001512 1557237353.691666
7757920.987984 -363717.231322 -2.481930 5.344070 -0.000360 1557237353.791633
7757920.540930 -363717.574576 -2.480440 5.311589 0.002230 1557237353.891644
7757919.906956 -363718.031491 -2.479672 5.311589 0.002517 1557237354.041538
7757919.355409 -363718.441014 -2.483118 5.285199 -0.001510 1557237354.191385
7757918.961495 -363718.763934 -2.485850 5.291289 -0.004098 1557237354.291229
7757918.544599 -363719.079631 -2.483229 5.296364 -0.003811 1557237354.391083
7757918.117024 -363719.405771 -2.486081 5.262868 -0.003235 1557237354.491008
7757917.504507 -363719.893375 -2.488484 5.246628 -0.004814 1557237354.640783
7757916.857065 -363720.378845 -2.489703 5.279109 -0.003810 1557237354.790632
7757916.318595 -363720.787994 -2.488953 5.263883 0.000216 1557237354.940570
7757915.895646 -363721.104390 -2.490405 5.251703 0.001078 1557237355.040555
7757915.432330 -363721.427096 -2.488979 5.273019 -0.000072 1557237355.140493
7757915.004692 -363721.738426 -2.488563 5.285199 0.000647 1557237355.240439
7757914.087609 -363722.414001 -2.485173 5.305499 0.001079 1557237355.440175
7757913.550038 -363722.820631 -2.488415 5.316664 0.001079 1557237355.589975
7757913.120172 -363723.121779 -2.490394 5.340010 0.001511 1557237355.689956
7757912.718942 -363723.431096 -2.491646 5.365385 0.002232 1557237355.789856
7757912.302004 -363723.721063 -2.492539 5.365385 0.002519 1557237355.889832
7757911.881383 -363724.047233 -2.491173 5.376550 0.003239 1557237355.989792
7757911.447819 -363724.401805 -2.490789 5.386701 0.003529 1557237356.089679
7757910.812013 -363724.877715 -2.491904 5.391776 0.004104 1557237356.239491
7757910.176496 -363725.356629 -2.490628 5.404971 0.004249 1557237356.389417
7757909.559985 -363725.828432 -2.488435 5.407001 0.004826 1557237356.539322
7757908.934497 -363726.312702 -2.490586 5.390761 0.004249 1557237356.689320
7757908.523939 -363726.640043 -2.488612 5.375535 0.003528 1557237356.789224
7757907.880264 -363727.091332 -2.488447 5.371475 0.003239 1557237356.939133
7757907.454726 -363727.427948 -2.485871 5.365385 0.003239 1557237357.038955
7757906.994662 -363727.777287 -2.484846 5.356250 0.002087 1557237357.138835
7757906.609763 -363728.096446 -2.484978 5.347115 0.001799 1557237357.238710
7757905.975169 -363728.569364 -2.484184 5.306514 0.002805 1557237357.388599
7757905.556704 -363728.927189 -2.478636 5.295349 0.003523 1557237357.488622
7757904.919750 -363729.400043 -2.481304 5.301439 0.002805 1557237357.638522
7757904.501694 -363729.694590 -2.480079 5.280124 0.001222 1557237357.738509
7757903.939375 -363730.126171 -2.479031 5.241553 -0.002515 1557237357.888300
7757903.346099 -363730.556394 -2.486745 5.224298 -0.005243 1557237358.038142
7757902.931552 -363730.895583 -2.484835 5.225313 -0.007829 1557237358.137985
7757902.509723 -363731.204519 -2.488902 5.236478 -0.009268 1557237358.237837
7757902.066694 -363731.516527 -2.488753 5.202982 -0.009695 1557237358.337826
7757901.521946 -363731.934096 -2.489493 5.166442 -0.009688 1557237358.487704
7757901.115204 -363732.259488 -2.492365 5.166442 -0.009401 1557237358.587757
7757900.527310 -363732.694681 -2.496823 5.177607 -0.004665 1557237358.737770
7757899.937942 -363733.142690 -2.501417 5.171517 0.004665 1557237358.887791
7757899.521146 -363733.437190 -2.499821 5.139036 0.009973 1557237358.987781
7757899.084334 -363733.751137 -2.498790 5.089300 0.011398 1557237359.087726
7757898.557561 -363734.154525 -2.496691 5.102495 0.009247 1557237359.237560
7757898.160534 -363734.468777 -2.493228 5.104526 0.006382 1557237359.337411
7757897.741809 -363734.774927 -2.493398 5.077120 0.005806 1557237359.437265
7757897.154632 -363735.210186 -2.492024 5.059865 0.005660 1557237359.587106
7757896.759220 -363735.545950 -2.489185 5.052760 0.003798 1557237359.686985
7757896.160785 -363736.010409 -2.490662 5.038549 0.001075 1557237359.836968
7757895.654234 -363736.393860 -2.491387 5.009114 -0.000358 1557237359.986838
7757895.214214 -363736.720970 -2.490336 4.994904 -0.000358 1557237360.086809
7757894.624420 -363737.144121 -2.490507 5.005054 -0.000358 1557237360.236586
7757894.226193 -363737.463046 -2.492555 4.986783 -0.001074 1557237360.336412
7757893.635744 -363737.901655 -2.494462 4.964453 -0.003506 1557237360.486645
7757893.088687 -363738.303556 -2.497051 4.921822 -0.005364 1557237360.636272
7757892.482456 -363738.714962 -2.497016 4.900507 -0.007364 1557237360.786185
7757892.075966 -363739.011886 -2.499694 4.890357 -0.010793 1557237360.886060
7757891.560316 -363739.399012 -2.501620 4.838591 -0.017359 1557237361.035940
7757890.977500 -363739.851440 -2.505702 4.776675 -0.024333 1557237361.185699
7757890.419053 -363740.242569 -2.514630 4.713744 -0.034144 1557237361.335510
7757889.891067 -363740.642907 -2.522764 4.671113 -0.044233 1557237361.485363
7757889.336654 -363741.028350 -2.534634 4.600062 -0.047603 1557237361.635303
7757888.755430 -363741.415223 -2.542513 4.556416 -0.050701 1557237361.785322
7757888.207029 -363741.751147 -2.555960 4.507695 -0.053649 1557237361.935233
7757887.543012 -363742.181865 -2.573587 4.475214 -0.055329 1557237362.135072
7757887.001542 -363742.515419 -2.587341 4.357472 -0.058361 1557237362.284860
7757886.411626 -363742.892030 -2.600170 4.302661 -0.056905 1557237362.434570
7757885.923427 -363743.176462 -2.610745 4.277286 -0.055189 1557237362.584474
7757885.394273 -363743.479943 -2.623541 4.222475 -0.052747 1557237362.734358
7757884.825733 -363743.824004 -2.636399 4.178829 -0.050457 1557237362.884296
7757884.343406 -363744.075156 -2.645067 4.108793 -0.048154 1557237363.034151
7757883.845293 -363744.315665 -2.655794 4.034697 -0.043736 1557237363.184134
7757883.292759 -363744.583188 -2.666760 3.932180 -0.038183 1557237363.334020
7757882.840696 -363744.820262 -2.674250 3.838798 -0.032082 1557237363.483877
7757882.361181 -363745.061565 -2.678581 3.779927 -0.015998 1557237363.633710
7757881.884754 -363745.292874 -2.681377 3.742371 0.007115 1557237363.783427
7757881.395941 -363745.508380 -2.677462 3.704816 0.029782 1557237363.933322
7757880.786697 -363745.835134 -2.666919 3.569818 0.056426 1557237364.133192
7757880.181556 -363746.081923 -2.653920 3.509932 0.067325 1557237364.333031
7757879.708731 -363746.362375 -2.642702 3.472377 0.083952 1557237364.482960
7757879.246005 -363746.630925 -2.627227 3.461211 0.093444 1557237364.632969
7757878.679947 -363746.936828 -2.604822 3.458166 0.088692 1557237364.832996
7757878.093914 -363747.289113 -2.586170 3.435836 0.084480 1557237365.032838
7757877.547360 -363747.645320 -2.565713 3.422641 0.064745 1557237365.232620
7757876.991565 -363747.976571 -2.555625 3.399295 0.054646 1557237365.432489
7757876.519907 -363748.299284 -2.542391 3.375950 0.045946 1557237365.582420
7757875.999627 -363748.659002 -2.534953 3.353619 0.037666 1557237365.782455
7757875.558892 -363748.970877 -2.531108 3.258208 0.030487 1557237365.982440
7757875.019777 -363749.343655 -2.520425 3.192232 0.026127 1557237366.182230
7757874.552864 -363749.675196 -2.519316 3.085655 0.026101 1557237366.382018
7757874.056203 -363750.028736 -2.512436 2.966898 0.028449 1557237366.581804
7757873.550457 -363750.385441 -2.505592 2.848141 0.040283 1557237366.781580
7757873.082333 -363750.749553 -2.497471 2.701978 0.044415 1557237367.031184
7757872.590790 -363751.114071 -2.490810 2.621791 0.036448 1557237367.280905
7757872.161185 -363751.452312 -2.484179 2.464464 0.023045 1557237367.530818
7757871.696342 -363751.744864 -2.479444 2.258415 0.020231 1557237367.780693
7757871.280212 -363752.098518 -2.475749 1.909249 0.013528 1557237368.080528
7757870.865477 -363752.452756 -2.471481 0.911486 0.010984 1557237368.629855
7757870.447414 -363752.735732 -2.473047 0.987613 0.014994 1557237369.479343
7757870.013914 -363753.072287 -2.467542 1.471776 0.010176 1557237369.829306
7757869.610401 -363753.393800 -2.467770 1.563128 0.007133 1557237370.129164
7757869.160994 -363753.769850 -2.467284 1.618954 0.003117 1557237370.528611
7757868.751002 -363754.062178 -2.466348 1.618954 0.002009 1557237370.828296
7757868.330866 -363754.422329 -2.467838 1.650419 -0.001871 1557237371.178243
7757867.934931 -363754.730447 -2.470400 1.681885 -0.002010 1557237371.478255
7757867.479615 -363755.083066 -2.470954 1.699140 -0.001039 1557237371.777934
7757867.085580 -363755.405697 -2.468641 1.724516 0.002010 1557237372.077562
7757866.662199 -363755.687950 -2.470334 1.751921 0.001733 1557237372.377554
7757866.207161 -363756.048635 -2.469581 1.735681 0.001594 1557237372.727433
7757865.795341 -363756.354585 -2.468333 1.726546 0.001040 1557237373.027049
7757865.374877 -363756.690351 -2.471820 1.687975 -0.001871 1557237373.376435
7757864.967510 -363756.991668 -2.475664 1.515422 -0.001592 1557237373.676329
7757864.554455 -363757.303532 -2.473019 0.852615 0.001589 1557237374.275597
