7178298.173320 -667756.824260 -2.311599 0.000000 0.000000 1580240162.005964
7178298.017125 -667755.966544 -1.965679 -0.000870 -0.004669 1580240162.318314
7178298.662646 -667754.085491 -1.842566 -0.000870 -0.004669 1580240162.368381
7178298.011800 -667754.600495 -1.878798 -0.000870 -0.004574 1580240162.418436
7178299.710713 -667750.888912 -1.901411 -0.000870 -0.004574 1580240162.468595
7178299.311614 -667751.215770 -1.908130 1.218181 -0.004661 1580240183.618951
7178299.145115 -667751.725608 -1.909943 1.713800 0.004480 1580240184.019130
7178299.008913 -667752.269352 -1.909555 2.051169 0.013739 1580240184.318953
7178298.731750 -667752.699788 -1.905432 2.261590 0.018074 1580240184.518970
7178298.535284 -667753.212467 -1.900804 2.463316 0.018313 1580240184.768917
7178298.389283 -667753.759145 -1.894313 2.630262 0.015381 1580240184.968967
7178298.238610 -667754.243666 -1.890161 2.774600 0.013685 1580240185.118951
7178298.106176 -667754.762342 -1.886659 2.917199 0.011121 1580240185.319111
7178297.961507 -667755.299042 -1.883832 2.983282 0.008349 1580240185.519130
7178297.819490 -667755.783176 -1.876961 3.068494 0.005959 1580240185.669130
7178297.648008 -667756.339151 -1.876741 3.211093 0.003380 1580240185.869170
7178297.441569 -667756.989279 -1.876138 3.285871 0.001944 1580240186.069166
7178297.289494 -667757.555489 -1.875881 3.270220 0.000205 1580240186.219235
7178297.109651 -667758.060233 -1.877187 3.303261 -0.000072 1580240186.369213
7178296.917364 -667758.633409 -1.877623 3.336302 0.000020 1580240186.569021
7178296.754876 -667759.122681 -1.874698 3.421514 -0.000069 1580240186.768925
7178296.572254 -667759.635691 -1.880309 3.463250 -0.000064 1580240186.918893
7178296.396612 -667760.151136 -1.875767 3.546723 -0.000539 1580240187.068913
7178296.217125 -667760.766967 -1.877975 3.564113 -0.001215 1580240187.218996
7178296.017622 -667761.356251 -1.880631 3.698018 -0.003333 1580240187.418967
7178295.868867 -667761.860703 -1.877856 3.724103 -0.004977 1580240187.568779
7178295.643923 -667762.494073 -1.880808 3.798880 -0.005070 1580240187.718731
7178295.451165 -667763.020462 -1.881103 3.882353 -0.006231 1580240187.868722
7178295.211333 -667763.734608 -1.884515 3.941480 -0.008947 1580240188.018803
7178295.045337 -667764.256527 -1.883944 3.967565 -0.009335 1580240188.168728
7178294.841169 -667764.833431 -1.881577 4.051038 -0.009336 1580240188.318965
7178294.611701 -667765.507982 -1.888027 4.026692 -0.009336 1580240188.518853
7178294.394753 -667766.068864 -1.892463 4.017996 -0.009336 1580240188.668782
7178294.161249 -667766.651902 -1.892818 4.026692 -0.006907 1580240188.818568
7178293.956608 -667767.281772 -1.900265 4.035387 -0.005838 1580240188.968313
7178293.755719 -667767.843942 -1.900150 4.068428 -0.004283 1580240189.118246
7178293.572030 -667768.491510 -1.901026 4.026692 -0.000885 1580240189.268149
7178293.350477 -667769.002093 -1.904168 4.042343 -0.000495 1580240189.418151
7178293.153626 -667769.618638 -1.901633 3.866702 -0.000414 1580240189.618240
7178292.931285 -667770.143191 -1.902620 3.991911 0.000180 1580240189.768361
7178292.752300 -667770.640159 -1.906008 3.925829 0.000270 1580240189.918325
7178292.552508 -667771.176902 -1.905966 3.891048 0.001043 1580240190.068321
7178292.352361 -667771.766790 -1.905076 3.840617 0.001036 1580240190.218303
7178292.174765 -667772.267834 -1.906323 3.833661 0.001036 1580240190.368211
7178291.952852 -667772.807522 -1.907476 3.816271 0.005393 1580240190.518325
7178291.746221 -667773.330459 -1.904316 3.790185 0.010232 1580240190.668422
7178291.551993 -667773.910134 -1.904709 3.757144 0.010322 1580240190.818421
7178291.355264 -667774.439926 -1.897974 3.715408 0.010120 1580240190.968493
7178291.148009 -667775.061081 -1.894489 3.664976 0.009723 1580240191.168661
7178290.943757 -667775.561486 -1.891354 3.638891 0.007301 1580240191.318645
7178290.750711 -667776.156211 -1.892711 3.614545 0.003721 1580240191.518872
7178290.561669 -667776.706237 -1.891999 3.597155 0.003718 1580240191.669158
7178290.364801 -667777.267515 -1.891323 3.579764 0.003714 1580240191.819285
7178290.165688 -667777.751511 -1.887264 3.546723 0.003712 1580240191.969249
7178289.953521 -667778.330992 -1.888356 3.513682 0.003706 1580240192.169273
7178289.784055 -667778.909607 -1.886996 3.478902 0.004571 1580240192.318949
7178289.569629 -667779.514022 -1.886323 3.463250 0.010551 1580240192.518720
7178289.361282 -667780.095442 -1.877710 3.437165 0.046680 1580240192.668633
7178289.134253 -667780.722419 -1.855342 3.421514 0.088408 1580240192.868633
7178288.941864 -667781.370654 -1.822925 3.386734 0.119538 1580240193.068439
7178288.782022 -667781.916344 -1.799744 3.353692 0.127463 1580240193.218118
7178288.667415 -667782.441925 -1.765578 3.311956 0.127594 1580240193.418074
7178288.565441 -667783.040355 -1.727221 3.336302 0.127629 1580240193.617939
7178288.451269 -667783.667569 -1.690498 3.329346 0.127619 1580240193.818025
7178288.379977 -667784.315025 -1.651527 3.270220 0.129146 1580240194.018171
7178288.320852 -667784.939217 -1.620048 3.320651 0.131867 1580240194.218208
7178288.324890 -667785.529778 -1.577286 3.386734 0.134873 1580240194.418303
7178288.306886 -667786.198810 -1.534833 3.496292 0.134981 1580240194.618289
7178288.336805 -667786.740826 -1.505298 3.496292 0.134930 1580240194.768447
7178288.338975 -667787.325164 -1.474723 3.478902 0.134981 1580240194.918371
7178288.368620 -667787.834141 -1.441791 3.445860 0.135080 1580240195.068624
7178288.423693 -667788.340826 -1.410233 3.572808 0.135939 1580240195.218581
7178288.519157 -667788.967975 -1.376874 3.463250 0.139082 1580240195.368693
7178288.651773 -667789.603928 -1.338933 3.471945 0.143444 1580240195.568915
7178288.733980 -667790.105471 -1.304273 3.504987 0.146521 1580240195.719181
7178288.897568 -667790.635976 -1.270275 3.496292 0.151413 1580240195.869212
7178288.999624 -667791.174744 -1.230962 3.522377 0.157489 1580240196.019181
7178289.169526 -667791.664868 -1.196063 3.496292 0.159418 1580240196.169141
7178289.406538 -667792.281593 -1.146245 3.504987 0.159434 1580240196.369175
7178289.608823 -667792.767827 -1.106402 3.522377 0.160312 1580240196.519347
7178289.858913 -667793.287413 -1.068778 3.487597 0.166637 1580240196.669404
7178290.093809 -667793.781035 -1.030012 3.504987 0.171921 1580240196.819333
7178290.336624 -667794.258944 -0.984502 3.522377 0.176075 1580240196.969338
7178290.751276 -667794.832977 -0.925522 3.487597 0.176350 1580240197.169053
7178291.185339 -667795.343868 -0.872408 3.378039 0.176371 1580240197.369056
7178291.528757 -667795.743572 -0.828976 3.588460 0.176363 1580240197.519055
7178291.949924 -667796.244095 -0.775324 3.478902 0.176363 1580240197.719076
7178292.289874 -667796.635723 -0.732172 3.463250 0.176426 1580240197.869114
7178292.711271 -667797.053521 -0.686426 3.421514 0.175036 1580240198.018840
7178293.094113 -667797.389286 -0.645625 3.454555 0.164229 1580240198.168814
7178293.506990 -667797.701737 -0.608333 3.445860 0.149065 1580240198.318950
7178293.913662 -667798.019637 -0.580072 3.478902 0.134467 1580240198.469020
7178294.329737 -667798.343232 -0.550543 3.471945 0.125922 1580240198.619086
7178294.754447 -667798.662630 -0.520646 3.513682 0.125318 1580240198.769151
7178295.303052 -667799.024948 -0.485341 3.378039 0.128634 1580240198.969156
7178295.901604 -667799.323712 -0.442259 3.386734 0.149816 1580240199.169200
7178296.385688 -667799.580055 -0.402707 3.437165 0.177403 1580240199.319018
7178296.947696 -667799.780546 -0.346629 3.285871 0.203115 1580240199.518884
7178297.567045 -667799.946402 -0.280571 3.261525 0.215411 1580240199.719013
7178298.183570 -667800.135318 -0.215900 3.228483 0.215408 1580240199.919013
7178298.668019 -667800.277240 -0.170961 3.261525 0.215290 1580240200.069162
7178299.311876 -667800.374316 -0.100388 3.336302 0.215270 1580240200.269157
7178299.966034 -667800.479227 -0.033223 3.353692 0.217752 1580240200.469195
7178300.629611 -667800.531682 0.032982 3.386734 0.219339 1580240200.669398
7178301.163995 -667800.523359 0.091418 3.454555 0.219326 1580240200.819386
7178301.815528 -667800.462578 0.160774 3.513682 0.219201 1580240201.019198
7178302.351997 -667800.374554 0.220742 3.531072 0.219152 1580240201.169364
7178302.918174 -667800.252161 0.277537 3.564113 0.219163 1580240201.319374
7178303.434210 -667800.114992 0.335367 3.597155 0.219060 1580240201.469681
7178303.912172 -667799.943989 0.390835 3.647586 0.219096 1580240201.619665
7178304.510562 -667799.711777 0.470961 3.706713 0.219062 1580240201.819670
7178304.996475 -667799.478240 0.532234 3.706713 0.218877 1580240201.969602
7178305.521233 -667799.181959 0.601795 3.774534 0.219054 1580240202.119429
7178306.132693 -667798.771477 0.672668 3.833661 0.219025 1580240202.269237
7178306.762014 -667798.276326 0.761350 3.833661 0.218932 1580240202.469094
7178307.225890 -667797.849279 0.824487 3.925829 0.218440 1580240202.619119
7178308.072407 -667796.877831 0.962433 3.983216 0.213220 1580240202.969454
7178308.505809 -667796.194963 1.038042 4.059733 0.178637 1580240203.169850
7178308.799547 -667795.688098 1.078794 4.051038 0.147879 1580240203.320175
7178309.236162 -667794.844871 1.121466 4.127554 0.110943 1580240203.520377
7178309.517118 -667794.269726 1.151530 4.151901 0.089034 1580240203.670540
7178309.816966 -667793.690498 1.173904 4.244069 0.066316 1580240203.820575
7178310.061556 -667793.156630 1.189480 4.303195 0.056475 1580240203.970577
7178310.364693 -667792.342830 1.213401 4.371017 0.053616 1580240204.170450
7178310.555263 -667791.855407 1.222451 4.404058 0.049070 1580240204.270400
7178310.767021 -667791.219914 1.236921 4.421448 0.027160 1580240204.420476
7178310.915221 -667790.741182 1.241616 4.438838 0.014971 1580240204.520104
7178311.171626 -667790.113690 1.240369 4.445794 -0.004263 1580240204.670123
7178311.386290 -667789.470760 1.235160 4.471880 -0.016474 1580240204.819997
7178311.592442 -667788.836839 1.231618 4.489270 -0.017843 1580240204.969895
7178311.788229 -667788.319515 1.225828 4.489270 -0.017258 1580240205.069885
7178312.017114 -667787.730570 1.222211 4.522311 -0.016968 1580240205.219539
7178312.274192 -667787.181123 1.215535 4.555352 -0.013940 1580240205.369465
7178312.493315 -667786.551066 1.210701 4.546657 -0.008756 1580240205.519110
7178312.732932 -667785.973954 1.208738 4.572743 -0.004548 1580240205.668948
7178312.936737 -667785.505776 1.209322 4.640564 -0.000535 1580240205.768895
7178313.193110 -667784.898996 1.211619 4.664910 0.006814 1580240205.918917
7178313.389345 -667784.361106 1.209455 4.697952 0.009958 1580240206.068902
7178313.674322 -667783.659649 1.212532 4.741427 0.010072 1580240206.219015
7178313.951916 -667783.080112 1.212820 4.774468 0.010270 1580240206.369053
7178314.180901 -667782.424180 1.217055 4.791859 0.011939 1580240206.518788
7178314.357067 -667781.954205 1.220777 4.774468 0.014109 1580240206.618742
7178314.540331 -667781.468399 1.224167 4.757078 0.015169 1580240206.718695
7178314.716406 -667780.980606 1.224947 4.791859 0.015189 1580240206.868681
7178314.995479 -667780.229622 1.231747 4.783164 0.015177 1580240207.018651
7178315.202674 -667779.659675 1.236143 4.783164 0.015184 1580240207.168564
7178315.399943 -667779.085609 1.241846 4.798815 0.015088 1580240207.268518
7178315.676079 -667778.385923 1.246752 4.824900 0.014606 1580240207.418572
7178315.870668 -667777.842902 1.252962 4.849246 0.014025 1580240207.518605
7178316.156074 -667777.149329 1.252923 4.866636 0.010102 1580240207.668664
7178316.324332 -667776.666962 1.259003 4.866636 0.006076 1580240207.768836
7178316.465536 -667776.163569 1.258981 4.866636 0.003423 1580240207.868991
7178316.688949 -667775.590072 1.258703 4.857941 0.003324 1580240208.019066
7178316.838672 -667775.048009 1.259031 4.842290 0.003223 1580240208.119241
7178317.095677 -667774.285086 1.259347 4.816205 0.003316 1580240208.269166
7178317.273378 -667773.802998 1.264500 4.807510 0.003316 1580240208.369170
7178317.464480 -667773.222036 1.265611 4.833595 0.003320 1580240208.518898
7178317.719180 -667772.494260 1.266536 4.816205 0.003316 1580240208.668842
7178317.941435 -667771.825920 1.270307 4.791859 0.001841 1580240208.818759
7178318.124354 -667771.296526 1.264939 4.807510 0.001254 1580240208.918848
7178318.350287 -667770.641298 1.264487 4.807510 0.000764 1580240209.068908
7178318.507651 -667770.151196 1.265072 4.798815 -0.001495 1580240209.168880
7178318.712489 -667769.511030 1.263304 4.816205 -0.003358 1580240209.318861
7178318.953480 -667768.821755 1.264636 4.798815 -0.003359 1580240209.468962
7178319.171036 -667768.184518 1.261923 4.824900 -0.003358 1580240209.618903
7178319.410039 -667767.497092 1.262937 4.774468 -0.003364 1580240209.768684
7178319.593264 -667766.820806 1.261776 4.833595 -0.003455 1580240209.918622
7178319.825179 -667766.131645 1.260753 4.741427 -0.003461 1580240210.068437
7178320.030486 -667765.551618 1.256053 4.774468 -0.003459 1580240210.218479
7178320.291698 -667764.862809 1.253634 4.715342 -0.003070 1580240210.368492
7178320.482071 -667764.383879 1.255289 4.697952 -0.001994 1580240210.468625
7178320.691683 -667763.811666 1.253405 4.614479 0.001818 1580240210.618476
7178320.870845 -667763.309317 1.254117 4.647520 0.003774 1580240210.718643
7178321.072398 -667762.702963 1.255385 4.690996 0.004667 1580240210.868530
7178321.262534 -667762.223181 1.256659 4.682301 0.004765 1580240210.968521
7178321.407748 -667761.716652 1.255684 4.656215 0.004661 1580240211.068610
7178321.593392 -667761.138715 1.255041 4.597089 0.004651 1580240211.218567
7178321.829073 -667760.477206 1.255501 4.605784 0.004652 1580240211.368702
7178321.980715 -667759.976949 1.254901 4.539701 0.004741 1580240211.468651
7178322.189702 -667759.368686 1.256164 4.504921 0.004732 1580240211.618563
7178322.343595 -667758.881203 1.255667 4.605784 0.004652 1580240211.718423
7178322.549565 -667758.333618 1.258642 4.539701 0.004738 1580240211.868609
7178322.787166 -667757.644868 1.260624 4.572743 0.004744 1580240212.018466
7178322.992500 -667757.066520 1.259850 4.539701 0.004738 1580240212.168645
7178323.184252 -667756.474946 1.262164 4.590133 0.004649 1580240212.318583
7178323.343245 -667755.823665 1.263270 4.489270 0.004729 1580240212.468649
7178323.613270 -667755.094428 1.265289 4.631869 0.004656 1580240212.618705
7178323.790340 -667754.464914 1.264761 4.546657 0.004739 1580240212.768762
7178323.985569 -667753.843517 1.261671 4.504921 0.004732 1580240212.918942
7178324.212949 -667753.194393 1.268382 4.513616 0.004733 1580240213.069033
7178324.426348 -667752.562966 1.267566 4.656215 0.004759 1580240213.219201
7178324.628911 -667752.025876 1.265529 4.555352 0.004741 1580240213.319133
7178324.818726 -667751.421226 1.265214 4.496226 0.004731 1580240213.469307
7178325.000824 -667750.839349 1.265315 4.539701 0.004640 1580240213.619261
7178325.192087 -667750.263166 1.267821 4.522311 0.004735 1580240213.769065
7178325.410995 -667749.659255 1.268497 4.438838 0.004720 1580240213.918882
7178325.581800 -667749.160155 1.269567 4.395363 0.004713 1580240214.018693
7178325.792141 -667748.553675 1.273410 4.430143 0.004711 1580240214.168614
7178325.947119 -667747.989632 1.269590 4.454489 0.004723 1580240214.318620
7178326.147902 -667747.423077 1.272543 4.421448 0.004717 1580240214.468645
7178326.298466 -667746.929421 1.271983 4.412753 0.003935 1580240214.568716
7178326.462646 -667746.442172 1.272098 4.379712 0.002173 1580240214.668721
7178326.618173 -667745.896919 1.270163 4.371017 -0.001243 1580240214.818798
7178326.785738 -667745.387239 1.267934 4.371017 -0.002412 1580240214.969095
7178326.969408 -667744.862973 1.268762 4.344931 -0.002806 1580240215.119019
7178327.147370 -667744.325525 1.267308 4.320585 -0.003099 1580240215.269192
7178327.355913 -667743.714128 1.267007 4.311890 -0.003100 1580240215.419102
7178327.542435 -667743.097178 1.263470 4.311890 -0.003197 1580240215.569003
7178327.754577 -667742.510113 1.263019 4.303195 -0.003197 1580240215.718901
7178327.951117 -667741.926422 1.262135 4.270154 -0.003102 1580240215.868940
7178328.127909 -667741.341257 1.259386 4.237112 -0.003105 1580240216.018868
7178328.389077 -667740.627167 1.258639 4.193637 -0.003107 1580240216.168902
7178328.549959 -667740.125674 1.255846 4.169291 -0.003109 1580240216.318913
7178328.754862 -667739.494741 1.253200 4.127554 -0.003112 1580240216.519099
7178328.945680 -667738.952482 1.253073 4.110164 -0.003114 1580240216.669100
7178329.186035 -667738.312953 1.248935 4.110164 -0.003113 1580240216.819334
7178329.378162 -667737.791210 1.249322 4.084079 -0.003115 1580240216.969458
7178329.576499 -667737.186950 1.243532 3.991911 -0.003117 1580240217.169605
7178329.814455 -667736.530793 1.246249 3.925829 0.002889 1580240217.369418
7178330.019267 -667735.945534 1.249751 3.925829 0.019571 1580240217.569082
7178330.226746 -667735.347067 1.258991 3.976260 0.032776 1580240217.768900
7178330.444429 -667734.781133 1.268386 3.967565 0.039264 1580240217.918675
7178330.638588 -667734.140892 1.286085 3.934524 0.048730 1580240218.118704
7178330.759291 -667733.653328 1.300504 3.908438 0.061951 1580240218.268697
7178330.928720 -667733.014893 1.326772 3.858007 0.089743 1580240218.468493
7178331.059050 -667732.459538 1.358909 3.781490 0.112645 1580240218.668376
7178331.224874 -667731.841613 1.393735 3.724103 0.116384 1580240218.868476
7178331.298054 -667731.264671 1.422329 3.706713 0.116360 1580240219.018521
7178331.313855 -667730.699101 1.470294 3.689322 0.116621 1580240219.268685
7178331.352020 -667730.192721 1.496117 3.724103 0.116671 1580240219.419077
7178331.366150 -667729.607418 1.537425 3.614545 0.121945 1580240219.669168
7178331.362608 -667729.100152 1.578401 3.564113 0.132132 1580240219.819445
7178331.364945 -667728.538489 1.614621 3.597155 0.153758 1580240220.019597
7178331.290513 -667727.942149 1.661175 3.546723 0.170408 1580240220.219277
7178331.188554 -667727.438933 1.712438 3.579764 0.177969 1580240220.369112
7178331.030643 -667726.806748 1.777136 3.531072 0.186928 1580240220.569016
7178330.853029 -667726.271776 1.848264 3.564113 0.197795 1580240220.768947
7178330.630316 -667725.713843 1.904823 3.597155 0.206775 1580240220.969015
7178330.361191 -667725.188432 1.971335 3.647586 0.216051 1580240221.169213
7178330.044450 -667724.635863 2.052132 3.673671 0.217479 1580240221.369408
7178329.708167 -667724.172966 2.109831 3.732798 0.217446 1580240221.519536
7178329.319782 -667723.667237 2.183175 3.739754 0.217393 1580240221.719627
7178328.953915 -667723.213876 2.249485 3.765839 0.217346 1580240221.869720
7178328.536039 -667722.815808 2.305073 3.739754 0.217438 1580240222.019633
7178328.142013 -667722.439115 2.370941 3.849312 0.217362 1580240222.169529
7178327.706833 -667722.049660 2.427278 3.824966 0.217315 1580240222.319505
7178327.308215 -667721.692354 2.493020 3.849312 0.217287 1580240222.469510
7178326.804390 -667721.348524 2.554730 3.899743 0.217213 1580240222.619601
7178326.293564 -667721.028650 2.605757 3.941480 0.217237 1580240222.769706
7178325.839151 -667720.787857 2.673098 3.934524 0.217279 1580240222.919746
7178325.339356 -667720.580112 2.726108 3.976260 0.217233 1580240223.069604
7178324.849902 -667720.439105 2.783142 3.941480 0.216446 1580240223.219441
7178324.248666 -667720.296943 2.844944 3.941480 0.211345 1580240223.369430
7178323.600188 -667720.188465 2.907990 4.017996 0.204104 1580240223.519506
7178323.002583 -667720.112974 2.967389 3.950175 0.203558 1580240223.669524
7178322.368324 -667720.083931 3.026688 3.958870 0.203673 1580240223.819707
7178321.717276 -667720.123760 3.097286 3.976260 0.203717 1580240223.969416
7178321.055808 -667720.170020 -3.136764 3.983216 0.203548 1580240224.119430
7178320.390507 -667720.248878 -3.069042 4.026692 0.204127 1580240224.269552
7178319.772133 -667720.345082 -3.008943 4.035387 0.205547 1580240224.419675
7178319.208565 -667720.463590 -2.950880 3.967565 0.214012 1580240224.569768
7178318.611365 -667720.614189 -2.888120 3.899743 0.216148 1580240224.719823
7178318.025276 -667720.749754 -2.824262 3.991911 0.216026 1580240224.869861
7178317.467425 -667720.960794 -2.765911 4.136250 0.215127 1580240225.019677
7178316.950143 -667721.157431 -2.702194 3.908438 0.211258 1580240225.169602
7178316.395038 -667721.407415 -2.646374 4.000606 0.194258 1580240225.319617
7178315.909236 -667721.653074 -2.593528 4.000606 0.170590 1580240225.469673
7178315.391827 -667721.988726 -2.553474 3.950175 0.141513 1580240225.619680
7178314.890377 -667722.317029 -2.517533 3.858007 0.114092 1580240225.769860
7178314.397814 -667722.642632 -2.491905 3.917134 0.094041 1580240225.920041
7178313.897469 -667722.981607 -2.469219 4.000606 0.088274 1580240226.070006
7178313.461587 -667723.322654 -2.447191 3.882353 0.088233 1580240226.219911
7178313.013290 -667723.707882 -2.423349 3.875397 0.088225 1580240226.369800
7178312.559394 -667724.070374 -2.399105 3.875397 0.088225 1580240226.519701
7178312.150463 -667724.441440 -2.375028 3.858007 0.088205 1580240226.669533
7178311.718452 -667724.843362 -2.353919 3.891048 0.088243 1580240226.819477
7178311.274031 -667725.260228 -2.326559 3.958870 0.088225 1580240226.969464
7178310.885226 -667725.660231 -2.301242 3.967565 0.087946 1580240227.119438
7178310.453743 -667726.119940 -2.275836 3.991911 0.085952 1580240227.269558
7178310.082920 -667726.565647 -2.252758 4.009301 0.075656 1580240227.420047
7178309.686110 -667727.059993 -2.233016 4.059733 0.066344 1580240227.569725
7178309.281651 -667727.559616 -2.211959 4.101469 0.062199 1580240227.719661
7178308.937339 -667727.991765 -2.197225 4.143206 0.062124 1580240227.869512
7178308.527401 -667728.528367 -2.176480 4.202332 0.061827 1580240228.019479
7178308.176905 -667729.019178 -2.156334 4.244069 0.057956 1580240228.169384
7178307.831238 -667729.563493 -2.136035 4.303195 0.055683 1580240228.319505
7178307.428833 -667730.136157 -2.118758 4.278849 0.058133 1580240228.469617
7178307.093280 -667730.675269 -2.100850 4.344931 0.063771 1580240228.619551
7178306.783906 -667731.189313 -2.080253 4.303195 0.067457 1580240228.769497
7178306.470481 -667731.731000 -2.059700 4.337975 0.067377 1580240228.919438
7178306.148595 -667732.332904 -2.038593 4.294500 0.067432 1580240229.069528
7178305.848335 -667732.883314 -2.017043 4.303195 0.067440 1580240229.219610
7178305.581859 -667733.454245 -1.995837 4.228417 0.067463 1580240229.369706
7178305.303392 -667734.064023 -1.974278 4.311890 0.067449 1580240229.519729
7178305.056378 -667734.595064 -1.956792 4.177986 0.066834 1580240229.669773
7178304.822013 -667735.211179 -1.933798 4.244069 0.058947 1580240229.819674
7178304.579930 -667735.797688 -1.918590 4.202332 0.044842 1580240229.969408
7178304.369230 -667736.385027 -1.905343 4.219722 0.025121 1580240230.119497
7178304.136216 -667736.955750 -1.898038 4.184942 0.011197 1580240230.269759
7178303.904551 -667737.544803 -1.893922 4.184942 0.003901 1580240230.419829
7178303.693774 -667738.150070 -1.896764 4.084079 -0.005351 1580240230.570002
7178303.499083 -667738.697797 -1.897963 4.202332 -0.009144 1580240230.720271
7178303.279854 -667739.350452 -1.898851 4.101469 -0.009240 1580240230.870441
7178303.067842 -667739.876140 -1.906159 4.127554 -0.009143 1580240231.020404
7178302.846083 -667740.448432 -1.906714 4.077123 -0.007781 1580240231.170329
7178302.660712 -667741.024496 -1.910283 4.110164 -0.002822 1580240231.320225
7178302.459965 -667741.606392 -1.909979 4.136250 0.003891 1580240231.470047
7178302.226589 -667742.204420 -1.906426 4.177986 0.004870 1580240231.619723
7178302.065499 -667742.751899 -1.905832 4.118859 0.004860 1580240231.769583
7178301.805996 -667743.393139 -1.905903 4.219722 0.004878 1580240231.919732
7178301.592615 -667743.943407 -1.904835 4.151901 0.004866 1580240232.069672
7178301.371807 -667744.548066 -1.903505 4.193637 0.005068 1580240232.219768
7178301.157590 -667745.118264 -1.902031 4.184942 0.006916 1580240232.369783
7178300.937222 -667745.740881 -1.899727 4.219722 0.007019 1580240232.519712
7178300.719502 -667746.315014 -1.898437 4.228417 0.006924 1580240232.669515
7178300.517738 -667746.862132 -1.892642 4.202332 0.008087 1580240232.819505
7178300.295958 -667747.473937 -1.892120 4.177986 0.009249 1580240232.969451
7178300.115133 -667748.062473 -1.887205 4.068428 0.009614 1580240233.119577
7178299.924410 -667748.646566 -1.883978 4.118859 0.010888 1580240233.269697
7178299.729165 -667749.222513 -1.880576 4.202332 0.011298 1580240233.419782
7178299.543992 -667749.810719 -1.875975 4.051038 0.011261 1580240233.569874
7178299.347607 -667750.376795 -1.874478 4.042343 0.011259 1580240233.719982
7178299.171859 -667750.942240 -1.871650 4.017996 0.007272 1580240233.869811
7178299.034783 -667751.520086 -1.869530 4.077123 -0.000394 1580240234.019584
7178298.882669 -667752.085435 -1.874803 4.059733 -0.005157 1580240234.169538
7178298.651009 -667752.695263 -1.872173 4.092774 -0.005254 1580240234.319528
7178298.461766 -667753.262318 -1.873361 4.092774 -0.005157 1580240234.469598
7178298.314889 -667753.799585 -1.872769 4.101469 -0.006128 1580240234.619713
7178298.104400 -667754.394271 -1.878683 3.976260 -0.009044 1580240234.769752
7178297.917454 -667755.012634 -1.878803 3.917134 -0.009044 1580240234.919773
7178297.740644 -667755.572809 -1.886016 4.000606 -0.011569 1580240235.069801
7178297.614125 -667756.074001 -1.887929 3.950175 -0.014284 1580240235.219929
7178297.428168 -667756.675518 -1.893295 3.908438 -0.013990 1580240235.369941
7178297.262795 -667757.222876 -1.898444 3.882353 -0.006522 1580240235.519953
7178297.106528 -667757.733935 -1.898355 3.875397 0.001816 1580240235.669737
7178296.928319 -667758.313584 -1.895818 3.866702 0.007341 1580240235.819576
7178296.759364 -667758.834169 -1.893337 3.840617 0.008983 1580240235.969455
7178296.581417 -667759.388715 -1.890928 3.816271 0.008978 1580240236.119341
7178296.401692 -667759.959545 -1.890557 3.790185 0.008392 1580240236.269379
7178296.217425 -667760.474342 -1.886279 3.765839 0.005386 1580240236.419485
7178296.025401 -667761.066926 -1.886645 3.724103 0.003540 1580240236.569581
7178295.866418 -667761.563002 -1.884741 3.706713 0.003635 1580240236.719743
7178295.714097 -667762.092613 -1.882882 3.673671 0.003631 1580240236.869842
7178295.574332 -667762.585271 -1.882860 3.656281 0.003629 1580240237.019835
7178295.393065 -667763.121667 -1.882598 3.631935 0.003142 1580240237.169953
7178295.236157 -667763.631836 -1.881432 3.614545 0.000240 1580240237.319993
7178295.052887 -667764.163800 -1.882899 3.579764 -0.001020 1580240237.470064
7178294.847845 -667764.805487 -1.883361 3.555418 -0.001022 1580240237.669939
7178294.642045 -667765.323888 -1.885254 3.513682 -0.001025 1580240237.819813
7178294.483266 -667765.856960 -1.884595 3.496292 -0.001123 1580240237.969682
7178294.285737 -667766.497513 -1.884834 3.471945 -0.001511 1580240238.169767
7178294.096581 -667766.984282 -1.885412 3.454555 -0.001416 1580240238.319932
7178293.896298 -667767.481663 -1.884841 3.445860 -0.001513 1580240238.470058
7178293.718087 -667768.116904 -1.886315 3.437165 -0.001514 1580240238.670059
7178293.546565 -667768.641203 -1.885845 3.445860 -0.002961 1580240238.820002
7178293.348702 -667769.190797 -1.885918 3.404124 -0.008075 1580240239.019934
7178293.148692 -667769.769556 -1.886799 3.026757 -0.008172 1580240239.219817
7178292.984775 -667770.284012 -1.890959 2.983282 -0.008076 1580240239.369916
7178292.798165 -667770.837875 -1.895112 2.522443 -0.008077 1580240239.620176
7178292.616947 -667771.336058 -1.899301 2.176379 -0.007981 1580240239.820148
7178292.404139 -667771.855831 -1.903276 1.866834 -0.008078 1580240240.119982
7178292.217351 -667772.372503 -1.909259 1.336434 -0.006653 1580240240.519877
7178292.008620 -667772.841145 -1.909609 0.764298 -0.006657 1580240241.070037
