7755513.338871 -365392.389509 0.278229 12.202036 0.027947 1542361757.080078
7755514.057670 -365392.181436 0.279990 12.198059 0.028088 1542361757.130102
7755514.675481 -365392.022758 0.289359 12.191097 0.028081 1542361757.180154
7755515.279298 -365391.856555 0.294585 12.186125 0.028078 1542361757.230145
7755515.897655 -365391.689026 0.304481 12.185131 0.027501 1542361757.280190
7755516.556934 -365391.486289 0.304998 12.194081 0.026646 1542361757.330206
7755517.092687 -365391.318939 0.312795 12.191097 0.025924 1542361757.380248
7755517.580029 -365391.192829 0.315799 12.211981 0.023926 1542361757.430240
7755518.761602 -365390.829771 0.324849 12.214964 0.022201 1542361757.530270
7755519.277859 -365390.654081 0.334392 12.216953 0.021770 1542361757.580242
7755520.054016 -365390.377063 0.336973 12.202036 0.021760 1542361757.630219
7755520.998271 -365390.080173 0.341668 12.200048 0.022334 1542361757.730136
7755521.683517 -365389.833894 0.349114 12.192092 0.022616 1542361757.780044
7755522.297143 -365389.619802 0.355281 12.177175 0.022750 1542361757.829996
7755523.300507 -365389.253093 0.359965 12.160269 0.022594 1542361757.929882
7755523.926429 -365389.015250 0.369984 12.148336 0.022155 1542361757.979862
7755524.438273 -365388.808078 0.370596 12.150324 0.021869 1542361758.029855
7755525.057963 -365388.579852 0.376213 12.138391 0.022579 1542361758.079813
7755526.149876 -365388.152527 0.386053 12.087673 0.024407 1542361758.179819
7755526.663123 -365387.936607 0.390741 12.044912 0.024948 1542361758.229848
7755527.218806 -365387.710967 0.396035 11.997178 0.025913 1542361758.279811
7755527.697293 -365387.517218 0.400497 11.935521 0.026720 1542361758.329852
7755528.292668 -365387.272832 0.406532 11.887787 0.027394 1542361758.379870
7755528.848238 -365387.012882 0.411177 11.794307 0.028027 1542361758.429933
7755529.790924 -365386.590532 0.422272 11.609338 0.029848 1542361758.529914
7755530.323165 -365386.333674 0.426424 11.522820 0.030476 1542361758.579873
7755530.902113 -365386.073026 0.436549 11.396523 0.030643 1542361758.629870
7755531.431435 -365385.856894 0.441652 11.322933 0.030716 1542361758.679819
7755531.952014 -365385.598363 0.449229 11.213542 0.030617 1542361758.729851
7755532.427973 -365385.399078 0.452536 11.150891 0.031119 1542361758.779781
7755532.894142 -365385.153813 0.457289 11.046473 0.031580 1542361758.829811
7755533.436497 -365384.888996 0.468284 10.980838 0.031797 1542361758.879724
7755533.934201 -365384.633728 0.475767 10.883381 0.031985 1542361758.929741
7755534.793046 -365384.199090 0.485437 10.714323 0.031555 1542361759.029667
7755535.724011 -365383.704836 0.499671 10.558192 0.030046 1542361759.129619
7755536.621605 -365383.266599 0.506724 10.429907 0.026933 1542361759.229515
7755537.508448 -365382.760976 0.513263 10.314549 0.025350 1542361759.329454
7755538.019848 -365382.455804 0.518895 10.284716 0.024785 1542361759.379334
7755538.492418 -365382.176382 0.526081 10.228031 0.024068 1542361759.429306
7755539.324936 -365381.688764 0.539411 10.134552 0.022651 1542361759.529263
7755540.158919 -365381.214314 0.544191 10.030134 0.019750 1542361759.629227
7755540.965029 -365380.695171 0.548057 9.952566 0.016877 1542361759.729216
7755541.442498 -365380.405001 0.555151 9.924721 0.015113 1542361759.779238
7755542.143978 -365379.969364 0.557231 9.879970 0.011865 1542361759.879283
7755542.606603 -365379.722699 0.561250 9.844169 0.010375 1542361759.929379
7755543.518028 -365379.142262 0.564375 9.775552 0.007940 1542361760.029401
7755544.354440 -365378.630307 0.568104 9.707928 0.007389 1542361760.129438
7755545.007409 -365378.192217 0.572001 9.660194 0.006042 1542361760.229397
7755545.432901 -365377.925820 0.572742 9.632349 0.004701 1542361760.279413
7755546.193902 -365377.430000 0.572183 9.591576 0.001223 1542361760.379333
7755546.641942 -365377.130188 0.571270 9.569698 -0.001181 1542361760.429339
7755547.406872 -365376.640453 0.573376 9.533898 -0.004114 1542361760.529163
7755547.909480 -365376.330943 0.573130 9.500086 -0.005844 1542361760.579068
7755548.334387 -365376.063113 0.573421 9.500086 -0.006775 1542361760.628951
7755549.088698 -365375.572305 0.572576 9.478208 -0.007170 1542361760.728846
7755549.537568 -365375.302329 0.572556 9.474230 -0.007436 1542361760.778742
7755549.963769 -365375.037249 0.567965 9.476219 -0.007437 1542361760.828717
7755550.673347 -365374.593522 0.564325 9.468263 -0.007569 1542361760.928620
7755551.524903 -365374.082087 0.563297 9.450363 -0.008230 1542361761.028565
7755552.283572 -365373.622898 0.561874 9.447380 -0.008762 1542361761.128528
7755552.736267 -365373.341703 0.558657 9.430474 -0.009290 1542361761.178549
7755553.451671 -365372.909111 0.556182 9.418540 -0.010218 1542361761.278460
7755554.301426 -365372.380264 0.551349 9.407601 -0.010613 1542361761.378452
7755555.167445 -365371.830367 0.545936 9.398651 -0.010478 1542361761.478391
7755555.849030 -365371.409074 0.545703 9.392684 -0.010211 1542361761.578421
7755556.638039 -365370.979442 0.543856 9.369812 -0.009275 1542361761.678460
7755557.534688 -365370.459037 0.541325 9.355889 -0.009272 1542361761.778390
7755558.222579 -365370.083781 0.538621 9.350917 -0.009271 1542361761.878429
7755558.694365 -365369.794188 0.537547 9.348928 -0.009271 1542361761.928455
7755559.522328 -365369.291102 0.532444 9.338983 -0.009135 1542361762.028951
7755560.023361 -365368.999319 0.528843 9.323072 -0.008469 1542361762.078312
7755560.690618 -365368.626220 0.527265 9.297216 -0.007402 1542361762.178300
7755561.493694 -365368.159792 0.527992 9.282299 -0.007002 1542361762.278373
7755562.327988 -365367.683015 0.524329 9.288266 -0.007003 1542361762.378345
7755562.793414 -365367.412156 0.520392 9.284288 -0.007002 1542361762.428286
7755563.540518 -365366.990713 0.520395 9.275338 -0.007001 1542361762.528236
7755564.069876 -365366.694558 0.521724 9.257437 -0.006998 1542361762.578278
7755564.752793 -365366.296308 0.519191 9.236554 -0.006994 1542361762.678084
7755565.433286 -365365.926031 0.513746 9.226609 -0.006992 1542361762.777974
7755565.894527 -365365.669001 0.514084 9.224620 -0.006992 1542361762.827864
7755566.691261 -365365.225757 0.513052 9.214676 -0.006990 1542361762.927765
7755567.527056 -365364.765938 0.507592 9.191803 -0.006987 1542361763.027671
7755568.312562 -365364.323540 0.507859 9.160975 -0.006981 1542361763.127611
7755568.765875 -365364.074010 0.505341 9.154014 -0.007112 1542361763.177569
7755569.563570 -365363.646824 0.504777 9.128158 -0.007107 1542361763.277510
7755570.313162 -365363.235054 0.502271 9.126169 -0.007106 1542361763.377485
7755570.759054 -365363.004086 0.499275 9.126169 -0.006975 1542361763.427466
7755571.481974 -365362.612917 0.497992 9.132135 -0.006052 1542361763.527470
7755571.928221 -365362.356253 0.497195 9.132135 -0.006052 1542361763.577476
7755572.797913 -365361.877587 0.495999 9.106279 -0.005389 1542361763.677393
7755573.515329 -365361.518395 0.494103 9.077440 -0.003934 1542361763.777373
7755574.307157 -365361.109345 0.491990 9.071473 -0.002616 1542361763.877375
7755574.809255 -365360.840455 0.492362 9.067495 -0.002484 1542361763.927373
7755575.531895 -365360.461299 0.492244 9.056556 -0.002878 1542361764.027410
7755576.311572 -365360.054122 0.492180 9.036667 -0.002614 1542361764.127419
7755577.158709 -365359.628784 0.489815 9.011806 -0.002218 1542361764.227450
7755577.836563 -365359.262904 0.489639 8.999872 -0.002085 1542361764.327355
7755578.358357 -365358.988417 0.489214 9.000867 -0.001559 1542361764.377342
7755579.037805 -365358.610744 0.489164 8.965066 -0.000769 1542361764.477229
7755579.854571 -365358.189868 0.487281 8.909376 -0.000899 1542361764.577131
7755580.660598 -365357.788843 0.491616 8.892470 -0.001818 1542361764.677002
7755581.416362 -365357.394866 0.487988 8.921310 -0.001819 1542361764.776969
7755582.217957 -365356.969599 0.487551 8.911365 -0.001819 1542361764.876894
7755583.056594 -365356.543770 0.487179 8.855675 -0.001816 1542361764.976916
7755583.774277 -365356.193306 0.487798 8.822858 -0.002077 1542361765.076863
7755584.622807 -365355.735878 0.486337 8.850703 -0.001816 1542361765.176856
7755585.332152 -365355.346246 0.486439 8.845731 -0.001816 1542361765.276915
7755586.047248 -365354.983185 0.486194 8.809930 -0.001814 1542361765.376934
7755586.493440 -365354.746118 0.487308 8.766174 -0.001812 1542361765.426931
7755587.270835 -365354.317833 0.486643 8.775124 -0.001158 1542361765.526930
7755588.018064 -365353.944416 0.485616 8.775124 -0.000765 1542361765.626949
7755588.510840 -365353.681199 0.486669 8.769157 -0.000765 1542361765.676949
7755589.238547 -365353.340079 0.487307 8.730373 -0.000895 1542361765.776940
7755590.067510 -365352.928208 0.489826 8.705512 -0.000895 1542361765.876881
7755590.756423 -365352.555193 0.489940 8.710484 -0.000895 1542361765.976755
7755591.458575 -365352.175950 0.487397 8.702528 -0.001156 1542361766.076680
7755592.302026 -365351.734534 0.487966 8.678661 -0.001155 1542361766.176589
7755593.069257 -365351.345852 0.489355 8.672694 -0.001155 1542361766.276535
7755593.747244 -365350.983150 0.485938 8.652805 -0.001285 1542361766.376547
7755594.535179 -365350.589927 0.484631 8.624960 -0.001284 1542361766.476573
7755595.313036 -365350.214939 0.481891 8.618993 -0.001284 1542361766.576534
7755596.101624 -365349.796196 0.482409 8.605071 -0.001284 1542361766.676572
7755596.904659 -365349.383963 0.481909 8.577226 -0.001283 1542361766.776538
7755597.574989 -365349.027844 0.481171 8.563304 -0.001282 1542361766.876505
7755598.277304 -365348.655298 0.479381 8.554354 -0.001282 1542361766.976313
7755599.031773 -365348.254631 0.479493 8.530486 -0.002062 1542361767.076329
7755599.857621 -365347.842515 0.481403 8.533470 -0.002193 1542361767.176222
7755600.556901 -365347.472795 0.479525 8.510597 -0.001801 1542361767.276240
7755601.295813 -365347.099211 0.479228 8.488719 -0.002060 1542361767.376229
7755602.005195 -365346.720763 0.478919 8.474797 -0.002059 1542361767.476276
7755602.713182 -365346.368677 0.478874 8.453913 -0.002058 1542361767.576265
7755603.559445 -365345.938603 0.476694 8.436013 -0.002057 1542361767.676319
7755604.271031 -365345.579670 0.476819 8.424079 -0.002057 1542361767.776219
7755604.742566 -365345.347114 0.478562 8.408168 -0.001796 1542361767.826259
7755605.500392 -365344.954499 0.477573 8.384301 -0.000889 1542361767.926252
7755606.201550 -365344.624254 0.475255 8.384301 -0.000111 1542361768.026202
7755606.879977 -365344.306869 0.477621 8.378334 0.000537 1542361768.126268
7755607.643148 -365343.901595 0.475310 8.355461 0.000537 1542361768.226175
7755608.358384 -365343.548767 0.475587 8.337561 0.000407 1542361768.326089
7755609.140686 -365343.163183 0.477034 8.318666 0.000407 1542361768.425975
7755609.795054 -365342.837292 0.476755 8.298777 0.000407 1542361768.525809
7755610.633321 -365342.396366 0.476277 8.282866 0.000148 1542361768.625716
7755611.418673 -365341.985953 0.476517 8.270932 -0.000369 1542361768.725655
7755612.086517 -365341.670202 0.478616 8.265960 -0.000369 1542361768.825579
7755612.783326 -365341.315654 0.477366 8.250048 -0.000369 1542361768.925552
7755613.565025 -365340.921116 0.477313 8.219220 -0.000369 1542361769.025541
7755614.296679 -365340.554131 0.478893 8.194359 -0.000369 1542361769.125536
7755615.010392 -365340.170702 0.477025 8.184414 -0.000369 1542361769.225395
7755615.723064 -365339.791436 0.476301 8.172480 -0.000368 1542361769.325301
7755616.419876 -365339.455213 0.478358 8.150602 -0.000368 1542361769.425243
7755617.152875 -365339.072607 0.478462 8.127730 -0.000368 1542361769.525170
7755617.881005 -365338.693153 0.477783 8.105852 -0.000110 1542361769.625229
7755618.581622 -365338.346776 0.478533 8.072040 0.000147 1542361769.725203
7755619.291602 -365337.994086 0.479925 8.018339 0.000532 1542361769.825167
7755619.965368 -365337.674597 0.480307 7.954694 0.001301 1542361769.925194
7755620.594649 -365337.384028 0.482142 7.843314 0.001682 1542361770.025101
7755621.274752 -365337.050346 0.482859 7.705084 0.001676 1542361770.125011
7755621.936255 -365336.692304 0.482817 7.586743 0.001673 1542361770.224887
7755622.634995 -365336.334492 0.482987 7.463430 0.001668 1542361770.324849
7755623.247475 -365336.025237 0.484017 7.326194 0.001662 1542361770.424804
7755623.867726 -365335.712626 0.483009 7.183986 0.001279 1542361770.524730
7755624.498497 -365335.384767 0.483058 7.063656 0.000520 1542361770.624704
7755625.018989 -365335.109844 0.483079 6.940343 0.000519 1542361770.724798
7755625.630600 -365334.794813 0.482936 6.804102 0.000517 1542361770.824800
7755626.165260 -365334.504721 0.483244 6.669850 0.000391 1542361770.924877
7755626.725382 -365334.233468 0.483216 6.540570 0.000390 1542361771.024876
7755627.287722 -365333.937430 0.484330 6.400351 0.000389 1542361771.124801
7755627.853126 -365333.616908 0.483474 6.251182 0.000387 1542361771.225087
7755628.318426 -365333.404742 0.484018 6.101018 0.000140 1542361771.324662
7755628.807567 -365333.171677 0.484583 5.974722 -0.000354 1542361771.424551
7755629.339537 -365332.887000 0.484738 5.872292 -0.000354 1542361771.524544
7755629.797174 -365332.662334 0.484238 5.745001 -0.000353 1542361771.624525
7755630.470610 -365332.311100 0.482542 5.526220 -0.000352 1542361771.774486
7755631.218940 -365331.917707 0.482527 5.325339 -0.000351 1542361771.924533
7755631.676023 -365331.666375 0.485545 5.225893 -0.000350 1542361772.024474
7755632.309186 -365331.351170 0.483968 5.066779 -0.000349 1542361772.174335
7755632.954393 -365331.064372 0.485989 4.919599 -0.000349 1542361772.324128
7755633.482803 -365330.792424 0.485488 4.808219 -0.000349 1542361772.474133
7755633.935501 -365330.559192 0.485393 4.727668 -0.000349 1542361772.574136
7755634.523540 -365330.239232 0.483747 4.617282 -0.000348 1542361772.724171
7755635.147451 -365329.944710 0.483905 4.516842 -0.000106 1542361772.874000
7755635.722188 -365329.660285 0.483527 4.404468 -0.000106 1542361773.023865
7755636.270596 -365329.378203 0.482837 4.259276 -0.000106 1542361773.173652
7755636.805111 -365329.106536 0.482306 4.134969 0.000134 1542361773.323498
7755637.330437 -365328.809104 0.484043 4.035523 0.000852 1542361773.473336
7755637.816799 -365328.563296 0.484797 3.883370 0.000850 1542361773.623264
7755638.365169 -365328.289945 0.485498 3.803813 0.000850 1542361773.773214
7755638.913112 -365328.004529 0.484310 3.744146 0.000849 1542361773.923209
7755639.397039 -365327.794598 0.484432 3.604921 0.001205 1542361774.073173
7755639.897968 -365327.506749 0.483602 3.461719 0.002155 1542361774.273190
7755640.360060 -365327.275070 0.484963 3.337411 0.001795 1542361774.423183
7755640.888577 -365327.017507 0.483280 3.191225 0.002149 1542361774.623311
7755641.378943 -365326.761958 0.483136 3.059956 0.002146 1542361774.823284
7755641.867449 -365326.520474 0.483127 2.916754 0.002143 1542361775.023140
7755642.413287 -365326.251637 0.483063 2.773552 0.004859 1542361775.272803
7755642.896261 -365325.964771 0.484524 2.652227 0.004263 1542361775.472663
7755643.468052 -365325.684226 0.486542 2.518970 0.004259 1542361775.722514
7755644.035964 -365325.404742 0.487917 2.425490 0.004020 1542361775.972480
7755644.499644 -365325.153121 0.490623 2.282288 0.003545 1542361776.222218
7755644.970650 -365324.929893 0.491571 2.165936 0.002953 1542361776.471910
7755645.485587 -365324.639714 0.492485 2.008811 0.003891 1542361776.771744
7755645.964854 -365324.398510 0.493153 1.844725 0.004005 1542361777.071656
7755646.439710 -365324.141628 0.494482 1.674672 0.004001 1542361777.421626
7755646.932643 -365323.888157 0.493795 1.630916 0.003999 1542361777.771551
7755647.419594 -365323.599585 0.494582 1.634894 0.003999 1542361778.121617
7755647.909609 -365323.401790 0.493298 1.643844 0.004000 1542361778.471469
7755648.415960 -365323.130487 0.494720 1.674672 0.004705 1542361778.821025
7755648.921911 -365322.848896 0.498319 1.675667 0.006229 1542361779.120878
7755649.393432 -365322.579495 0.499218 1.700528 0.011861 1542361779.420822
7755649.848976 -365322.345535 0.500043 1.707490 0.013855 1542361779.770794
7755650.354086 -365322.101463 0.505755 1.701523 0.022532 1542361780.070804
7755650.833775 -365321.829788 0.512122 1.733346 0.038712 1542361780.370572
7755651.290277 -365321.563498 0.521940 1.742296 0.044453 1542361780.720065
7755651.758196 -365321.322508 0.531612 1.727379 0.048078 1542361781.019620
7755652.183686 -365321.024552 0.542639 1.738318 0.055922 1542361781.269423
7755652.663591 -365320.738264 0.556077 1.759202 0.062944 1542361781.569366
7755653.080390 -365320.457309 0.571005 1.754229 0.062943 1542361781.869299
7755653.542508 -365320.222945 0.586852 1.765168 0.066569 1542361782.219194
7755653.978899 -365319.935251 0.597114 1.775113 0.077429 1542361782.519072
7755654.418975 -365319.654116 0.616326 1.775113 0.095368 1542361782.768939
7755654.819071 -365319.331024 0.637327 1.755224 0.104188 1542361783.068928
7755655.253124 -365319.008831 0.660538 1.764174 0.112084 1542361783.368646
7755655.713721 -365318.686559 0.688917 1.733346 0.138519 1542361783.718473
7755656.134000 -365318.284308 0.722375 1.733346 0.149784 1542361784.018369
7755656.493294 -365317.928295 0.754582 1.722406 0.164773 1542361784.318291
7755656.902003 -365317.579088 0.796088 1.679645 0.197888 1542361784.668381
7755657.309273 -365317.156529 0.843971 1.616994 0.227422 1542361785.018281
7755657.629499 -365316.757812 0.903449 1.472797 0.274803 1542361785.418324
7755657.978443 -365316.336684 0.957998 1.220204 0.280150 1542361785.818165
7755658.281640 -365315.912990 1.001295 0.237676 0.240232 1542361786.617709
7755658.496597 -365315.420284 1.112920 0.634466 0.295916 1542361860.416134
7755658.750120 -365314.971124 1.177160 1.024295 0.225089 1542361861.016685
7755658.961450 -365314.505459 1.218655 1.341528 0.180052 1542361861.366974
7755659.123698 -365313.996129 1.254999 1.600088 0.141759 1542361861.667124
7755659.286301 -365313.500737 1.280626 1.822847 0.109105 1542361861.917294
7755659.432831 -365312.972855 1.304288 2.113230 0.090435 1542361862.167547
7755659.598474 -365312.376380 1.325861 2.408585 0.079624 1542361862.417838
7755659.747612 -365311.817122 1.344734 2.662172 0.073208 1542361862.618009
7755659.857399 -365311.225903 1.362239 2.904821 0.067003 1542361862.818298
7755659.977405 -365310.700412 1.374586 3.093768 0.058619 1542361862.968541
7755660.087694 -365310.112725 1.389305 3.326472 0.051054 1542361863.168812
7755660.206240 -365309.474262 1.402557 3.480614 0.050661 1542361863.319065
7755660.335481 -365308.892142 1.414873 3.636744 0.048607 1542361863.469232
7755660.408154 -365308.349731 1.425582 3.741162 0.044616 1542361863.619361
7755660.475983 -365307.843994 1.437447 3.761052 0.039979 1542361863.769491
7755660.523817 -365307.343923 1.445483 3.809780 0.035351 1542361863.919590
7755660.626452 -365306.750529 1.452213 3.833647 0.030944 1542361864.069713
7755660.727310 -365306.080744 1.462289 3.835636 0.030826 1542361864.219855
7755660.782915 -365305.514280 1.471095 3.854531 0.031430 1542361864.369939
7755660.866332 -365305.015455 1.476928 3.814752 0.035829 1542361864.519965
7755660.934123 -365304.421798 1.487323 3.812763 0.047513 1542361864.670011
7755660.959749 -365303.844886 1.497178 3.803813 0.047747 1542361864.820094
7755661.027357 -365303.263903 1.512180 3.808786 0.053826 1542361864.970221
7755661.060157 -365302.709683 1.526758 3.845581 0.064090 1542361865.120324
7755661.082541 -365302.149752 1.539414 3.797847 0.069286 1542361865.270327
7755661.076533 -365301.565449 1.557762 3.834642 0.069434 1542361865.420228
7755661.082355 -365300.836439 1.578307 3.978838 0.060734 1542361865.620171
7755661.069526 -365300.098975 1.592528 4.067345 0.049691 1542361865.770205
7755661.057784 -365299.421291 1.604831 4.152869 0.044000 1542361865.920306
7755661.052881 -365298.803977 1.619298 4.247343 0.044054 1542361866.070457
7755661.058681 -365298.179878 1.632596 4.315961 0.043253 1542361866.220611
7755660.996959 -365297.562630 1.643560 4.416401 0.041388 1542361866.370790
7755660.948736 -365296.874995 1.656515 4.448224 0.042248 1542361866.520781
7755660.895439 -365296.263358 1.665495 4.453196 0.046337 1542361866.670788
7755660.824386 -365295.528982 1.680070 4.458169 0.048142 1542361866.820624
7755660.797261 -365294.902768 1.694900 4.484025 0.047558 1542361866.970466
7755660.720309 -365294.299747 1.708306 4.509881 0.046372 1542361867.120425
7755660.598582 -365293.628901 1.722652 4.566565 0.044482 1542361867.270438
7755660.516420 -365292.853886 1.732791 4.661039 0.041528 1542361867.420406
7755660.402101 -365292.100545 1.743568 4.734629 0.037106 1542361867.570441
7755660.330143 -365291.574618 1.753241 4.769435 0.034104 1542361867.670475
7755660.165574 -365290.904419 1.759701 4.837058 0.028816 1542361867.820580
