7757911.384492 -363583.554683 2.467231 3.033503 -0.003950 1578403198.822776
7757910.941033 -363583.162628 2.465240 3.051238 -0.005133 1578403199.022719
7757910.533656 -363582.828911 2.466867 3.102668 -0.008047 1578403199.222785
7757910.060697 -363582.440310 2.464420 3.171833 -0.008959 1578403199.422591
7757909.668969 -363582.125587 2.461932 3.180701 -0.008957 1578403199.572328
7757909.264883 -363581.753877 2.458490 3.189568 -0.009050 1578403199.772113
7757908.850879 -363581.421523 2.454586 3.180701 -0.010327 1578403199.921901
7757908.456480 -363581.071023 2.451156 3.196662 -0.014887 1578403200.071614
7757908.006393 -363580.718864 2.444723 3.239225 -0.021997 1578403200.271284
7757907.594185 -363580.351709 2.441746 3.171833 -0.021910 1578403200.421088
7757907.120132 -363579.932658 2.433944 3.093801 -0.021974 1578403200.620888
7757906.705920 -363579.558481 2.427032 3.171833 -0.022181 1578403200.820730
7757906.333402 -363579.223755 2.426018 3.060105 -0.022354 1578403200.970599
7757905.882423 -363578.819506 2.423901 3.154099 -0.022617 1578403201.170523
7757905.438805 -363578.421579 2.409958 3.026409 -0.031540 1578403201.370473
7757904.961384 -363578.009839 2.396446 3.086707 -0.053800 1578403201.570215
7757904.603756 -363577.614204 2.381363 3.171833 -0.077843 1578403201.769846
7757904.118205 -363577.123593 2.357824 2.957245 -0.092338 1578403201.969650
7757903.744084 -363576.742814 2.332302 3.086707 -0.109457 1578403202.169683
7757903.285086 -363576.217698 2.303084 3.136364 -0.122794 1578403202.369520
7757902.886198 -363575.715344 2.271936 3.171833 -0.125859 1578403202.569187
7757902.502302 -363575.228604 2.234608 3.214396 -0.131684 1578403202.769003
7757902.162524 -363574.758781 2.194972 3.042371 -0.136373 1578403202.968646
7757901.784577 -363574.237555 2.148581 3.042371 -0.142847 1578403203.168231
7757901.503214 -363573.697417 2.108548 3.111536 -0.159428 1578403203.368056
7757901.252707 -363573.217751 2.067997 2.999808 -0.178758 1578403203.567574
7757900.976493 -363572.687819 2.014638 2.923549 -0.188416 1578403203.767201
7757900.724349 -363572.045187 1.953747 2.948377 -0.189686 1578403204.017093
7757900.560111 -363571.506822 1.902766 2.905814 -0.195584 1578403204.216878
7757900.421315 -363570.986012 1.841499 2.751523 -0.208259 1578403204.416632
7757900.284164 -363570.454613 1.780447 2.785219 -0.220993 1578403204.616188
7757900.146704 -363569.916902 1.730406 2.760390 -0.225188 1578403204.815711
7757900.112793 -363569.395252 1.671494 2.785219 -0.225097 1578403205.015310
7757900.081235 -363568.865353 1.614493 2.794086 -0.225101 1578403205.214967
7757900.102316 -363568.280695 1.559782 2.769258 -0.222171 1578403205.414760
7757900.144443 -363567.744792 1.501155 2.682358 -0.211885 1578403205.614588
7757900.219546 -363567.231417 1.454989 2.614967 -0.190547 1578403205.814206
7757900.297041 -363566.719911 1.409958 2.726695 -0.168690 1578403206.013714
7757900.411430 -363566.065035 1.365212 2.733789 -0.138825 1578403206.263113
7757900.551386 -363565.434755 1.328207 2.708960 -0.111698 1578403206.512499
7757900.727509 -363564.813318 1.300767 2.682358 -0.073385 1578403206.762033
7757900.932005 -363564.218462 1.289220 2.708960 -0.031283 1578403206.961861
7757901.140095 -363563.731207 1.287380 2.717827 0.013021 1578403207.211432
7757901.306311 -363563.258360 1.291043 2.778125 0.045326 1578403207.411070
7757901.482017 -363562.735420 1.307343 2.811821 0.069318 1578403207.610812
7757901.642511 -363562.106308 1.334166 2.811821 0.074103 1578403207.810408
7757901.773879 -363561.593646 1.350289 2.820688 0.077448 1578403208.010146
7757901.918847 -363561.034169 1.378810 2.854384 0.098185 1578403208.209698
7757902.047272 -363560.480572 1.407122 2.820688 0.137848 1578403208.409217
7757902.110224 -363559.946119 1.454451 2.820688 0.170833 1578403208.608777
7757902.177838 -363559.334594 1.515941 2.863251 0.197757 1578403208.858288
7757902.214459 -363558.772009 1.575309 2.923549 0.219522 1578403209.057964
7757902.207310 -363558.193128 1.644606 2.983846 0.234595 1578403209.257666
7757902.185401 -363557.622596 1.710521 2.957245 0.241886 1578403209.457352
7757902.073360 -363557.081795 1.786800 3.051238 0.241838 1578403209.656773
7757901.946020 -363556.517016 1.861161 3.093801 0.241848 1578403209.856160
7757901.784095 -363555.990251 1.934673 3.154099 0.241349 1578403210.055693
7757901.592752 -363555.478683 2.005631 3.205529 0.236058 1578403210.255387
7757901.377019 -363554.990290 2.066459 3.205529 0.220702 1578403210.405104
7757901.098066 -363554.521406 2.117385 3.239225 0.202921 1578403210.554881
7757900.761946 -363553.990737 2.178149 3.239225 0.181240 1578403210.754663
7757900.425702 -363553.533000 2.237347 3.283561 0.157947 1578403210.954289
7757900.071954 -363553.041465 2.273049 3.377555 0.138336 1578403211.104060
7757899.744624 -363552.655592 2.300809 3.368687 0.119083 1578403211.253607
7757899.411767 -363552.273651 2.332450 3.444946 0.099939 1578403211.403501
7757899.075654 -363551.889601 2.352142 3.514111 0.084169 1578403211.553152
7757898.611938 -363551.463315 2.379423 3.514111 0.068528 1578403211.753030
7757898.122292 -363550.972173 2.400591 3.547807 0.049187 1578403211.952785
7757897.760035 -363550.617758 2.414741 3.522978 0.029428 1578403212.102658
7757897.395300 -363550.257738 2.422320 3.565541 0.008238 1578403212.252707
7757896.979003 -363549.858310 2.422938 3.377555 -0.009328 1578403212.502397
7757896.526418 -363549.462999 2.422404 3.522978 -0.005672 1578403212.652173
7757896.069472 -363549.066673 2.418359 3.480415 0.001276 1578403212.801868
7757895.697879 -363548.697475 2.416058 3.386422 0.002182 1578403212.951737
7757895.288100 -363548.351083 2.422710 3.402383 0.001635 1578403213.101423
7757894.908938 -363548.008204 2.421265 3.359820 0.001540 1578403213.251204
7757894.516348 -363547.631071 2.420023 3.317257 -0.000928 1578403213.401086
7757894.036725 -363547.185060 2.420286 3.326124 -0.003119 1578403213.600874
7757893.609241 -363546.813050 2.418278 3.299522 -0.009783 1578403213.800557
7757893.185933 -363546.438176 2.411663 3.308390 -0.011426 1578403214.000155
7757892.679949 -363545.972167 2.413500 3.102668 -0.001669 1578403214.199909
7757892.327708 -363545.614248 2.417042 3.205529 0.013380 1578403214.349722
7757891.838689 -363545.228328 2.422048 3.248092 0.019224 1578403214.549378
7757891.459596 -363544.846889 2.429376 2.896947 0.019322 1578403214.749029
7757891.036074 -363544.498860 2.432519 3.154099 0.018419 1578403214.948842
7757890.665252 -363544.151864 2.438174 2.983846 0.016159 1578403215.098515
7757890.206049 -363543.784346 2.440847 2.983846 0.008790 1578403215.298241
7757889.763386 -363543.389276 2.438712 3.120403 -0.001577 1578403215.497952
7757889.292906 -363542.957074 2.440980 3.239225 -0.010329 1578403215.697681
7757888.817506 -363542.551462 2.434774 3.214396 -0.014527 1578403215.897466
7757888.449797 -363542.195954 2.428859 3.274694 -0.015704 1578403216.047414
7757887.967353 -363541.784275 2.424893 3.111536 -0.014247 1578403216.247224
7757887.486734 -363541.356044 2.424254 3.154099 -0.008595 1578403216.447090
7757886.985299 -363540.869494 2.419176 3.189568 -0.003397 1578403216.646909
7757886.574094 -363540.439246 2.418298 3.145231 0.002895 1578403216.846923
7757886.132495 -363540.006774 2.425928 3.102668 0.002795 1578403217.046601
7757885.674531 -363539.572154 2.420351 3.102668 0.002796 1578403217.246432
7757885.258277 -363539.225631 2.422759 3.093801 0.002703 1578403217.446108
7757884.876957 -363538.870767 2.423302 3.093801 0.002247 1578403217.595879
7757884.431735 -363538.463298 2.425564 3.086707 -0.001215 1578403217.795680
7757883.978593 -363538.070560 2.423642 3.068973 -0.002126 1578403217.995447
