7757478.944534 -364050.416892 -2.493639 0.000000 0.000000 1561484579.348042
7757480.593271 -364049.479718 -2.533680 -0.001001 -0.001070 1561484579.389178
7757480.976983 -364049.004569 -2.496604 -0.001001 -0.001070 1561484579.439140
7757480.364285 -364049.297198 -2.490313 -0.001001 -0.001070 1561484579.788720
7757480.007702 -364049.700215 -2.476082 1.052862 0.009467 1561484593.925301
7757479.560751 -364050.060012 -2.476617 1.494223 0.009732 1561484594.275077
7757479.136776 -364050.398687 -2.477081 1.813484 0.011117 1561484594.524706
7757478.698057 -364050.729501 -2.476816 2.110727 0.008145 1561484594.774487
7757478.304537 -364051.041871 -2.471499 2.381949 0.006785 1561484594.974277
7757477.805411 -364051.446964 -2.471305 2.637158 0.006047 1561484595.174177
7757477.315700 -364051.826583 -2.472829 2.886362 0.004178 1561484595.373931
7757476.921348 -364052.163269 -2.471192 3.088527 0.003557 1561484595.523693
7757476.391860 -364052.538046 -2.469682 3.303704 -0.001345 1561484595.723343
7757475.939357 -364052.892552 -2.470685 3.458830 -0.001979 1561484595.873099
7757475.541618 -364053.196862 -2.471897 3.621964 -0.001983 1561484596.022941
7757475.018726 -364053.578071 -2.473350 3.756074 -0.001987 1561484596.172781
7757474.539748 -364053.918773 -2.473081 3.888182 -0.002243 1561484596.322732
7757474.073500 -364054.292006 -2.473962 4.012283 -0.004404 1561484596.472608
7757473.503229 -364054.735646 -2.476537 4.163407 -0.005811 1561484596.622612
7757473.035980 -364055.160951 -2.472939 4.295515 -0.004930 1561484596.772397
7757472.447391 -364055.576484 -2.479981 4.407607 -0.006085 1561484596.922194
7757471.997967 -364055.946826 -2.479961 4.535712 -0.006733 1561484597.072035
7757471.565946 -364056.268884 -2.482826 4.610773 -0.008787 1561484597.171935
7757471.024477 -364056.682043 -2.482371 4.695843 -0.009693 1561484597.321845
7757470.462095 -364057.087038 -2.484954 4.806934 -0.009451 1561484597.471765
7757470.000998 -364057.455346 -2.486692 4.858976 -0.009459 1561484597.571701
7757469.488031 -364057.822483 -2.490940 4.961060 -0.009473 1561484597.721473
7757469.026360 -364058.158767 -2.495816 5.024111 -0.009484 1561484597.821345
7757468.534371 -364058.475843 -2.498071 5.071150 -0.008977 1561484597.921251
7757467.911897 -364058.946741 -2.497533 5.169230 -0.011309 1561484598.071093
7757467.485540 -364059.237398 -2.500907 5.206260 -0.011576 1561484598.171091
7757467.053051 -364059.543665 -2.504395 5.247294 -0.013003 1561484598.270993
7757466.634341 -364059.858305 -2.505481 5.307343 -0.014953 1561484598.370855
7757466.220213 -364060.141251 -2.505476 5.343373 -0.015220 1561484598.470780
7757465.721236 -364060.526207 -2.511159 5.365391 -0.014967 1561484598.570665
7757465.183743 -364060.877609 -2.515359 5.381404 -0.014971 1561484598.720352
7757464.696438 -364061.235125 -2.516959 5.381404 -0.014971 1561484598.820218
7757464.152040 -364061.650764 -2.517160 5.386408 -0.015877 1561484598.970044
7757463.621608 -364062.024752 -2.521733 5.376400 -0.018202 1561484599.069861
7757463.141603 -364062.361746 -2.528741 5.360387 -0.015741 1561484599.169775
7757462.598169 -364062.733255 -2.531728 5.354382 -0.011733 1561484599.319652
7757462.120564 -364063.099634 -2.532631 5.347376 -0.011990 1561484599.419603
7757461.517095 -364063.485869 -2.537034 5.346375 -0.013024 1561484599.569508
7757461.086409 -364063.794554 -2.539968 5.369394 -0.013158 1561484599.669473
7757460.662692 -364064.119524 -2.545102 5.392413 -0.014068 1561484599.769367
7757460.153803 -364064.458093 -2.547475 5.402421 -0.016657 1561484599.869260
7757459.692973 -364064.746782 -2.552383 5.402421 -0.018727 1561484599.969219
7757459.276381 -364065.025554 -2.551218 5.419435 -0.021319 1561484600.069157
7757458.533469 -364065.496938 -2.555406 5.446457 -0.020552 1561484600.219070
7757458.089700 -364065.773089 -2.562493 5.455464 -0.019908 1561484600.318949
7757457.672996 -364066.071011 -2.571810 5.472478 -0.020043 1561484600.418922
7757457.028269 -364066.480461 -2.573979 5.487491 -0.022638 1561484600.568634
7757456.594261 -364066.737753 -2.579057 5.486490 -0.023155 1561484600.668509
7757456.154023 -364067.005695 -2.583337 5.486490 -0.021732 1561484600.768452
7757455.697802 -364067.319609 -2.588146 5.492495 -0.021474 1561484600.868365
7757455.135585 -364067.650785 -2.593733 5.487491 -0.021862 1561484600.968259
7757454.645461 -364067.924216 -2.598824 5.471477 -0.022244 1561484601.068203
7757454.007258 -364068.322230 -2.603345 5.475481 -0.019915 1561484601.218117
7757453.483376 -364068.655219 -2.611055 5.492495 -0.018494 1561484601.318133
7757452.790324 -364069.039207 -2.613731 5.488491 -0.019662 1561484601.468020
7757452.269628 -364069.321748 -2.619845 5.492495 -0.020568 1561484601.567959
7757451.587617 -364069.703851 -2.624702 5.487491 -0.020309 1561484601.717854
7757451.132982 -364069.962399 -2.632881 5.477482 -0.020046 1561484601.817692
7757450.596338 -364070.251580 -2.637784 5.476482 -0.020041 1561484601.917561
7757449.861426 -364070.651428 -2.645839 5.465473 -0.019395 1561484602.117225
7757449.328890 -364070.925743 -2.646823 5.435448 -0.019126 1561484602.217099
7757448.865825 -364071.158583 -2.647636 5.413430 -0.018471 1561484602.316936
7757448.402663 -364071.442521 -2.649932 5.386408 -0.017559 1561484602.416856
7757447.882428 -364071.750852 -2.658099 5.381404 -0.017556 1561484602.516686
7757447.294623 -364072.044884 -2.661872 5.359386 -0.017550 1561484602.666567
7757446.728117 -364072.319551 -2.668261 5.332364 -0.017288 1561484602.766572
7757446.087579 -364072.676273 -2.671649 5.290329 -0.017276 1561484602.916407
7757445.575099 -364072.907666 -2.676112 5.252298 -0.017266 1561484603.016319
7757444.959274 -364073.203999 -2.679598 5.094169 -0.017362 1561484603.166058
7757444.392260 -364073.498184 -2.680855 4.928033 -0.017310 1561484603.315879
7757443.690603 -364073.799291 -2.685641 4.749887 -0.017270 1561484603.465656
7757443.204522 -364074.027995 -2.692054 4.596762 -0.017355 1561484603.615523
7757442.644303 -364074.296788 -2.696141 4.408608 -0.017317 1561484603.765464
7757442.022387 -364074.553004 -2.702364 4.260486 -0.017276 1561484603.915303
7757441.535710 -364074.788870 -2.708036 4.084342 -0.017237 1561484604.065137
7757441.054909 -364075.018747 -2.708299 3.938223 -0.017332 1561484604.215000
7757440.570032 -364075.218795 -2.715410 3.794105 -0.017310 1561484604.364725
7757440.088113 -364075.455100 -2.719898 3.631972 -0.017271 1561484604.514611
7757439.600897 -364075.674697 -2.720087 3.466837 -0.017243 1561484604.664549
7757439.003379 -364075.896892 -2.727644 3.237649 -0.021473 1561484604.914320
7757438.437566 -364076.132851 -2.732903 3.047494 -0.032356 1561484605.164047
7757437.957615 -364076.324515 -2.737520 2.936403 -0.044974 1561484605.313875
7757437.414923 -364076.555328 -2.757951 2.796288 -0.061545 1561484605.513569
7757436.884518 -364076.759744 -2.764547 2.706215 -0.075208 1561484605.713371
7757436.407252 -364076.932221 -2.787631 2.583114 -0.102713 1561484605.963258
7757435.846896 -364077.129631 -2.824534 2.434993 -0.141918 1561484606.263091
7757435.289798 -364077.294688 -2.859465 2.302885 -0.180239 1561484606.512768
7757434.809382 -364077.433733 -2.891687 2.173779 -0.186485 1561484606.762432
7757434.278006 -364077.541351 -2.937202 2.047676 -0.219251 1561484607.062000
7757433.766358 -364077.628429 -2.986473 1.876536 -0.295447 1561484607.361865
7757433.255077 -364077.696288 -3.048574 1.594305 -0.346496 1561484607.661830
7757432.710012 -364077.695341 -3.122880 1.453189 -0.327721 1561484608.061347
7757432.054109 -364077.728516 3.071682 1.495224 -0.377031 1561484608.460799
7757431.534593 -364077.601878 2.985528 1.521245 -0.360577 1561484608.860472
7757431.034723 -364077.488871 2.910814 1.632336 -0.363206 1561484609.160342
7757430.504223 -364077.371988 2.838797 1.707397 -0.366550 1561484609.460172
7757429.962137 -364077.150210 2.761054 1.765445 -0.369200 1561484609.760038
7757429.469492 -364076.972744 2.683394 1.813484 -0.349548 1561484610.059672
7757428.991302 -364076.696741 2.610376 1.861523 -0.338886 1561484610.359270
7757428.578743 -364076.413111 2.548247 1.893550 -0.339397 1561484610.608995
7757428.070470 -364076.120561 2.471547 1.918570 -0.298257 1561484610.908744
7757427.637409 -364075.724636 2.409567 1.961605 -0.223779 1561484611.208349
7757427.253231 -364075.336791 2.368863 1.962606 -0.158072 1561484611.508007
7757426.869731 -364074.960656 2.337600 1.960604 -0.112121 1561484611.807670
7757426.432934 -364074.555478 2.317025 1.968611 -0.047251 1561484612.107403
7757426.060795 -364074.098917 2.307722 1.966609 -0.016146 1561484612.407075
7757425.728736 -364073.705916 2.308364 2.014649 -0.018889 1561484612.656875
7757425.340458 -364073.224211 2.305684 2.147758 -0.019155 1561484612.956643
7757424.999506 -364072.834523 2.302753 2.248840 -0.018920 1561484613.156530
7757424.630104 -364072.468668 2.300279 2.413975 -0.017569 1561484613.406396
7757424.265305 -364072.060967 2.296809 2.537076 -0.015461 1561484613.606251
7757423.916408 -364071.621030 2.293482 2.621145 -0.013596 1561484613.806138
7757423.512699 -364071.143521 2.291179 2.796288 -0.007477 1561484614.005764
7757423.096941 -364070.715645 2.287348 2.901374 -0.003973 1561484614.205588
7757422.662707 -364070.248115 2.284225 3.056501 -0.008373 1561484614.405420
7757422.225366 -364069.722157 2.278932 3.207625 -0.003734 1561484614.605278
7757421.785954 -364069.185633 2.283688 3.344737 -0.004872 1561484614.805228
7757421.466370 -364068.780431 2.281190 3.487854 -0.005385 1561484614.955161
7757421.087536 -364068.376939 2.277863 3.576927 -0.004001 1561484615.104972
7757420.782254 -364067.970190 2.284810 3.678010 -0.001479 1561484615.254810
7757420.394104 -364067.509846 2.284434 3.740061 -0.001986 1561484615.404571
7757420.036684 -364067.066094 2.284076 3.881176 -0.004904 1561484615.554404
7757419.567075 -364066.569836 2.280655 3.987263 -0.000090 1561484615.704252
7757419.206544 -364066.117706 2.278954 4.021291 0.000798 1561484615.854108
7757418.789440 -364065.617207 2.281654 4.094351 -0.002249 1561484616.003990
7757418.402762 -364065.158292 2.281110 4.173415 0.000799 1561484616.153896
7757418.030260 -364064.697378 2.283919 4.248477 -0.000092 1561484616.303694
7757417.602313 -364064.185714 2.280636 4.275499 -0.002638 1561484616.453458
7757417.214713 -364063.740360 2.281933 4.323538 -0.002385 1561484616.603365
7757416.770460 -364063.196362 2.280831 4.423620 -0.003025 1561484616.753240
7757416.316046 -364062.664973 2.280545 4.450642 -0.002517 1561484616.903246
7757415.871572 -364062.162802 2.278249 4.492676 -0.003284 1561484617.053116
7757415.436343 -364061.674630 2.279418 4.577746 -0.002266 1561484617.202993
7757414.979274 -364061.133543 2.276657 4.587754 -0.001883 1561484617.352721
7757414.528177 -364060.577966 2.278812 4.663817 -0.004444 1561484617.502530
7757414.073442 -364060.035262 2.274113 4.705851 -0.004191 1561484617.652308
7757413.650639 -364059.537821 2.275438 4.753890 -0.003041 1561484617.802182
7757413.164609 -364058.963326 2.276269 4.786917 -0.000992 1561484617.952114
7757412.720086 -364058.432811 2.274435 4.848968 -0.001763 1561484618.102058
7757412.248866 -364057.868264 2.274342 4.885998 -0.004203 1561484618.251972
7757411.927731 -364057.476207 2.279144 4.897007 -0.005359 1561484618.351820
7757411.581678 -364057.064141 2.276238 4.935038 -0.005105 1561484618.451730
7757411.109007 -364056.483074 2.274307 4.972069 -0.005108 1561484618.601461
7757410.634719 -364055.932476 2.272780 5.023111 -0.005756 1561484618.751264
7757410.316896 -364055.538305 2.275018 5.077155 -0.005760 1561484618.851145
7757409.985745 -364055.157006 2.271035 5.103176 -0.005634 1561484618.951115
7757409.443170 -364054.549546 2.272578 5.105178 -0.002801 1561484619.100985
7757409.049077 -364054.045907 2.271855 5.131199 -0.002158 1561484619.250879
7757408.677323 -364053.594486 2.268842 5.183242 -0.002161 1561484619.350724
7757408.350988 -364053.200986 2.271844 5.195251 -0.001903 1561484619.450569
7757407.873607 -364052.661995 2.269376 5.181240 -0.001257 1561484619.600291
7757407.513205 -364052.226757 2.270457 5.207261 -0.001000 1561484619.700215
7757407.147715 -364051.763608 2.269630 5.228278 0.000031 1561484619.800106
7757406.722828 -364051.285978 2.271037 5.233283 0.000548 1561484619.949946
7757406.354514 -364050.825641 2.270684 5.231281 -0.001001 1561484620.049888
7757405.988679 -364050.373109 2.270534 5.248295 -0.001259 1561484620.149868
7757405.543090 -364049.827153 2.271980 5.296334 0.000031 1561484620.299660
7757405.178384 -364049.389159 2.268336 5.301338 0.000031 1561484620.399581
7757404.846813 -364048.991286 2.268894 5.291330 -0.000098 1561484620.499442
7757404.375147 -364048.404882 2.271159 5.306342 -0.003327 1561484620.649163
7757404.018551 -364047.981166 2.267958 5.338369 -0.003329 1561484620.749073
7757403.678848 -364047.592319 2.270593 5.365391 -0.002167 1561484620.848984
7757403.311009 -364047.138368 2.268031 5.364390 -0.002426 1561484620.948912
7757402.988152 -364046.747829 2.265721 5.375399 -0.000099 1561484621.048822
7757402.654739 -364046.310404 2.268436 5.396416 0.000030 1561484621.148777
7757402.302643 -364045.907842 2.270381 5.406424 0.001971 1561484621.248735
7757401.951419 -364045.493771 2.268683 5.412429 0.003136 1561484621.348677
7757401.611406 -364045.067881 2.270057 5.430444 0.002619 1561484621.448614
7757401.113423 -364044.497225 2.270509 5.465473 0.001455 1561484621.598548
7757400.747987 -364044.036835 2.269934 5.471477 0.000548 1561484621.698430
7757400.228169 -364043.448310 2.270997 5.465473 -0.000617 1561484621.848273
7757399.899755 -364043.054609 2.269893 5.476482 -0.000877 1561484621.948086
7757399.529508 -364042.592367 2.269552 5.481486 -0.000877 1561484622.047898
7757399.166363 -364042.161504 2.271168 5.475481 -0.002560 1561484622.147707
7757398.819865 -364041.721248 2.271224 5.465473 -0.003078 1561484622.247602
7757398.348471 -364041.130815 2.268815 5.466473 -0.001264 1561484622.397453
7757398.008068 -364040.739584 2.266815 5.461469 -0.001006 1561484622.497377
7757397.654134 -364040.288097 2.268802 5.418434 -0.002428 1561484622.597267
7757397.291095 -364039.846961 2.269517 5.380403 -0.003332 1561484622.697175
7757396.790241 -364039.245472 2.265934 5.396416 -0.003074 1561484622.847071
7757396.335708 -364038.686980 2.267600 5.326359 0.000289 1561484622.996942
7757395.980084 -364038.251035 2.268000 5.290329 0.000935 1561484623.096880
7757395.623398 -364037.828464 2.266991 5.310346 0.000935 1561484623.196791
7757395.129684 -364037.226383 2.265970 5.320354 0.000935 1561484623.346813
7757394.586428 -364036.593170 2.267693 5.253299 0.000806 1561484623.496646
7757394.158807 -364036.059305 2.266702 5.250296 0.001322 1561484623.646495
7757393.788419 -364035.612619 2.268872 5.250296 0.001322 1561484623.746374
7757393.362111 -364035.042886 2.269229 5.190247 0.001966 1561484623.896067
7757393.018383 -364034.672186 2.268405 5.141207 0.003253 1561484623.995885
7757392.544528 -364034.098442 2.269371 5.051133 0.004536 1561484624.145652
7757392.077821 -364033.528543 2.270976 4.902011 -0.000096 1561484624.295441
7757391.672886 -364033.043906 2.275261 4.763898 -0.003555 1561484624.445200
7757391.255112 -364032.535939 2.270028 4.577746 -0.000861 1561484624.595052
7757390.871911 -364032.077984 2.269599 4.418616 -0.000602 1561484624.744966
7757390.488219 -364031.620885 2.269978 4.232464 -0.002383 1561484624.894876
7757390.097755 -364031.152516 2.269493 4.062324 -0.001234 1561484625.044699
7757389.721558 -364030.715911 2.269843 3.839142 -0.002369 1561484625.194646
7757389.410102 -364030.302675 2.271967 3.652989 -0.002237 1561484625.344500
7757389.030946 -364029.853605 2.267755 3.366755 -0.001725 1561484625.544406
7757388.676544 -364029.404170 2.272506 3.152580 -0.003731 1561484625.744248
7757388.316728 -364028.976424 2.268274 2.903376 -0.002594 1561484625.944085
7757387.919356 -364028.514693 2.267747 2.600128 -0.002836 1561484626.193925
7757387.588049 -364028.084145 2.268133 2.386953 -0.003081 1561484626.443802
7757387.219675 -364027.699967 2.269496 2.184788 -0.002826 1561484626.693637
7757386.910076 -364027.293656 2.268391 1.839505 -0.002820 1561484626.993320
7757386.576056 -364026.902655 2.267849 1.644346 -0.002816 1561484627.343009
7757386.263081 -364026.510065 2.266616 1.562278 -0.002815 1561484627.642687
7757385.899084 -364026.060507 2.265551 1.468201 -0.002814 1561484628.042198
7757385.597628 -364025.650008 2.264932 1.318079 -0.002563 1561484628.441743
7757385.233921 -364025.250221 2.264766 1.239014 -0.002562 1561484628.891423
7757384.893656 -364024.815893 2.265782 1.228005 -0.002562 1561484629.341133
7757384.529498 -364024.388106 2.266874 1.383132 -0.004177 1561484629.740970
7757384.223185 -364023.992088 2.262954 1.557274 -0.003809 1561484630.040812
7757383.846888 -364023.572024 2.263556 1.744428 -0.004434 1561484630.340472
7757383.486158 -364023.101942 2.263890 1.897553 -0.010787 1561484630.640024
7757383.135590 -364022.692381 2.257412 1.961605 -0.030209 1561484630.939777
7757382.802119 -364022.284901 2.249624 2.046675 -0.065658 1561484631.189591
7757382.499252 -364021.880899 2.232979 2.111728 -0.099386 1561484631.439465
7757382.155293 -364021.420570 2.213343 2.207807 -0.109210 1561484631.689266
7757381.874954 -364020.963892 2.189663 2.175781 -0.126928 1561484631.938900
7757381.535352 -364020.536371 2.161454 2.179784 -0.177270 1561484632.188532
7757381.270487 -364020.074802 2.122441 2.079702 -0.206354 1561484632.438241
7757380.967949 -364019.548294 2.071091 2.073697 -0.245907 1561484632.737942
7757380.715196 -364019.037532 2.002202 2.009645 -0.301068 1561484633.037825
7757380.522836 -364018.555109 1.944582 2.015649 -0.312429 1561484633.287618
7757380.325374 -364018.020363 1.872663 1.999636 -0.315254 1561484633.587264
7757380.192936 -364017.535835 1.806711 2.036667 -0.312687 1561484633.836964
7757380.110445 -364017.020359 1.742277 2.121736 -0.332066 1561484634.086794
7757379.996071 -364016.517881 1.682789 2.200801 -0.345451 1561484634.286809
7757380.018670 -364015.968090 1.601954 2.243836 -0.360283 1561484634.536591
7757380.033665 -364015.466195 1.533552 2.386953 -0.361604 1561484634.736337
7757380.051906 -364014.881504 1.442964 2.474025 -0.354513 1561484634.986004
7757380.166757 -364014.326192 1.369699 2.568102 -0.335044 1561484635.185687
7757380.277892 -364013.752872 1.301143 2.675189 -0.311942 1561484635.385401
7757380.445336 -364013.230017 1.229927 2.801292 -0.278097 1561484635.585117
7757380.706625 -364012.637269 1.169891 2.942408 -0.250146 1561484635.784911
7757380.944821 -364012.055748 1.117491 3.046493 -0.222982 1561484635.984682
7757381.228826 -364011.506496 1.065427 3.152580 -0.207023 1561484636.184574
7757381.590449 -364010.940490 1.013620 3.280685 -0.194508 1561484636.384422
7757381.926459 -364010.385184 0.960629 3.333728 -0.171757 1561484636.584322
7757382.212408 -364009.946082 0.929341 3.445820 -0.156285 1561484636.734185
7757382.539881 -364009.532954 0.900843 3.498863 -0.143415 1561484636.883941
7757382.907786 -364009.135126 0.869519 3.477846 -0.136414 1561484637.033767
7757383.268179 -364008.698930 0.843976 3.566919 -0.133067 1561484637.183588
7757383.626819 -364008.332361 0.817041 3.669002 -0.120009 1561484637.333497
7757384.018397 -364007.911750 0.792847 3.651989 -0.099631 1561484637.483348
7757384.401121 -364007.539098 0.773768 3.658994 -0.078786 1561484637.633211
7757384.819668 -364007.140809 0.760745 3.769084 -0.061745 1561484637.783056
7757385.234829 -364006.752555 0.746720 3.834138 -0.054477 1561484637.932931
7757385.679097 -364006.348807 0.734439 3.888182 -0.046805 1561484638.082873
7757386.138158 -364005.951523 0.722292 3.933219 -0.040757 1561484638.232660
7757386.571569 -364005.528776 0.713731 4.022292 -0.038639 1561484638.382456
7757387.046151 -364005.143122 0.704676 4.048313 -0.034474 1561484638.532185
7757387.561468 -364004.791041 0.699184 4.118370 -0.017109 1561484638.681994
7757388.046961 -364004.378455 0.696429 4.191430 -0.007465 1561484638.831807
7757388.523917 -364003.968896 0.694795 4.231463 -0.006961 1561484638.981683
7757389.014980 -364003.534340 0.692185 4.304523 -0.007222 1561484639.131532
7757389.575988 -364003.143031 0.694456 4.382586 -0.004425 1561484639.281399
7757390.053010 -364002.740902 0.690838 4.430626 -0.000602 1561484639.431350
7757390.448307 -364002.423269 0.690294 4.450642 0.000035 1561484639.531327
7757390.959216 -364002.018329 0.690727 4.498681 -0.001880 1561484639.681301
7757391.530120 -364001.544128 0.691975 4.556729 -0.003031 1561484639.831145
7757392.054626 -364001.143189 0.690671 4.624785 -0.007383 1561484639.980974
7757392.586086 -364000.696959 0.688642 4.652808 -0.007130 1561484640.130834
7757393.149991 -364000.248924 0.687243 4.705851 -0.007136 1561484640.280674
7757393.703552 -363999.816868 0.684580 4.756893 -0.006757 1561484640.430616
7757394.258950 -363999.342286 0.682756 4.824948 -0.006507 1561484640.580447
7757394.828108 -363998.901500 0.683858 4.866983 -0.006254 1561484640.730411
7757395.241748 -363998.557991 0.682928 4.897007 -0.004717 1561484640.830236
7757395.834330 -363998.062604 0.682524 4.945047 -0.000352 1561484640.980198
7757396.360082 -363997.677424 0.683076 4.967065 0.002217 1561484641.130039
7757396.793910 -363997.324066 0.683302 5.020108 0.002219 1561484641.229927
7757397.166349 -363996.989405 0.681276 5.094169 0.001963 1561484641.329803
7757397.583439 -363996.670689 0.682865 5.103176 0.001964 1561484641.429611
7757397.993238 -363996.374264 0.685256 5.115186 0.001449 1561484641.529450
7757398.547358 -363995.883556 0.684488 5.179238 0.001708 1561484641.679213
7757398.981435 -363995.530340 0.682945 5.227278 0.000934 1561484641.779190
7757399.616992 -363995.058757 0.685388 5.231281 -0.000098 1561484641.929137
7757400.023352 -363994.738247 0.687067 5.236285 -0.000098 1561484642.029124
7757400.447012 -363994.402341 0.685889 5.263307 -0.000098 1561484642.129059
7757400.871277 -363994.066891 0.686473 5.296334 0.000031 1561484642.228984
7757401.261226 -363993.735080 0.687559 5.332364 0.000031 1561484642.328908
7757401.675211 -363993.417171 0.685660 5.374398 -0.000099 1561484642.428764
7757402.102218 -363993.089675 0.687130 5.368393 0.000030 1561484642.528642
7757402.491901 -363992.750372 0.686711 5.353381 0.000289 1561484642.628491
7757402.919165 -363992.385991 0.687916 5.402421 0.000936 1561484642.728420
7757403.327691 -363992.055846 0.687219 5.439451 0.002360 1561484642.828355
7757403.716311 -363991.718560 0.688394 5.446457 0.002878 1561484642.928299
7757404.191913 -363991.352855 0.688770 5.453463 0.002361 1561484643.028217
7757404.628677 -363990.998356 0.687924 5.477482 0.001325 1561484643.128103
7757405.044023 -363990.666406 0.687990 5.525522 0.000289 1561484643.228003
7757405.421778 -363990.338565 0.687357 5.534529 -0.000100 1561484643.327848
7757405.862358 -363989.984753 0.688918 5.496498 -0.001265 1561484643.427809
7757406.293308 -363989.663400 0.689706 5.480485 -0.000877 1561484643.527695
7757406.742945 -363989.298887 0.689851 5.516514 0.000549 1561484643.627681
7757407.180297 -363988.963088 0.689862 5.542536 -0.001008 1561484643.727499
7757407.871862 -363988.426782 0.688651 5.545538 -0.001786 1561484643.877348
7757408.422383 -363987.946674 0.687264 5.534529 -0.001785 1561484644.027103
7757408.843540 -363987.615285 0.689557 5.540534 -0.002174 1561484644.127022
7757409.251272 -363987.264345 0.690194 5.540534 -0.002563 1561484644.226902
7757409.690727 -363986.909633 0.689141 5.514513 -0.002822 1561484644.326783
7757410.104218 -363986.612474 0.690053 5.508508 -0.002821 1561484644.426778
7757410.514459 -363986.275950 0.689092 5.529525 -0.003081 1561484644.526758
7757410.926927 -363985.906903 0.687477 5.524521 -0.009433 1561484644.626685
7757411.367222 -363985.576471 0.686207 5.497499 -0.010336 1561484644.726591
7757411.769576 -363985.244224 0.684628 5.487491 -0.004893 1561484644.826525
7757412.187445 -363984.898810 0.682029 5.469476 -0.001265 1561484644.926463
7757412.621087 -363984.563935 0.683710 5.452462 -0.001006 1561484645.026403
7757413.010434 -363984.248010 0.683239 5.448459 -0.002818 1561484645.126311
7757413.432488 -363983.877176 0.679697 5.460468 -0.004890 1561484645.226268
7757413.872221 -363983.567358 0.679688 5.476482 -0.009684 1561484645.326233
7757414.516764 -363983.068726 0.677431 5.465473 -0.007610 1561484645.476174
7757415.117078 -363982.597601 0.672792 5.509509 -0.004376 1561484645.626034
7757415.754555 -363982.103631 0.675730 5.450460 -0.006186 1561484645.775803
7757416.381587 -363981.579482 0.673874 5.386408 -0.002169 1561484645.925635
7757416.790980 -363981.277990 0.670785 5.423438 -0.002428 1561484646.025414
7757417.185643 -363980.957702 0.669274 5.460468 -0.003725 1561484646.125274
7757417.603626 -363980.664692 0.667723 5.434447 -0.007219 1561484646.225132
7757418.043294 -363980.294671 0.667403 5.411428 -0.006698 1561484646.324953
7757418.649643 -363979.813450 0.667039 5.411428 -0.006051 1561484646.474815
7757419.200292 -363979.391327 0.669321 5.354382 -0.003072 1561484646.624534
7757419.636962 -363979.054333 0.668581 5.305342 -0.001003 1561484646.724479
7757420.106819 -363978.700370 0.668436 5.334365 -0.001908 1561484646.824356
7757420.508137 -363978.379103 0.664796 5.356383 -0.002813 1561484646.924264
7757421.028437 -363977.975686 0.665142 5.327360 0.000289 1561484647.074155
7757421.476945 -363977.614038 0.663617 5.284324 0.001452 1561484647.174112
7757422.106587 -363977.170154 0.665046 5.261305 0.000289 1561484647.323953
7757422.661385 -363976.734411 0.665510 5.258303 -0.002421 1561484647.473761
7757423.065431 -363976.409867 0.665929 5.258303 -0.003970 1561484647.573641
7757423.493003 -363976.068034 0.663670 5.237286 -0.004743 1561484647.673543
7757423.899944 -363975.764330 0.664420 5.210264 -0.003323 1561484647.773503
7757424.335188 -363975.411826 0.663090 5.210264 -0.001001 1561484647.873397
7757424.898742 -363974.994698 0.661950 5.173233 -0.001515 1561484648.023277
7757425.481820 -363974.573251 0.660904 5.105178 -0.001900 1561484648.173159
7757425.948495 -363974.223570 0.661426 5.115186 -0.002158 1561484648.272995
7757426.350824 -363973.913487 0.661353 5.115186 -0.002158 1561484648.372867
7757426.886801 -363973.471174 0.662468 5.093168 -0.002543 1561484648.522702
7757427.322417 -363973.146743 0.661284 5.099173 -0.003445 1561484648.622698
7757427.844967 -363972.729729 0.660373 5.073152 -0.003830 1561484648.772599
7757428.304522 -363972.387320 0.655975 5.019107 -0.003312 1561484648.872545
7757428.866476 -363971.962327 0.659597 5.019107 -0.001897 1561484649.022510
7757429.412335 -363971.531342 0.657129 5.025112 -0.003312 1561484649.172290
7757429.964420 -363971.141034 0.654819 5.003094 -0.003053 1561484649.322109
7757430.425206 -363970.800373 0.656825 5.004095 -0.002796 1561484649.422080
7757430.959375 -363970.378235 0.656460 4.939042 -0.003050 1561484649.571980
7757431.397946 -363970.069741 0.654270 4.923029 -0.003049 1561484649.671968
7757431.978167 -363969.633766 0.654474 4.908016 -0.002792 1561484649.821865
7757432.544320 -363969.207515 0.656072 4.878993 -0.003047 1561484649.971776
7757433.028616 -363968.812123 0.653347 4.846966 -0.003046 1561484650.121577
7757433.451745 -363968.497175 0.652655 4.848968 -0.003046 1561484650.221473
7757433.988172 -363968.091723 0.652130 4.817943 -0.003301 1561484650.371260
7757434.573432 -363967.660282 0.648935 4.784916 -0.003299 1561484650.520987
7757435.150590 -363967.240749 0.647095 4.767902 -0.002913 1561484650.670857
7757435.739337 -363966.808132 0.644965 4.747885 -0.002401 1561484650.820752
7757436.245445 -363966.433144 0.648639 4.703849 -0.002399 1561484650.970784
7757436.790918 -363966.004150 0.647608 4.619781 -0.001500 1561484651.120631
7757437.331689 -363965.623765 0.645690 4.493677 -0.000093 1561484651.270535
7757437.827626 -363965.280323 0.647819 4.344555 0.001692 1561484651.420377
7757438.316873 -363964.905938 0.648803 4.205441 0.002198 1561484651.570347
7757438.780776 -363964.588538 0.650502 4.024293 0.002194 1561484651.720156
7757439.223098 -363964.255530 0.650905 3.812120 0.003075 1561484651.869965
7757439.722685 -363963.866486 0.652053 3.588937 0.008624 1561484652.069675
7757440.133490 -363963.529500 0.654640 3.457830 0.013403 1561484652.219524
7757440.621199 -363963.163348 0.657617 3.269676 0.022185 1561484652.419223
7757441.076710 -363962.838530 0.665081 3.121554 0.030442 1561484652.619117
7757441.482488 -363962.506467 0.674827 2.990447 0.044195 1561484652.818995
7757441.896207 -363962.193006 0.687310 2.892367 0.058920 1561484653.018839
7757442.321470 -363961.840244 0.697763 2.774270 0.070967 1561484653.218706
7757442.722502 -363961.487774 0.714290 2.696206 0.092455 1561484653.418596
7757443.157946 -363961.066658 0.746011 2.583114 0.138977 1561484653.668460
7757443.543877 -363960.699851 0.781431 2.472023 0.198343 1561484653.918298
7757443.873778 -363960.304212 0.835885 2.402966 0.254848 1561484654.167896
7757444.187491 -363959.909895 0.902494 2.301884 0.293928 1561484654.417320
7757444.496853 -363959.496961 0.963250 2.195797 0.327861 1561484654.666907
7757444.783066 -363959.086695 1.035615 2.113730 0.330970 1561484654.916531
7757445.037462 -363958.564989 1.116766 2.052680 0.356000 1561484655.216275
7757445.253819 -363958.078522 1.186265 2.036667 0.356076 1561484655.466220
7757445.482049 -363957.541857 1.269677 1.950596 0.350310 1561484655.766109
7757445.623670 -363956.999397 1.348487 1.940588 0.359427 1561484656.066144
7757445.693323 -363956.489438 1.416711 1.892549 0.379190 1561484656.316033
7757445.749698 -363955.991551 1.500528 1.854518 0.385231 1561484656.615872
7757445.764014 -363955.458678 1.582442 1.829497 0.371251 1561484656.915622
7757445.741409 -363954.895936 1.671438 1.850514 0.374465 1561484657.215184
7757445.701541 -363954.362436 1.748528 1.855518 0.374608 1561484657.514791
7757445.496300 -363953.809348 1.832491 1.850514 0.336196 1561484657.814697
7757445.351755 -363953.275984 1.900196 1.881540 0.327104 1561484658.114455
7757445.143567 -363952.764486 1.973040 1.913566 0.302636 1561484658.414125
7757444.896972 -363952.228037 2.044297 1.962606 0.260446 1561484658.714020
7757444.645518 -363951.781451 2.092743 1.999636 0.231443 1561484658.963819
7757444.371794 -363951.312988 2.133486 2.036667 0.214916 1561484659.213622
7757444.104613 -363950.837018 2.181577 2.047676 0.171396 1561484659.513517
7757443.767995 -363950.405765 2.213552 2.078701 0.140194 1561484659.763217
7757443.405763 -363949.942763 2.243961 2.105723 0.122413 1561484660.062781
7757443.077625 -363949.542328 2.274692 2.137749 0.128588 1561484660.312402
7757442.739901 -363949.141483 2.298675 2.078701 0.142643 1561484660.561901
7757442.396712 -363948.742711 2.339147 1.967610 0.184396 1561484660.861516
7757441.980538 -363948.411654 2.375993 2.057684 0.205472 1561484661.111137
7757441.601576 -363948.061757 2.417265 1.987627 0.231426 1561484661.360863
7757441.159140 -363947.609132 2.470595 1.941589 0.281545 1561484661.660605
7757440.735101 -363947.313562 2.535623 1.868529 0.319588 1561484661.960299
7757440.280287 -363947.066507 2.604309 1.798472 0.337449 1561484662.260138
7757439.864387 -363946.788797 2.665968 1.847512 0.359676 1561484662.509830
7757439.373356 -363946.543065 2.748928 1.818488 0.399268 1561484662.809565
7757438.882407 -363946.418996 2.834691 1.792467 0.413396 1561484663.109177
7757438.304582 -363946.238192 2.936252 1.780457 0.429402 1561484663.458932
7757437.753494 -363946.173379 3.031967 1.744428 0.435056 1561484663.758538
7757437.214576 -363946.154918 3.123592 1.824493 0.416864 1561484664.058240
7757436.611892 -363946.184681 -3.068785 1.828496 0.413705 1561484664.358028
7757436.049777 -363946.205401 -2.974566 1.866527 0.409927 1561484664.657783
7757435.535678 -363946.304173 -2.881328 1.897553 0.388706 1561484664.957552
7757435.023462 -363946.445231 -2.798773 1.917569 0.356820 1561484665.257359
7757434.505082 -363946.684319 -2.728146 1.978619 0.313980 1561484665.507349
7757433.927479 -363946.980304 -2.662177 2.035666 0.262205 1561484665.807074
7757433.469416 -363947.208741 -2.614436 2.110727 0.223503 1561484666.057026
7757433.001240 -363947.501468 -2.566635 2.201802 0.173391 1561484666.306968
7757432.519021 -363947.815747 -2.536152 2.276863 0.143322 1561484666.556836
7757432.054176 -363948.148187 -2.502601 2.371941 0.119924 1561484666.806649
7757431.550347 -363948.472395 -2.467751 2.466018 0.088193 1561484667.106050
7757431.091913 -363948.834484 -2.448145 2.526067 0.063852 1561484667.355770
7757430.665917 -363949.201530 -2.437046 2.632154 0.042312 1561484667.605621
7757430.236252 -363949.559986 -2.428153 2.733237 0.031714 1561484667.855538
7757429.847793 -363949.939511 -2.423560 2.812301 0.023846 1561484668.055373
7757429.375955 -363950.357034 -2.418590 2.914385 0.017472 1561484668.304984
7757428.938595 -363950.736529 -2.414153 2.993450 0.016481 1561484668.504749
7757428.517678 -363951.121958 -2.412822 3.081522 0.010592 1561484668.704587
7757428.134156 -363951.474603 -2.411502 3.164590 0.006828 1561484668.854503
7757427.633159 -363951.882352 -2.407105 3.254663 0.001675 1561484669.054266
7757427.259016 -363952.269615 -2.409104 3.317715 -0.003738 1561484669.254131
7757426.731459 -363952.718292 -2.411360 3.381767 -0.007016 1561484669.453873
7757426.292266 -363953.089299 -2.412917 3.422801 -0.007019 1561484669.603695
7757425.805637 -363953.488061 -2.414706 3.442817 -0.007147 1561484669.803519
7757425.407878 -363953.852351 -2.416407 3.498863 -0.007152 1561484669.953362
7757425.012961 -363954.180339 -2.417694 3.503867 -0.006521 1561484670.103247
7757424.628333 -363954.513820 -2.420030 3.505869 -0.007026 1561484670.253111
7757424.190930 -363954.877062 -2.418138 3.520881 -0.007027 1561484670.402902
7757423.714011 -363955.310536 -2.421846 3.531890 -0.007658 1561484670.602677
7757423.261270 -363955.692825 -2.422588 3.549905 -0.009932 1561484670.752482
7757422.857587 -363956.061150 -2.425940 3.557912 -0.009301 1561484670.902301
7757422.480210 -363956.401850 -2.427777 3.598945 -0.009306 1561484671.052202
7757422.064010 -363956.714169 -2.428758 3.597944 -0.007411 1561484671.202115
7757421.660791 -363957.053024 -2.430796 3.600947 -0.004381 1561484671.351977
7757421.134351 -363957.502592 -2.429635 3.620963 0.000796 1561484671.551671
7757420.702258 -363957.889156 -2.429892 3.610955 0.010899 1561484671.701523
7757420.293939 -363958.244770 -2.425539 3.631972 0.013427 1561484671.851403
7757419.896581 -363958.568640 -2.423190 3.615959 0.012289 1561484672.001252
7757419.450030 -363958.922813 -2.423219 3.625967 0.012417 1561484672.151118
7757419.027766 -363959.311314 -2.418566 3.609954 0.016834 1561484672.301020
7757418.647653 -363959.636365 -2.412836 3.625967 0.028452 1561484672.450884
7757418.265126 -363959.988119 -2.406755 3.630971 0.044225 1561484672.600612
7757417.803709 -363960.414796 -2.391875 3.630971 0.046243 1561484672.800260
7757417.353919 -363960.794221 -2.379486 3.604950 0.047995 1561484672.950063
7757416.956547 -363961.178688 -2.372430 3.572924 0.053269 1561484673.099870
7757416.597899 -363961.534972 -2.359825 3.546903 0.060299 1561484673.249802
7757416.212572 -363961.895573 -2.345395 3.572924 0.065977 1561484673.399623
7757415.759846 -363962.365367 -2.330356 3.544901 0.064833 1561484673.599486
7757415.313791 -363962.867568 -2.311242 3.497862 0.056875 1561484673.799380
7757414.980108 -363963.249559 -2.300322 3.492858 0.042397 1561484673.949207
7757414.523497 -363963.756819 -2.291567 3.489856 0.021099 1561484674.149114
7757414.120406 -363964.229591 -2.287272 3.477846 -0.002231 1561484674.348950
7757413.741861 -363964.649426 -2.290463 3.437813 -0.003743 1561484674.498969
7757413.404433 -363965.049726 -2.291699 3.422801 -0.001347 1561484674.648714
7757412.954290 -363965.542906 -2.290608 3.388773 -0.011300 1561484674.848515
7757412.542963 -363965.990670 -2.296680 3.374762 -0.021877 1561484675.048365
7757412.167255 -363966.362195 -2.298961 3.374762 -0.024522 1561484675.198320
7757411.824641 -363966.759604 -2.305260 3.348740 -0.024263 1561484675.348243
7757411.372066 -363967.235593 -2.310718 3.345738 -0.028794 1561484675.548082
7757410.981393 -363967.702488 -2.319531 3.349741 -0.033073 1561484675.747751
7757410.572006 -363968.092696 -2.322675 3.333728 -0.030929 1561484675.897512
7757410.183640 -363968.500128 -2.333971 3.317715 -0.035830 1561484676.097237
7757409.838621 -363968.876576 -2.342846 3.273679 -0.040464 1561484676.247130
7757409.438127 -363969.298579 -2.354074 3.274680 -0.049258 1561484676.446954
7757408.959352 -363969.748449 -2.362314 3.217633 -0.043706 1561484676.646800
7757408.480448 -363970.203801 -2.373523 3.216632 -0.034914 1561484676.846658
7757408.071326 -363970.581480 -2.384634 3.157584 -0.029116 1561484677.046562
7757407.718367 -363970.948390 -2.388397 3.152580 -0.028863 1561484677.196257
7757407.303127 -363971.322380 -2.398248 3.168593 -0.027738 1561484677.396014
7757406.819152 -363971.745407 -2.404996 3.155582 -0.022206 1561484677.595698
7757406.358973 -363972.141059 -2.407189 3.137568 -0.020569 1561484677.795511
7757405.944905 -363972.516685 -2.416563 3.123556 -0.017551 1561484677.995374
7757405.454690 -363972.945114 -2.418658 3.135566 -0.019438 1561484678.195145
7757405.009095 -363973.313590 -2.422278 3.143572 -0.019816 1561484678.395055
7757404.569930 -363973.694724 -2.426461 3.143572 -0.019439 1561484678.594829
7757404.167964 -363974.055376 -2.431002 3.179602 -0.019446 1561484678.744713
7757403.655068 -363974.464108 -2.436623 3.220636 -0.018951 1561484678.944648
7757403.175981 -363974.870792 -2.438308 3.243654 -0.014931 1561484679.144445
7757402.697823 -363975.257941 -2.445695 3.316714 -0.009906 1561484679.344201
7757402.269466 -363975.632198 -2.444477 3.359749 -0.007393 1561484679.494056
7757401.766212 -363976.017018 -2.449173 3.397781 -0.008403 1561484679.693898
7757401.383138 -363976.341223 -2.451481 3.460832 -0.008409 1561484679.843827
7757400.916950 -363976.707762 -2.453454 3.514876 -0.008414 1561484679.993714
7757400.501727 -363977.027818 -2.451513 3.550906 -0.007155 1561484680.143626
7757399.980973 -363977.463686 -2.454354 3.583933 -0.003497 1561484680.343482
7757399.591740 -363977.811570 -2.454910 3.604950 -0.006655 1561484680.493382
7757399.167980 -363978.156126 -2.455061 3.647985 -0.012216 1561484680.643219
7757398.746005 -363978.472672 -2.460104 3.684015 -0.024983 1561484680.793169
7757398.273820 -363978.854336 -2.466540 3.698026 -0.044433 1561484680.943043
7757397.693434 -363979.311334 -2.480336 3.705032 -0.054908 1561484681.142823
7757397.247476 -363979.615369 -2.494467 3.702029 -0.055411 1561484681.292520
7757396.806690 -363979.936593 -2.505884 3.731053 -0.060598 1561484681.442255
7757396.386808 -363980.263613 -2.517695 3.774088 -0.058231 1561484681.592043
7757395.906250 -363980.614156 -2.530950 3.760077 -0.052418 1561484681.741822
7757395.461782 -363980.884016 -2.539469 3.754072 -0.046356 1561484681.891623
7757394.987031 -363981.209667 -2.549609 3.750069 -0.038400 1561484682.041464
7757394.540154 -363981.487773 -2.557852 3.748067 -0.031574 1561484682.191185
7757394.038936 -363981.810100 -2.562763 3.792103 -0.023243 1561484682.341099
7757393.575044 -363982.133096 -2.567814 3.745065 -0.008943 1561484682.490869
7757393.129537 -363982.422785 -2.565598 3.733055 0.001302 1561484682.640749
7757392.630306 -363982.734734 -2.565456 3.728051 0.009648 1561484682.790609
7757392.192639 -363982.994397 -2.564065 3.763079 0.013446 1561484682.940503
7757391.743769 -363983.302402 -2.560401 3.755073 0.015469 1561484683.090352
7757391.264356 -363983.613738 -2.556669 3.684015 0.015457 1561484683.240242
7757390.827865 -363983.872668 -2.555515 3.681012 0.015709 1561484683.390121
7757390.376440 -363984.177433 -2.551699 3.674007 0.018488 1561484683.540018
7757389.892602 -363984.489479 -2.545829 3.662998 0.021516 1561484683.689870
7757389.457170 -363984.792645 -2.541527 3.635975 0.021007 1561484683.839748
7757388.997880 -363985.107930 -2.538457 3.631972 0.021636 1561484683.989580
7757388.529229 -363985.418515 -2.532378 3.642981 0.022145 1561484684.139504
7757387.946056 -363985.827973 -2.526104 3.625967 0.022014 1561484684.339328
7757387.400003 -363986.222402 -2.520408 3.609954 0.014813 1561484684.539145
7757386.982681 -363986.514313 -2.514408 3.551907 0.013166 1561484684.688929
7757386.559714 -363986.828677 -2.512559 3.439815 0.013908 1561484684.838900
7757386.043105 -363987.176894 -2.510627 3.258667 0.013880 1561484685.038755
7757385.580986 -363987.510228 -2.505835 3.009463 0.012719 1561484685.238464
7757385.060744 -363987.894452 -2.502407 2.760259 0.014319 1561484685.488199
7757384.596747 -363988.222362 -2.499683 2.567101 0.018048 1561484685.737988
7757384.105259 -363988.556125 -2.496684 2.436994 0.018405 1561484685.987845
7757383.686749 -363988.898425 -2.493684 2.226822 0.018004 1561484686.237594
7757383.220069 -363989.259993 -2.489545 1.951597 0.017848 1561484686.537383
7757382.813682 -363989.572961 -2.484455 1.644346 0.017571 1561484686.887252
7757382.375843 -363989.864714 -2.478038 1.344100 0.017546 1561484687.286898
7757381.959857 -363990.231090 -2.474263 1.082886 0.015051 1561484687.786527
7757381.521683 -363990.552781 -2.473870 1.041853 0.013808 1561484688.336039
7757381.069657 -363990.913001 -2.471604 1.121918 -0.008763 1561484688.835737
7757380.624837 -363991.260664 -2.473132 1.179966 -0.018192 1561484689.334851
7757380.157667 -363991.588249 -2.478410 1.276044 -0.017702 1561484689.783978
7757379.724263 -363991.934188 -2.482469 1.361114 -0.008399 1561484690.183526
7757379.307543 -363992.285331 -2.483799 1.435174 -0.000826 1561484690.583174
7757378.888796 -363992.574684 -2.485318 1.488218 -0.005298 1561484690.932868
7757378.479158 -363992.871092 -2.484305 1.600310 -0.001324 1561484691.232640
7757378.036987 -363993.234439 -2.483704 1.738423 -0.001449 1561484691.532367
7757377.609797 -363993.550231 -2.485014 1.818488 -0.000829 1561484691.832187
7757377.173965 -363993.887224 -2.485564 1.851515 -0.000829 1561484692.131956
7757376.736558 -363994.223812 -2.484610 1.855518 -0.003815 1561484692.431735
7757376.290019 -363994.555675 -2.485689 1.860523 -0.006553 1561484692.731515
7757375.854597 -363994.889217 -2.486810 1.865527 -0.023104 1561484693.031403
7757375.380475 -363995.187820 -2.494050 1.835502 -0.035783 1561484693.331179
7757374.960901 -363995.514911 -2.501807 1.823492 -0.035781 1561484693.630816
7757374.544837 -363995.831773 -2.509254 1.824493 -0.035780 1561484693.930458
7757374.133367 -363996.124909 -2.518068 1.786462 -0.037637 1561484694.230198
7757373.651314 -363996.430858 -2.526484 1.655355 -0.045062 1561484694.579814
7757373.192650 -363996.756429 -2.535902 1.542262 -0.051977 1561484694.929384
7757372.714097 -363997.052073 -2.549228 1.308070 -0.082088 1561484695.378870
7757372.291616 -363997.350218 -2.567933 1.115913 -0.104429 1561484695.828460
7757371.875253 -363997.636217 -2.590103 1.110909 -0.103445 1561484696.328033
7757371.388945 -363997.882948 -2.613903 1.147939 -0.142134 1561484696.777577
7757370.941827 -363998.160615 -2.649489 1.217997 -0.209276 1561484697.227417
7757370.454183 -363998.399706 -2.697234 1.212993 -0.218685 1561484697.677187
7757369.976767 -363998.575036 -2.745981 1.217997 -0.272307 1561484698.126792
7757369.490316 -363998.758717 -2.802882 1.212993 -0.311324 1561484698.526381
7757369.010750 -363998.922348 -2.878010 1.207989 -0.390616 1561484698.976234
7757368.474477 -363999.051165 -2.964410 1.020835 -0.406730 1561484699.475832
7757367.940352 -363999.113865 -3.047499 0.882722 -0.417202 1561484700.075204
7757367.438263 -363999.155314 -3.135632 0.314257 -0.446920 1561484701.124141
7757366.928863 -363999.108770 3.053802 0.245201 -0.480924 1561484703.021974
7757366.392204 -363999.050461 2.948493 0.632518 -0.446890 1561484704.171242
7757365.904958 -363998.922949 2.866132 0.834683 -0.412577 1561484704.720714
7757365.423346 -363998.766615 2.781275 1.010827 -0.383421 1561484705.270182
7757364.942102 -363998.565195 2.704768 1.116914 -0.331325 1561484705.719629
7757364.477430 -363998.308404 2.645904 1.190975 -0.255369 1561484706.169002
7757364.041580 -363998.050807 2.595030 1.244018 -0.301856 1561484706.568571
7757363.622607 -363997.769453 2.533686 1.251024 -0.297402 1561484706.968012
7757363.222952 -363997.416332 2.474474 1.292057 -0.237458 1561484707.417398
7757362.796020 -363997.095098 2.426077 1.362115 -0.196325 1561484707.816748
7757362.405231 -363996.714643 2.386750 1.493222 -0.164348 1561484708.166231
7757361.973899 -363996.299089 2.349948 1.663361 -0.138289 1561484708.515887
7757361.587080 -363995.891206 2.326472 1.828496 -0.118054 1561484708.815715
7757361.196970 -363995.454813 2.301283 1.941589 -0.073303 1561484709.115431
7757360.860824 -363995.016289 2.290355 2.063689 -0.037449 1561484709.365176
7757360.421516 -363994.561467 2.279709 2.159767 -0.028875 1561484709.665044
7757360.098463 -363994.167885 2.273403 2.254845 -0.014554 1561484709.914758
7757359.699105 -363993.709187 2.272204 2.280867 -0.010315 1561484710.164449
7757359.305480 -363993.252999 2.270449 2.317897 -0.010194 1561484710.414137
7757358.927410 -363992.788209 2.270146 2.322901 -0.009445 1561484710.663893
7757358.584502 -363992.322873 2.266955 2.365936 -0.003080 1561484710.913737
7757358.215946 -363991.862039 2.272138 2.382950 -0.002831 1561484711.163500
7757357.852813 -363991.399055 2.267443 2.370940 0.000791 1561484711.413300
7757357.473187 -363990.958170 2.266015 2.344919 0.011028 1561484711.663055
7757357.142183 -363990.550729 2.271206 2.307889 0.014145 1561484711.912846
7757356.794755 -363990.169563 2.275085 2.268857 0.012895 1561484712.112605
7757356.481061 -363989.752763 2.279120 2.230826 0.012267 1561484712.362513
7757356.133651 -363989.363276 2.281583 2.216814 0.003785 1561484712.612332
7757355.795493 -363988.932560 2.282588 2.223820 0.003535 1561484712.862186
7757355.417989 -363988.505146 2.283014 2.287872 0.003537 1561484713.111969
7757355.078102 -363988.116111 2.280495 2.334911 0.003038 1561484713.311842
7757354.664873 -363987.655190 2.281720 2.408971 -0.011574 1561484713.561558
7757354.295625 -363987.187667 2.281717 2.477027 -0.020326 1561484713.811410
7757353.946363 -363986.792427 2.278330 2.569102 -0.015214 1561484714.011337
7757353.533377 -363986.257635 2.273693 2.643163 -0.013846 1561484714.261140
7757353.182170 -363985.879158 2.271696 2.695206 -0.012977 1561484714.461066
7757352.817934 -363985.427657 2.268906 2.781276 -0.011734 1561484714.660902
7757352.431687 -363984.937317 2.267609 2.862342 -0.005099 1561484714.860801
7757352.071836 -363984.491525 2.267529 2.948413 -0.002344 1561484715.060741
7757351.692511 -363984.021044 2.265473 3.041489 0.001296 1561484715.260696
7757351.293108 -363983.558771 2.266333 3.104541 0.001673 1561484715.460550
7757350.863621 -363983.028742 2.266461 3.163589 0.003057 1561484715.660415
7757350.478529 -363982.530792 2.271721 3.216632 0.004693 1561484715.860314
7757350.052497 -363982.045844 2.272011 3.296698 0.005452 1561484716.060182
7757349.717065 -363981.638884 2.272734 3.327723 0.004949 1561484716.210079
7757349.310439 -363981.136358 2.273686 3.354745 0.005833 1561484716.409840
7757348.850629 -363980.604366 2.278483 3.397781 0.007221 1561484716.609726
7757348.482099 -363980.197384 2.279453 3.407789 0.007726 1561484716.759595
7757348.072415 -363979.692463 2.280594 3.453826 0.007225 1561484716.959259
7757347.709101 -363979.278920 2.276810 3.435812 0.006342 1561484717.109008
7757347.306599 -363978.800669 2.284026 3.434811 0.006467 1561484717.308720
7757346.974041 -363978.379816 2.284807 3.434811 0.007223 1561484717.458581
7757346.609582 -363977.976812 2.287055 3.424803 0.005837 1561484717.608440
7757346.189560 -363977.462886 2.285184 3.407789 0.002686 1561484717.808286
7757345.841870 -363977.057220 2.288174 3.411792 -0.000087 1561484717.958226
7757345.418402 -363976.604105 2.289672 3.388773 -0.006009 1561484718.158176
7757344.988956 -363976.100500 2.287469 3.392776 -0.013819 1561484718.358112
7757344.650666 -363975.694947 2.282041 3.381767 -0.021376 1561484718.507993
7757344.341317 -363975.302000 2.277400 3.365754 -0.026787 1561484718.657905
7757343.890116 -363974.791306 2.272197 3.360750 -0.018978 1561484718.857854
7757343.495872 -363974.292262 2.266827 3.333728 -0.018722 1561484719.057644
7757343.085502 -363973.779488 2.262058 3.311710 -0.017711 1561484719.257372
7757342.672490 -363973.286556 2.260537 3.296698 -0.016827 1561484719.457094
7757342.277673 -363972.815542 2.255973 3.247658 -0.016820 1561484719.656854
7757341.884295 -363972.351290 2.253338 3.158585 -0.016301 1561484719.856687
7757341.521955 -363971.844958 2.248872 3.044491 -0.010133 1561484720.056585
7757341.127283 -363971.358397 2.246030 2.856337 0.013831 1561484720.306350
7757340.801975 -363970.941569 2.252595 2.739242 0.032595 1561484720.506263
7757340.463869 -363970.512136 2.263933 2.602129 0.058288 1561484720.706073
7757340.071383 -363970.037466 2.281541 2.526067 0.077300 1561484720.955889
7757339.738017 -363969.663281 2.298466 2.494041 0.103712 1561484721.155783
7757339.371760 -363969.257324 2.326087 2.471022 0.153584 1561484721.405485
7757338.961343 -363968.814577 2.368190 2.441998 0.185471 1561484721.655154
7757338.566723 -363968.448964 2.402738 2.365936 0.203027 1561484721.854988
7757338.156802 -363968.100186 2.452082 2.376945 0.212154 1561484722.104690
7757337.712822 -363967.747270 2.499928 2.318898 0.211256 1561484722.354568
7757337.239684 -363967.412491 2.548334 2.296880 0.210968 1561484722.604377
7757336.769046 -363967.073050 2.596288 2.273861 0.230429 1561484722.854161
7757336.291747 -363966.816848 2.648723 2.239833 0.276965 1561484723.103902
7757335.837115 -363966.589274 2.712152 2.200801 0.315013 1561484723.353629
7757335.341394 -363966.346283 2.781538 2.184788 0.348466 1561484723.603465
7757334.823099 -363966.156536 2.858405 2.126740 0.384680 1561484723.853267
7757334.323370 -363966.051390 2.941101 2.083705 0.424048 1561484724.103093
7757333.716833 -363965.981840 3.048619 2.046675 0.417424 1561484724.402606
7757333.168411 -363965.932486 -3.137805 2.063689 0.412131 1561484724.702204
7757332.612409 -363965.930309 -3.053116 2.047676 0.402497 1561484724.951951
7757332.117320 -363966.003085 -2.977123 2.041671 0.385239 1561484725.201809
7757331.545506 -363966.149811 -2.887217 1.993631 0.375011 1561484725.501644
7757331.056888 -363966.261884 -2.812616 1.962606 0.382523 1561484725.751495
7757330.538693 -363966.462784 -2.724199 1.919571 0.388877 1561484726.051255
7757330.068978 -363966.680260 -2.637643 1.871532 0.384952 1561484726.351048
7757329.554578 -363966.966214 -2.554724 1.860523 0.390471 1561484726.650828
7757329.138728 -363967.307649 -2.460670 1.878537 0.410491 1561484726.950486
7757328.728859 -363967.617715 -2.382779 1.897553 0.419726 1561484727.200308
7757328.349204 -363968.049280 -2.281288 1.951597 0.452047 1561484727.499994
7757327.979044 -363968.489719 -2.170222 1.983623 0.466999 1561484727.799638
7757327.709074 -363968.931031 -2.071181 2.013648 0.480550 1561484728.049239
7757327.445925 -363969.456869 -1.949644 2.041671 0.503229 1561484728.348926
7757327.272859 -363969.943447 -1.845118 2.078701 0.506822 1561484728.598416
7757327.148404 -363970.556778 -1.710150 2.090711 0.480581 1561484728.898121
7757327.089629 -363971.078233 -1.605884 2.131744 0.467743 1561484729.147809
7757327.076350 -363971.644672 -1.499183 2.231826 0.443774 1561484729.397593
7757327.131976 -363972.243418 -1.401213 2.295879 0.382916 1561484729.647456
7757327.270201 -363972.826267 -1.317654 2.373943 0.326905 1561484729.897395
7757327.375995 -363973.330486 -1.256381 2.461014 0.283696 1561484730.097383
7757327.571672 -363973.842993 -1.200507 2.525066 0.248574 1561484730.297354
7757327.828987 -363974.397007 -1.141493 2.641161 0.216687 1561484730.547354
7757328.067417 -363974.948096 -1.095956 2.749250 0.195129 1561484730.747265
7757328.351231 -363975.507984 -1.053863 2.876354 0.159711 1561484730.947125
7757328.662826 -363976.012718 -1.018003 2.993450 0.130551 1561484731.146897
7757328.992438 -363976.505522 -0.989283 3.115550 0.113203 1561484731.346462
7757329.281013 -363976.938743 -0.964561 3.216632 0.101855 1561484731.496265
7757329.649666 -363977.475029 -0.942714 3.295697 0.078938 1561484731.696126
7757329.938565 -363977.905627 -0.929623 3.364753 0.065952 1561484731.846029
7757330.268211 -363978.314528 -0.918048 3.469839 0.054076 1561484731.995917
7757330.600388 -363978.731190 -0.907329 3.534893 0.041028 1561484732.145860
7757330.957631 -363979.210307 -0.897650 3.582932 0.030458 1561484732.295708
7757331.273596 -363979.616185 -0.892077 3.657993 0.023408 1561484732.445628
7757331.623222 -363980.067017 -0.884160 3.750069 0.018501 1561484732.595660
7757332.009966 -363980.543126 -0.881657 3.803112 0.017500 1561484732.745509
7757332.367893 -363980.994297 -0.878731 3.909199 0.017521 1561484732.895333
7757332.742371 -363981.463717 -0.873823 3.953235 0.017530 1561484733.045047
7757333.132475 -363981.933673 -0.872528 4.004277 0.015259 1561484733.194852
7757333.540666 -363982.408080 -0.865438 4.047312 0.004606 1561484733.344623
7757333.922029 -363982.862094 -0.864249 4.098354 0.002831 1561484733.494547
7757334.330933 -363983.334262 -0.865907 4.138387 0.002832 1561484733.644390
7757334.740562 -363983.862470 -0.865331 4.185425 0.002833 1561484733.794214
7757335.116610 -363984.321859 -0.861987 4.236467 0.000545 1561484733.943974
7757335.581075 -363984.842534 -0.862716 4.295515 -0.003020 1561484734.093762
7757335.975699 -363985.297770 -0.863511 4.332545 -0.006206 1561484734.243579
7757336.405340 -363985.827843 -0.865022 4.371577 -0.008503 1561484734.393422
7757336.799530 -363986.355450 -0.867875 4.416614 -0.010804 1561484734.543241
7757337.214362 -363986.854882 -0.870419 4.444637 -0.013359 1561484734.693139
7757337.657525 -363987.352161 -0.874336 4.499682 -0.010816 1561484734.843037
7757338.117993 -363987.894002 -0.874197 4.520699 -0.011075 1561484734.992936
7757338.518693 -363988.423954 -0.880657 4.518698 -0.010819 1561484735.142743
7757338.936717 -363988.937066 -0.883642 4.541717 -0.010695 1561484735.292631
7757339.385150 -363989.464686 -0.885443 4.557730 -0.010187 1561484735.442467
7757339.799842 -363989.995765 -0.887844 4.534711 -0.010184 1561484735.592386
7757340.261828 -363990.536025 -0.889872 4.518698 -0.009797 1561484735.742316
7757340.647799 -363991.057854 -0.894012 4.539715 -0.009288 1561484735.892148
7757341.044467 -363991.566563 -0.894745 4.552726 -0.005586 1561484736.041925
7757341.371730 -363991.944890 -0.895724 4.532709 -0.001753 1561484736.141781
7757341.779846 -363992.464246 -0.896009 4.531708 0.000546 1561484736.291535
7757342.162521 -363992.997150 -0.895689 4.503685 -0.001242 1561484736.441298
7757342.619298 -363993.550150 -0.896239 4.503685 -0.001242 1561484736.591186
7757343.005193 -363994.053659 -0.895140 4.508690 -0.000987 1561484736.740986
7757343.393136 -363994.534648 -0.894388 4.487672 0.001439 1561484736.890947
7757343.841809 -363995.129008 -0.895431 4.482668 0.003608 1561484737.040732
7757344.251061 -363995.595162 -0.897077 4.464654 -0.000093 1561484737.190622
7757344.636066 -363996.123594 -0.897492 4.454645 -0.001241 1561484737.340420
7757345.024478 -363996.647114 -0.896055 4.428624 -0.001878 1561484737.490292
7757345.418783 -363997.171358 -0.895383 4.417615 -0.001750 1561484737.640220
7757345.806825 -363997.686059 -0.898339 4.414613 -0.002261 1561484737.790094
7757346.179442 -363998.161010 -0.899125 4.378583 -0.002259 1561484737.940034
7757346.608297 -363998.686711 -0.896313 4.365572 -0.000857 1561484738.089946
7757347.003143 -363999.182428 -0.897586 4.354563 0.001692 1561484738.239867
7757347.372261 -363999.682008 -0.898146 4.327541 0.003603 1561484738.389735
7757347.783604 -364000.162623 -0.894925 4.317533 0.003602 1561484738.539665
7757348.199334 -364000.694085 -0.897659 4.312529 0.002201 1561484738.689615
7757348.593391 -364001.200518 -0.895037 4.295515 0.004620 1561484738.839595
7757348.964339 -364001.708317 -0.893495 4.267492 0.008182 1561484738.989406
7757349.370820 -364002.192839 -0.891724 4.263489 0.012890 1561484739.139198
7757349.745787 -364002.684934 -0.890584 4.260486 0.014798 1561484739.288961
7757350.146215 -364003.153395 -0.884801 4.227459 0.014538 1561484739.438671
7757350.560266 -364003.649619 -0.879691 4.236467 0.012758 1561484739.588479
7757350.958400 -364004.133965 -0.873832 4.199437 0.010592 1561484739.738270
7757351.344678 -364004.600568 -0.873688 4.179420 0.011096 1561484739.888106
7757351.751073 -364005.057866 -0.871600 4.175417 0.010842 1561484740.038059
7757352.134881 -364005.526312 -0.865961 4.155400 0.015033 1561484740.187935
7757352.506361 -364006.023704 -0.862752 4.154400 0.014780 1561484740.337807
7757352.902731 -364006.510493 -0.862783 4.132382 0.012870 1561484740.487764
7757353.346827 -364006.994431 -0.857617 4.110364 0.011342 1561484740.637674
7757353.719296 -364007.393809 -0.854323 4.110364 0.009944 1561484740.787584
7757354.101908 -364007.861440 -0.850166 4.109363 0.007913 1561484740.937513
7757354.510110 -364008.312831 -0.850568 4.093350 0.003593 1561484741.087440
7757354.921844 -364008.820334 -0.847432 4.089346 0.001942 1561484741.237336
7757355.289480 -364009.280269 -0.848168 4.057320 0.001687 1561484741.387267
7757355.685694 -364009.722208 -0.850736 4.031299 -0.000344 1561484741.537006
7757356.079054 -364010.169659 -0.847977 3.978256 -0.001232 1561484741.686816
7757356.408038 -364010.563706 -0.848136 3.919207 -0.000977 1561484741.836699
7757356.787305 -364011.001514 -0.850546 3.844146 -0.001988 1561484741.986601
7757357.140715 -364011.455135 -0.846537 3.807115 -0.002874 1561484742.136454
7757357.562502 -364011.828454 -0.848219 3.738059 -0.003504 1561484742.286364
7757357.990530 -364012.332698 -0.846725 3.604950 -0.003499 1561484742.486108
7757358.336094 -364012.732510 -0.848962 3.529889 -0.004378 1561484742.635966
7757358.751390 -364013.232057 -0.850138 3.423802 -0.010171 1561484742.835645
7757359.171321 -364013.730240 -0.854045 3.290693 -0.009904 1561484743.035407
7757359.554224 -364014.195728 -0.855013 3.181604 -0.007003 1561484743.235167
7757359.929218 -364014.603406 -0.856545 3.046493 -0.002347 1561484743.434967
7757360.302764 -364015.052932 -0.858308 2.934401 -0.002344 1561484743.634824
7757360.656618 -364015.500935 -0.857536 2.807297 -0.004221 1561484743.834635
7757361.003825 -364015.872223 -0.859693 2.740242 -0.008101 1561484744.034475
7757361.360467 -364016.277925 -0.859088 2.675189 -0.012976 1561484744.234270
7757361.682262 -364016.686151 -0.861204 2.627150 -0.016224 1561484744.433952
7757362.112428 -364017.179447 -0.866820 2.610136 -0.015220 1561484744.683776
7757362.430967 -364017.582801 -0.869721 2.636157 -0.010845 1561484744.883521
7757362.825128 -364018.044374 -0.868294 2.557093 -0.001459 1561484745.133261
7757363.238051 -364018.524209 -0.869753 2.473024 0.027279 1561484745.382902
7757363.580992 -364018.963235 -0.858839 2.456010 0.061577 1561484745.632550
7757363.959514 -364019.412061 -0.839457 2.370940 0.084409 1561484745.882223
7757364.351813 -364019.830045 -0.819960 2.306888 0.116795 1561484746.131976
7757364.744282 -364020.233318 -0.790562 2.243836 0.172961 1561484746.381678
7757365.114239 -364020.607288 -0.747834 2.141753 0.217941 1561484746.631375
7757365.550001 -364020.985212 -0.692486 2.052680 0.246819 1561484746.930976
7757365.940067 -364021.327560 -0.646909 1.971613 0.293533 1561484747.180536
7757366.391356 -364021.645855 -0.573232 1.908562 0.341935 1561484747.480104
7757366.855805 -364021.947120 -0.493043 1.893550 0.388706 1561484747.779634
7757367.358316 -364022.181180 -0.404716 1.866527 0.410463 1561484748.079150
7757367.878541 -364022.400047 -0.314561 1.850514 0.423332 1561484748.378732
7757368.389772 -364022.558935 -0.221359 1.824493 0.438044 1561484748.678262
7757368.929578 -364022.642126 -0.121691 1.818488 0.440650 1561484748.977812
7757369.448427 -364022.632149 -0.026950 1.802475 0.438830 1561484749.277582
7757370.000650 -364022.651572 0.071074 1.807479 0.428314 1561484749.577492
7757370.504498 -364022.619227 0.163549 1.823492 0.429938 1561484749.877348
7757370.996769 -364022.517213 0.241632 1.812483 0.400550 1561484750.127216
7757371.489615 -364022.402685 0.324545 1.823492 0.334107 1561484750.427078
7757371.951394 -364022.189339 0.381261 1.888545 0.290945 1561484750.677036
7757372.463659 -364022.003582 0.440750 1.881540 0.221641 1561484750.977037
7757372.984377 -364021.737284 0.485357 1.897553 0.158724 1561484751.277133
7757373.509556 -364021.510002 0.509830 1.855518 0.044824 1561484751.577205
7757373.971101 -364021.213299 0.509180 1.861523 -0.115131 1561484751.877248
7757374.482048 -364020.925847 0.455260 1.749432 -0.274962 1561484752.227321
7757375.010631 -364020.717006 0.379387 1.659358 -0.428125 1561484752.577101
7757375.532022 -364020.549345 0.265358 1.488218 -0.514899 1561484752.976546
7757376.103383 -364020.427253 0.135674 1.446183 -0.516268 1561484753.376003
7757376.661986 -364020.415907 0.012518 1.447184 -0.518233 1561484753.775509
7757377.172222 -364020.388748 -0.097928 1.446183 -0.516207 1561484754.125160
7757377.694170 -364020.489208 -0.209699 1.430170 -0.504470 1561484754.524785
7757378.209068 -364020.642653 -0.310001 1.174962 -0.479892 1561484754.974303
7757378.678990 -364020.822399 -0.403289 0.467382 -0.476238 1561484755.772976
7757379.116718 -364021.080028 -0.509324 0.441361 -0.460448 1561484759.368824
7757379.548683 -364021.341013 -0.604803 0.749613 -0.415775 1561484760.168156
7757379.961224 -364021.629548 -0.685885 1.030844 -0.356874 1561484760.667727
7757380.357315 -364022.005463 -0.757555 1.245019 -0.260683 1561484761.117086
7757380.743370 -364022.378665 -0.802665 1.462197 -0.158992 1561484761.466599
7757381.107457 -364022.767895 -0.829787 1.712401 -0.098910 1561484761.766093
7757381.488424 -364023.181868 -0.853718 1.908562 -0.066476 1561484762.065663
7757381.840215 -364023.593012 -0.860893 2.029661 -0.044160 1561484762.315353
7757382.246004 -364024.042048 -0.871532 2.067692 -0.024253 1561484762.565313
7757382.589515 -364024.483138 -0.871561 2.234829 -0.010686 1561484762.815251
7757382.923670 -364024.915457 -0.873448 2.397962 -0.004204 1561484763.015158
7757383.286703 -364025.309506 -0.875133 2.611137 0.001667 1561484763.215116
7757383.678599 -364025.808822 -0.877237 2.765263 0.003298 1561484763.414909
7757384.081137 -364026.309552 -0.872859 2.765263 0.003298 1561484763.614761
7757384.402451 -364026.746483 -0.873748 3.372760 0.012762 1561484763.764662
7757384.764089 -364027.165033 -0.871464 3.579930 0.005593 1561484763.914518
7757385.161251 -364027.627053 -0.868168 3.743063 0.005350 1561484764.064252
7757385.496207 -364028.021019 -0.866251 3.796106 0.008770 1561484764.214086
7757385.869621 -364028.491621 -0.862911 3.833137 0.008774 1561484764.364064
7757386.304702 -364028.999724 -0.861568 3.966246 0.004475 1561484764.513873
7757386.648401 -364029.442610 -0.861108 4.029297 -0.002247 1561484764.663827
7757387.026842 -364029.901300 -0.860034 3.981258 0.000798 1561484764.813653
7757387.400210 -364030.350571 -0.863910 3.968247 0.006758 1561484764.963560
7757387.775452 -364030.795259 -0.862064 4.057320 0.001433 1561484765.113432
7757388.196950 -364031.268056 -0.862582 4.119371 -0.003775 1561484765.263306
7757388.597968 -364031.744202 -0.863452 4.154400 -0.003268 1561484765.413259
7757389.040877 -364032.234242 -0.865124 4.180421 -0.001490 1561484765.563149
7757389.424796 -364032.726329 -0.866367 4.227459 -0.003018 1561484765.713068
7757389.863364 -364033.257937 -0.866359 4.275499 -0.003783 1561484765.862954
7757390.225113 -364033.699707 -0.867710 4.322537 -0.003531 1561484766.012820
7757390.701272 -364034.252432 -0.866213 4.375581 -0.003788 1561484766.162739
7757391.107878 -364034.747702 -0.867192 4.433628 -0.003919 1561484766.312617
7757391.596226 -364035.297519 -0.868492 4.493677 -0.005837 1561484766.462533
7757392.022240 -364035.802262 -0.871497 4.540716 -0.004692 1561484766.612398
7757392.427143 -364036.306142 -0.869841 4.587754 -0.003928 1561484766.762314
7757392.766502 -364036.753784 -0.871767 4.630790 -0.003931 1561484766.862235
7757393.223031 -364037.259916 -0.875197 4.672824 -0.003805 1561484767.012036
7757393.643516 -364037.790235 -0.874679 4.740880 -0.003809 1561484767.161968
7757393.974728 -364038.177739 -0.876799 4.779912 -0.002402 1561484767.261869
7757394.312194 -364038.587477 -0.875471 4.814940 0.000547 1561484767.361754
7757394.744096 -364039.108716 -0.875494 4.840962 0.000290 1561484767.511642
7757395.074465 -364039.526711 -0.874348 4.866983 -0.002148 1561484767.611476
7757395.557586 -364040.118711 -0.873849 4.911019 -0.001508 1561484767.761415
7757396.020551 -364040.646407 -0.872698 4.950051 -0.002536 1561484767.911314
7757396.349144 -364041.072248 -0.875799 5.004095 -0.002538 1561484768.011234
7757396.812103 -364041.628723 -0.876251 5.062143 -0.006016 1561484768.161097
7757397.271396 -364042.237646 -0.876981 5.073152 -0.000869 1561484768.311047
7757397.627099 -364042.631724 -0.878643 5.120190 -0.000097 1561484768.410932
7757397.943078 -364043.044356 -0.877303 5.142208 -0.000999 1561484768.510845
7757398.411369 -364043.616660 -0.878484 5.163225 -0.002159 1561484768.660763
7757398.762926 -364044.058067 -0.875067 5.200256 -0.001000 1561484768.760664
7757399.233004 -364044.652614 -0.878148 5.227278 0.002870 1561484768.910603
7757399.588618 -364045.075996 -0.878822 5.269312 0.001451 1561484769.010438
7757399.907232 -364045.466612 -0.876836 5.301338 0.000289 1561484769.110420
7757400.273289 -364045.906465 -0.875303 5.314349 0.001323 1561484769.210338
7757400.755836 -364046.508449 -0.876402 5.372396 0.001970 1561484769.360187
7757401.117008 -364046.895212 -0.876362 5.396416 0.001713 1561484769.460099
7757401.653071 -364047.569394 -0.874898 5.414431 0.003136 1561484769.610004
7757402.136677 -364048.179165 -0.876361 5.438450 0.007926 1561484769.759866
7757402.675632 -364048.831721 -0.872476 5.500501 0.004436 1561484769.909766
7757403.011700 -364049.223931 -0.870787 5.528524 0.004048 1561484770.009712
7757403.404170 -364049.661999 -0.869239 5.536531 0.004956 1561484770.109623
7757403.756577 -364050.098193 -0.867576 5.550542 0.006514 1561484770.209556
7757404.094495 -364050.501737 -0.866330 5.576563 0.005349 1561484770.309471
7757404.412548 -364050.893458 -0.866328 5.603586 0.003793 1561484770.409348
7757404.770798 -364051.352279 -0.864976 5.613594 0.004054 1561484770.509304
7757405.133271 -364051.783526 -0.864742 5.607589 0.004443 1561484770.609261
7757405.456174 -364052.188348 -0.862623 5.594578 0.004442 1561484770.709184
7757405.855849 -364052.642423 -0.861611 5.595579 0.004053 1561484770.809117
7757406.229373 -364053.080875 -0.860419 5.613594 0.002236 1561484770.909116
7757406.589474 -364053.520643 -0.863251 5.608590 0.000029 1561484771.008997
7757407.105275 -364054.106438 -0.862639 5.582568 -0.002565 1561484771.158896
7757407.459033 -364054.517398 -0.862541 5.601584 -0.000360 1561484771.258773
7757407.822993 -364054.946463 -0.861056 5.608590 0.001717 1561484771.358728
7757408.174404 -364055.344253 -0.862136 5.585571 0.000029 1561484771.458758
7757408.537374 -364055.797807 -0.861669 5.536531 -0.001526 1561484771.558651
7757408.872508 -364056.192078 -0.864559 5.526523 -0.002822 1561484771.658599
7757409.221191 -364056.617922 -0.864170 5.529525 -0.004637 1561484771.758461
7757409.584903 -364057.049494 -0.864511 5.508508 -0.005154 1561484771.858470
7757410.104375 -364057.647074 -0.866530 5.478483 -0.004375 1561484772.008177
7757410.438696 -364058.045907 -0.868919 5.463471 -0.004632 1561484772.108099
7757410.816803 -364058.491561 -0.870272 5.445456 -0.004630 1561484772.208029
7757411.283672 -364059.079133 -0.870159 5.418434 -0.004888 1561484772.357939
7757411.624606 -364059.466430 -0.871829 5.412429 -0.004628 1561484772.457856
7757411.948258 -364059.853545 -0.874143 5.396416 -0.003074 1561484772.557791
7757412.284193 -364060.276132 -0.877367 5.364390 -0.002814 1561484772.657710
7757412.798683 -364060.890231 -0.879106 5.336367 -0.003717 1561484772.807591
7757413.144555 -364061.316704 -0.877870 5.333364 -0.004234 1561484772.907429
7757413.466638 -364061.700801 -0.882103 5.313348 -0.003457 1561484773.007267
7757413.797667 -364062.119891 -0.879256 5.286326 -0.001777 1561484773.107169
7757414.233431 -364062.620852 -0.878586 5.253299 -0.001776 1561484773.256906
7757414.580039 -364063.072558 -0.880518 5.237286 -0.001001 1561484773.356840
7757414.942876 -364063.516933 -0.879065 5.227278 -0.001001 1561484773.456649
7757415.403997 -364064.079273 -0.877590 5.135202 -0.002159 1561484773.606431
7757415.839324 -364064.602713 -0.880607 5.014103 -0.004213 1561484773.756247
7757416.254444 -364065.167553 -0.878950 4.884998 -0.004846 1561484773.906089
7757416.700095 -364065.703348 -0.883448 4.713857 -0.008420 1561484774.055920
7757417.086414 -364066.188760 -0.886482 4.599764 -0.011343 1561484774.205804
7757417.461440 -364066.653607 -0.889906 4.380585 -0.010672 1561484774.355675
7757417.882161 -364067.132619 -0.889480 4.204441 -0.010646 1561484774.505527
7757418.309951 -364067.734307 -0.894824 3.965245 -0.010615 1561484774.705211
7757418.655226 -364068.134354 -0.892424 3.770085 -0.013372 1561484774.855084
7757419.004623 -364068.606244 -0.900427 3.508871 -0.021026 1561484775.054720
7757419.396609 -364069.101962 -0.902613 3.276681 -0.029527 1561484775.254443
7757419.764182 -364069.587748 -0.912576 3.010464 -0.038355 1561484775.454196
7757420.127083 -364070.097413 -0.926302 2.711219 -0.046505 1561484775.703912
7757420.512353 -364070.544878 -0.931982 2.483032 -0.053529 1561484775.953623
7757420.845031 -364071.040043 -0.947023 2.174780 -0.057274 1561484776.253323
7757421.197856 -364071.511111 -0.960075 1.727414 -0.061717 1561484776.602917
7757421.520520 -364071.943763 -0.973793 1.260031 -0.064164 1561484777.052281
7757421.785912 -364072.413397 -0.983867 0.843690 -0.072347 1561484777.651331
7757422.069794 -364072.884538 -1.010974 0.904740 -0.071371 1561484778.400106
7757422.317338 -364073.346528 -1.025973 0.452370 -0.111125 1561484779.399068
7757422.599501 -364073.794476 -1.056845 0.494405 -0.185668 1561484780.448002
7757422.827500 -364074.247866 -1.092555 0.431353 -0.203253 1561484783.145357
7757423.041342 -364074.704012 -1.136039 0.696570 -0.248331 1561484783.894897
7757423.224329 -364075.186562 -1.197617 1.089892 -0.333862 1561484784.394449
7757423.412872 -364075.673642 -1.271077 1.356110 -0.387673 1561484784.744225
7757423.547508 -364076.218141 -1.365540 1.579292 -0.438650 1561484785.093992
7757423.637613 -364076.792249 -1.472796 1.701392 -0.448087 1561484785.443699
7757423.645805 -364077.331813 -1.581696 1.869530 -0.454889 1561484785.743522
7757423.591036 -364077.877393 -1.680723 2.051679 -0.455973 1561484785.993315
7757423.484010 -364078.418358 -1.784508 2.212811 -0.454587 1561484786.243137
7757423.352511 -364078.927397 -1.873118 2.323902 -0.442092 1561484786.442948
7757423.187163 -364079.421773 -1.971368 2.473024 -0.415817 1561484786.642802
7757422.976781 -364079.888815 -2.053583 2.601129 -0.395455 1561484786.842620
7757422.709160 -364080.339267 -2.137254 2.765263 -0.371326 1561484787.042228
7757422.361240 -364080.819525 -2.223937 2.898372 -0.341795 1561484787.241926
7757422.014304 -364081.221590 -2.286276 2.951415 -0.321092 1561484787.391610
7757421.515721 -364081.699317 -2.360258 3.051497 -0.287790 1561484787.591231
7757421.139083 -364082.063375 -2.433430 3.180603 -0.255235 1561484787.790939
7757420.709433 -364082.400110 -2.481690 3.258667 -0.231520 1561484787.940744
7757420.166978 -364082.776919 -2.539471 3.359749 -0.203580 1561484788.140541
7757419.716358 -364083.071549 -2.578184 3.407789 -0.185995 1561484788.290478
7757419.140505 -364083.419507 -2.615902 3.507871 -0.169814 1561484788.440218
7757418.560668 -364083.685234 -2.658940 3.547903 -0.150305 1561484788.640113
7757417.935277 -364084.011734 -2.692338 3.641980 -0.127205 1561484788.839926
7757417.338364 -364084.299030 -2.717680 3.673006 -0.104145 1561484788.989771
7757416.775444 -364084.524190 -2.741182 3.701029 -0.079958 1561484789.139560
7757416.254161 -364084.744359 -2.754320 3.727050 -0.054919 1561484789.289402
7757415.739047 -364084.948636 -2.768652 3.784097 -0.032344 1561484789.439269
7757415.238394 -364085.117688 -2.773074 3.852152 -0.015916 1561484789.589061
7757414.680861 -364085.327102 -2.775833 3.892185 -0.015418 1561484789.738994
7757414.081909 -364085.547145 -2.783145 3.961242 -0.019360 1561484789.888773
7757413.523004 -364085.764923 -2.782777 4.024293 -0.026095 1561484790.038852
7757412.883373 -364085.991270 -2.793191 4.087345 -0.026496 1561484790.188963
7757412.322043 -364086.173185 -2.796234 4.139387 -0.026514 1561484790.339104
7757411.672779 -364086.400707 -2.803853 4.195433 -0.024498 1561484790.488998
7757411.067025 -364086.605447 -2.806772 4.235466 -0.021843 1561484790.638896
7757410.532103 -364086.794892 -2.811400 4.276500 -0.021471 1561484790.788719
7757409.858482 -364086.994332 -2.814507 4.313530 -0.021483 1561484790.938681
7757409.227678 -364087.182272 -2.823441 4.339551 -0.017541 1561484791.088514
7757408.658013 -364087.381618 -2.826454 4.343554 -0.012195 1561484791.238469
7757408.050644 -364087.574611 -2.828166 4.350560 -0.012195 1561484791.388283
7757407.425142 -364087.774849 -2.832442 4.354563 -0.012451 1561484791.538136
7757406.736866 -364087.994249 -2.836608 4.343554 -0.012449 1561484791.687923
7757406.112250 -364088.209821 -2.839981 4.344555 -0.012449 1561484791.837708
7757405.532321 -364088.397433 -2.844310 4.323538 -0.012447 1561484791.987577
7757404.910611 -364088.582041 -2.848580 4.322537 -0.012191 1561484792.137376
7757404.259586 -364088.774130 -2.851906 4.327541 -0.012446 1561484792.287237
7757403.574873 -364088.987377 -2.853934 4.306524 -0.012445 1561484792.437214
7757403.085004 -364089.110936 -2.854943 4.281504 -0.012187 1561484792.587078
7757402.603952 -364089.255723 -2.855798 4.270495 -0.010657 1561484792.687056
7757401.957631 -364089.406283 -2.859785 4.263489 -0.006582 1561484792.836880
7757401.311804 -364089.610786 -2.859810 4.221455 -0.008106 1561484792.986805
7757400.659837 -364089.795671 -2.861067 4.195433 -0.009755 1561484793.136551
7757400.067481 -364089.946403 -2.862782 4.179420 -0.008354 1561484793.286414
7757399.471604 -364090.106315 -2.866150 4.152398 -0.008098 1561484793.436241
7757398.883377 -364090.291631 -2.870593 4.131381 -0.005173 1561484793.586224
7757398.312406 -364090.444558 -2.870509 4.102357 -0.003901 1561484793.736039
7757397.745229 -364090.617379 -2.872193 4.079338 -0.004916 1561484793.885922
7757397.185191 -364090.779892 -2.872574 4.065327 -0.004914 1561484794.035773
7757396.605547 -364090.929128 -2.872906 4.035302 -0.004659 1561484794.185632
7757395.999808 -364091.087228 -2.875176 4.013284 -0.005292 1561484794.335481
7757395.426353 -364091.256618 -2.876310 3.993268 -0.009476 1561484794.485297
7757394.805424 -364091.379846 -2.878326 3.973251 -0.012010 1561484794.635177
7757394.227430 -364091.549153 -2.880900 3.946229 -0.014287 1561484794.785074
7757393.623127 -364091.686695 -2.884209 3.935220 -0.016187 1561484794.934927
7757393.101277 -364091.781256 -2.888168 3.867165 -0.015922 1561484795.084827
7757392.588201 -364091.910528 -2.893063 3.913202 -0.015925 1561484795.234679
7757391.963369 -364092.066892 -2.898064 3.913202 -0.015931 1561484795.384575
7757391.279058 -364092.244498 -2.900136 3.802111 -0.012619 1561484795.584398
7757390.767824 -364092.354885 -2.903776 3.780093 -0.004264 1561484795.734203
7757390.159956 -364092.490314 -2.908327 3.817124 -0.001735 1561484795.884051
7757389.674549 -364092.610250 -2.904724 3.806115 -0.007431 1561484796.033730
7757389.106045 -364092.757602 -2.906662 3.727050 -0.008813 1561484796.183528
7757388.482042 -364092.902036 -2.909377 3.733055 -0.009952 1561484796.333517
7757387.942001 -364093.027324 -2.910703 3.675007 -0.010324 1561484796.483415
7757387.426008 -364093.128675 -2.912562 3.631972 -0.009056 1561484796.633273
7757386.844460 -364093.245596 -2.913824 3.599946 -0.009053 1561484796.783103
7757386.261063 -364093.361837 -2.915035 3.550906 -0.009427 1561484796.932945
7757385.668034 -364093.462011 -2.917617 3.476845 -0.009924 1561484797.132776
7757385.043829 -364093.594705 -2.920626 3.397781 -0.010167 1561484797.332538
7757384.523866 -364093.709993 -2.923947 3.328724 -0.005123 1561484797.482406
7757384.031409 -364093.817923 -2.922007 3.285689 -0.005751 1561484797.632335
7757383.493128 -364093.888499 -2.920560 3.184606 -0.005744 1561484797.832053
7757382.917787 -364094.009870 -2.919756 3.040488 -0.005736 1561484798.031846
7757382.417677 -364094.136572 -2.922431 2.891366 -0.005728 1561484798.181698
7757381.800284 -364094.276673 -2.926951 2.611137 -0.003461 1561484798.431507
7757381.297678 -364094.396514 -2.925023 2.324903 0.004910 1561484798.681224
