7465884.701466 -629488.868243 -2.832520 1.635401 0.017254 1628108615.720107
7465884.219281 -629489.021713 -2.833040 1.717981 0.017254 1628108616.020056
7465883.702726 -629489.185177 -2.834511 1.601647 0.017254 1628108616.370123
7465883.177728 -629489.351141 -2.834943 1.427534 0.017254 1628108616.769781
7465882.693485 -629489.503435 -2.836241 1.519374 0.017254 1628108617.120072
7465882.196246 -629489.659362 -2.837153 1.455118 0.017254 1628108617.470024
7465881.686882 -629489.818717 -2.837860 1.520469 0.017254 1628108617.820081
7465881.162599 -629489.982604 -2.838092 1.559068 0.017254 1628108618.170279
7465880.653717 -629490.141280 -2.838538 1.554786 0.017254 1628108618.520072
7465880.158780 -629490.295611 -2.838644 1.534376 0.017254 1628108618.870183
7465879.634144 -629490.459266 -2.838505 1.450879 0.017254 1628108619.270115
7465879.142418 -629490.613515 -2.837553 1.276973 0.017254 1628108619.669764
7465878.651724 -629490.768241 -2.835990 1.315982 0.017254 1628108620.069832
7465878.154591 -629490.925441 -2.834993 1.326925 0.017254 1628108620.470050
7465877.638592 -629491.089236 -2.833910 1.302404 0.017254 1628108620.870105
7465877.107351 -629491.258395 -2.832980 1.349291 0.017254 1628108621.270030
7465876.629662 -629491.410949 -2.832248 1.406312 0.017254 1628108621.619684
7465876.101556 -629491.580298 -2.831001 1.382669 0.017254 1628108622.020192
7465875.624122 -629491.733793 -2.830118 1.405426 0.017254 1628108622.369917
7465875.143716 -629491.888704 -2.829477 1.410288 0.017254 1628108622.719977
7465874.657601 -629492.045656 -2.828811 1.498893 0.017254 1628108623.069815
7465874.121249 -629492.219556 -2.827773 1.436424 0.017254 1628108623.469921
7465873.589812 -629492.392371 -2.826952 1.429397 0.017254 1628108623.869761
7465873.049956 -629492.568435 -2.826233 1.451472 0.017254 1628108624.269706
7465872.510104 -629492.745018 -2.825182 1.432476 0.017254 1628108624.669892
7465871.971489 -629492.921232 -2.824906 1.399335 0.017254 1628108625.069777
7465871.490784 -629493.078928 -2.824432 1.431351 0.017254 1628108625.419837
7465871.009928 -629493.236927 -2.824023 1.453508 0.017254 1628108625.769712
7465870.513287 -629493.400225 -2.823596 1.483193 0.017254 1628108626.119787
7465870.015338 -629493.564324 -2.823117 1.496776 0.017254 1628108626.469776
7465869.516423 -629493.728763 -2.822972 1.481051 0.017254 1628108626.819678
7465869.035228 -629493.887425 -2.822702 1.471506 0.017254 1628108627.169732
7465868.548362 -629494.048065 -2.822509 1.497299 0.017254 1628108627.519883
7465868.070349 -629494.205842 -2.822399 1.402380 0.017254 1628108627.869810
7465867.566803 -629494.372565 -2.821720 1.484717 0.017254 1628108628.219805
7465867.068635 -629494.537306 -2.821940 1.499120 0.017254 1628108628.569905
7465866.578796 -629494.699084 -2.822220 1.500572 0.017254 1628108628.919745
7465866.092379 -629494.859711 -2.822392 1.429134 0.017254 1628108629.269548
7465865.596830 -629495.023462 -2.822182 1.498649 0.017254 1628108629.619575
7465865.119786 -629495.181357 -2.821791 1.469297 0.017254 1628108629.969776
7465864.638240 -629495.340438 -2.822078 1.451617 0.017254 1628108630.319800
7465864.153073 -629495.500587 -2.822335 1.465674 0.017254 1628108630.669767
7465863.668813 -629495.659970 -2.823059 1.459401 0.017254 1628108631.019754
7465863.189817 -629495.817444 -2.823492 1.445575 0.017254 1628108631.369595
7465862.701462 -629495.977838 -2.823831 1.414078 0.017254 1628108631.719520
7465862.220961 -629496.135243 -2.824544 1.433863 0.017254 1628108632.069548
7465861.738180 -629496.293188 -2.824901 1.468633 0.017254 1628108632.419122
7465861.260096 -629496.449060 -2.825923 1.486236 0.017254 1628108632.769455
7465860.720117 -629496.624840 -2.826250 1.392584 0.017254 1628108633.169489
7465860.242837 -629496.779913 -2.826755 1.426544 0.017254 1628108633.519450
7465859.765093 -629496.934759 -2.827356 1.415646 0.017254 1628108633.869587
7465859.284217 -629497.090272 -2.828007 1.444532 0.017254 1628108634.219592
7465858.751755 -629497.262198 -2.828615 1.394875 0.017254 1628108634.619462
7465858.271379 -629497.417552 -2.828307 1.371279 0.017254 1628108634.969641
7465857.778702 -629497.576291 -2.828817 1.465548 0.017254 1628108635.319754
7465857.244429 -629497.748087 -2.829430 1.443351 0.017254 1628108635.719464
7465856.715904 -629497.917547 -2.830370 1.460898 0.017254 1628108636.119601
7465856.235530 -629498.071473 -2.830634 1.398306 0.017254 1628108636.469858
7465855.737689 -629498.231042 -2.830569 1.471996 0.017254 1628108636.819740
7465855.243803 -629498.389330 -2.830435 1.459382 0.017254 1628108637.169346
7465854.703197 -629498.563085 -2.829693 1.435004 0.017254 1628108637.569201
7465854.169067 -629498.735245 -2.828809 1.451908 0.017254 1628108637.969341
7465853.640373 -629498.906606 -2.827337 1.414562 0.017254 1628108638.369123
7465853.163334 -629499.061945 -2.826345 1.437543 0.017254 1628108638.719200
7465852.621991 -629499.239248 -2.824191 1.407159 0.017254 1628108639.119271
7465852.144292 -629499.396396 -2.822869 1.483694 0.017254 1628108639.469057
7465851.664046 -629499.554978 -2.821875 1.442095 0.017254 1628108639.819221
7465851.177834 -629499.716220 -2.820439 1.490346 0.017254 1628108640.169076
7465850.677534 -629499.883741 -2.817208 1.471698 0.017254 1628108640.518801
7465850.202766 -629500.043811 -2.815545 1.432555 0.017254 1628108640.868784
7465849.716766 -629500.208436 -2.814233 1.473955 0.017254 1628108641.218891
7465849.229973 -629500.374177 -2.812616 1.473392 0.017254 1628108641.568824
7465848.719412 -629500.548879 -2.810957 1.566051 0.017254 1628108641.919071
7465848.219050 -629500.721006 -2.809526 1.476790 0.017254 1628108642.269904
7465847.721198 -629500.892746 -2.808402 1.557531 0.017254 1628108642.619177
7465847.190238 -629501.076151 -2.807652 1.451242 0.017254 1628108643.018965
7465846.663957 -629501.259057 -2.806126 1.420243 0.017254 1628108643.418801
7465846.143353 -629501.440553 -2.805182 1.398965 0.017254 1628108643.819047
7465845.609393 -629501.627567 -2.803809 1.435808 0.017254 1628108644.218979
7465845.079428 -629501.813871 -2.802525 1.438118 0.017254 1628108644.618858
7465844.547674 -629502.001563 -2.801244 1.459271 0.017254 1628108645.019008
7465844.013249 -629502.190823 -2.800212 1.447212 0.017254 1628108645.418853
7465843.542036 -629502.358560 -2.798797 1.393890 0.017254 1628108645.768816
7465843.058975 -629502.531392 -2.797257 1.488638 0.017254 1628108646.118990
7465842.557624 -629502.711603 -2.795722 1.512740 0.017254 1628108646.468668
7465842.057912 -629502.891844 -2.794496 1.502915 0.017254 1628108646.818712
7465841.547938 -629503.076536 -2.793415 1.549978 0.017254 1628108647.168749
7465841.054936 -629503.255991 -2.791806 1.569582 0.017254 1628108647.518618
7465840.561339 -629503.436554 -2.790093 1.505971 0.017254 1628108647.868735
7465840.065802 -629503.618759 -2.788500 1.514567 0.017254 1628108648.218570
7465839.562031 -629503.804780 -2.787072 1.557785 0.017254 1628108648.568319
7465839.064854 -629503.989219 -2.785567 1.499452 0.017254 1628108648.918297
7465838.563278 -629504.176055 -2.784053 1.549735 0.017254 1628108649.268456
7465838.062963 -629504.363269 -2.782733 1.528706 0.017254 1628108649.618756
7465837.570926 -629504.548339 -2.781082 1.540705 0.017254 1628108649.968750
7465837.082519 -629504.732885 -2.779506 1.495050 0.017254 1628108650.318476
7465836.586015 -629504.921385 -2.777929 1.502253 0.017254 1628108650.668047
7465836.086498 -629505.112176 -2.776023 1.539458 0.017254 1628108651.017880
7465835.592476 -629505.301740 -2.774315 1.517793 0.017254 1628108651.367997
7465835.091786 -629505.494548 -2.773264 1.561356 0.017254 1628108651.718158
7465834.619009 -629505.677531 -2.771803 1.532652 0.017254 1628108652.068041
7465834.146371 -629505.861449 -2.769954 1.469279 0.017254 1628108652.417750
7465833.673566 -629506.046169 -2.768590 1.450493 0.017254 1628108652.767856
7465833.147645 -629506.252570 -2.767001 1.390950 0.017254 1628108653.167949
7465832.673608 -629506.439284 -2.765815 1.445343 0.017254 1628108653.517992
7465832.147736 -629506.647074 -2.764554 1.431690 0.017254 1628108653.917877
7465831.618684 -629506.856909 -2.763298 1.399213 0.017254 1628108654.317842
7465831.138667 -629507.047922 -2.762146 1.434824 0.017254 1628108654.668052
7465830.655987 -629507.240379 -2.761370 1.439811 0.017254 1628108655.017941
7465830.163697 -629507.437276 -2.760368 1.504907 0.017254 1628108655.367966
7465829.672099 -629507.633972 -2.760211 1.548109 0.017254 1628108655.717942
7465829.169315 -629507.835348 -2.759664 1.509338 0.017254 1628108656.067960
7465828.664898 -629508.037918 -2.758757 1.556050 0.017254 1628108656.417944
7465828.165020 -629508.238701 -2.758700 1.567882 0.017254 1628108656.767693
7465827.669995 -629508.437670 -2.758309 1.482696 0.017254 1628108657.117520
7465827.171644 -629508.638257 -2.757889 1.523847 0.017254 1628108657.467365
7465826.690741 -629508.832029 -2.757389 1.510820 0.017254 1628108657.817506
7465826.218517 -629509.022516 -2.756989 1.481546 0.017254 1628108658.167414
7465825.728182 -629509.220609 -2.756549 1.483077 0.017254 1628108658.517248
7465825.226222 -629509.423913 -2.755491 1.520065 0.017254 1628108658.867036
7465824.745519 -629509.619049 -2.754819 1.442982 0.017254 1628108659.216975
7465824.262949 -629509.814818 -2.754665 1.465750 0.017254 1628108659.567148
7465823.766283 -629510.016573 -2.754271 1.513436 0.017254 1628108659.917148
7465823.264716 -629510.220599 -2.753832 1.579788 0.017254 1628108660.267017
7465822.759857 -629510.426357 -2.753114 1.531393 0.017254 1628108660.616921
7465822.246005 -629510.636012 -2.752583 1.562753 0.017254 1628108660.966807
7465821.710956 -629510.854531 -2.752263 1.631223 0.017254 1628108661.317015
7465821.182460 -629511.070984 -2.751254 1.635129 0.017254 1628108661.667046
7465820.656770 -629511.286712 -2.750410 1.611427 0.017254 1628108662.016826
7465820.142564 -629511.498113 -2.749895 1.611190 0.017254 1628108662.367060
7465819.648413 -629511.701793 -2.748845 1.575531 0.017254 1628108662.717196
7465819.172747 -629511.898361 -2.748082 1.474896 0.017254 1628108663.067309
7465818.691139 -629512.098572 -2.746091 1.489348 0.017254 1628108663.417198
7465818.198052 -629512.304056 -2.745146 1.536439 0.017254 1628108663.766767
7465817.726806 -629512.501040 -2.743694 1.460888 0.017254 1628108664.116786
7465817.255571 -629512.699043 -2.742031 1.508278 0.017254 1628108664.466576
7465816.780831 -629512.899625 -2.740087 1.514937 0.017254 1628108664.816742
7465816.313977 -629513.097879 -2.738043 1.448129 0.017254 1628108665.166765
7465815.845908 -629513.297791 -2.736299 1.465841 0.017254 1628108665.516771
7465815.372207 -629513.500574 -2.735073 1.485046 0.017254 1628108665.866537
7465814.842725 -629513.728819 -2.732655 1.597757 0.017254 1628108666.266142
7465814.376060 -629513.931001 -2.730656 1.464438 0.017254 1628108666.615940
7465813.904941 -629514.136180 -2.728630 1.434045 0.017254 1628108666.966180
7465813.418643 -629514.348752 -2.727291 1.465988 0.017254 1628108667.316280
7465812.926365 -629514.565413 -2.725049 1.512555 0.017254 1628108667.666144
7465812.434579 -629514.782675 -2.723321 1.506818 0.017254 1628108668.015890
7465811.930215 -629515.006582 -2.721554 1.546849 0.017254 1628108668.365818
7465811.433426 -629515.228062 -2.719621 1.578550 0.017254 1628108668.715491
7465810.940257 -629515.449013 -2.718235 1.569374 0.017254 1628108669.065713
7465810.438482 -629515.673543 -2.716597 1.541066 0.053982 1628108669.415563
7465809.952413 -629515.891431 -2.715372 1.512791 0.090190 1628108669.765254
7465809.478507 -629516.104684 -2.712791 1.516776 0.090190 1628108670.115418
7465809.018984 -629516.312850 -2.710352 1.485897 0.090190 1628108670.465518
7465808.513031 -629516.543920 -2.706259 1.491526 0.090190 1628108670.865234
7465808.057953 -629516.755506 -2.700685 1.445370 0.090190 1628108671.215056
7465807.604895 -629516.969478 -2.694639 1.436866 0.090190 1628108671.565249
7465807.110307 -629517.207700 -2.686756 1.388084 0.090190 1628108671.965160
7465806.606468 -629517.454742 -2.679843 1.427922 0.090190 1628108672.365278
7465806.098211 -629517.709265 -2.672453 1.449953 0.053982 1628108672.765431
7465805.640225 -629517.942912 -2.665642 1.486954 0.053982 1628108673.115321
7465805.172861 -629518.183990 -2.660511 1.515824 0.053982 1628108673.465248
7465804.723345 -629518.419045 -2.655031 1.462282 0.053982 1628108673.815091
7465804.272749 -629518.656785 -2.651076 1.487545 0.053982 1628108674.164882
7465803.785699 -629518.916073 -2.646999 1.417761 0.053982 1628108674.565452
7465803.303564 -629519.174046 -2.643977 1.397078 0.090190 1628108674.965696
7465802.837562 -629519.423653 -2.642145 1.332013 0.090190 1628108675.365626
7465802.344190 -629519.690197 -2.638885 1.409118 0.090190 1628108675.765596
7465801.889770 -629519.937276 -2.636074 1.489238 0.090190 1628108676.115442
7465801.404632 -629520.204197 -2.631299 1.500249 0.090190 1628108676.465366
7465800.924154 -629520.471406 -2.624772 1.529028 0.126582 1628108676.815113
7465800.481079 -629520.720662 -2.619066 1.485830 0.126582 1628108677.164733
7465800.024645 -629520.981352 -2.610509 1.221442 0.163040 1628108677.614469
7465799.560102 -629521.253186 -2.599896 1.079292 0.199055 1628108678.114521
7465799.093525 -629521.533369 -2.588268 1.238391 0.235688 1628108678.564449
7465798.638130 -629521.813718 -2.575328 1.352532 0.235688 1628108678.964283
7465798.195613 -629522.092724 -2.562173 1.097951 0.272024 1628108679.464176
7465797.763690 -629522.373449 -2.545636 0.676700 0.308323 1628108680.213929
7465797.346147 -629522.659691 -2.524764 0.820209 0.344812 1628108680.863556
7465796.907684 -629522.970598 -2.507090 1.015774 0.380982 1628108681.363434
7465796.488015 -629523.279802 -2.486280 1.190771 0.417384 1628108681.763633
7465796.044313 -629523.620855 -2.461853 1.349055 0.453834 1628108682.163565
7465795.634862 -629523.949985 -2.438283 1.473965 0.453834 1628108682.513448
7465795.238928 -629524.284148 -2.411618 1.523793 0.490145 1628108682.863564
7465794.852984 -629524.625881 -2.384544 1.300858 0.490145 1628108683.263562
7465794.464073 -629524.995231 -2.349255 1.203760 0.526443 1628108683.763507
7465794.111325 -629525.353229 -2.316839 0.856173 0.562809 1628108684.362962
7465793.755355 -629525.746114 -2.282334 0.834756 0.599006 1628108685.062366
7465793.401490 -629526.164809 -2.247209 1.108146 0.635579 1628108685.562327
7465793.057176 -629526.599416 -2.208922 1.213009 0.671953 1628108686.012113
7465792.734916 -629527.039510 -2.166777 1.220793 0.708091 1628108686.461900
7465792.436045 -629527.488316 -2.118666 1.197029 0.708091 1628108686.961550
7465792.182950 -629527.921664 -2.069016 1.004845 0.744539 1628108687.511593
7465791.952968 -629528.390603 -2.009834 0.471757 0.817240 1628108688.561542
7465791.785888 -629528.867891 -1.957433 0.576802 0.926264 1628108690.260821
7465791.611344 -629529.356777 -1.894133 0.757953 0.962996 1628108690.960181
7465791.470405 -629529.847245 -1.820488 0.771587 0.999266 1628108691.659633
7465791.377133 -629530.354667 -1.741827 0.682799 0.962996 1628108692.459474
7465791.327630 -629530.876011 -1.664868 0.690980 0.890263 1628108693.258918
7465791.319586 -629531.400585 -1.593459 0.781160 0.853836 1628108693.958336
7465791.346948 -629531.933964 -1.526937 0.842337 0.817557 1628108694.607800
7465791.403470 -629532.463593 -1.466379 0.934375 0.781175 1628108695.157422
7465791.485793 -629533.001828 -1.410899 1.122140 0.780872 1628108695.607186
7465791.597117 -629533.554802 -1.352719 1.147415 0.780872 1628108696.056889
7465791.733207 -629534.084935 -1.298132 1.269689 0.780872 1628108696.456862
7465791.888173 -629534.586236 -1.243314 1.247486 0.817240 1628108696.856472
7465792.078039 -629535.098155 -1.182219 1.184758 0.853665 1628108697.306557
7465792.287421 -629535.561760 -1.119467 0.836261 0.889918 1628108697.906116
7465792.526911 -629536.007091 -1.062929 0.856852 0.889918 1628108698.505620
7465792.799716 -629536.447279 -1.000425 0.963593 0.889918 1628108699.055407
7465793.104816 -629536.873145 -0.931434 0.990662 0.889918 1628108699.604907
7465793.444206 -629537.278481 -0.861008 1.024021 0.853665 1628108700.154680
7465793.807115 -629537.647042 -0.789617 0.963273 0.853665 1628108700.704373
7465794.188117 -629537.987920 -0.727357 1.025507 0.817240 1628108701.203780
7465794.594908 -629538.309851 -0.666629 1.017699 0.780872 1628108701.703703
7465795.016687 -629538.602491 -0.606543 1.004361 0.780872 1628108702.203507
7465795.471971 -629538.879723 -0.549423 1.040231 0.744539 1628108702.702577
7465795.934976 -629539.126817 -0.494219 1.007659 0.708091 1628108703.202083
7465796.386653 -629539.342021 -0.446788 1.056877 0.671953 1628108703.651588
7465796.854206 -629539.539007 -0.399969 1.060521 0.635579 1628108704.100966
7465797.352549 -629539.724349 -0.353945 1.108595 0.635579 1628108704.550481
7465797.874943 -629539.893635 -0.308306 1.063874 0.599006 1628108705.049708
7465798.383154 -629540.025592 -0.264696 0.831616 0.562809 1628108705.699110
7465798.903048 -629540.139161 -0.227753 0.801949 0.526443 1628108706.298378
7465799.425077 -629540.237659 -0.192851 0.990330 0.490145 1628108706.797688
7465799.955041 -629540.318915 -0.159084 0.835212 0.453834 1628108707.396918
7465800.493098 -629540.377729 -0.128207 0.749460 0.417384 1628108708.145958
7465801.007879 -629540.423995 -0.102424 0.869835 0.380982 1628108708.695119
7465801.543421 -629540.460929 -0.077984 1.031536 0.344812 1628108709.144461
7465802.053511 -629540.487092 -0.054867 1.113559 0.344812 1628108709.543513
7465802.611475 -629540.504423 -0.031013 1.158282 0.308323 1628108709.976859
7465803.133768 -629540.507908 -0.011004 1.080880 0.272024 1628108710.442662
7465803.692794 -629540.500762 0.009597 1.159316 0.235688 1628108710.891578
7465804.251851 -629540.484332 0.028316 1.268640 0.235688 1628108711.290900
7465804.773853 -629540.461633 0.044111 1.387015 0.235688 1628108711.640375
7465805.319566 -629540.430069 0.059061 1.426777 0.199055 1628108711.989936
7465805.871318 -629540.390259 0.074694 1.497083 0.199055 1628108712.339591
7465806.430935 -629540.341791 0.090384 1.428844 0.199055 1628108712.689193
7465807.003521 -629540.284154 0.104373 1.512309 0.163040 1628108713.038624
7465807.523313 -629540.224576 0.117321 1.475234 0.126582 1628108713.387542
7465808.034748 -629540.158520 0.129735 1.294539 0.126582 1628108713.786677
7465808.572957 -629540.082257 0.140231 1.082830 0.090190 1628108714.286056
7465809.078599 -629540.004690 0.149208 1.022663 0.090190 1628108714.785278
7465809.576956 -629539.925265 0.155902 1.079330 0.090190 1628108715.234606
7465810.113166 -629539.836940 0.161928 1.115780 0.090190 1628108715.684045
7465810.634810 -629539.747857 0.168342 1.107878 0.090190 1628108716.133028
7465811.129824 -629539.659090 0.175490 1.165402 0.090190 1628108716.532269
7465811.650765 -629539.563165 0.182061 1.276915 0.090190 1628108716.931731
7465812.204191 -629539.456576 0.190084 1.229216 0.090190 1628108717.381102
7465812.695287 -629539.358260 0.197417 1.208833 0.090190 1628108717.779605
7465813.210607 -629539.251341 0.204733 1.247687 0.090190 1628108718.178699
7465813.737497 -629539.138277 0.212166 1.300975 0.090190 1628108718.578537
7465814.255192 -629539.023314 0.219227 1.283349 0.090190 1628108718.977952
7465814.768786 -629538.905343 0.226472 1.268078 0.090190 1628108719.377185
7465815.280121 -629538.784307 0.233323 1.285855 0.090190 1628108719.776932
7465815.792537 -629538.659155 0.240550 1.284510 0.090190 1628108720.176726
7465816.305450 -629538.530162 0.247552 1.265107 0.090190 1628108720.576507
7465816.816270 -629538.397782 0.254660 1.298889 0.090190 1628108720.976256
7465817.322145 -629538.262573 0.262320 1.303450 0.090190 1628108721.376050
7465817.811831 -629538.128412 0.268592 1.256194 0.090190 1628108721.775953
7465818.301300 -629537.990864 0.275118 1.201307 0.090190 1628108722.175894
7465818.792121 -629537.849423 0.281526 1.219548 0.090190 1628108722.575632
7465819.288583 -629537.703342 0.287301 1.235201 0.090190 1628108722.975150
7465819.782154 -629537.554848 0.293745 1.248424 0.090190 1628108723.374942
7465820.284196 -629537.400673 0.299552 1.272588 0.090190 1628108723.774690
7465820.794574 -629537.239565 0.306238 1.291807 0.053982 1628108724.174425
7465821.311755 -629537.072841 0.312674 1.315022 0.053982 1628108724.574261
7465821.826063 -629536.903272 0.318632 1.330557 0.017254 1628108724.974053
7465822.339581 -629536.730552 0.323797 1.339256 0.017254 1628108725.373760
7465822.856506 -629536.554771 0.327331 1.336184 0.017254 1628108725.773669
7465823.366862 -629536.380166 0.329144 1.337818 0.017254 1628108726.173566
7465823.865540 -629536.209526 0.329486 1.329257 0.017254 1628108726.573815
7465824.347683 -629536.044488 0.329336 1.136782 0.017254 1628108727.023520
7465824.834341 -629535.877730 0.329471 0.866082 0.017254 1628108727.623125
7465825.327458 -629535.708474 0.329891 0.843613 0.017254 1628108728.222688
7465825.817488 -629535.539963 0.330500 1.038849 0.017254 1628108728.672328
7465826.306595 -629535.371284 0.331771 1.203698 0.017254 1628108729.071986
7465826.831633 -629535.189958 0.332384 1.323712 0.017254 1628108729.471833
7465827.318024 -629535.021614 0.333297 1.340913 0.017254 1628108729.821697
7465827.803474 -629534.852599 0.334876 1.415632 0.017254 1628108730.171639
7465828.279131 -629534.685796 0.337037 1.436788 0.017254 1628108730.521980
7465828.766515 -629534.514024 0.338722 1.436893 0.017254 1628108730.872381
7465829.260126 -629534.338242 0.341618 1.464920 0.017254 1628108731.222489
7465829.746004 -629534.164257 0.343897 1.433685 0.017254 1628108731.572426
7465830.231590 -629533.988877 0.346203 1.421970 0.017254 1628108731.922304
7465830.729998 -629533.807425 0.348789 1.458908 0.017254 1628108732.272064
7465831.220762 -629533.627630 0.350964 1.480039 0.017254 1628108732.622172
7465831.714726 -629533.445400 0.353128 1.479682 0.017254 1628108732.972051
7465832.202669 -629533.264494 0.354998 1.467242 0.017254 1628108733.321843
7465832.695226 -629533.081058 0.356214 1.450225 0.017254 1628108733.671898
7465833.194121 -629532.894079 0.358421 1.488005 0.017254 1628108734.022177
7465833.678845 -629532.711352 0.360327 1.460691 0.017254 1628108734.372279
7465834.170534 -629532.524542 0.362670 1.469412 0.017254 1628108734.722076
7465834.670998 -629532.333425 0.364727 1.466312 0.017254 1628108735.071944
7465835.180612 -629532.137446 0.366953 1.491602 0.017254 1628108735.421777
7465835.697756 -629531.937145 0.369532 1.519014 0.017254 1628108735.771590
7465836.212948 -629531.736826 0.370866 1.577642 0.017254 1628108736.121575
7465836.723433 -629531.537564 0.372037 1.512950 0.017254 1628108736.471453
7465837.223432 -629531.341988 0.372908 1.482818 0.017254 1628108736.821381
7465837.725024 -629531.145253 0.373488 1.490627 0.017254 1628108737.171030
7465838.231193 -629530.946513 0.374033 1.505450 0.017254 1628108737.520737
7465838.740429 -629530.746527 0.374457 1.523361 0.017254 1628108737.870856
7465839.254674 -629530.544222 0.374663 1.515021 0.017254 1628108738.220975
7465839.765415 -629530.343099 0.375195 1.485556 0.017254 1628108738.570997
7465840.281445 -629530.139848 0.375218 1.532038 0.017254 1628108738.920878
7465840.795762 -629529.937247 0.375245 1.542373 0.017254 1628108739.270616
7465841.311873 -629529.733844 0.375453 1.553338 0.017254 1628108739.620644
7465841.805257 -629529.539219 0.375817 1.472114 0.017254 1628108739.970475
7465842.282889 -629529.350412 0.376320 1.422758 0.017254 1628108740.320597
7465842.787928 -629529.150915 0.376408 1.509841 0.017254 1628108740.670907
7465843.256331 -629528.965814 0.376224 1.286475 0.017254 1628108741.021064
7465843.756669 -629528.768037 0.376455 1.498829 0.017254 1628108741.371282
7465844.255781 -629528.570786 0.376400 1.481884 0.017254 1628108741.721386
7465844.741174 -629528.378521 0.376893 1.446145 0.017254 1628108742.071371
7465845.230649 -629528.184577 0.377304 1.480481 0.017254 1628108742.421211
7465845.720101 -629527.990166 0.377765 1.473412 0.017254 1628108742.771084
7465846.221178 -629527.791200 0.377900 1.449036 0.017254 1628108743.120927
7465846.738119 -629527.585747 0.378458 1.517209 0.017254 1628108743.470667
7465847.244695 -629527.383388 0.379993 1.475536 0.017254 1628108743.820546
7465847.754274 -629527.180036 0.379906 1.542152 0.017254 1628108744.170713
7465848.255215 -629526.979852 0.380314 1.479539 0.017254 1628108744.520785
7465848.751741 -629526.781297 0.380569 1.484448 0.017254 1628108744.870501
7465849.261489 -629526.577992 0.379828 1.542121 0.017254 1628108745.220419
7465849.756909 -629526.379839 0.380520 1.479546 0.017254 1628108745.570299
7465850.238079 -629526.187334 0.380692 1.333167 0.017254 1628108745.920276
7465850.756832 -629525.979426 0.381146 1.528829 0.017254 1628108746.270295
7465851.259860 -629525.777819 0.381279 1.493793 0.017254 1628108746.620369
7465851.752535 -629525.580454 0.380833 1.526688 0.017254 1628108746.970259
7465852.247395 -629525.381885 0.381438 1.458404 0.017254 1628108747.320499
7465852.753279 -629525.178727 0.382071 1.519899 0.017254 1628108747.670531
7465853.237649 -629524.983542 0.382699 1.486434 0.017254 1628108748.020552
7465853.734157 -629524.783308 0.383367 1.476113 0.017254 1628108748.370431
7465854.230554 -629524.582993 0.383693 1.496055 0.017254 1628108748.720399
7465854.721382 -629524.384634 0.384079 1.506072 0.017254 1628108749.070395
7465855.213517 -629524.185080 0.385110 1.416803 0.017254 1628108749.420807
7465855.711803 -629523.982464 0.385977 1.492436 0.017254 1628108749.770769
7465856.212064 -629523.779005 0.386677 1.496250 0.017254 1628108750.120796
7465856.712546 -629523.575143 0.386784 1.480008 0.017254 1628108750.470714
7465857.204739 -629523.374343 0.387417 1.476881 0.017254 1628108750.820323
7465857.694829 -629523.174048 0.388032 1.460411 0.017254 1628108751.170577
7465858.197352 -629522.968273 0.388673 1.477162 0.017254 1628108751.520827
7465858.687922 -629522.767129 0.389369 1.327785 0.017254 1628108751.870896
7465859.184539 -629522.563302 0.389711 1.486596 0.017254 1628108752.220833
7465859.654624 -629522.370334 0.389763 1.436100 0.017254 1628108752.570624
7465860.176078 -629522.155875 0.390370 1.441543 0.017254 1628108752.920779
7465860.693192 -629521.942939 0.390802 1.555706 0.017254 1628108753.270851
7465861.206265 -629521.731713 0.391028 1.509826 0.017254 1628108753.620890
7465861.703642 -629521.526628 0.391350 1.450050 0.017254 1628108753.970987
7465862.171699 -629521.333382 0.391794 1.196949 0.017254 1628108754.320876
7465862.649750 -629521.135862 0.392149 1.348648 0.017254 1628108754.670931
7465863.140009 -629520.933287 0.392002 1.365142 0.017254 1628108755.020871
7465863.639519 -629520.726880 0.392035 1.175280 0.017254 1628108755.420657
7465864.140259 -629520.519648 0.392653 1.398752 0.017254 1628108755.770427
7465864.667731 -629520.301201 0.392859 1.309249 0.017254 1628108756.170425
7465865.185101 -629520.086536 0.393456 1.296492 0.017254 1628108756.570262
7465865.681012 -629519.880723 0.393888 1.359954 0.017254 1628108756.920013
7465866.158291 -629519.682753 0.393734 1.157898 0.017254 1628108757.269666
7465866.677834 -629519.467281 0.393437 1.189481 0.017254 1628108757.669494
7465867.200110 -629519.250778 0.393295 1.354546 0.017254 1628108758.019808
7465867.731442 -629519.030817 0.392544 1.487735 0.017254 1628108758.369822
7465868.226417 -629518.825766 0.392997 1.425322 0.017254 1628108758.719707
7465868.699544 -629518.629853 0.392970 1.418514 0.017254 1628108759.069386
7465869.216704 -629518.415837 0.392790 1.464479 0.017254 1628108759.419472
7465869.689423 -629518.220360 0.392483 1.388316 0.017254 1628108759.769456
7465870.164977 -629518.023624 0.392389 1.173744 0.017254 1628108760.119429
7465870.687580 -629517.807853 0.391934 1.449705 0.017254 1628108760.469589
7465871.169787 -629517.608942 0.391396 1.364944 0.017254 1628108760.819478
7465871.656763 -629517.408261 0.391060 1.156157 0.017254 1628108761.169765
7465872.192173 -629517.187700 0.390968 1.488797 0.017254 1628108761.519665
7465872.687664 -629516.983489 0.391256 1.147880 0.017254 1628108761.869538
7465873.172284 -629516.783840 0.391020 1.192363 0.017254 1628108762.219389
7465873.691481 -629516.570329 0.390178 1.400940 0.017254 1628108762.569509
7465874.162445 -629516.376692 0.390091 1.614324 0.017254 1628108762.869482
7465874.662734 -629516.170700 0.390474 1.432398 0.017254 1628108763.219460
7465875.161311 -629515.965644 0.390102 1.514098 0.017254 1628108763.569381
7465875.687393 -629515.749345 0.389935 1.384373 0.017254 1628108763.969165
7465876.191303 -629515.542002 0.390303 1.335384 0.017254 1628108764.319037
7465876.657197 -629515.350095 0.390636 1.383585 0.017254 1628108764.669118
7465877.136700 -629515.152139 0.391199 1.402944 0.017254 1628108765.019050
7465877.630980 -629514.948058 0.391620 1.441352 0.017254 1628108765.368936
7465878.123257 -629514.744358 0.392718 1.419604 0.017254 1628108765.718997
7465878.617471 -629514.539282 0.393273 1.468172 0.017254 1628108766.068776
7465879.102153 -629514.337199 0.394777 1.404458 0.017254 1628108766.418830
7465879.606036 -629514.126776 0.395669 1.461347 0.017254 1628108766.768992
7465880.083502 -629513.926670 0.396790 1.426224 0.017254 1628108767.118865
7465880.570653 -629513.722070 0.397480 1.362103 0.017254 1628108767.468941
7465881.054726 -629513.517990 0.398998 1.252845 0.017254 1628108767.819019
7465881.564667 -629513.302525 0.399916 1.461740 0.017254 1628108768.168858
7465882.093099 -629513.078529 0.401032 1.355773 0.017254 1628108768.568733
7465882.612988 -629512.857316 0.402292 1.445594 0.017254 1628108768.918661
7465883.074191 -629512.661044 0.402935 1.147108 0.017254 1628108769.268455
7465883.535287 -629512.464442 0.403347 1.542487 0.017254 1628108769.568609
7465884.038839 -629512.249335 0.404036 1.484576 0.017254 1628108769.918743
7465884.516702 -629512.044660 0.404983 1.408481 0.017254 1628108770.268665
7465885.028512 -629511.825031 0.405815 1.504584 0.017254 1628108770.618593
7465885.526930 -629511.611067 0.406163 1.517357 0.017254 1628108770.968674
7465885.996223 -629511.409814 0.405857 1.456071 0.017254 1628108771.318321
7465886.522220 -629511.184956 0.404879 1.425994 0.017254 1628108771.718570
7465887.047501 -629510.960863 0.404051 1.416950 0.017254 1628108772.118447
7465887.514548 -629510.762098 0.403157 1.380657 0.017254 1628108772.468246
7465887.983246 -629510.563007 0.402362 1.366880 0.017254 1628108772.818310
7465888.507851 -629510.340371 0.402171 1.348835 0.017254 1628108773.218358
7465888.979931 -629510.140563 0.401145 1.364073 0.017254 1628108773.568384
7465889.490484 -629509.925417 0.399631 1.444566 0.017254 1628108773.918231
7465889.983441 -629509.718332 0.398374 1.461391 0.017254 1628108774.268078
7465890.478375 -629509.510837 0.397558 1.473214 0.017254 1628108774.618146
7465890.962964 -629509.308123 0.396926 1.429579 0.017254 1628108774.968132
7465891.473961 -629509.095000 0.395923 1.479494 0.017254 1628108775.318286
7465891.987256 -629508.881412 0.394943 1.502095 0.017254 1628108775.668049
7465892.450529 -629508.688759 0.394615 1.066331 0.017254 1628108776.018108
7465892.985088 -629508.466842 0.393826 1.529027 0.017254 1628108776.367946
7465893.513448 -629508.247677 0.393885 1.516333 0.017254 1628108776.718045
7465894.023715 -629508.036446 0.393113 1.528495 0.017254 1628108777.068261
7465894.552921 -629507.817658 0.392545 1.616281 0.017254 1628108777.418156
7465895.073923 -629507.602760 0.391471 1.558181 0.017254 1628108777.768065
7465895.561985 -629507.402024 0.390854 1.522478 0.017254 1628108778.118111
7465896.041278 -629507.205078 0.390413 1.490761 0.017254 1628108778.418291
7465896.553221 -629506.995025 0.389899 1.359193 0.017254 1628108778.768647
7465897.027124 -629506.800519 0.389944 1.522430 0.017254 1628108779.068679
7465897.553698 -629506.584725 0.389288 1.570825 0.017254 1628108779.418497
7465898.036158 -629506.386670 0.389633 1.606335 0.017254 1628108779.718547
7465898.566792 -629506.169204 0.389386 1.523235 0.017254 1628108780.068312
7465899.102722 -629505.950086 0.388548 1.556835 0.017254 1628108780.418230
7465899.625184 -629505.736600 0.388318 1.558807 0.017254 1628108780.768111
7465900.144243 -629505.525136 0.387271 1.165895 0.017254 1628108781.117854
7465900.622329 -629505.330916 0.386133 1.583651 0.017254 1628108781.417754
7465901.128474 -629505.125274 0.385900 1.646675 0.017254 1628108781.717997
7465901.653510 -629504.912774 0.384779 1.554124 0.017254 1628108782.068125
7465902.202175 -629504.691071 0.384024 1.629058 0.017254 1628108782.417605
7465902.740874 -629504.474004 0.383044 1.549669 0.017254 1628108782.767432
7465903.244753 -629504.271416 0.382174 1.415171 0.017254 1628108783.117442
7465903.764702 -629504.062906 0.381489 1.468314 0.017254 1628108783.467474
7465904.230136 -629503.876664 0.380501 1.565183 0.017254 1628108783.767757
7465904.725243 -629503.679214 0.379309 1.291859 0.017254 1628108784.117251
7465905.210420 -629503.485955 0.378901 1.385082 0.017254 1628108784.467135
7465905.687722 -629503.296660 0.377184 1.499824 0.017254 1628108784.767061
7465906.205540 -629503.091720 0.376635 1.532872 0.017254 1628108785.117117
7465906.718786 -629502.888719 0.375965 1.535379 0.017254 1628108785.467325
7465907.222255 -629502.689924 0.375941 1.562908 0.017254 1628108785.817178
7465907.710407 -629502.497149 0.375496 1.504277 0.017254 1628108786.167018
7465908.250764 -629502.283970 0.374968 1.458330 0.017254 1628108786.567175
7465908.722551 -629502.098003 0.375015 1.520099 0.017254 1628108786.867063
7465909.216603 -629501.901578 0.377125 1.272523 0.017254 1628108787.217225
7465909.710076 -629501.704354 0.379306 1.403175 0.017254 1628108787.567103
7465910.200527 -629501.506499 0.382335 1.449737 0.017254 1628108787.916904
7465910.721433 -629501.294354 0.385584 1.398427 0.053982 1628108788.316784
7465911.204878 -629501.096510 0.388696 1.452331 0.053982 1628108788.667034
7465911.737588 -629500.876900 0.392018 1.424635 0.090190 1628108789.067050
7465912.219695 -629500.676983 0.394946 1.300643 0.090190 1628108789.416945
7465912.723400 -629500.465747 0.399092 1.449121 0.090190 1628108789.766827
7465913.208361 -629500.260177 0.403604 1.456283 0.090190 1628108790.116714
7465913.682247 -629500.055399 0.409829 1.218557 0.090190 1628108790.466526
7465914.161356 -629499.845895 0.414666 1.367203 0.090190 1628108790.816481
7465914.637232 -629499.633985 0.421676 1.423764 0.090190 1628108791.166374
7465915.139314 -629499.406539 0.427807 1.021108 0.053982 1628108791.566293
7465915.637722 -629499.176923 0.433579 1.354439 0.053982 1628108791.916126
7465916.154579 -629498.935566 0.439744 1.483961 0.053982 1628108792.266091
7465916.657719 -629498.697216 0.446043 1.518375 0.053982 1628108792.616169
7465917.122523 -629498.473820 0.451265 1.486131 0.053982 1628108792.966238
7465917.590527 -629498.246311 0.455604 1.459510 0.053982 1628108793.316268
7465918.088552 -629498.001411 0.460145 1.541978 0.053982 1628108793.666215
7465918.557587 -629497.770656 0.461862 1.374802 0.053982 1628108794.016036
7465919.072012 -629497.515968 0.464322 1.583953 0.053982 1628108794.366094
7465919.535381 -629497.285233 0.467031 1.472779 0.053982 1628108794.716093
7465920.008574 -629497.048442 0.469374 1.474163 0.053982 1628108795.065969
7465920.508096 -629496.797683 0.470329 1.550244 0.053982 1628108795.415802
7465920.986739 -629496.556313 0.472796 1.507205 0.053982 1628108795.765599
7465921.456491 -629496.318603 0.474754 1.554361 0.053982 1628108796.115494
7465921.920054 -629496.082470 0.477424 1.461328 0.053982 1628108796.465726
7465922.368279 -629495.852834 0.479770 1.481666 0.053982 1628108796.815668
7465922.870545 -629495.593776 0.482963 1.398178 0.053982 1628108797.215594
7465923.379680 -629495.329460 0.485781 1.448130 0.053982 1628108797.615667
7465923.864407 -629495.075926 0.488995 1.501392 0.053982 1628108797.969965
7465924.366739 -629494.812523 0.490858 1.406793 0.053982 1628108798.365848
7465924.838193 -629494.562759 0.494123 1.489896 0.053982 1628108798.715684
7465925.291048 -629494.322374 0.496939 1.402460 0.053982 1628108799.065891
7465925.804514 -629494.048146 0.500166 1.428438 0.053982 1628108799.465771
7465926.252585 -629493.807097 0.502030 1.434856 0.053982 1628108799.815519
7465926.756796 -629493.534572 0.506022 1.268041 0.053982 1628108800.215259
7465927.245859 -629493.268215 0.508305 1.507232 0.053982 1628108800.565063
7465927.697079 -629493.021553 0.511275 1.293768 0.053982 1628108800.914797
7465928.166930 -629492.762852 0.514534 1.283279 0.053982 1628108801.264683
7465928.636929 -629492.502253 0.517896 1.436764 0.053982 1628108801.614738
7465929.110371 -629492.238940 0.520034 1.513504 0.053982 1628108801.964681
7465929.585964 -629491.972496 0.523421 1.508907 0.053982 1628108802.314428
7465930.058524 -629491.705951 0.527209 1.504976 0.053982 1628108802.664268
7465930.528112 -629491.438441 0.530412 1.525566 0.053982 1628108803.014109
7465930.988169 -629491.176543 0.534371 1.503665 0.053982 1628108803.364175
7465931.457878 -629490.907497 0.537099 1.494450 0.090190 1628108803.714155
7465931.937170 -629490.630860 0.541047 1.577810 0.090190 1628108804.063888
7465932.403784 -629490.359674 0.545167 1.514239 0.090190 1628108804.414009
7465932.865487 -629490.088772 0.550331 1.529369 0.090190 1628108804.764248
7465933.299716 -629489.831607 0.555768 1.520138 0.090190 1628108805.113925
7465933.767971 -629489.551446 0.562473 1.392903 0.090190 1628108805.514019
7465934.207162 -629489.285710 0.569114 1.299404 0.090190 1628108805.913829
7465934.646982 -629489.015586 0.575904 1.331403 0.090190 1628108806.313746
7465935.112211 -629488.725717 0.582602 1.311764 0.090190 1628108806.713542
7465935.590940 -629488.423482 0.588726 1.390692 0.090190 1628108807.114067
7465936.022305 -629488.147750 0.595579 1.384750 0.126582 1628108807.464242
7465936.491739 -629487.845068 0.602674 1.383367 0.163040 1628108807.864195
7465936.961512 -629487.539801 0.609300 1.393564 0.163040 1628108808.264264
7465937.379803 -629487.263350 0.616858 1.397834 0.199055 1628108808.613739
7465937.799675 -629486.981017 0.626143 1.441970 0.199055 1628108808.963537
7465938.266971 -629486.658214 0.638488 1.554194 0.235688 1628108809.313305
7465938.718314 -629486.339174 0.653013 1.520127 0.235688 1628108809.663222
7465939.161402 -629486.015247 0.668232 1.562446 0.272024 1628108810.013063
7465939.576595 -629485.708524 0.684836 1.526569 0.308323 1628108810.362705
7465940.009412 -629485.376904 0.703872 1.415488 0.308323 1628108810.762448
7465940.402430 -629485.067549 0.720935 1.207554 0.344812 1628108811.162227
7465940.838676 -629484.708846 0.739782 1.366630 0.344812 1628108811.561886
7465941.224327 -629484.380032 0.759670 1.435144 0.380982 1628108811.911686
7465941.620544 -629484.030101 0.778874 1.482716 0.417384 1628108812.261485
7465942.005733 -629483.671773 0.802029 1.504474 0.417384 1628108812.611216
7465942.398214 -629483.297224 0.828773 1.399962 0.453834 1628108813.011373
7465942.784573 -629482.926590 0.859191 1.086317 0.490145 1628108813.561197
7465943.161579 -629482.546685 0.891272 0.854401 0.526443 1628108814.261294
7465943.515979 -629482.154865 0.926102 0.906514 0.562809 1628108814.861058
7465943.843936 -629481.764611 0.957317 1.005156 0.599006 1628108815.360801
7465944.176422 -629481.342805 0.990756 1.097209 0.635579 1628108815.860403
7465944.483738 -629480.922775 1.027344 1.146423 0.635579 1628108816.310282
7465944.770125 -629480.499800 1.063443 1.250423 0.671953 1628108816.710344
7465945.046489 -629480.056566 1.104236 1.327128 0.671953 1628108817.110537
7465945.315565 -629479.582885 1.149071 1.334395 0.708091 1628108817.510566
7465945.571030 -629479.085787 1.195020 1.438868 0.708091 1628108817.910497
7465945.803701 -629478.579494 1.245139 1.431661 0.744539 1628108818.310376
7465946.010518 -629478.067738 1.295690 1.500586 0.780872 1628108818.710215
7465946.192111 -629477.548169 1.346677 1.515179 0.780872 1628108819.110142
7465946.351570 -629477.000724 1.401698 1.581310 0.817240 1628108819.509652
7465946.478470 -629476.458640 1.457244 1.521138 0.817240 1628108819.908954
7465946.562289 -629475.940463 1.521925 1.464083 0.853665 1628108820.308537
7465946.628799 -629475.393483 1.582552 1.316248 0.889918 1628108820.758132
7465946.651012 -629474.840713 1.648458 1.281748 0.926264 1628108821.207605
7465946.639349 -629474.294978 1.714826 1.258326 0.926264 1628108821.657382
7465946.591366 -629473.743189 1.785754 1.283766 0.962736 1628108822.107135
7465946.513927 -629473.238835 1.852303 1.359498 0.999079 1628108822.506787
7465946.401038 -629472.729646 1.925510 1.347038 0.999079 1628108822.956300
7465946.256956 -629472.247156 1.996761 1.594144 1.035403 1628108823.355955
7465946.071982 -629471.774985 2.078230 1.383216 1.035403 1628108823.805685
7465945.841584 -629471.308767 2.171444 0.867872 0.962736 1628108824.555169
7465945.552780 -629470.876810 2.251810 0.897304 0.962736 1628108825.254527
7465945.237068 -629470.478302 2.323296 0.938128 0.962736 1628108825.854164
7465944.896348 -629470.102107 2.388656 1.041983 0.962736 1628108826.403733
7465944.528600 -629469.747882 2.457057 0.934775 0.962736 1628108827.003447
7465944.126748 -629469.414335 2.526218 0.854358 0.962736 1628108827.652566
7465943.691408 -629469.109202 2.598465 0.831138 0.962736 1628108828.351556
7465943.249524 -629468.844467 2.664693 0.807466 0.926264 1628108829.000901
7465942.780995 -629468.611342 2.736458 0.848693 0.889918 1628108829.650081
7465942.308529 -629468.414343 2.798463 0.868863 0.889918 1628108830.249222
7465941.812409 -629468.244347 2.861757 0.928129 0.889918 1628108830.848490
7465941.284787 -629468.099632 2.923980 0.976724 0.853665 1628108831.447392
7465940.772048 -629467.994574 2.984386 0.945714 0.817240 1628108832.046603
7465940.258740 -629467.921667 3.040864 0.988352 0.780872 1628108832.595829
7465939.740774 -629467.876687 3.095778 0.996919 0.744539 1628108833.144910
7465939.220394 -629467.862325 -3.129967 0.617941 0.708091 1628108833.994223
7465938.696226 -629467.884483 -3.084311 0.540049 0.635579 1628108835.042569
7465938.190786 -629467.925740 -3.047210 0.679855 0.599006 1628108835.791014
7465937.682260 -629467.984302 -3.010673 0.789097 0.562809 1628108836.439958
7465937.161778 -629468.062249 -2.974692 0.860919 0.526443 1628108837.088853
7465936.669195 -629468.157369 -2.940124 0.318293 0.453834 1628108838.286700
7465936.160221 -629468.282335 -2.918488 0.546146 0.344812 1628108840.133512
7465935.641680 -629468.408698 -2.899597 0.742885 0.308323 1628108840.832439
7465935.145290 -629468.538855 -2.882060 0.787223 0.235688 1628108841.481149
7465934.623174 -629468.684255 -2.867367 0.844347 0.199128 1628108842.130461
7465934.100594 -629468.836884 -2.855180 0.969077 0.163099 1628108842.679940
7465933.614715 -629468.986344 -2.842221 1.004633 0.163099 1628108843.179145
7465933.138003 -629469.138188 -2.832312 1.000359 0.126625 1628108843.678195
7465932.644504 -629469.300608 -2.823368 1.028266 0.126625 1628108844.177379
7465932.123247 -629469.476549 -2.815130 1.016809 0.126625 1628108844.727052
7465931.605565 -629469.655812 -2.807540 1.036555 0.126625 1628108845.276707
7465931.089645 -629469.839457 -2.799069 0.999332 0.126625 1628108845.826387
7465930.617248 -629470.011247 -2.792257 0.976465 0.126625 1628108846.328769
7465930.128835 -629470.194161 -2.783838 1.042738 0.126625 1628108846.825691
7465929.652627 -629470.376234 -2.776091 1.112971 0.126625 1628108847.275332
7465929.126101 -629470.582878 -2.766215 1.244560 0.126625 1628108847.725025
7465928.623204 -629470.785645 -2.756836 1.338914 0.090219 1628108848.124586
7465928.098370 -629471.002181 -2.748246 1.351211 0.090219 1628108848.523989
7465927.612896 -629471.207928 -2.740160 1.434794 0.053996 1628108848.874260
7465927.115432 -629471.423209 -2.732427 1.513725 0.053982 1628108849.224180
7465926.615548 -629471.643428 -2.725760 1.530192 0.053982 1628108849.574347
7465926.102254 -629471.872049 -2.721214 1.563533 0.053982 1628108849.924180
7465925.580248 -629472.106227 -2.718762 1.627073 0.053982 1628108850.273799
7465925.062099 -629472.340306 -2.715560 1.557897 0.053982 1628108850.623632
7465924.604781 -629472.547560 -2.714217 1.615418 0.053982 1628108850.923329
7465924.074516 -629472.790459 -2.710577 1.649621 0.053982 1628108851.273100
7465923.615331 -629473.001875 -2.709241 1.674837 0.017254 1628108851.572739
7465923.160175 -629473.213143 -2.707043 1.618198 0.017254 1628108851.872622
7465922.700956 -629473.427328 -2.705103 1.631231 0.017254 1628108852.172616
7465922.234346 -629473.646104 -2.703118 1.682836 0.017254 1628108852.472452
7465921.775176 -629473.862199 -2.701580 1.646944 0.017254 1628108852.772304
7465921.303603 -629474.085417 -2.699607 1.692829 0.017254 1628108853.072229
7465920.837201 -629474.307010 -2.698108 1.751950 0.017254 1628108853.372078
7465920.378569 -629474.525742 -2.697158 1.695940 -0.019064 1628108853.672187
7465919.920582 -629474.745062 -2.696405 1.697002 -0.019064 1628108853.972306
7465919.454633 -629474.967449 -2.697406 1.710045 -0.019064 1628108854.272240
7465918.978839 -629475.192882 -2.700130 1.751543 -0.019064 1628108854.572227
7465918.508501 -629475.413266 -2.703949 1.722888 -0.019064 1628108854.872367
7465918.038225 -629475.631660 -2.707328 1.726856 -0.019064 1628108855.172506
7465917.567199 -629475.847946 -2.711515 1.724588 -0.019064 1628108855.472164
7465917.099097 -629476.060681 -2.715714 1.727953 -0.019064 1628108855.772150
7465916.585890 -629476.291269 -2.719979 1.637078 -0.019428 1628108856.122173
7465916.099728 -629476.507547 -2.722849 1.550313 0.017253 1628108856.472091
7465915.608030 -629476.723314 -2.726860 1.522094 0.017253 1628108856.822192
7465915.099311 -629476.945785 -2.728340 1.542749 0.017253 1628108857.171961
7465914.639251 -629477.146136 -2.729708 1.677500 0.017253 1628108857.471841
7465914.172562 -629477.349438 -2.730641 1.671220 -0.019016 1628108857.771693
7465913.638165 -629477.582696 -2.731344 1.675616 -0.055587 1628108858.121880
7465913.171123 -629477.786982 -2.731448 1.650580 -0.054866 1628108858.422104
7465912.683334 -629477.999562 -2.732636 1.725033 -0.054866 1628108858.722087
7465912.202883 -629478.208002 -2.734309 1.688311 -0.054866 1628108859.022081
7465911.719320 -629478.416303 -2.736870 1.697158 -0.054866 1628108859.321769
7465911.211541 -629478.632206 -2.741579 1.782971 -0.054866 1628108859.621520
7465910.736556 -629478.830346 -2.747851 1.754027 -0.054866 1628108859.921218
7465910.206338 -629479.046849 -2.755304 1.688526 -0.055272 1628108860.270920
7465909.693749 -629479.250983 -2.762806 1.609286 -0.019064 1628108860.620807
7465909.195558 -629479.444519 -2.770121 1.583412 -0.019297 1628108860.970562
7465908.664569 -629479.647232 -2.776002 1.593469 -0.019297 1628108861.320533
7465908.125068 -629479.850647 -2.780719 1.571018 -0.019297 1628108861.670845
7465907.620619 -629480.037883 -2.785119 1.710736 -0.019297 1628108861.970711
7465907.131656 -629480.218314 -2.787828 1.744094 -0.019297 1628108862.270557
7465906.633498 -629480.401033 -2.790013 1.692250 -0.018887 1628108862.570638
7465906.143069 -629480.579927 -2.791916 1.740300 -0.018887 1628108862.870516
7465905.637529 -629480.763194 -2.793811 1.767883 -0.019016 1628108863.170369
7465905.147471 -629480.938903 -2.796713 1.686821 -0.019016 1628108863.470478
7465904.603904 -629481.132523 -2.799281 1.649652 -0.019016 1628108863.820485
7465904.075633 -629481.319231 -2.801752 1.601008 -0.019016 1628108864.170297
7465903.564431 -629481.498049 -2.803824 1.498312 0.017253 1628108864.520369
7465903.017483 -629481.687095 -2.806540 1.714578 0.017253 1628108864.870399
7465902.536543 -629481.852480 -2.808165 1.656358 0.017253 1628108865.170398
7465902.048151 -629482.018346 -2.810279 1.684904 0.053574 1628108865.470209
7465901.546976 -629482.188710 -2.810565 1.725321 0.053574 1628108865.770331
7465901.050761 -629482.357661 -2.809833 1.719928 0.053574 1628108866.070408
7465900.557517 -629482.526862 -2.807706 1.731087 0.053574 1628108866.370435
7465900.078019 -629482.693010 -2.804620 1.734388 0.053574 1628108866.670315
7465899.579241 -629482.868568 -2.799938 1.581596 0.053574 1628108867.020237
7465899.094537 -629483.041216 -2.796280 1.542036 0.053982 1628108867.370039
7465898.573308 -629483.229833 -2.792362 1.469478 0.017254 1628108867.769783
7465898.080439 -629483.410496 -2.788523 1.087224 0.017254 1628108868.269747
7465897.592654 -629483.591809 -2.785092 0.938359 0.017254 1628108868.869799
7465897.112222 -629483.770731 -2.784559 1.129215 0.017254 1628108869.319723
7465896.613638 -629483.955501 -2.785935 1.255920 0.017254 1628108869.719674
7465896.128682 -629484.134476 -2.787351 1.379637 0.017254 1628108870.069429
7465895.620083 -629484.321147 -2.789151 1.459893 0.017254 1628108870.419273
7465895.079745 -629484.518373 -2.790996 1.536549 0.017254 1628108870.769392
7465894.594441 -629484.694858 -2.792160 1.608516 0.017254 1628108871.069534
7465894.107274 -629484.871662 -2.792776 1.675405 0.017254 1628108871.369506
7465893.627836 -629485.045378 -2.793510 1.661381 0.017254 1628108871.669335
7465893.104727 -629485.234936 -2.793554 1.632571 0.017254 1628108872.018960
7465892.601710 -629485.417213 -2.793365 1.529266 0.017254 1628108872.373358
7465892.125105 -629485.589852 -2.793608 1.488186 0.017254 1628108872.719306
7465891.635849 -629485.767219 -2.793246 1.442012 0.017254 1628108873.069212
7465891.130497 -629485.950608 -2.792878 1.515814 0.017254 1628108873.419132
7465890.636032 -629486.130547 -2.792164 1.499576 0.017254 1628108873.769336
7465890.153936 -629486.306613 -2.791088 1.511225 0.017254 1628108874.119290
7465889.660499 -629486.487244 -2.790399 1.509983 0.017254 1628108874.469101
7465889.155702 -629486.672540 -2.789402 1.471602 0.017254 1628108874.819409
7465888.645407 -629486.859800 -2.789452 1.507879 0.017254 1628108875.169572
7465888.172288 -629487.033669 -2.789215 1.464932 0.017254 1628108875.519552
7465887.684746 -629487.212420 -2.789320 1.129543 0.017254 1628108876.019327
7465887.214348 -629487.384534 -2.789789 0.117563 0.017254 1628108878.369222
7465886.739791 -629487.558589 -2.788841 0.117563 0.017254 1628108882.668771
7465886.265203 -629487.732655 -2.787893 0.117563 0.017254 1628108886.968604
