7757097.937484 -364058.147657 -0.106272 1.196463 -0.013746 1637212561.511352
7757098.423964 -364058.280188 -0.110082 1.196463 -0.015430 1637212561.861268
7757098.926218 -364058.386386 -0.118887 1.309353 -0.015436 1637212562.260840
7757099.449146 -364058.457952 -0.118563 1.338430 -0.015063 1637212562.610675
7757099.959495 -364058.534126 -0.120761 1.536843 -0.015076 1637212562.960628
7757100.533810 -364058.546448 -0.123302 1.565921 -0.014516 1637212563.310176
7757101.097271 -364058.639942 -0.120533 1.536843 -0.008897 1637212563.659886
7757101.630721 -364058.709798 -0.112536 1.624076 -0.005340 1637212564.059451
7757102.158473 -364058.780986 -0.111676 1.736966 -0.002906 1637212564.408746
7757102.682715 -364058.852589 -0.115434 1.736966 -0.002531 1637212564.758529
7757103.215285 -364058.906453 -0.114743 1.624076 -0.003279 1637212565.058037
7757103.754663 -364058.941939 -0.114070 1.651443 -0.003280 1637212565.357964
7757104.302651 -364059.039972 -0.109849 1.594998 -0.003466 1637212565.707447
7757104.852027 -364059.086870 -0.115317 1.594998 -0.004590 1637212566.057431
7757105.419751 -364059.199259 -0.120877 1.680521 -0.004780 1637212566.357043
7757105.925311 -364059.267989 -0.120747 1.709599 -0.004780 1637212566.706852
7757106.420044 -364059.351043 -0.120286 1.709599 -0.004780 1637212566.956901
7757106.954303 -364059.413064 -0.117461 1.736966 -0.004781 1637212567.256767
7757107.473584 -364059.466548 -0.119265 1.766044 -0.005157 1637212567.556569
7757107.985526 -364059.541525 -0.120392 1.766044 -0.005157 1637212567.856247
7757108.506964 -364059.582188 -0.119668 1.766044 -0.005157 1637212568.156243
7757109.103710 -364059.627184 -0.123256 1.822489 -0.005158 1637212568.456062
7757109.720631 -364059.658334 -0.128391 1.793411 -0.005157 1637212568.755898
7757110.321688 -364059.730769 -0.125855 1.822489 -0.005158 1637212569.105196
7757110.850597 -364059.755776 -0.126865 1.793411 -0.006470 1637212569.404574
7757111.343997 -364059.855369 -0.124641 1.793411 -0.006658 1637212569.654363
7757111.939570 -364059.934886 -0.121839 1.793411 -0.006658 1637212570.053815
7757112.520924 -364060.012927 -0.120529 1.793411 -0.006658 1637212570.353498
7757113.060805 -364060.100695 -0.124603 1.822489 -0.006659 1637212570.653271
7757113.584839 -364060.160390 -0.125852 1.822489 -0.006659 1637212570.953065
7757114.101319 -364060.231176 -0.126048 1.822489 -0.006659 1637212571.252927
7757114.610598 -364060.298477 -0.127875 1.793411 -0.006658 1637212571.552478
7757115.187875 -364060.325566 -0.122277 1.878934 -0.006661 1637212571.802011
7757115.757861 -364060.450568 -0.125839 1.851566 -0.006660 1637212572.151699
7757116.306540 -364060.513499 -0.129220 1.851566 -0.006660 1637212572.451487
7757116.836264 -364060.620428 -0.136686 1.851566 -0.006660 1637212572.701176
7757117.378638 -364060.689969 -0.132187 1.908011 -0.006662 1637212572.951158
7757117.928850 -364060.789302 -0.139691 1.878934 -0.006661 1637212573.250811
7757118.431262 -364060.837760 -0.138067 1.908011 -0.008351 1637212573.500599
7757119.043458 -364060.973707 -0.140850 1.935379 -0.009103 1637212573.850450
7757119.611234 -364061.009380 -0.135619 1.935379 -0.009103 1637212574.200106
7757120.172968 -364061.111100 -0.138878 1.964456 -0.009104 1637212574.449906
7757120.718819 -364061.189721 -0.139368 1.993534 -0.010044 1637212574.699777
7757121.221164 -364061.273391 -0.137867 1.964456 -0.010606 1637212574.999415
7757121.721943 -364061.344007 -0.140534 1.964456 -0.012107 1637212575.299207
7757122.229801 -364061.432717 -0.137922 1.964456 -0.013046 1637212575.499061
7757122.723386 -364061.575559 -0.129297 1.964456 -0.013046 1637212575.749158
7757123.244914 -364061.647068 -0.130399 1.993534 -0.013048 1637212576.048011
7757123.747610 -364061.713126 -0.130544 1.964456 -0.013046 1637212576.297261
7757124.305197 -364061.769376 -0.135036 1.993534 -0.013048 1637212576.547092
7757124.889268 -364061.853700 -0.129778 1.993534 -0.013048 1637212576.796937
7757125.447212 -364061.918545 -0.125228 1.993534 -0.012485 1637212577.096355
7757125.995000 -364062.011216 -0.113738 1.993534 -0.009669 1637212577.395772
7757126.534028 -364062.093647 -0.106953 1.964456 -0.005913 1637212577.695457
7757127.052853 -364062.171873 -0.109115 1.935379 -0.005912 1637212577.945448
7757127.557307 -364062.204788 -0.111501 1.964456 -0.005913 1637212578.244825
7757128.051072 -364062.296894 -0.118643 1.935379 -0.005912 1637212578.494712
7757128.571429 -364062.395584 -0.116483 1.908011 -0.004035 1637212578.794559
7757129.083004 -364062.486623 -0.117714 1.851566 0.006472 1637212579.094013
7757129.634735 -364062.526042 -0.113690 1.822489 0.029348 1637212579.393873
7757130.216321 -364062.559534 -0.106319 1.822489 0.069034 1637212579.693436
7757130.718730 -364062.566289 -0.094676 1.851566 0.096475 1637212579.943438
7757131.285440 -364062.544838 -0.077359 1.851566 0.129352 1637212580.242883
7757131.879285 -364062.590969 -0.060094 1.908011 0.155072 1637212580.492811
7757132.436215 -364062.658337 -0.034196 1.964456 0.183397 1637212580.742240
7757132.962580 -364062.703935 -0.015122 1.993534 0.207489 1637212580.991934
7757133.531283 -364062.720217 0.024447 2.020901 0.233922 1637212581.291460
7757134.051703 -364062.702653 0.061157 2.020901 0.259180 1637212581.541010
7757134.632344 -364062.645748 0.094105 2.020901 0.287882 1637212581.790764
7757135.198031 -364062.587463 0.128956 1.993534 0.320503 1637212582.040254
7757135.699153 -364062.521599 0.168494 1.964456 0.344899 1637212582.290127
7757136.218004 -364062.435637 0.219181 1.964456 0.360399 1637212582.539897
7757136.741449 -364062.303182 0.278914 1.964456 0.376101 1637212582.839547
7757137.249311 -364062.130341 0.324862 1.935379 0.379059 1637212583.089301
7757137.774616 -364061.921956 0.367999 1.935379 0.381908 1637212583.339235
7757138.258720 -364061.788501 0.415704 1.935379 0.383080 1637212583.539216
7757138.784193 -364061.571724 0.480478 1.935379 0.390591 1637212583.839403
7757139.246326 -364061.341207 0.549301 1.964456 0.391157 1637212584.139146
7757139.700040 -364061.074452 0.612005 1.964456 0.384315 1637212584.438858
7757140.182366 -364060.784819 0.663085 1.964456 0.373242 1637212584.738520
7757140.598083 -364060.453183 0.715423 1.964456 0.373074 1637212584.988394
7757140.952085 -364060.093751 0.778089 1.964456 0.370883 1637212585.288699
7757141.339956 -364059.689753 0.821554 1.964456 0.369197 1637212585.538136
7757141.719865 -364059.272932 0.878663 1.964456 0.367340 1637212585.787644
7757142.004965 -364058.855828 0.920134 1.964456 0.366833 1637212586.037536
7757142.319433 -364058.347156 0.970819 1.964456 0.366495 1637212586.287476
7757142.565689 -364057.907319 1.007082 1.964456 0.366325 1637212586.487153
7757142.819907 -364057.428991 1.044959 1.993534 0.366220 1637212586.687210
7757143.066219 -364056.959872 1.090773 1.993534 0.366050 1637212586.886962
7757143.293499 -364056.405478 1.141252 2.020901 0.365942 1637212587.136727
7757143.446014 -364055.886807 1.201035 2.020901 0.365603 1637212587.436732
7757143.628147 -364055.325854 1.258747 2.049979 0.365837 1637212587.686390
7757143.781880 -364054.823444 1.308374 1.993534 0.365374 1637212587.936159
7757143.900054 -364054.289547 1.360531 1.964456 0.365312 1637212588.186160
7757144.033676 -364053.782189 1.410177 1.935379 0.365250 1637212588.435772
7757144.100366 -364053.264005 1.449703 1.908011 0.365192 1637212588.685691
7757144.120404 -364052.675472 1.510391 1.908011 0.365192 1637212588.985434
7757144.140681 -364052.098726 1.550453 1.908011 0.366375 1637212589.234901
7757144.137518 -364051.586542 1.612814 1.908011 0.370763 1637212589.534525
7757144.115665 -364051.039853 1.661194 1.878934 0.373058 1637212589.784294
7757144.079483 -364050.484820 1.719956 1.908011 0.375306 1637212590.084010
7757143.972656 -364049.945676 1.770100 1.908011 0.375475 1637212590.333694
7757143.843105 -364049.447284 1.822491 1.908011 0.376650 1637212590.583344
7757143.684335 -364048.908371 1.887118 1.935379 0.376542 1637212590.883110
7757143.513029 -364048.435573 1.938621 1.935379 0.376542 1637212591.132825
7757143.275121 -364047.903158 1.995636 1.935379 0.376542 1637212591.432497
7757143.012082 -364047.383830 2.058440 1.935379 0.376542 1637212591.732307
7757142.750839 -364046.856724 2.114647 1.908011 0.376482 1637212592.032019
7757142.405784 -364046.353876 2.176395 1.908011 0.376482 1637212592.331653
7757142.061874 -364045.883303 2.236972 1.908011 0.376147 1637212592.631504
7757141.682679 -364045.489622 2.296558 1.935379 0.373010 1637212592.931271
7757141.330674 -364045.102061 2.348148 1.935379 0.372000 1637212593.180876
7757140.938382 -364044.712140 2.412156 1.935379 0.372000 1637212593.480598
7757140.479882 -364044.368596 2.468063 1.908011 0.371773 1637212593.780555
7757140.096084 -364044.044127 2.519015 1.935379 0.371326 1637212594.030268
7757139.671586 -364043.733678 2.571085 1.935379 0.365757 1637212594.279937
7757139.208176 -364043.489760 2.627000 1.908011 0.348716 1637212594.579867
7757138.723847 -364043.239712 2.676457 1.935379 0.335066 1637212594.829284
7757138.208074 -364043.010126 2.728736 1.964456 0.304617 1637212595.129436
7757137.662325 -364042.814841 2.778404 1.964456 0.242467 1637212595.429939
7757137.166811 -364042.652426 2.808136 1.935379 0.205965 1637212595.678791
7757136.662983 -364042.478599 2.842403 1.935379 0.189030 1637212595.928846
7757136.153204 -364042.314529 2.869569 1.964456 0.163038 1637212596.178932
7757135.607450 -364042.170282 2.896544 1.964456 0.139802 1637212596.479218
7757135.071540 -364042.054165 2.920143 1.964456 0.117191 1637212596.778104
7757134.510615 -364041.957138 2.937186 1.964456 0.100450 1637212597.077690
7757133.959758 -364041.858015 2.951004 1.935379 0.081037 1637212597.327366
7757133.418046 -364041.767908 2.966524 1.964456 0.053928 1637212597.627449
7757132.862265 -364041.612881 2.981167 1.935379 0.032555 1637212597.926637
7757132.343148 -364041.531312 2.983151 1.964456 0.019615 1637212598.176438
7757131.826790 -364041.464591 2.992249 1.964456 0.009480 1637212598.476678
7757131.320276 -364041.427489 2.992645 1.935379 0.009103 1637212598.726089
7757130.801695 -364041.274582 2.997716 1.935379 0.009666 1637212598.975799
7757130.242111 -364041.166324 3.001769 1.964456 0.010981 1637212599.275814
7757129.654790 -364041.112744 3.003327 1.993534 0.010608 1637212599.575274
7757129.122995 -364041.035575 3.003784 1.993534 0.011171 1637212599.825592
7757128.490019 -364040.919639 3.006096 2.020901 0.013238 1637212600.124873
7757127.928207 -364040.818804 3.006806 2.049979 0.013241 1637212600.424311
7757127.315161 -364040.765942 3.013734 2.049979 0.013241 1637212600.723850
7757126.815049 -364040.744604 3.016977 2.020901 0.013238 1637212600.973785
7757126.281027 -364040.702209 3.020893 2.049979 0.008921 1637212601.223312
7757125.718282 -364040.640110 3.019436 2.049979 0.004226 1637212601.473090
7757125.156421 -364040.555183 3.021183 2.079057 0.004226 1637212601.772944
7757124.555972 -364040.485610 3.026775 2.079057 0.004602 1637212602.072843
7757124.037484 -364040.408033 3.026838 2.079057 0.004791 1637212602.322189
7757123.507644 -364040.370272 3.031349 2.079057 0.002911 1637212602.571929
7757122.990924 -364040.326333 3.032686 2.108135 -0.006106 1637212602.771569
7757122.404510 -364040.284556 3.033149 2.108135 -0.015123 1637212603.071179
7757121.879641 -364040.213705 3.031382 2.108135 -0.015123 1637212603.320764
7757121.367103 -364040.175131 3.029499 2.108135 -0.011742 1637212603.570334
7757120.762890 -364040.087849 3.032377 2.108135 -0.007796 1637212603.870164
7757120.186770 -364040.020369 3.031155 2.135502 -0.007422 1637212604.120180
7757119.681323 -364039.975317 3.029941 2.135502 -0.006295 1637212604.369742
7757119.095837 -364039.899587 3.031208 2.135502 -0.005168 1637212604.619525
7757118.501884 -364039.820984 3.032631 2.135502 -0.005919 1637212604.919434
7757117.923019 -364039.758211 3.033049 2.135502 -0.006859 1637212605.219548
7757117.334806 -364039.700576 3.032985 2.108135 -0.006858 1637212605.468882
7757116.814359 -364039.670425 3.030309 2.108135 -0.006106 1637212605.718843
7757116.246435 -364039.591884 3.031852 2.079057 -0.005354 1637212605.968448
7757115.695866 -364039.535217 3.032372 2.049979 -0.004601 1637212606.218214
7757115.109993 -364039.506695 3.031050 2.049979 -0.002911 1637212606.517785
7757114.488144 -364039.434627 3.027425 2.079057 0.000094 1637212606.818152
7757113.978639 -364039.374778 3.028800 2.049979 0.001408 1637212607.067640
7757113.302745 -364039.285621 3.027975 2.049979 0.001408 1637212607.367454
7757112.710221 -364039.233159 3.029692 2.079057 0.001408 1637212607.667010
7757112.189973 -364039.163603 3.031485 2.079057 0.001408 1637212607.916631
7757111.623573 -364039.085246 3.033058 2.079057 -0.000658 1637212608.216285
7757111.000311 -364039.038281 3.033615 2.108135 -0.000845 1637212608.466032
7757110.393253 -364038.964485 3.035722 2.079057 -0.000658 1637212608.765920
7757109.860252 -364038.932493 3.031444 2.079057 -0.000470 1637212609.016167
7757109.337092 -364038.876065 3.029452 2.079057 -0.000470 1637212609.265400
7757108.839341 -364038.820439 3.027242 2.049979 -0.000470 1637212609.515130
7757108.268037 -364038.732328 3.031973 2.049979 -0.000470 1637212609.814859
7757107.766202 -364038.682522 3.034251 2.049979 -0.000470 1637212610.064276
7757107.265732 -364038.625128 3.031202 2.020901 -0.000470 1637212610.314116
7757106.743477 -364038.581173 3.030149 2.020901 -0.000470 1637212610.563797
7757106.169944 -364038.507091 3.031866 2.049979 -0.000470 1637212610.813587
7757105.606286 -364038.467797 3.029284 2.020901 -0.001784 1637212611.062977
7757105.062450 -364038.423536 3.027738 2.049979 -0.006479 1637212611.312606
7757104.531118 -364038.367563 3.024139 2.049979 -0.007606 1637212611.562141
7757103.957507 -364038.307668 3.027870 2.079057 -0.009298 1637212611.862025
7757103.350103 -364038.234287 3.027888 2.079057 -0.010988 1637212612.161702
7757102.771208 -364038.150183 3.027019 2.049979 -0.011174 1637212612.461461
7757102.211936 -364038.067993 3.028342 2.079057 -0.012116 1637212612.761192
7757101.637963 -364037.997314 3.027787 2.079057 -0.013806 1637212613.110912
7757101.035671 -364037.899897 3.024916 2.079057 -0.010613 1637212613.360715
7757100.479209 -364037.761665 3.016841 2.079057 -0.010050 1637212613.610310
7757099.905060 -364037.701529 3.019555 2.079057 -0.010801 1637212613.860093
7757099.289065 -364037.603534 3.014045 2.108135 -0.012118 1637212614.109692
7757098.714619 -364037.487475 3.008273 2.108135 -0.013621 1637212614.359585
7757098.134353 -364037.348963 3.008912 2.108135 -0.015123 1637212614.659356
7757097.587300 -364037.297406 3.010474 2.108135 -0.016251 1637212614.909289
7757097.101255 -364037.164102 3.016659 2.108135 -0.021885 1637212615.158775
7757096.518935 -364037.004317 3.006089 2.108135 -0.025454 1637212615.408410
7757096.000011 -364036.941878 3.006727 2.135502 -0.026585 1637212615.608611
7757095.475610 -364036.891276 3.004302 2.135502 -0.026773 1637212615.858408
7757094.869564 -364036.770567 3.009273 2.135502 -0.026773 1637212616.157985
7757094.219004 -364036.683764 3.006719 2.108135 -0.026768 1637212616.457763
7757093.665201 -364036.616462 3.006790 2.108135 -0.026768 1637212616.707628
7757093.152977 -364036.542327 3.007320 2.135502 -0.023768 1637212616.957655
7757092.601555 -364036.463851 3.006311 2.135502 -0.019072 1637212617.257109
7757092.054507 -364036.415837 3.005758 2.135502 -0.018696 1637212617.507064
7757091.444945 -364036.388933 3.002844 2.108135 -0.017378 1637212617.756722
7757090.941678 -364036.316458 3.000482 2.135502 -0.012121 1637212618.006476
7757090.329743 -364036.243538 2.998254 2.135502 -0.008174 1637212618.306545
7757089.803930 -364036.110367 3.000768 2.135502 -0.005919 1637212618.557051
7757089.298615 -364036.041072 2.994536 2.108135 -0.004979 1637212618.805584
7757088.792156 -364035.937380 3.003677 2.079057 0.002160 1637212619.055418
7757088.204720 -364035.862935 3.005655 2.079057 0.005917 1637212619.354930
7757087.617039 -364035.774284 3.006878 2.108135 0.006858 1637212619.604871
7757087.010994 -364035.698539 3.005356 2.079057 0.009487 1637212619.904424
7757086.449402 -364035.617272 3.006266 2.079057 0.016248 1637212620.154183
7757085.933533 -364035.486414 3.008537 2.020901 0.023751 1637212620.453915
7757085.356912 -364035.385348 3.019259 2.049979 0.031638 1637212620.703897
7757084.764808 -364035.351516 3.023965 2.020901 0.059753 1637212621.053386
7757084.215067 -364035.318284 3.033303 2.020901 0.074724 1637212621.303347
7757083.678517 -364035.277884 3.042754 2.020901 0.089481 1637212621.552898
7757083.133466 -364035.176682 3.053284 2.020901 0.105140 1637212621.802724
7757082.620791 -364035.151654 3.072147 2.020901 0.127068 1637212622.052029
7757082.087915 -364035.127794 3.090637 2.020901 0.157570 1637212622.352083
7757081.572303 -364035.097292 3.116679 2.020901 0.190952 1637212622.601708
7757081.010899 -364035.122492 -3.133952 2.020901 0.218581 1637212622.851642
7757080.506267 -364035.136272 -3.106075 2.049979 0.239179 1637212623.101173
7757079.992374 -364035.133611 -3.072811 2.049979 0.260116 1637212623.350946
7757079.469981 -364035.161006 -3.034417 2.049979 0.282291 1637212623.600945
7757078.956429 -364035.196823 -2.991675 2.049979 0.311925 1637212623.850711
7757078.416063 -364035.303138 -2.947147 2.049979 0.344391 1637212624.100282
7757077.863331 -364035.404832 -2.892504 2.049979 0.368372 1637212624.350222
7757077.316663 -364035.549083 -2.839966 2.020901 0.382436 1637212624.599781
7757076.800995 -364035.752080 -2.786333 2.020901 0.397273 1637212624.849828
7757076.299409 -364035.949475 -2.731072 2.020901 0.407858 1637212625.099288
7757075.797522 -364036.123010 -2.669086 1.993534 0.410918 1637212625.348988
7757075.311309 -364036.390553 -2.617912 2.020901 0.410492 1637212625.598889
7757074.852342 -364036.605997 -2.559242 2.020901 0.409176 1637212625.848687
7757074.428007 -364036.901573 -2.498153 2.020901 0.407363 1637212626.098256
7757073.996911 -364037.244851 -2.447954 2.020901 0.400920 1637212626.348233
7757073.554414 -364037.581717 -2.377337 2.020901 0.397107 1637212626.647806
7757073.211070 -364038.010325 -2.325382 2.020901 0.394284 1637212626.898099
7757072.863843 -364038.456662 -2.271819 2.020901 0.384779 1637212627.147607
7757072.451130 -364038.913339 -2.201424 2.020901 0.383942 1637212627.447264
7757072.185810 -364039.344028 -2.144589 2.020901 0.383607 1637212627.696967
7757071.950400 -364039.833783 -2.097498 2.020901 0.383607 1637212627.946978
7757071.677997 -364040.342532 -2.043336 2.020901 0.383607 1637212628.196563
7757071.451346 -364040.790391 -1.989115 1.993534 0.383544 1637212628.446115
7757071.255697 -364041.252532 -1.940847 2.020901 0.383272 1637212628.696600
7757071.056873 -364041.734528 -1.880418 2.020901 0.383105 1637212628.945868
7757070.902461 -364042.226906 -1.825667 2.020901 0.383105 1637212629.195749
7757070.797814 -364042.731085 -1.780725 1.993534 0.383043 1637212629.445780
7757070.708499 -364043.236366 -1.723910 1.993534 0.383210 1637212629.695429
7757070.633882 -364043.834600 -1.659816 1.993534 0.383210 1637212629.995313
7757070.593063 -364044.341468 -1.613179 1.964456 0.383312 1637212630.244952
7757070.540081 -364044.998212 -1.549241 1.964456 0.383647 1637212630.544699
7757070.600731 -364045.531254 -1.491085 1.935379 0.384418 1637212630.794605
7757070.672183 -364046.083978 -1.443068 1.935379 0.386088 1637212631.044362
7757070.764856 -364046.655190 -1.379814 1.964456 0.386153 1637212631.343920
7757070.862206 -364047.195268 -1.323141 1.993534 0.386220 1637212631.593593
7757071.007707 -364047.675961 -1.284895 1.964456 0.386153 1637212631.793358
7757071.187284 -364048.168362 -1.232791 1.993534 0.386053 1637212632.043296
7757071.345910 -364048.663668 -1.178296 1.993534 0.386053 1637212632.292892
7757071.564310 -364049.153687 -1.127590 2.020901 0.386116 1637212632.542705
7757071.824534 -364049.602915 -1.074388 2.020901 0.384110 1637212632.792552
7757072.108058 -364050.030499 -1.028506 2.020901 0.376899 1637212633.041995
7757072.393392 -364050.475933 -0.986802 2.020901 0.366787 1637212633.242034
7757072.673486 -364050.959305 -0.949352 2.020901 0.365772 1637212633.442006
7757073.023871 -364051.424504 -0.904597 2.049979 0.362789 1637212633.691652
7757073.382806 -364051.809334 -0.851551 2.079057 0.355210 1637212633.941671
7757073.795120 -364052.223659 -0.797487 2.049979 0.347642 1637212634.241444
7757074.175455 -364052.636635 -0.727625 2.079057 0.325865 1637212634.541290
7757074.578364 -364052.984138 -0.679030 2.079057 0.298878 1637212634.791255
7757075.029132 -364053.396592 -0.626009 2.108135 0.281509 1637212635.040833
7757075.498433 -364053.660131 -0.591057 2.108135 0.265908 1637212635.290925
7757076.008670 -364053.986857 -0.548730 2.135502 0.253470 1637212635.540675
7757076.463099 -364054.228028 -0.509835 2.135502 0.238767 1637212635.790644
7757076.970115 -364054.479976 -0.475068 2.108135 0.223402 1637212636.040280
7757077.440183 -364054.692411 -0.440411 2.108135 0.210903 1637212636.240141
7757077.929522 -364054.876176 -0.412645 2.108135 0.188312 1637212636.489845
7757078.463925 -364055.145076 -0.378334 2.108135 0.160971 1637212636.789428
7757079.042404 -364055.375617 -0.347492 2.079057 0.155967 1637212637.088837
7757079.539088 -364055.513464 -0.329030 2.108135 0.153228 1637212637.338506
7757080.143192 -364055.709047 -0.303510 2.108135 0.133256 1637212637.588193
7757080.657442 -364055.845947 -0.279384 2.108135 0.112085 1637212637.837520
7757081.181342 -364056.011130 -0.254101 2.079057 0.104060 1637212638.087517
7757081.682588 -364056.179346 -0.239359 2.108135 0.103706 1637212638.337025
7757082.229503 -364056.336907 -0.214756 2.108135 0.088970 1637212638.637060
7757082.813336 -364056.451787 -0.200650 2.135502 0.063356 1637212638.936690
7757083.394148 -364056.582639 -0.183270 2.135502 0.061295 1637212639.186481
7757083.980814 -364056.685272 -0.162423 2.135502 0.055298 1637212639.436339
7757084.549480 -364056.767882 -0.178188 2.135502 0.038039 1637212639.736145
7757085.110882 -364056.878484 -0.186792 2.108135 0.032214 1637212639.985940
7757085.588498 -364057.049828 -0.176200 2.108135 0.032401 1637212640.235586
7757086.124255 -364057.148937 -0.154189 2.079057 0.028453 1637212640.485316
7757086.702572 -364057.200028 -0.141626 2.049979 0.019061 1637212640.784765
7757087.322625 -364057.316849 -0.138752 2.020901 0.017556 1637212641.035052
7757087.843552 -364057.393273 -0.139420 2.049979 0.011926 1637212641.234291
7757088.354807 -364057.478276 -0.147305 2.079057 0.009298 1637212641.483979
7757088.909838 -364057.515663 -0.152414 2.164580 0.004793 1637212641.733621
7757089.431270 -364057.611458 -0.151973 2.135502 0.003477 1637212641.983496
7757089.949282 -364057.686604 -0.148803 2.164580 0.003477 1637212642.233117
7757090.534823 -364057.767794 -0.133553 2.164580 0.003477 1637212642.532639
7757091.044605 -364057.832692 -0.130939 2.193657 0.003478 1637212642.732539
7757091.648013 -364057.893519 -0.125976 2.193657 -0.006673 1637212643.032364
7757092.148825 -364057.963853 -0.125354 2.193657 -0.012876 1637212643.232154
7757092.671404 -364058.003101 -0.117213 2.193657 -0.016636 1637212643.481999
7757093.258106 -364058.020379 -0.116524 2.164580 -0.015317 1637212643.781941
7757093.784176 -364057.999355 -0.121152 2.164580 -0.010995 1637212644.081975
7757094.357308 -364058.021430 -0.118348 2.135502 -0.010616 1637212644.331243

