7757673.441732 -363606.624780 0.666084 -0.001015 0.007797 1557186386.029166
7757673.829291 -363606.296373 0.671312 0.877991 0.041635 1557186388.377125
7757674.251683 -363606.003307 0.678471 1.359109 0.036998 1557186388.726716
7757674.651137 -363605.680244 0.685570 1.623014 0.028879 1557186388.976495
7757675.064894 -363605.329752 0.687289 1.979285 0.026711 1557186389.226322
7757675.494765 -363604.962133 0.690470 2.254355 0.023284 1557186389.476076
7757675.898202 -363604.652452 0.695124 2.513185 0.020124 1557186389.675876
7757676.342980 -363604.276911 0.699612 2.706038 0.013322 1557186389.875715
7757676.826865 -363603.886532 0.697000 2.912087 0.004821 1557186390.075581
7757677.326949 -363603.500108 0.703272 3.131331 0.005810 1557186390.275337
7757677.726260 -363603.175311 0.702819 3.284598 0.005679 1557186390.425144
7757678.156154 -363602.794693 0.702416 3.424671 0.005124 1557186390.574996
7757678.670734 -363602.351235 0.700330 3.597224 0.004289 1557186390.774806
7757679.140808 -363601.970251 0.700512 3.698726 -0.000352 1557186390.924737
7757679.599334 -363601.582735 0.700163 3.827633 -0.005569 1557186391.074558
7757680.058165 -363601.196071 0.700629 3.951465 -0.005154 1557186391.224532
7757680.488468 -363600.851226 0.694830 4.066162 -0.004737 1557186391.374286
7757680.975536 -363600.446879 0.694710 4.169694 -0.004743 1557186391.523969
7757682.164160 -363599.462333 0.692036 4.267136 -0.005316 1557186391.873730
7757682.657340 -363599.078420 0.687672 4.513785 -0.004336 1557186392.023621
7757683.082520 -363598.721902 0.687548 4.588896 -0.004625 1557186392.123554
7757683.603539 -363598.297939 0.687356 4.658933 -0.004773 1557186392.273463
7757683.984755 -363597.968666 0.686138 4.723894 -0.004634 1557186392.373348
7757684.500949 -363597.554576 0.685592 4.827426 -0.002071 1557186392.523168
7757684.948640 -363597.208504 0.685672 4.880207 -0.001787 1557186392.623058
7757685.507867 -363596.796257 0.682780 4.975618 -0.003506 1557186392.772972
7757685.911804 -363596.478394 0.681892 5.055805 -0.003796 1557186392.872782
7757686.301752 -363596.140312 0.683198 5.142081 -0.003084 1557186392.972677
7757686.931762 -363595.627098 0.676919 5.242568 -0.003520 1557186393.122535
7757687.370349 -363595.268180 0.679320 5.282154 -0.007834 1557186393.222476
7757687.806273 -363594.914613 0.675037 5.358280 -0.010432 1557186393.322476
7757688.255012 -363594.569576 0.676499 5.485157 -0.009728 1557186393.422380
7757688.654665 -363594.244346 0.672729 5.559254 -0.007722 1557186393.522347
7757689.110011 -363593.912494 0.670015 5.607974 -0.006574 1557186393.622177
7757689.557890 -363593.555722 0.669262 5.650605 -0.005855 1557186393.722146
7757689.995366 -363593.237636 0.669886 5.719626 -0.004848 1557186393.821982
7757690.516573 -363592.825921 0.670330 5.800828 -0.004129 1557186393.921852
7757690.940344 -363592.506460 0.667573 5.854624 -0.004278 1557186394.021837
7757691.412673 -363592.149809 0.667526 5.921615 -0.004284 1557186394.121657
7757691.887729 -363591.770310 0.665953 5.982516 -0.004143 1557186394.221538
7757692.448053 -363591.359272 0.664043 6.027177 -0.003274 1557186394.321454
7757692.914285 -363591.017972 0.662993 6.089093 -0.002111 1557186394.421335
7757693.387825 -363590.625170 0.662163 6.157099 -0.001093 1557186394.521204
7757693.900621 -363590.265353 0.662854 6.235256 -0.001387 1557186394.621115
7757694.371502 -363589.901523 0.662294 6.311382 -0.001389 1557186394.721072
7757694.875030 -363589.533875 0.661057 6.376343 -0.001390 1557186394.820964
7757695.398576 -363589.153158 0.659029 6.437244 -0.001392 1557186394.920859
7757695.916431 -363588.736952 0.664141 6.484950 -0.001540 1557186395.020660
7757696.450477 -363588.330455 0.660961 6.544836 -0.001982 1557186395.120582
7757696.963697 -363587.936841 0.661917 6.638218 -0.002574 1557186395.220477
7757697.547139 -363587.482782 0.662194 6.709269 -0.002577 1557186395.320357
7757698.058849 -363587.103141 0.664944 6.745810 -0.000811 1557186395.420265
7757698.557243 -363586.733251 0.663000 6.796561 -0.000074 1557186395.520218
7757699.108715 -363586.299284 0.658873 6.869642 -0.000369 1557186395.620465
7757699.645885 -363585.878904 0.660181 6.927498 -0.000813 1557186395.719916
7757700.197490 -363585.451432 0.657915 6.990429 -0.000814 1557186395.819846
7757700.760673 -363585.008472 0.663869 7.044225 -0.000370 1557186395.919633
7757701.289641 -363584.614037 0.662444 7.081781 -0.000519 1557186396.019492
7757701.902447 -363584.145004 0.661381 7.145727 -0.000965 1557186396.119346
7757702.491328 -363583.698469 0.664552 7.213733 -0.001561 1557186396.219192
7757703.046233 -363583.254664 0.659107 7.284784 -0.000521 1557186396.319078
7757703.618865 -363582.822597 0.661849 7.329445 0.001267 1557186396.418967
7757704.234313 -363582.357804 0.660620 7.373091 0.002313 1557186396.518868
7757704.806924 -363581.935538 0.659085 7.425872 0.000971 1557186396.618766
7757705.390590 -363581.481009 0.658443 7.473578 0.000523 1557186396.718711
7757705.989992 -363581.031918 0.660545 7.532449 0.000524 1557186396.818623
7757706.617383 -363580.540056 0.661157 7.582184 0.000974 1557186396.918617
7757707.235004 -363580.036754 0.663672 7.627860 0.000975 1557186397.018677
7757707.810624 -363579.603907 0.660985 7.682671 0.000526 1557186397.118592
7757708.416660 -363579.127794 0.662967 7.741542 0.000977 1557186397.218659
7757709.003497 -363578.674556 0.661024 7.797368 0.002785 1557186397.318676
7757709.656421 -363578.170015 0.665231 7.870450 0.005805 1557186397.418682
7757711.500903 -363576.739288 0.668824 7.918155 0.006113 1557186397.730371
7757712.171975 -363576.242550 0.672782 8.055183 0.004315 1557186397.818664
7757712.796064 -363575.747629 0.673830 8.120144 0.005078 1557186397.918614
7757713.444244 -363575.256789 0.674142 8.174955 0.005085 1557186398.018589
7757714.038355 -363574.796676 0.673048 8.218601 0.005850 1557186398.118508
7757714.742283 -363574.229429 0.676444 8.263262 0.007378 1557186398.218457
7757715.390398 -363573.727966 0.680574 8.306907 0.007234 1557186398.318360
7757715.981492 -363573.247016 0.681167 8.355628 0.005106 1557186398.418259
7757716.605209 -363572.733050 0.681543 8.396229 0.004805 1557186398.518168
7757717.071888 -363572.372096 0.682754 8.431755 0.004808 1557186398.568131
7757717.735097 -363571.835867 0.687147 8.492656 0.004050 1557186398.668092
7757718.303620 -363571.355282 0.681952 8.532241 0.002066 1557186398.767996
7757718.956028 -363570.829703 0.685033 8.551527 0.000995 1557186398.867923
7757719.638655 -363570.279401 0.686450 8.576902 0.000996 1557186398.967834
7757720.065175 -363569.948886 0.684784 8.590097 0.000996 1557186399.017801
7757720.684760 -363569.439162 0.687206 8.624608 -0.001304 1557186399.117724
7757721.260407 -363568.965821 0.682442 8.626638 -0.002838 1557186399.217670
7757721.889490 -363568.423856 0.684835 8.627653 -0.003298 1557186399.317503
7757722.592516 -363567.858117 0.683331 8.655058 -0.002839 1557186399.417430
7757723.260356 -363567.310503 0.681822 8.676374 -0.001305 1557186399.517291
7757723.897026 -363566.801852 0.679782 8.683479 -0.000845 1557186399.617203
7757724.565483 -363566.239845 0.678405 8.695659 -0.000230 1557186399.717099
7757725.226594 -363565.719700 0.678372 8.725095 -0.000231 1557186399.817041
7757725.863696 -363565.207490 0.678154 8.731185 -0.000231 1557186399.916905
7757726.508011 -363564.692659 0.676375 8.717990 -0.000231 1557186400.016915
7757727.132489 -363564.146539 0.674906 8.736260 -0.001461 1557186400.116766
7757727.834650 -363563.594946 0.672094 8.753515 -0.001462 1557186400.216729
7757728.487670 -363563.064483 0.671844 8.758590 -0.000846 1557186400.316611
7757729.163070 -363562.518651 0.668608 8.768741 0.000539 1557186400.416481
7757729.859861 -363561.998715 0.667130 8.785996 0.000693 1557186400.516449
7757730.509406 -363561.499760 0.666776 8.816446 0.001155 1557186400.616321
7757731.191582 -363560.926334 0.665471 8.841822 0.003006 1557186400.716228
7757731.903531 -363560.327124 0.662510 8.856032 0.003779 1557186400.816143
7757732.577985 -363559.770881 0.662911 8.864152 0.004088 1557186400.916023
7757733.266932 -363559.259373 0.663566 8.861107 0.004551 1557186401.015978
7757733.912380 -363558.761503 0.661696 8.860092 0.005167 1557186401.115871
7757734.622220 -363558.205744 0.662919 8.860092 0.006709 1557186401.215850
7757735.313470 -363557.654339 0.662587 8.849942 0.007325 1557186401.315809
7757736.018639 -363557.107015 0.661969 8.854002 0.006092 1557186401.415671
7757736.672081 -363556.600151 0.663571 8.875317 0.003780 1557186401.515599
7757737.342476 -363556.088479 0.664398 8.896633 0.002548 1557186401.615480
7757738.005372 -363555.561489 0.662823 8.905768 0.002703 1557186401.715347
7757738.403191 -363555.253461 0.664980 8.873287 0.002701 1557186401.765331
7757739.106095 -363554.705670 0.663037 8.861107 0.003008 1557186401.865196
7757739.762660 -363554.213038 0.662502 8.897648 0.004090 1557186401.964971
7757740.506919 -363553.667434 0.662721 8.929113 0.003631 1557186402.064764
7757741.191077 -363553.133183 0.665531 8.910843 0.003321 1557186402.164491
7757741.830420 -363552.634979 0.663725 8.892573 0.002702 1557186402.264265
7757742.540800 -363552.124365 0.661700 8.894603 0.001003 1557186402.364128
7757743.230619 -363551.574762 0.661534 8.910843 -0.000077 1557186402.463981
7757743.906033 -363551.038281 0.660537 8.919978 -0.000232 1557186402.563706
7757744.652962 -363550.487324 0.659689 8.903738 0.001158 1557186402.663511
7757745.320075 -363549.984943 0.658235 8.891558 0.002238 1557186402.763391
7757746.015952 -363549.470485 0.658031 8.891558 0.004091 1557186402.863256
7757746.706711 -363548.909006 0.658272 8.887498 0.005171 1557186402.963210
7757747.390243 -363548.384088 0.658652 8.872272 0.004861 1557186403.063223
7757748.075811 -363547.864347 0.660761 8.873287 0.004861 1557186403.163153
7757748.750078 -363547.332507 0.660981 8.862122 0.004859 1557186403.263116
7757749.469164 -363546.807499 0.660280 8.849942 0.004086 1557186403.362999
7757750.140500 -363546.295958 0.660810 8.841822 0.004087 1557186403.462947
7757750.850642 -363545.749794 0.663737 8.835732 0.004240 1557186403.562997
7757751.526631 -363545.231546 0.662690 8.822536 0.004546 1557186403.662966
7757752.180063 -363544.738108 0.662210 8.803251 0.004852 1557186403.762885
7757752.918084 -363544.163627 0.665664 8.793101 0.004081 1557186403.862895
7757754.238153 -363543.142047 0.663043 8.798176 0.002233 1557186404.062813
7757754.931544 -363542.620277 0.664580 8.774831 0.002232 1557186404.162725
7757755.611122 -363542.093354 0.666376 8.756560 0.002232 1557186404.262639
7757756.314495 -363541.555571 0.663303 8.740320 0.002692 1557186404.362649
7757756.957012 -363541.029729 0.665561 8.722050 0.004075 1557186404.462572
7757757.597090 -363540.537951 0.664975 8.732200 0.004075 1557186404.562451
7757758.324145 -363540.002416 0.662445 8.731185 0.003307 1557186404.662300
7757758.973844 -363539.506808 0.663663 8.708854 0.002536 1557186404.762226
7757759.601979 -363539.037872 0.665177 8.678404 0.002074 1557186404.862170
7757760.357345 -363538.438668 0.667656 8.687539 0.001459 1557186404.962078
7757761.003412 -363537.953484 0.665789 8.680434 -0.001459 1557186405.061954
7757761.655250 -363537.433158 0.663059 8.643893 -0.004683 1557186405.161840
7757762.306529 -363536.914029 0.662684 8.623593 -0.006212 1557186405.261768
7757763.031839 -363536.380510 0.661909 8.607353 -0.006670 1557186405.361680
7757763.654041 -363535.897562 0.658210 8.595172 -0.007741 1557186405.461621
7757764.335947 -363535.372035 0.657046 8.573857 -0.010956 1557186405.561548
7757765.022301 -363534.846310 0.652349 8.569797 -0.014632 1557186405.661460
7757765.699971 -363534.335139 0.645675 8.547467 -0.021211 1557186405.761364
7757766.323869 -363533.837353 0.642955 8.524121 -0.025175 1557186405.861296
7757766.995119 -363533.345426 0.635887 8.510926 -0.027461 1557186405.961184
7757767.714923 -363532.838148 0.627205 8.487581 -0.028980 1557186406.061093
7757768.407736 -363532.353337 0.617759 8.451040 -0.031863 1557186406.161047
7757769.114050 -363531.879598 0.609208 8.429724 -0.035196 1557186406.260994
7757769.751387 -363531.444717 0.597365 8.437845 -0.038092 1557186406.360817
7757770.385324 -363530.997327 0.585316 8.443935 -0.037798 1557186406.460748
7757771.106218 -363530.530225 0.574975 8.410439 -0.039913 1557186406.560637
7757771.819548 -363530.087383 0.563431 8.378974 -0.047645 1557186406.660525
7757772.487181 -363529.649573 0.550717 8.342433 -0.052649 1557186406.760370
7757773.186756 -363529.271870 0.535864 8.325178 -0.053223 1557186406.860284
7757773.931807 -363528.814992 0.522599 8.323148 -0.049560 1557186406.960207
7757774.589390 -363528.423919 0.507488 8.291682 -0.047407 1557186407.060067
7757775.298224 -363528.027715 0.492307 8.258186 -0.047524 1557186407.160016
7757776.037525 -363527.618662 0.478961 8.249051 -0.048716 1557186407.259816
7757776.721040 -363527.291772 0.466663 8.231796 -0.050530 1557186407.359663
7757777.458974 -363526.952603 0.451579 8.223676 -0.051590 1557186407.459533
7757778.151210 -363526.619425 0.436029 8.219616 -0.051876 1557186407.559357
7757778.871832 -363526.292662 0.423501 8.181045 -0.051832 1557186407.659240
7757779.606633 -363525.951668 0.410437 8.152625 -0.052102 1557186407.759076
7757780.373720 -363525.617450 0.397045 8.152625 -0.053163 1557186407.858870
7757781.081440 -363525.325597 0.382228 8.135369 -0.056032 1557186407.958683
7757781.824054 -363525.028711 0.364826 8.118114 -0.058123 1557186408.058552
7757782.603197 -363524.711104 0.354088 8.093754 -0.060657 1557186408.158396
7757783.313202 -363524.476537 0.335440 8.075483 -0.061689 1557186408.258300
7757784.073300 -363524.213491 0.319925 8.074468 -0.062754 1557186408.358119
7757784.884886 -363523.935841 0.304532 8.078528 -0.063819 1557186408.457994
7757785.600056 -363523.719695 0.285752 8.057213 -0.065148 1557186408.558031
7757786.411535 -363523.495793 0.267613 8.006462 -0.069913 1557186408.657820
7757787.101987 -363523.300834 0.248336 7.999357 -0.074408 1557186408.757783
7757787.879245 -363523.099485 0.228359 8.006462 -0.076226 1557186408.857688
7757788.631661 -363522.921742 0.209924 7.980072 -0.075147 1557186408.957660
7757789.391914 -363522.787436 0.191262 7.945561 -0.071777 1557186409.057532
7757790.161934 -363522.653920 0.172461 7.950636 -0.069351 1557186409.157479
7757790.902243 -363522.540210 0.152872 7.948606 -0.069959 1557186409.257471
7757791.677402 -363522.409004 0.133385 7.964846 -0.072233 1557186409.357333
7757792.415745 -363522.313215 0.113911 7.974996 -0.073758 1557186409.457283
7757793.230659 -363522.231919 0.093944 7.962816 -0.073314 1557186409.557249
7757793.962049 -363522.158654 0.073126 7.957741 -0.072079 1557186409.657197
7757794.721862 -363522.106504 0.053792 7.953681 -0.070407 1557186409.757082
7757795.514986 -363522.042902 0.034959 7.971951 -0.068337 1557186409.857072
7757796.284325 -363522.009296 0.015465 7.999357 -0.066408 1557186409.956999
7757797.098851 -363522.014667 -0.001534 7.980072 -0.064736 1557186410.056954
7757797.834937 -363522.022678 -0.017881 7.943531 -0.061526 1557186410.156842
7757798.625816 -363522.065950 -0.036050 7.957741 -0.056247 1557186410.256693
7757799.391936 -363522.082931 -0.049567 7.983117 -0.052204 1557186410.356600
7757800.214549 -363522.143751 -0.064378 8.004432 -0.049812 1557186410.456492
7757801.006335 -363522.192396 -0.079389 8.011537 -0.049523 1557186410.556381
7757801.730139 -363522.247883 -0.090679 8.029807 -0.049688 1557186410.656280
7757802.559285 -363522.320438 -0.102201 8.046048 -0.049706 1557186410.756264
7757803.368943 -363522.408864 -0.118041 8.050108 -0.049264 1557186410.856093
7757804.120014 -363522.520860 -0.133623 8.073453 -0.049288 1557186410.955907
7757804.962665 -363522.651733 -0.146451 8.079543 -0.051564 1557186411.055792
7757805.733985 -363522.739820 -0.158139 8.079543 -0.055492 1557186411.155598
7757806.473549 -363522.861436 -0.174321 8.101874 -0.058399 1557186411.255454
7757807.314790 -363523.028710 -0.189936 8.115069 -0.054789 1557186411.355366
7757808.082295 -363523.165446 -0.204085 8.126234 -0.052829 1557186411.455229
7757808.842655 -363523.306831 -0.218618 8.137399 -0.051170 1557186411.555065
7757809.588259 -363523.472684 -0.231445 8.143489 -0.050727 1557186411.654989
7757810.352148 -363523.670242 -0.246045 8.160745 -0.052426 1557186411.754901
7757811.151159 -363523.891949 -0.259699 8.149580 -0.056037 1557186411.854772
7757811.903064 -363524.102526 -0.277890 8.120144 -0.060542 1557186411.954715
7757812.661899 -363524.313108 -0.295316 8.125219 -0.064321 1557186412.054631
7757813.444227 -363524.555213 -0.311299 8.150595 -0.065418 1557186412.154618
7757814.210528 -363524.785420 -0.330217 8.169880 -0.065453 1557186412.254506
7757814.960137 -363525.065954 -0.346879 8.170895 -0.065449 1557186412.354457
7757815.752179 -363525.359107 -0.364639 8.181045 -0.065470 1557186412.454401
7757816.493140 -363525.642820 -0.382978 8.196270 -0.065486 1557186412.554325
7757817.280140 -363525.948861 -0.401693 8.185105 -0.065477 1557186412.654199
7757817.994292 -363526.254343 -0.418123 8.197285 -0.065493 1557186412.754092
7757818.701595 -363526.595502 -0.434802 8.235856 -0.065993 1557186412.853917
7757819.435442 -363526.945641 -0.453655 8.262247 -0.065739 1557186412.953841
7757820.132787 -363527.264317 -0.471469 8.261232 -0.066199 1557186413.053721
7757820.888803 -363527.662539 -0.492382 8.257171 -0.065886 1557186413.153587
7757821.612751 -363528.040398 -0.509168 8.278487 -0.063626 1557186413.253361
7757822.290582 -363528.434249 -0.523810 8.283562 -0.059996 1557186413.353227
7757823.090946 -363528.928275 -0.542930 8.247021 -0.056788 1557186413.453070
7757825.390738 -363530.360485 -0.597351 8.293712 -0.055298 1557186413.802611
7757825.811323 -363530.649865 -0.603724 8.307922 -0.053192 1557186413.852606
7757826.406941 -363531.092227 -0.619897 8.303862 -0.048173 1557186413.952519
7757827.094981 -363531.622962 -0.633574 8.319088 -0.043316 1557186414.052425
7757827.707675 -363532.087484 -0.644748 8.361718 -0.037557 1557186414.152410
7757828.409264 -363532.610600 -0.656108 8.404349 -0.033481 1557186414.252362
7757829.024620 -363533.109981 -0.667683 8.420589 -0.028318 1557186414.352333
7757829.664592 -363533.620722 -0.676506 8.410439 -0.024649 1557186414.452221
7757830.363473 -363534.190895 -0.680182 8.399274 -0.017473 1557186414.552113
7757830.997879 -363534.718937 -0.687515 8.442920 -0.012292 1557186414.652021
7757831.629240 -363535.227008 -0.691402 8.493671 -0.008333 1557186414.751904
7757832.263072 -363535.762068 -0.693082 8.526151 -0.004820 1557186414.851688
7757832.903622 -363536.340740 -0.694289 8.546452 -0.000995 1557186414.951547
7757833.575009 -363536.900882 -0.697057 8.574872 0.001609 1557186415.051442
7757834.228588 -363537.462973 -0.695919 8.609383 0.001763 1557186415.151239
7757834.828936 -363537.955493 -0.698918 8.632728 -0.000537 1557186415.251110
7757835.459061 -363538.480508 -0.701753 8.646938 -0.002072 1557186415.350975
7757836.131797 -363539.063218 -0.700510 8.664194 -0.002073 1557186415.450949
7757836.800624 -363539.606582 -0.702306 8.707839 -0.001460 1557186415.550851
7757837.432529 -363540.143704 -0.703368 8.736260 -0.000231 1557186415.650753
7757838.035143 -363540.660771 -0.702866 8.742350 0.001769 1557186415.750727
7757838.810961 -363541.329955 -0.704496 8.784981 0.002540 1557186415.850598
7757839.411559 -363541.853184 -0.705380 8.813401 0.001155 1557186415.950519
7757840.053214 -363542.386999 -0.706675 8.818476 -0.001464 1557186416.050400
7757840.746284 -363542.984429 -0.707193 8.838777 -0.003006 1557186416.150386
7757841.347608 -363543.515203 -0.708458 8.866182 -0.003779 1557186416.250348
7757842.052453 -363544.138443 -0.707372 8.903738 -0.004246 1557186416.350387
7757842.692932 -363544.695664 -0.709273 8.923023 -0.005328 1557186416.450436
7757843.301527 -363545.211091 -0.707630 8.929113 -0.005639 1557186416.550425
7757843.699670 -363545.554538 -0.711837 8.934188 -0.005639 1557186416.600357
7757844.311860 -363546.084954 -0.717079 8.962609 -0.004097 1557186416.700353
7757844.952697 -363546.655077 -0.719144 8.979864 -0.003016 1557186416.800370
7757845.617769 -363547.249057 -0.721614 9.019450 -0.001780 1557186416.900235
7757845.993616 -363547.599354 -0.721341 9.021480 -0.001316 1557186416.950161
7757846.596800 -363548.126673 -0.721742 9.011330 0.000232 1557186417.050060
7757847.240065 -363548.695934 -0.722029 9.014375 0.002245 1557186417.149953
7757847.635991 -363549.039553 -0.722914 9.044825 0.002711 1557186417.199932
7757848.292086 -363549.621608 -0.724491 9.116892 0.003026 1557186417.299889
7757849.046177 -363550.255171 -0.727090 9.109787 0.003026 1557186417.399817
7757849.658123 -363550.847852 -0.725023 9.100651 0.003646 1557186417.499699
7757850.340294 -363551.443239 -0.723340 9.142267 0.003028 1557186417.599649
7757850.995789 -363552.045153 -0.723700 9.209258 0.002567 1557186417.699509
7757851.688488 -363552.682920 -0.722389 9.197078 0.002722 1557186417.799417
7757852.325041 -363553.244628 -0.723469 9.149372 0.002563 1557186417.899338
7757852.996215 -363553.853997 -0.723008 9.158507 0.002252 1557186417.999250
7757853.673705 -363554.437814 -0.723133 9.225499 0.002567 1557186418.099208
7757854.430656 -363555.109291 -0.723854 9.252904 0.002725 1557186418.199088
7757855.089649 -363555.716094 -0.722621 9.267114 0.002259 1557186418.299025
7757855.777472 -363556.304363 -0.723071 9.287415 0.002260 1557186418.398890
7757856.482525 -363556.917343 -0.723355 9.304670 0.004756 1557186418.498800
7757857.088188 -363557.496223 -0.722225 9.310760 0.006316 1557186418.598732
7757857.480192 -363557.837795 -0.722856 9.324970 0.006162 1557186418.648679
7757858.196699 -363558.464765 -0.722324 9.347301 0.005073 1557186418.748490
7757858.838300 -363559.073008 -0.720607 9.361511 0.004294 1557186418.848350
7757859.255192 -363559.417716 -0.717001 9.371661 0.004138 1557186418.898289
7757859.892124 -363559.962177 -0.717765 9.371661 0.004294 1557186418.998081
7757860.616143 -363560.608720 -0.715423 9.396022 0.004140 1557186419.097922
7757861.308051 -363561.230767 -0.717708 9.425457 0.003519 1557186419.197759
7757862.019472 -363561.862657 -0.716183 9.450833 0.002269 1557186419.297638
7757862.698482 -363562.461265 -0.716762 9.469103 0.001800 1557186419.397578
7757863.360711 -363563.043983 -0.716146 9.495493 0.002115 1557186419.497524
7757864.039427 -363563.637447 -0.717610 9.519854 0.002743 1557186419.597431
7757864.435684 -363563.983429 -0.714672 9.525944 0.003057 1557186419.647342
7757865.179065 -363564.613590 -0.714981 9.540154 0.002274 1557186419.747318
7757865.865120 -363565.213445 -0.716733 9.541169 0.002117 1557186419.847214
7757866.618817 -363565.864322 -0.717784 9.568575 0.001805 1557186419.947112
7757867.287275 -363566.442368 -0.718499 9.596995 0.001021 1557186420.047071
7757867.672726 -363566.802990 -0.718416 9.596995 0.000707 1557186420.096990
7757868.340537 -363567.387515 -0.717133 9.581770 0.001021 1557186420.196966
7757868.729756 -363567.722458 -0.718990 9.581770 0.001021 1557186420.246994
7757869.383953 -363568.306133 -0.719846 9.625416 0.000707 1557186420.346859
7757869.769366 -363568.644247 -0.718844 9.657896 -0.000079 1557186420.396899
7757870.486668 -363569.265866 -0.717933 9.669061 -0.000079 1557186420.496685
7757871.195174 -363569.895077 -0.721041 9.663986 0.001023 1557186420.596630
7757871.583544 -363570.240012 -0.720538 9.674137 0.001023 1557186420.646590
7757872.257422 -363570.821674 -0.720292 9.707632 0.001496 1557186420.746503
7757872.643210 -363571.164786 -0.721350 9.723872 0.001812 1557186420.796414
7757873.353891 -363571.785732 -0.717692 9.756353 0.002760 1557186420.896348
7757874.103063 -363572.428963 -0.719880 9.777668 0.002761 1557186420.996230
7757874.784067 -363573.037474 -0.718300 9.787819 0.002604 1557186421.096145
7757875.157312 -363573.389853 -0.718286 9.794924 0.002288 1557186421.146090
7757875.542787 -363573.728727 -0.720307 9.804059 0.002605 1557186421.195987
7757876.243970 -363574.371561 -0.718959 9.833494 0.002765 1557186421.295941
7757876.974261 -363575.018934 -0.719668 9.861915 0.002609 1557186421.395802
7757877.677686 -363575.620287 -0.718677 9.869020 0.002768 1557186421.495660
7757878.379632 -363576.277517 -0.718513 9.858870 0.003083 1557186421.595504
7757878.758879 -363576.622980 -0.717570 9.850750 0.003241 1557186421.645473
7757879.443067 -363577.233589 -0.719439 9.831464 0.003555 1557186421.745397
7757880.171739 -363577.882474 -0.716837 9.844660 0.003240 1557186421.845232
7757880.554762 -363578.214326 -0.718457 9.859885 0.003558 1557186421.895170
7757881.243637 -363578.827993 -0.717823 9.872065 0.003559 1557186421.994957
7757881.653398 -363579.191556 -0.717287 9.854810 0.003557 1557186422.044956
7757882.382364 -363579.810845 -0.715621 9.825374 0.003239 1557186422.144798
7757883.107132 -363580.455724 -0.715623 9.829434 0.002765 1557186422.244699
7757883.843396 -363581.076971 -0.712862 9.842630 0.002766 1557186422.344667
7757884.268223 -363581.437144 -0.713386 9.855825 0.002293 1557186422.394616
7757884.951069 -363582.071834 -0.713886 9.854810 0.002293 1557186422.494589
7757885.668795 -363582.696992 -0.715741 9.853795 0.002609 1557186422.594435
7757887.814244 -363584.569771 -0.715309 9.848720 0.001818 1557186422.894328
7757888.597906 -363585.239263 -0.718088 9.840600 0.000553 1557186422.994237
7757889.294215 -363585.834727 -0.717434 9.856840 0.000553 1557186423.094120
7757890.050366 -363586.475740 -0.716133 9.841615 0.001501 1557186423.194073
7757890.788826 -363587.128263 -0.716077 9.818269 0.002290 1557186423.293932
7757891.483492 -363587.751822 -0.716252 9.833494 0.001975 1557186423.393890
7757892.209142 -363588.360379 -0.714958 9.849735 0.001818 1557186423.493778
7757892.952191 -363588.995036 -0.718086 9.841615 0.001027 1557186423.593770
7757894.392776 -363590.286897 -0.717538 9.832479 -0.000079 1557186423.793544
7757895.114026 -363590.903866 -0.718020 9.868005 0.000554 1557186423.893535
7757895.829887 -363591.485520 -0.717850 9.879170 0.001028 1557186423.993424
7757896.230821 -363591.817383 -0.718543 9.889320 0.001503 1557186424.043385
7757896.942836 -363592.452957 -0.719581 9.874095 0.001819 1557186424.143292
7757897.666907 -363593.116261 -0.719908 9.852780 0.001818 1557186424.243283
7757898.392563 -363593.764637 -0.719447 9.827404 0.001501 1557186424.343093
7757899.124011 -363594.369126 -0.718798 9.841615 0.001027 1557186424.442983
7757899.862260 -363595.030569 -0.720595 9.841615 0.001027 1557186424.542849
7757900.529820 -363595.648653 -0.720264 9.818269 0.001027 1557186424.642743
7757900.915799 -363595.981911 -0.720274 9.808119 0.001184 1557186424.692656
7757901.662227 -363596.637489 -0.722650 9.790864 0.001184 1557186424.792595
7757902.369548 -363597.252663 -0.721324 9.804059 0.001026 1557186424.892522
7757902.762946 -363597.595706 -0.722234 9.819284 0.001027 1557186424.942531
7757903.458262 -363598.225067 -0.722746 9.827404 0.001027 1557186425.042488
7757904.176991 -363598.874108 -0.721877 9.811164 0.001027 1557186425.142438
7757904.566643 -363599.228395 -0.721361 9.798984 0.001184 1557186425.192391
7757905.221237 -363599.822822 -0.721172 9.781728 0.003551 1557186425.292356
7757905.629750 -363600.170522 -0.722737 9.766503 0.005127 1557186425.342297
7757906.326826 -363600.775065 -0.721548 9.745188 0.006070 1557186425.442112
7757907.022902 -363601.409089 -0.721033 9.721842 0.005594 1557186425.541974
7757907.399004 -363601.747769 -0.718277 9.714737 0.004805 1557186425.591922
7757908.099252 -363602.380846 -0.718807 9.704587 0.004174 1557186425.691893
7757908.824735 -363603.033242 -0.717640 9.716767 0.004175 1557186425.791801
7757909.516037 -363603.653711 -0.717364 9.716767 0.004648 1557186425.891644
7757910.209155 -363604.244704 -0.717822 9.690377 0.004802 1557186425.991571
7757910.932627 -363604.897155 -0.715022 9.665001 0.004641 1557186426.091480
7757911.620125 -363605.486753 -0.713276 9.641656 0.003852 1557186426.191367
7757912.002245 -363605.815968 -0.714994 9.641656 0.003852 1557186426.241302
7757912.404917 -363606.163470 -0.712765 9.630491 0.003851 1557186426.291301
7757913.048302 -363606.742849 -0.714826 9.632521 0.003852 1557186426.391194
7757913.418817 -363607.085024 -0.714302 9.624401 0.003536 1557186426.441161
7757913.793581 -363607.418085 -0.712226 9.627446 0.003222 1557186426.491101
7757914.518837 -363608.052903 -0.713017 9.593950 0.002591 1557186426.591021
7757915.165761 -363608.640050 -0.714999 9.568575 0.002276 1557186426.690916
7757915.890648 -363609.266428 -0.713269 9.549289 0.002275 1557186426.790843
7757916.641725 -363609.901659 -0.713614 9.550304 0.002275 1557186426.890674
7757917.280128 -363610.467153 -0.715715 9.552334 0.002746 1557186426.990479
7757917.980609 -363611.077967 -0.712595 9.531019 0.004783 1557186427.090328
7757918.729007 -363611.726691 -0.710312 9.514779 0.005564 1557186427.190197
7757919.366134 -363612.297662 -0.713771 9.503614 0.005093 1557186427.290085
7757920.073617 -363612.930399 -0.713325 9.464028 0.004148 1557186427.389925
7757920.787999 -363613.531787 -0.708893 9.444742 0.002112 1557186427.489873
7757921.423531 -363614.103382 -0.707274 9.426472 -0.001017 1557186427.589849
7757922.133029 -363614.699239 -0.708764 9.407187 -0.001485 1557186427.689664
7757922.850078 -363615.304993 -0.710153 9.370646 -0.001015 1557186427.789672
7757923.577218 -363615.962999 -0.711095 9.353391 -0.001327 1557186427.889542
7757924.245776 -363616.524751 -0.712504 9.346286 -0.001327 1557186427.989461
7757924.972083 -363617.163728 -0.715168 9.335121 -0.001326 1557186428.089297
7757925.629871 -363617.712622 -0.713789 9.303655 -0.001793 1557186428.189128
7757926.288910 -363618.294806 -0.716187 9.290460 -0.001481 1557186428.289076
7757926.970438 -363618.860616 -0.717271 9.280310 -0.000545 1557186428.389011
7757927.674006 -363619.509159 -0.715514 9.251889 -0.000234 1557186428.488945
7757928.088433 -363619.879789 -0.714369 9.224484 0.000545 1557186428.538925
7757928.745594 -363620.454256 -0.714441 9.195048 0.001011 1557186428.638895
7757929.393480 -363621.035900 -0.715800 9.204183 0.000544 1557186428.738804
7757930.065707 -363621.619020 -0.714174 9.199108 -0.000078 1557186428.838737
7757930.778920 -363622.239478 -0.713680 9.184898 -0.000078 1557186428.938609
7757931.403731 -363622.773105 -0.717142 9.147342 0.000233 1557186429.038517
7757932.049161 -363623.334083 -0.720608 9.125012 -0.000078 1557186429.138470
7757932.751767 -363623.986140 -0.718578 9.114862 0.000233 1557186429.238307
7757933.425140 -363624.562100 -0.717747 9.075276 0.000233 1557186429.338216
7757934.056196 -363625.165333 -0.719630 9.030615 0.000697 1557186429.438133
7757934.769317 -363625.821857 -0.718025 9.022495 0.000697 1557186429.538102
7757935.422194 -363626.408785 -0.717999 9.018435 0.000697 1557186429.638027
7757936.041772 -363626.953390 -0.718854 8.997120 0.000696 1557186429.737896
7757936.699918 -363627.542256 -0.719526 8.956519 0.000696 1557186429.837806
7757937.344355 -363628.117655 -0.721239 8.930128 -0.000850 1557186429.937670
7757937.922313 -363628.634163 -0.724862 8.934188 -0.000232 1557186430.037540
7757938.327885 -363628.986346 -0.723310 8.944339 -0.000232 1557186430.087479
7757938.965697 -363629.557838 -0.722853 8.906783 -0.001004 1557186430.187397
7757939.509163 -363630.072457 -0.727934 8.832687 -0.001773 1557186430.287392
7757940.132712 -363630.611486 -0.728182 8.782951 -0.002848 1557186430.387266
7757940.835466 -363631.265363 -0.726797 8.749455 -0.002538 1557186430.487199
7757941.430787 -363631.795622 -0.727259 8.669269 -0.001305 1557186430.587163
7757942.020798 -363632.317038 -0.729646 8.562692 -0.001608 1557186430.687116
7757942.605505 -363632.853490 -0.729813 8.467280 -0.001605 1557186430.786983
7757943.159593 -363633.351633 -0.731371 8.381004 -0.000839 1557186430.886966
7757943.798802 -363633.926688 -0.730481 8.293712 0.000228 1557186430.986796
7757944.381508 -363634.488106 -0.732485 8.192210 -0.000076 1557186431.086616
7757944.935475 -363635.024334 -0.732730 8.100859 0.000227 1557186431.186457
7757945.471977 -363635.513292 -0.734877 7.993267 -0.000378 1557186431.286356
7757946.094511 -363636.073336 -0.733605 7.897855 -0.000377 1557186431.386183
7757946.644069 -363636.554691 -0.730784 7.823759 -0.000829 1557186431.486170
7757947.213387 -363637.073411 -0.731573 7.763873 -0.000978 1557186431.585998
7757947.802861 -363637.611749 -0.732016 7.678611 -0.000976 1557186431.685991
7757948.323891 -363638.093354 -0.733890 7.583199 -0.002024 1557186431.785925
7757948.850221 -363638.584978 -0.737459 7.541584 -0.006815 1557186431.885823
7757949.440940 -363639.116537 -0.737967 7.519253 -0.011452 1557186431.985863
7757950.039350 -363639.666060 -0.737585 7.499968 -0.015637 1557186432.085786
7757950.586732 -363640.136406 -0.741153 7.482713 -0.018473 1557186432.185741
7757951.090421 -363640.615614 -0.747002 7.449217 -0.024140 1557186432.285684
7757951.569451 -363641.070781 -0.755730 7.425872 -0.028310 1557186432.385585
7757952.125454 -363641.617702 -0.761424 7.398466 -0.033667 1557186432.485894
7757952.576407 -363642.075877 -0.770922 7.359896 -0.039604 1557186432.585563
7757953.092651 -363642.595097 -0.780438 7.361926 -0.046015 1557186432.685465
7757953.652237 -363643.129152 -0.790557 7.369031 -0.051834 1557186432.785361
7757954.114712 -363643.602035 -0.807213 7.334520 -0.056263 1557186432.885261
7757954.565358 -363644.101526 -0.821362 7.321325 -0.058331 1557186432.985112
7757955.104770 -363644.652676 -0.833786 7.305085 -0.059502 1557186433.084953
7757955.597277 -363645.195704 -0.849377 7.260424 -0.064648 1557186433.184863
7757956.033728 -363645.729450 -0.865548 7.234033 -0.070105 1557186433.284773
7757956.547162 -363646.290931 -0.881870 7.202568 -0.077770 1557186433.384713
7757956.986983 -363646.842735 -0.902216 7.186327 -0.081743 1557186433.484644
7757957.411679 -363647.408178 -0.917874 7.202568 -0.083844 1557186433.584649
7757957.847383 -363647.983588 -0.938982 7.215763 -0.084606 1557186433.684547
7757958.237970 -363648.524957 -0.958717 7.198508 -0.085318 1557186433.784443
7757958.628867 -363649.078711 -0.979780 7.137607 -0.087728 1557186433.884319
7757958.982261 -363649.636375 -1.002161 7.112231 -0.092559 1557186433.984259
7757959.326565 -363650.205578 -1.022712 7.111216 -0.095658 1557186434.084143
7757959.670563 -363650.787034 -1.044219 7.111216 -0.096543 1557186434.184065
7757960.017053 -363651.393645 -1.066118 7.085841 -0.095462 1557186434.284029
7757960.339906 -363652.032636 -1.088958 7.001594 -0.093241 1557186434.383963
7757960.693718 -363652.669970 -1.108452 6.979264 -0.094379 1557186434.483863
7757961.592951 -363654.521256 -1.176547 6.978249 -0.096439 1557186434.783431
7757961.829132 -363655.131891 -1.194968 6.968099 -0.093033 1557186434.883312
7757962.060962 -363655.778759 -1.216476 6.945768 -0.093876 1557186434.983184
7757962.742367 -363657.699430 -1.278171 6.929528 -0.093110 1557186435.282858
7757962.941676 -363658.401931 -1.299634 6.869642 -0.091680 1557186435.382829
7757963.104641 -363659.032221 -1.319229 6.853402 -0.093268 1557186435.482697
7757963.237583 -363659.666962 -1.339976 6.844266 -0.094133 1557186435.582719
7757963.381243 -363660.296034 -1.363172 6.849341 -0.091938 1557186435.682597
7757963.510715 -363660.955901 -1.383174 6.854417 -0.089889 1557186435.782537
7757963.606507 -363661.619732 -1.404275 6.859492 -0.089604 1557186435.882500
7757963.700895 -363662.303463 -1.421891 6.864567 -0.089319 1557186435.982456
7757963.785365 -363662.911534 -1.446441 6.864567 -0.089319 1557186436.082340
7757963.887167 -363663.619872 -1.464390 6.880807 -0.090073 1557186436.182231
7757963.953362 -363664.319823 -1.482419 6.878777 -0.089923 1557186436.282142
7757963.975140 -363664.991443 -1.504900 6.878777 -0.090371 1557186436.382016
7757963.992812 -363665.629499 -1.521630 6.887912 -0.092152 1557186436.481936
7757964.005179 -363666.287146 -1.548784 6.894002 -0.092164 1557186436.581829
7757963.992043 -363666.928821 -1.565913 6.908213 -0.088805 1557186436.681773
7757963.980036 -363667.621717 -1.590121 6.902122 -0.086146 1557186436.781665
7757963.981911 -363668.306432 -1.609769 6.884867 -0.085676 1557186436.881526
7757963.957583 -363668.914685 -1.628967 6.864567 -0.087848 1557186436.981333
7757963.900408 -363669.653134 -1.645899 6.871672 -0.092271 1557186437.081167
7757963.831221 -363670.333761 -1.664759 6.885882 -0.094943 1557186437.181014
7757963.770368 -363670.990484 -1.690267 6.884867 -0.094059 1557186437.280934
7757963.694657 -363671.636525 -1.713133 6.874717 -0.093306 1557186437.380795
7757963.608244 -363672.312205 -1.733960 6.868627 -0.092707 1557186437.480726
7757963.467343 -363673.011621 -1.753639 6.883852 -0.091411 1557186437.580654
7757963.363889 -363673.616947 -1.775348 6.911258 -0.089546 1557186437.680597
7757963.176075 -363674.345914 -1.793554 6.923438 -0.087507 1557186437.780542
7757963.012336 -363675.013112 -1.813668 6.934603 -0.085169 1557186437.880415
7757962.832839 -363675.666169 -1.833583 6.951858 -0.084166 1557186437.980348
7757962.670873 -363676.300286 -1.852229 6.975204 -0.084057 1557186438.080243
7757962.447217 -363676.965661 -1.876856 6.994489 -0.083204 1557186438.180207
7757962.213034 -363677.602737 -1.895140 6.989414 -0.078767 1557186438.280108
7757962.001592 -363678.269911 -1.911036 7.012759 -0.074657 1557186438.379928
7757961.757931 -363678.948626 -1.928195 7.048285 -0.074124 1557186438.479877
7757961.517685 -363679.616051 -1.946105 7.050315 -0.077395 1557186438.579866
7757961.245720 -363680.257588 -1.965783 7.048285 -0.083300 1557186438.679708
7757960.981704 -363680.836265 -1.985383 7.069600 -0.087295 1557186438.779669
7757960.689302 -363681.497099 -2.004108 7.080766 -0.088515 1557186438.879755
7757960.390838 -363682.112288 -2.027818 7.101066 -0.089880 1557186438.979607
7757960.077325 -363682.763108 -2.046306 7.106141 -0.092695 1557186439.079535
7757959.759451 -363683.347300 -2.071299 7.112231 -0.096841 1557186439.179543
7757959.399869 -363684.008518 -2.094807 7.135577 -0.098362 1557186439.279501
7757959.067549 -363684.567343 -2.119284 7.144712 -0.099119 1557186439.379479
7757958.700972 -363685.151659 -2.139462 7.141667 -0.098522 1557186439.479507
7757957.551668 -363686.902458 -2.213731 7.172117 -0.098434 1557186439.779384
7757957.063534 -363687.532441 -2.236859 7.230988 -0.091150 1557186439.879251
7757956.698832 -363687.997960 -2.257753 7.252304 -0.089411 1557186439.979111
7757956.158311 -363688.608912 -2.278265 7.290874 -0.088888 1557186440.078918
7757955.669774 -363689.200649 -2.298999 7.301024 -0.088016 1557186440.178730
7757955.249134 -363689.668568 -2.320675 7.323355 -0.084345 1557186440.278630
7757954.726624 -363690.203564 -2.340858 7.360911 -0.073103 1557186440.378487
7757954.188832 -363690.719948 -2.355823 7.377151 -0.062717 1557186440.478302
7757953.612650 -363691.271452 -2.373308 7.432977 -0.055780 1557186440.578030
7757953.111755 -363691.731267 -2.386595 7.475608 -0.051051 1557186440.677732
7757952.557176 -363692.235558 -2.398738 7.495908 -0.045395 1557186440.777488
7757951.955096 -363692.810002 -2.410254 7.495908 -0.039266 1557186440.877316
7757951.458273 -363693.249386 -2.421476 7.539554 -0.032119 1557186440.977023
7757950.888485 -363693.752434 -2.431651 7.601470 -0.028413 1557186441.076894
7757950.305523 -363694.245225 -2.437062 7.647146 -0.025740 1557186441.176739
7757949.777423 -363694.683588 -2.446161 7.668461 -0.021248 1557186441.276605
7757949.112559 -363695.233237 -2.451180 7.684701 -0.016599 1557186441.376482
7757948.577122 -363695.678917 -2.454239 7.697897 -0.012547 1557186441.476427
7757947.921593 -363696.239244 -2.458585 7.702972 -0.010294 1557186441.576386
7757947.378642 -363696.677006 -2.462185 7.735452 -0.007143 1557186441.676358
7757946.766498 -363697.160445 -2.463656 7.765903 -0.002333 1557186441.776408
7757946.145647 -363697.655111 -2.463337 7.785188 -0.000527 1557186441.876297
7757945.555510 -363698.114099 -2.465998 7.842029 -0.000377 1557186441.976391
7757944.943652 -363698.580164 -2.466551 7.868420 -0.000377 1557186442.076252
7757944.324643 -363699.056539 -2.466488 7.826804 -0.001582 1557186442.176141
7757943.679270 -363699.558316 -2.467171 7.813609 -0.001280 1557186442.276091
7757943.109067 -363700.023358 -2.466741 7.835939 -0.000829 1557186442.375989
7757942.537474 -363700.474444 -2.468558 7.834924 -0.002336 1557186442.475899
7757941.910917 -363700.966055 -2.469426 7.808533 -0.003238 1557186442.575826
7757941.356604 -363701.407918 -2.471996 7.782143 -0.002935 1557186442.675724
7757940.745448 -363701.851776 -2.473115 7.743572 -0.000978 1557186442.775566
7757940.154730 -363702.307524 -2.475852 7.716167 -0.000977 1557186442.875467
7757939.536186 -363702.782598 -2.475025 7.710077 -0.001278 1557186442.975445
7757938.952637 -363703.219462 -2.474918 7.692821 -0.001277 1557186443.075319
7757938.379861 -363703.679681 -2.476394 7.659326 -0.000375 1557186443.175260
7757937.747596 -363704.160870 -2.474124 7.660341 -0.000375 1557186443.275165
7757937.175050 -363704.570053 -2.475370 7.627860 -0.001876 1557186443.375086
7757936.619943 -363705.017980 -2.481246 7.596395 -0.002324 1557186443.474931
7757936.003443 -363705.492270 -2.478598 7.562899 -0.002023 1557186443.574836
7757935.425862 -363705.942195 -2.479680 7.581169 -0.000974 1557186443.674730
7757934.873275 -363706.353448 -2.480227 7.568989 0.000525 1557186443.774680
7757934.252237 -363706.837928 -2.480349 7.529404 0.001273 1557186443.874602
7757933.700632 -363707.275229 -2.481053 7.478653 0.001271 1557186443.974587
7757933.158812 -363707.684073 -2.482298 7.440082 0.000971 1557186444.074428
7757932.532111 -363708.169220 -2.481628 7.418767 0.001718 1557186444.174362
7757932.016476 -363708.572357 -2.480590 7.375121 0.003060 1557186444.274669
7757931.439901 -363709.007280 -2.482062 7.301024 0.002757 1557186444.374129
7757930.911371 -363709.411967 -2.480856 7.207643 0.000967 1557186444.473986
7757930.380402 -363709.813331 -2.483850 7.095991 -0.001558 1557186444.573790
7757929.841372 -363710.231875 -2.482505 6.982309 -0.003036 1557186444.673599
7757929.274511 -363710.692394 -2.483687 6.870657 -0.003029 1557186444.773448
7757928.764161 -363711.050029 -2.484056 6.757990 -0.004350 1557186444.873268
7757928.333475 -363711.382439 -2.485413 6.654458 -0.008904 1557186444.973107
7757927.843092 -363711.745386 -2.489507 6.515401 -0.014898 1557186445.073023
7757927.420661 -363712.088450 -2.494367 6.395628 -0.021163 1557186445.173001
7757926.876592 -363712.518117 -2.496287 6.296157 -0.029017 1557186445.272902
7757926.391937 -363712.858232 -2.503282 6.183490 -0.035667 1557186445.372895
7757925.737539 -363713.325424 -2.516306 6.018042 -0.040362 1557186445.522910
7757925.236115 -363713.664420 -2.520735 5.910450 -0.040723 1557186445.622876
7757924.809382 -363713.983475 -2.526402 5.805903 -0.041232 1557186445.722821
7757924.245876 -363714.356820 -2.543029 5.625230 -0.045586 1557186445.872689
7757923.782561 -363714.672849 -2.550989 5.500383 -0.049528 1557186445.972661
7757923.339845 -363714.949599 -2.556861 5.364370 -0.053160 1557186446.072585
7757922.893124 -363715.240761 -2.564053 5.252718 -0.055651 1557186446.172491
7757922.323646 -363715.601003 -2.578644 5.112646 -0.059971 1557186446.322323
7757921.720958 -363715.961769 -2.594096 4.889342 -0.067191 1557186446.472112
7757921.183436 -363716.264007 -2.610584 4.693443 -0.071982 1557186446.621891
7757920.622986 -363716.613512 -2.626276 4.484350 -0.071923 1557186446.771633
7757920.142565 -363716.856321 -2.641132 4.299616 -0.066381 1557186446.921474
7757919.606337 -363717.124231 -2.653563 4.076312 -0.064084 1557186447.071279
7757919.091123 -363717.394919 -2.665667 3.889549 -0.061974 1557186447.221109
7757918.567534 -363717.656519 -2.679926 3.645945 -0.053100 1557186447.420861
7757918.093294 -363717.890987 -2.687792 3.483542 -0.042207 1557186447.570686
7757917.554537 -363718.127374 -2.694443 3.235877 -0.027679 1557186447.770420
7757917.007899 -363718.391044 -2.702167 3.030844 -0.020634 1557186447.970209
7757916.546150 -363718.602644 -2.705642 2.842050 -0.005796 1557186448.169885
7757915.965065 -363718.846350 -2.703063 2.674572 0.027404 1557186448.419522
7757915.514205 -363719.082895 -2.697618 2.524350 0.062436 1557186448.619310
7757915.032936 -363719.297745 -2.684656 2.399503 0.071391 1557186448.869038
7757914.562458 -363719.506483 -2.673999 2.232025 0.063964 1557186449.118749
7757914.050626 -363719.786620 -2.661591 2.075712 0.066115 1557186449.418461
7757913.566206 -363720.031737 -2.648456 1.897069 0.072130 1557186449.718155
7757913.080126 -363720.274484 -2.632204 1.816882 0.104783 1557186450.017817
7757912.528166 -363720.607936 -2.604844 1.787447 0.124824 1557186450.367400
7757912.040434 -363720.880562 -2.582201 1.785417 0.124411 1557186450.717273
7757911.509229 -363721.212093 -2.556050 1.785417 0.120158 1557186451.067100
7757911.090550 -363721.513742 -2.535215 1.800642 0.109036 1557186451.366768
7757910.631833 -363721.824616 -2.516832 1.790492 0.085203 1557186451.666459
7757910.150692 -363722.177082 -2.503782 1.790492 0.066285 1557186452.016301
7757909.694721 -363722.495135 -2.492319 1.800642 0.032510 1557186452.316185
7757909.245610 -363722.844718 -2.492382 1.801657 -0.000763 1557186452.666013
7757908.812044 -363723.146380 -2.490741 1.795567 -0.003259 1557186452.965684
7757908.375745 -363723.499059 -2.492306 1.779327 -0.012964 1557186453.265519
7757907.919455 -363723.868001 -2.496987 1.807747 -0.001595 1557186453.615151
7757907.449763 -363724.215305 -2.499762 1.800642 -0.000069 1557186453.964936
7757906.982478 -363724.544715 -2.499707 1.764101 0.002704 1557186454.264530
7757906.553500 -363724.860745 -2.495477 1.644329 0.006166 1557186454.614171
7757906.134605 -363725.157921 -2.496416 1.541812 0.007686 1557186454.963871
7757905.736811 -363725.503712 -2.489960 1.430160 0.008929 1557186455.313490
7757905.309940 -363725.808688 -2.492981 1.391590 0.009342 1557186455.713220
7757904.883023 -363726.121146 -2.488444 1.331704 0.010170 1557186456.162898
7757904.438031 -363726.449465 -2.486765 1.266742 0.008231 1557186456.562493
7757904.000526 -363726.769250 -2.486874 1.176406 0.006569 1557186457.011969
7757903.560401 -363727.110766 -2.484698 1.030243 0.004769 1557186457.561173
7757903.159363 -363727.410250 -2.481263 0.421232 0.004072 1557186458.360245
