7471642.025231 -681491.370583 -0.986962 2.574002 0.000082 1628515967.795163
7471642.332979 -681491.850315 -0.986900 2.597594 0.000079 1628515967.995084
7471642.638423 -681492.283196 -0.985377 2.614445 0.001624 1628515968.195160
7471642.918906 -681492.722517 -0.987077 2.582428 0.005812 1628515968.395193
7471643.189099 -681493.159881 -0.988967 2.548726 0.006723 1628515968.595181
7471643.544012 -681493.656915 -0.983048 2.516709 0.006725 1628515968.844915
7471643.871433 -681494.153338 -0.985978 2.467841 0.007000 1628515969.094686
7471644.199508 -681494.674271 -0.987077 2.410547 0.007368 1628515969.394674
7471644.543233 -681495.136364 -0.984801 2.395381 0.007368 1628515969.644589
7471644.854131 -681495.628890 -0.985174 2.418973 0.007094 1628515969.894524
7471645.194201 -681496.170188 -0.985970 2.516709 0.004452 1628515970.194456
7471645.485319 -681496.591425 -0.985664 2.557151 0.004813 1628515970.394477
7471645.787004 -681497.052990 -0.985513 2.614445 0.004900 1628515970.695022
7471646.086068 -681497.479841 -0.986997 2.499858 0.005544 1628515970.994433
7471646.424186 -681497.934092 -0.987952 2.370104 0.006914 1628515971.344197
7471646.768047 -681498.382415 -0.980197 2.289219 0.006737 1628515971.744180
7471647.066250 -681498.785586 -0.977726 2.248777 0.005288 1628515972.044312
7471647.405026 -681499.155487 -0.968490 2.183057 -0.001239 1628515972.345376
7471647.684470 -681499.577947 -0.974246 2.142615 -0.001144 1628515972.694208
7471647.964293 -681500.032163 -0.978805 2.093747 -0.001592 1628515973.094335
7471648.283799 -681500.470450 -0.981525 2.068470 -0.001589 1628515973.394508
7471648.600290 -681500.887799 -0.982100 1.979159 -0.001581 1628515973.744449
7471648.858689 -681501.330468 -0.982613 2.068470 -0.001499 1628515974.044474
7471649.119053 -681501.798404 -0.988094 2.134189 -0.000870 1628515974.294592
7471649.459002 -681502.307305 -0.990629 2.304385 -0.000525 1628515974.594800
7471649.789254 -681502.801222 -0.992930 2.444249 -0.000540 1628515974.845389
7471650.118429 -681503.317806 -0.993017 2.639722 -0.000563 1628515975.094826
7471650.472886 -681503.876196 -0.993141 2.671739 -0.000566 1628515975.344875
7471650.794224 -681504.324704 -0.992632 2.916079 -0.000233 1628515975.594864
7471651.095294 -681504.788759 -0.994590 3.005390 -0.000244 1628515975.844933
7471651.382517 -681505.210438 -0.994201 3.111552 0.000107 1628515976.094864
7471651.705927 -681505.663054 -0.992928 3.217714 0.002653 1628515976.395053
7471651.990167 -681506.163017 -0.993761 3.339042 0.003830 1628515976.694551
7471652.336183 -681506.689297 -0.991928 3.453629 0.005100 1628515976.994540
7471652.717148 -681507.256355 -0.987411 3.566531 0.005089 1628515977.244532
7471653.018057 -681507.706422 -0.985410 3.623825 0.005175 1628515977.394492
7471653.329285 -681508.124263 -0.984593 3.681118 0.005169 1628515977.544431
7471653.612616 -681508.612862 -0.983198 3.664267 0.005079 1628515977.694418
7471653.923394 -681509.038380 -0.982464 3.697970 0.004708 1628515977.844412
7471654.247087 -681509.481343 -0.981835 3.672693 0.004803 1628515977.994467
7471654.556014 -681509.932232 -0.981267 3.697970 0.004708 1628515978.144707
7471654.888523 -681510.411482 -0.983333 3.804131 0.004605 1628515978.294474
7471655.198927 -681510.876092 -0.980525 3.778855 0.003688 1628515978.444515
7471655.534384 -681511.355921 -0.980605 3.804131 0.002396 1628515978.594565
7471655.849408 -681511.862370 -0.981881 3.819297 0.002302 1628515978.745055
7471656.142898 -681512.280240 -0.985137 3.836148 0.002300 1628515978.894244
7471656.483650 -681512.794504 -0.982713 3.812557 0.002396 1628515979.044519
7471656.828663 -681513.248333 -0.982239 3.868165 0.002296 1628515979.194169
7471657.115855 -681513.741117 -0.982844 3.844574 0.002299 1628515979.344293
7471657.439309 -681514.213451 -0.982875 3.827723 0.002393 1628515979.494468
7471657.767371 -681514.675370 -0.985594 3.804131 0.001660 1628515979.644607
7471658.076700 -681515.174961 -0.984951 3.819297 0.000646 1628515979.794672
7471658.402739 -681515.645661 -0.987426 3.778855 0.000560 1628515979.944759
7471658.710090 -681516.097985 -0.986837 3.795706 0.000650 1628515980.094705
7471659.017814 -681516.594621 -0.986608 3.770429 0.000653 1628515980.244636
7471659.331252 -681517.066370 -0.986145 3.762004 0.000655 1628515980.394553
7471659.659735 -681517.547443 -0.986090 3.746838 0.000657 1628515980.545130
7471659.966396 -681518.000399 -0.986957 3.746838 0.000751 1628515980.694465
7471660.259169 -681518.444323 -0.988115 3.697970 0.000757 1628515980.844513
7471660.583450 -681518.913048 -0.987558 3.574957 0.000683 1628515980.994548
7471660.860411 -681519.366061 -0.985681 3.632250 0.000766 1628515981.144572
7471661.185361 -681519.868668 -0.985546 3.738412 0.000751 1628515981.295501
7471661.475221 -681520.290948 -0.989426 3.617084 0.000677 1628515981.444591
7471661.781681 -681520.723513 -0.991678 3.453629 0.000701 1628515981.594637
7471662.163765 -681521.282328 -0.992102 3.519348 0.000783 1628515981.794722
7471662.469439 -681521.747056 -0.990699 3.494071 0.000695 1628515981.944698
7471662.780093 -681522.205507 -0.989285 3.462054 0.000699 1628515982.094801
7471663.118315 -681522.737500 -0.992604 3.436778 0.000795 1628515982.294806
7471663.417454 -681523.155164 -0.994780 3.396335 0.000709 1628515982.444839
7471663.719228 -681523.604430 -0.998400 3.396335 0.000709 1628515982.594806
7471664.101082 -681524.159448 -0.996023 3.339042 0.000900 1628515982.794778
7471664.384499 -681524.578455 -0.995103 3.315450 0.000903 1628515982.944750
7471664.674675 -681525.012416 -0.995172 3.290173 0.001090 1628515983.095296
7471665.016963 -681525.533035 -0.994091 3.258156 0.001093 1628515983.294822
7471665.363279 -681526.056882 -0.996478 3.217714 0.001465 1628515983.495228
7471665.728687 -681526.635418 -0.998115 3.168846 0.001653 1628515983.695093
7471666.063041 -681527.140292 -0.998590 3.143569 0.001748 1628515983.895022
7471666.330647 -681527.583112 -1.003682 3.103126 0.001753 1628515984.044803
7471666.661249 -681528.102560 -1.003585 3.077850 0.001756 1628515984.244802
7471666.985104 -681528.589552 -1.002716 3.037407 0.001760 1628515984.444751
7471667.302514 -681529.085001 -1.000751 3.022241 0.001579 1628515984.644691
7471667.643731 -681529.599525 -1.001999 2.939671 -0.000965 1628515984.844557
7471667.938649 -681530.081510 -1.008560 2.924505 -0.015642 1628515985.044450
7471668.254219 -681530.562712 -1.011383 2.907654 -0.033941 1628515985.244436
7471668.572074 -681531.043742 -1.022817 2.858786 -0.049459 1628515985.444517
7471668.862468 -681531.530454 -1.041268 2.818343 -0.068379 1628515985.644546
7471669.119182 -681532.004537 -1.063060 2.761049 -0.094144 1628515985.844482
7471669.394246 -681532.488960 -1.090427 2.712181 -0.125550 1628515986.044512
7471669.686286 -681533.037634 -1.136690 2.622871 -0.161266 1628515986.294620
7471669.907970 -681533.530551 -1.178615 2.541985 -0.184648 1628515986.494536
7471670.131901 -681534.128127 -1.237655 2.533560 -0.214793 1628515986.744323
7471670.289086 -681534.615445 -1.290519 2.444249 -0.239768 1628515986.944265
7471670.446792 -681535.222932 -1.366251 2.395381 -0.277634 1628515987.194284
7471670.541906 -681535.800566 -1.448740 2.280794 -0.316418 1628515987.444215
7471670.586846 -681536.358675 -1.542978 2.223500 -0.351303 1628515987.694734
7471670.612312 -681536.960277 -1.638358 2.076896 -0.362007 1628515987.944087
7471670.498861 -681537.517010 -1.749011 2.028027 -0.362051 1628515988.244139
7471670.386618 -681538.033337 -1.842515 2.004436 -0.361531 1628515988.494719
7471670.211907 -681538.570893 -1.933818 1.962308 -0.353116 1628515988.793747
7471669.985032 -681539.098082 -2.034017 2.085321 -0.329964 1628515989.094679
7471669.682770 -681539.575300 -2.116431 2.223500 -0.305158 1628515989.343653
7471669.364659 -681540.081197 -2.198654 2.329662 -0.282538 1628515989.593719
7471668.990013 -681540.530428 -2.276286 2.444249 -0.254904 1628515989.843811
7471668.659934 -681540.955268 -2.335259 2.557151 -0.223165 1628515990.043754
7471668.279992 -681541.365683 -2.385694 2.671739 -0.189035 1628515990.243746
7471667.901158 -681541.732899 -2.430834 2.752624 -0.158270 1628515990.443725
7471667.444599 -681542.097982 -2.476694 2.858786 -0.131341 1628515990.643742
7471666.992567 -681542.444223 -2.505004 2.939671 -0.104029 1628515990.843772
7471666.478707 -681542.794183 -2.530817 3.005390 -0.081909 1628515991.043896
7471665.958352 -681543.170513 -2.549041 3.077850 -0.056502 1628515991.243922
7471665.444693 -681543.516809 -2.561573 3.128403 -0.034112 1628515991.444003
7471664.920498 -681543.880177 -2.568393 3.168846 -0.021184 1628515991.643890
7471664.408473 -681544.230559 -2.575575 3.249731 -0.015274 1628515991.843831
7471663.940391 -681544.527466 -2.582093 3.315450 -0.015019 1628515991.993870
7471663.501390 -681544.814072 -2.583152 3.330616 -0.015023 1628515992.144000
7471662.966895 -681545.149884 -2.590481 3.364318 -0.015033 1628515992.344184
7471662.419846 -681545.489403 -2.594311 3.387910 -0.013393 1628515992.544327
7471661.878659 -681545.828034 -2.599067 3.364318 -0.006612 1628515992.744409
7471661.443948 -681546.103811 -2.599012 3.364318 -0.002767 1628515992.895409
7471660.869159 -681546.445852 -2.601304 3.347467 -0.002214 1628515993.095593
7471660.428018 -681546.740915 -2.603301 3.347467 -0.002214 1628515993.244605
7471659.947018 -681547.039687 -2.602316 3.347467 -0.002214 1628515993.394609
7471659.456380 -681547.320423 -2.603101 3.330616 -0.001570 1628515993.594475
7471658.904625 -681547.665283 -2.604842 3.315450 0.000445 1628515993.794418
7471658.426986 -681547.955614 -2.604185 3.298599 0.002644 1628515993.945187
7471657.971197 -681548.240644 -2.606193 3.307024 0.004016 1628515994.094363
7471657.412291 -681548.563602 -2.601129 3.241305 0.004480 1628515994.294294
7471656.868126 -681548.898972 -2.602805 3.226139 0.005122 1628515994.494228
7471656.358992 -681549.198255 -2.601613 3.200863 0.006222 1628515994.694215
7471655.816994 -681549.513324 -2.601580 3.200863 0.006405 1628515994.894157
7471655.305774 -681549.840672 -2.597887 3.168846 0.006407 1628515995.094315
7471654.773685 -681550.149642 -2.597277 3.128403 0.007780 1628515995.294484
7471654.343612 -681550.432560 -2.596654 3.151995 0.013355 1628515995.444415
7471653.851633 -681550.738000 -2.592334 3.128403 0.016188 1628515995.644437
7471653.402441 -681551.043439 -2.588181 3.077850 0.016097 1628515995.794468
7471652.926981 -681551.332216 -2.584289 3.054258 0.015822 1628515995.994498
7471652.456565 -681551.633877 -2.578717 3.071109 0.012077 1628515996.194462
7471652.028174 -681551.906707 -2.577418 3.054258 0.008698 1628515996.344494
7471651.525642 -681552.179423 -2.573954 3.045833 0.007878 1628515996.544484
7471651.013965 -681552.519942 -2.572277 3.013816 0.007880 1628515996.744475
7471650.490684 -681552.842322 -2.572836 3.005390 0.007515 1628515996.944450
7471650.017017 -681553.167014 -2.572768 2.996965 0.007333 1628515997.144718
7471649.515406 -681553.501813 -2.571926 2.939671 0.007245 1628515997.344467
7471649.017967 -681553.819472 -2.569595 2.916079 0.007247 1628515997.544405
7471648.526928 -681554.142300 -2.566817 2.964948 0.007243 1628515997.744529
7471648.090082 -681554.450739 -2.566842 2.875637 0.007431 1628515997.944628
7471647.544400 -681554.786778 -2.566170 2.826769 0.008438 1628515998.144496
7471647.112482 -681555.085535 -2.564286 2.793067 0.017551 1628515998.344387
7471646.628061 -681555.420752 -2.558598 2.737458 0.027297 1628515998.544308
7471646.136374 -681555.740293 -2.548786 2.858786 0.032858 1628515998.744203
7471645.610791 -681556.112820 -2.541681 2.712181 0.037947 1628515998.994272
7471645.209066 -681556.419746 -2.529931 2.663313 0.048485 1628515999.194376
7471644.766537 -681556.679277 -2.517259 2.622871 0.066277 1628515999.394424
7471644.249604 -681557.061873 -2.491809 2.614445 0.089651 1628515999.644336
7471643.844091 -681557.387361 -2.470109 2.484692 0.104383 1628515999.844289
7471643.457427 -681557.728040 -2.442927 2.476266 0.121115 1628516000.044215
7471643.032507 -681558.124283 -2.406672 2.418973 0.142836 1628516000.294259
7471642.582807 -681558.565354 -2.364649 2.450990 0.157397 1628516000.544428
7471642.181608 -681558.970123 -2.318295 2.329662 0.169698 1628516000.794475
7471641.807487 -681559.391755 -2.273915 2.289219 0.183169 1628516001.047260
7471641.414469 -681559.867752 -2.223813 2.255517 0.195350 1628516001.294527
7471641.093899 -681560.325202 -2.175942 2.223500 0.206512 1628516001.544526
7471640.794416 -681560.799760 -2.119104 2.206649 0.217726 1628516001.794544
7471640.556617 -681561.264282 -2.065391 2.183057 0.224461 1628516002.044523
7471640.288427 -681561.770125 -2.006107 2.174632 0.225056 1628516002.294580
7471640.110133 -681562.252028 -1.945085 2.191483 0.225489 1628516002.544477
7471639.893210 -681562.784006 -1.891880 2.206649 0.225532 1628516002.794418
7471639.778370 -681563.302503 -1.835394 2.240351 0.225579 1628516003.044348
7471639.642580 -681563.865478 -1.777935 2.272368 0.225538 1628516003.294421
7471639.549824 -681564.406958 -1.718312 2.289219 0.225561 1628516003.544312
7471639.500668 -681565.014812 -1.657100 2.304385 0.225063 1628516003.794149
7471639.454026 -681565.585136 -1.594737 2.312811 0.218565 1628516004.044102
7471639.480737 -681566.150796 -1.538892 2.297645 0.201390 1628516004.294117
7471639.495649 -681566.760508 -1.492288 2.329662 0.177039 1628516004.544188
7471639.579804 -681567.285967 -1.446289 2.346513 0.158899 1628516004.793940
7471639.667609 -681567.889121 -1.407226 2.361679 0.136350 1628516005.043834
7471639.797189 -681568.485183 -1.369890 2.370104 0.121394 1628516005.293915
7471639.892151 -681569.056717 -1.345166 2.370104 0.104850 1628516005.543973
7471640.053331 -681569.617663 -1.319734 2.402121 0.086643 1628516005.794046
7471640.206237 -681570.196702 -1.293216 2.402121 0.068186 1628516006.044196
7471640.412161 -681570.766898 -1.278506 2.402121 0.052412 1628516006.294146
7471640.564444 -681571.319756 -1.267290 2.410547 0.039526 1628516006.544062
7471640.697533 -681571.804500 -1.263450 2.402121 0.028717 1628516006.743977
7471640.903312 -681572.343781 -1.255895 2.427398 0.013727 1628516006.993963
7471641.048613 -681572.828661 -1.258710 2.459415 -0.000905 1628516007.193941
7471641.229481 -681573.300488 -1.256479 2.476266 -0.012355 1628516007.394018
7471641.394243 -681573.904460 -1.266694 2.508283 -0.026437 1628516007.643957
7471641.546689 -681574.396447 -1.274476 2.516709 -0.042221 1628516007.843922
7471641.718437 -681574.867463 -1.282961 2.541985 -0.056720 1628516008.043966
7471641.874602 -681575.361108 -1.297144 2.557151 -0.070194 1628516008.244041
7471641.990417 -681575.878909 -1.317278 2.597594 -0.076538 1628516008.443931
7471642.111552 -681576.377493 -1.334714 2.622871 -0.077097 1628516008.643965
7471642.263871 -681576.886022 -1.353232 2.646462 -0.077023 1628516008.844053
7471642.381637 -681577.425291 -1.371437 2.695330 -0.077058 1628516009.044056
7471642.451707 -681577.951283 -1.396275 2.737458 -0.077089 1628516009.243995
7471642.542431 -681578.491619 -1.416160 2.769475 -0.077023 1628516009.444040
7471642.620757 -681579.045905 -1.438460 2.809918 -0.077325 1628516009.644166
7471642.675419 -681579.612018 -1.456286 2.826769 -0.079595 1628516009.844240
7471642.727700 -681580.158876 -1.476527 2.818343 -0.083921 1628516010.044242
7471642.771638 -681580.715499 -1.500965 2.835194 -0.084927 1628516010.244207
7471642.842386 -681581.273614 -1.526238 2.841935 -0.084933 1628516010.444175
7471642.867911 -681581.827018 -1.547453 2.818343 -0.084913 1628516010.644179
7471642.874023 -681582.443101 -1.569737 2.818343 -0.084913 1628516010.844211
7471642.872646 -681582.963558 -1.591696 2.793067 -0.084893 1628516011.044122
7471642.860851 -681583.524437 -1.614009 2.777901 -0.084971 1628516011.244096
7471642.808179 -681584.071347 -1.637388 2.688590 -0.084989 1628516011.444025
7471642.742509 -681584.752509 -1.665894 2.654888 -0.079555 1628516011.694142
7471642.703238 -681585.266134 -1.684145 2.639722 -0.065187 1628516011.894170
7471642.656862 -681585.781633 -1.698202 2.826769 -0.045448 1628516012.094173
7471642.598719 -681586.303286 -1.705777 2.590854 -0.027021 1628516012.294071
7471642.504435 -681586.799687 -1.711495 2.541985 -0.007279 1628516012.493867
7471642.442841 -681587.300724 -1.712425 2.499858 0.007635 1628516012.693697
7471642.369164 -681587.808434 -1.708764 2.484692 0.023999 1628516012.893777
7471642.294235 -681588.419597 -1.701151 2.459415 0.039807 1628516013.143670
7471642.241906 -681588.920647 -1.691095 2.444249 0.053600 1628516013.343721
7471642.148534 -681589.553516 -1.674577 2.427398 0.069286 1628516013.593679
7471642.122558 -681590.102849 -1.652215 2.418973 0.076251 1628516013.843521
7471642.062670 -681590.620442 -1.634412 2.427398 0.088012 1628516014.043526
7471642.056886 -681591.221835 -1.607962 2.450990 0.112825 1628516014.293483
7471642.064298 -681591.824295 -1.572162 2.459415 0.130613 1628516014.543514
7471642.079618 -681592.326627 -1.541792 2.450990 0.141793 1628516014.743446
7471642.086506 -681592.833006 -1.508951 2.444249 0.158636 1628516014.943345
7471642.161781 -681593.424005 -1.458090 2.444249 0.192335 1628516015.193332
7471642.251770 -681594.040706 -1.398508 2.435824 0.231060 1628516015.443258
7471642.371028 -681594.628275 -1.329408 2.435824 0.270315 1628516015.693189
7471642.524130 -681595.123809 -1.265281 2.427398 0.295074 1628516015.893225
7471642.772920 -681595.653949 -1.175618 2.418973 0.315345 1628516016.143341
7471643.011489 -681596.187542 -1.086430 2.410547 0.333397 1628516016.393455
7471643.299146 -681596.712926 -0.994481 2.386955 0.348449 1628516016.643394
7471643.679820 -681597.188419 -0.891349 2.370104 0.362074 1628516016.893424
7471644.083519 -681597.648286 -0.788226 2.353253 0.366743 1628516017.143474
7471644.535642 -681598.004041 -0.688315 2.353253 0.367222 1628516017.393520
7471644.989262 -681598.339572 -0.586112 2.361679 0.372093 1628516017.643547
7471645.418727 -681598.605554 -0.501021 2.353253 0.378721 1628516017.843822
7471645.944004 -681598.837173 -0.391240 2.370104 0.380895 1628516018.093645
7471646.515853 -681598.979361 -0.283903 2.361679 0.380715 1628516018.343705
7471647.072074 -681599.127615 -0.176122 2.361679 0.376925 1628516018.593800
7471647.572138 -681599.189843 -0.090411 2.361679 0.363253 1628516018.793870
7471648.170535 -681599.225181 0.012498 2.361679 0.334675 1628516019.044451
7471648.746428 -681599.140985 0.096322 2.395381 0.297685 1628516019.293857
7471649.328804 -681599.044968 0.178648 2.427398 0.259578 1628516019.543936
7471649.900714 -681598.934086 0.248832 2.444249 0.230901 1628516019.793986
7471650.422393 -681598.779165 0.302257 2.459415 0.210581 1628516019.994084
7471650.948138 -681598.575942 0.355022 2.493117 0.176431 1628516020.244084
7471651.428885 -681598.386783 0.396921 2.508283 0.155766 1628516020.444176
7471651.884512 -681598.158081 0.429173 2.541985 0.135344 1628516020.644238
7471652.353539 -681597.931705 0.462848 2.565577 0.121995 1628516020.844332
7471652.928282 -681597.638338 0.495085 2.614445 0.098692 1628516021.094345
7471653.371424 -681597.372813 0.515783 2.663313 0.075547 1628516021.294389
7471653.851947 -681597.106200 0.531690 2.680164 0.047580 1628516021.494473
7471654.311087 -681596.837070 0.539787 2.688590 0.028747 1628516021.694569
7471654.743736 -681596.549133 0.546712 2.688590 0.016365 1628516021.894701
7471655.199472 -681596.213971 0.550901 2.688590 0.014908 1628516022.094817
7471655.642191 -681595.966366 0.551762 2.695330 0.013816 1628516022.294847
7471656.102642 -681595.683395 0.554996 2.712181 0.013543 1628516022.494791
7471656.560490 -681595.389961 0.559349 2.703756 0.012359 1628516022.694679
7471656.994328 -681595.095122 0.558644 2.752624 0.003158 1628516022.894481
7471657.479885 -681594.785610 0.562548 2.784641 0.000878 1628516023.094373
7471657.952122 -681594.480915 0.564682 2.809918 0.000874 1628516023.294142
7471658.431200 -681594.174219 0.564091 2.841935 -0.001408 1628516023.493930
7471658.926921 -681593.839292 0.560042 2.890803 -0.009071 1628516023.693867
7471659.394109 -681593.572714 0.552319 2.907654 -0.015820 1628516023.893821
7471659.855761 -681593.287365 0.546637 2.924505 -0.016735 1628516024.093833
7471660.359158 -681592.964330 0.540713 2.907654 -0.010807 1628516024.295100
7471660.886863 -681592.652819 0.539901 2.932930 -0.003609 1628516024.493937
7471661.400308 -681592.320021 0.538566 2.924505 -0.001693 1628516024.693605
7471661.858433 -681592.053449 0.537708 2.916079 -0.001691 1628516024.893571
7471662.320245 -681591.785123 0.536240 2.939671 -0.001695 1628516025.093617
7471662.740096 -681591.510624 0.535610 2.964948 -0.001698 1628516025.244359
7471663.241474 -681591.194212 0.533405 2.939671 -0.001695 1628516025.444096
7471663.779373 -681590.871579 0.531715 2.939671 0.000404 1628516025.644649
7471664.282362 -681590.567184 0.531886 2.924505 0.003506 1628516025.843944
7471664.802602 -681590.261926 0.531425 2.890803 0.006062 1628516026.043896
7471665.276274 -681589.963389 0.532343 2.882377 0.006063 1628516026.243878
7471665.760274 -681589.699265 0.534585 2.867211 0.006064 1628516026.443861
7471666.242821 -681589.430900 0.536637 2.858786 0.006065 1628516026.643964
7471666.724414 -681589.135362 0.536388 2.809918 0.006069 1628516026.843991
7471667.160936 -681588.863097 0.537963 2.784641 0.006070 1628516027.044042
7471667.650194 -681588.572068 0.539207 2.744198 0.006164 1628516027.243930
7471668.123865 -681588.270441 0.538079 2.769475 0.006436 1628516027.443951
7471668.567712 -681588.005447 0.537886 2.688590 0.007169 1628516027.644119
7471669.042567 -681587.715413 0.539957 2.688590 0.008444 1628516027.844285
7471669.523427 -681587.433301 0.541316 2.493117 0.015726 1628516028.044392
7471669.986584 -681587.159767 0.546239 2.646462 0.026467 1628516028.244342
7471670.525736 -681586.815821 0.554480 2.639722 0.039113 1628516028.494331
7471671.074638 -681586.462096 0.568810 2.597594 0.050376 1628516028.744371
7471671.497679 -681586.173585 0.578954 2.582428 0.060362 1628516028.944477
7471671.978911 -681585.860734 0.595539 2.533560 0.071319 1628516029.144418
7471672.516927 -681585.481167 0.620824 2.499858 0.093291 1628516029.394464
7471672.937996 -681585.162518 0.652871 2.476266 0.127310 1628516029.644443
7471673.318915 -681584.830795 0.681099 2.410547 0.149609 1628516029.844184
7471673.760442 -681584.453258 0.727301 2.370104 0.168058 1628516030.093939
7471674.151661 -681584.057583 0.773572 2.304385 0.173476 1628516030.343752
7471674.536233 -681583.669926 0.819183 2.248777 0.188080 1628516030.593750
7471674.870620 -681583.252216 0.869424 2.231926 0.231449 1628516030.843873
7471675.217384 -681582.819988 0.937532 2.157781 0.271951 1628516031.093850
7471675.501789 -681582.354147 1.022804 2.076896 0.303746 1628516031.393735
7471675.722140 -681581.890466 1.098025 2.011176 0.315782 1628516031.643762
7471675.926535 -681581.427489 1.175690 2.004436 0.334184 1628516031.893786
7471676.115711 -681580.951098 1.250625 1.979159 0.360885 1628516032.144483
7471676.251828 -681580.385348 1.353300 1.979159 0.391876 1628516032.443658
7471676.288819 -681579.881767 1.449083 1.979159 0.396541 1628516032.693682
7471676.338573 -681579.273954 1.568529 2.004436 0.396443 1628516032.993909
7471676.314119 -681578.764568 1.662063 2.028027 0.396419 1628516033.243930
7471676.227900 -681578.249458 1.761281 2.068470 0.396434 1628516033.493668
7471676.092033 -681577.656775 1.880539 2.117338 0.396394 1628516033.793643
7471675.910441 -681577.153781 1.984395 2.125764 0.396239 1628516034.045100
7471675.642311 -681576.691622 2.084138 2.125764 0.396415 1628516034.294273
7471675.334028 -681576.255470 2.185794 2.134189 0.396357 1628516034.544419
7471674.980670 -681575.859521 2.282724 2.142615 0.396222 1628516034.794187
7471674.607106 -681575.466778 2.383702 2.149355 0.396315 1628516035.043967
7471674.198817 -681575.112136 2.486421 2.166206 0.396357 1628516035.293966
7471673.758604 -681574.812306 2.590435 2.191483 0.396340 1628516035.544101
7471673.258489 -681574.562273 2.694423 2.215074 0.396244 1628516035.794499
7471672.706909 -681574.352937 2.805404 2.272368 0.396233 1628516036.044254
7471672.117035 -681574.197544 2.915796 2.312811 0.396181 1628516036.294329
7471671.603414 -681574.078388 3.026729 2.370104 0.385773 1628516036.544323
7471671.029243 -681574.072444 3.135183 2.476266 0.350116 1628516036.794452
7471670.513020 -681574.104548 -3.072291 2.516709 0.312910 1628516036.994552
7471669.976407 -681574.164100 -2.997336 2.557151 0.274192 1628516037.194735
7471669.466188 -681574.287657 -2.931701 2.597594 0.234263 1628516037.394980
7471668.968725 -681574.407840 -2.881939 2.639722 0.194531 1628516037.595315
7471668.472523 -681574.570217 -2.835544 2.688590 0.160951 1628516037.795627
7471667.935594 -681574.737858 -2.798147 2.712181 0.131914 1628516037.996310
7471667.367182 -681574.961780 -2.758308 2.744198 0.099953 1628516038.246321
7471666.899914 -681575.157885 -2.741169 2.777901 0.082044 1628516038.396423
7471666.414407 -681575.388728 -2.724477 2.769475 0.060520 1628516038.596339
7471665.917922 -681575.603144 -2.708295 2.777901 0.040506 1628516038.796098
7471665.438649 -681575.831097 -2.704376 2.777901 0.023382 1628516038.995721
7471664.924844 -681576.113325 -2.695953 2.761049 0.009898 1628516039.195401
7471664.463582 -681576.324449 -2.698302 2.777901 -0.001855 1628516039.395280
7471663.989318 -681576.547296 -2.701666 2.769475 -0.012144 1628516039.595190
7471663.472115 -681576.803725 -2.705605 2.784641 -0.020974 1628516039.795243
7471662.964608 -681577.037218 -2.711850 2.793067 -0.031803 1628516039.995218
7471662.476350 -681577.261490 -2.720276 2.809918 -0.039718 1628516040.194953
7471661.938936 -681577.514171 -2.732606 2.818343 -0.055244 1628516040.394749
7471661.463078 -681577.729969 -2.749432 2.835194 -0.074632 1628516040.594697
7471660.924791 -681577.954412 -2.772853 2.826769 -0.092852 1628516040.794778
7471660.427484 -681578.129660 -2.799576 2.818343 -0.107589 1628516040.994798
7471659.925092 -681578.305580 -2.830629 2.801492 -0.121721 1628516041.194876
7471659.348588 -681578.465128 -2.864146 2.793067 -0.123678 1628516041.394899
7471658.733013 -681578.632161 -2.906620 2.793067 -0.123767 1628516041.644976
7471658.160282 -681578.743861 -2.942083 2.826769 -0.123716 1628516041.845431
7471657.613298 -681578.872611 -2.975607 2.826769 -0.123091 1628516042.044992
7471657.061087 -681578.952046 -3.009536 2.835194 -0.123100 1628516042.244854
7471656.484358 -681579.034871 -3.042051 2.835194 -0.123100 1628516042.444795
7471655.930216 -681579.062954 -3.077481 2.850360 -0.130618 1628516042.644764
7471655.382201 -681579.068457 -3.113514 2.875637 -0.147641 1628516042.844863
7471654.794019 -681579.079634 3.127349 2.867211 -0.153391 1628516043.047745
7471654.237590 -681579.068947 3.085313 2.882377 -0.152438 1628516043.244740
7471653.601272 -681579.016496 3.044074 2.882377 -0.152438 1628516043.444543
7471652.941957 -681578.911474 2.991791 2.882377 -0.152438 1628516043.694435
7471652.369568 -681578.839627 2.953163 2.924505 -0.152321 1628516043.894443
7471651.819556 -681578.742860 2.914263 2.924505 -0.153206 1628516044.094514
7471651.276769 -681578.617392 2.873248 2.899228 -0.153170 1628516044.294600
7471650.705945 -681578.429570 2.826788 2.890803 -0.152361 1628516044.494647
7471650.177050 -681578.248470 2.786695 2.826769 -0.152005 1628516044.694659
7471649.643313 -681578.032032 2.747415 2.793067 -0.146022 1628516044.894707
7471649.149523 -681577.808387 2.708382 2.752624 -0.136555 1628516045.094773
7471648.663909 -681577.560235 2.672670 2.769475 -0.134351 1628516045.294789
7471648.159616 -681577.299916 2.637527 2.744198 -0.134410 1628516045.494800
7471647.672886 -681577.036159 2.603539 2.671739 -0.134056 1628516045.694889
7471647.210977 -681576.766455 2.573009 2.646462 -0.132515 1628516045.894895
7471646.690755 -681576.425361 2.527863 2.671739 -0.127913 1628516046.144830
7471646.287254 -681576.094488 2.497987 2.654888 -0.120108 1628516046.344862
7471645.883735 -681575.755540 2.468416 2.614445 -0.116534 1628516046.545001
7471645.408711 -681575.433955 2.437022 2.606020 -0.116534 1628516046.744977
7471644.964485 -681575.021982 2.402568 2.622871 -0.116525 1628516046.995190
7471644.566368 -681574.646594 2.373099 2.622871 -0.116436 1628516047.195316
7471644.192317 -681574.260430 2.342831 2.622871 -0.116525 1628516047.395416
7471643.811124 -681573.873648 2.312776 2.606020 -0.115973 1628516047.595541
7471643.403033 -681573.399951 2.280764 2.606020 -0.107195 1628516047.845656
7471643.065947 -681572.990303 2.255181 2.597594 -0.099214 1628516048.045776
7471642.686659 -681572.515734 2.225506 2.590854 -0.099029 1628516048.295651
7471642.360253 -681572.092024 2.198153 2.614445 -0.106388 1628516048.495309
7471642.062074 -681571.635632 2.169836 2.606020 -0.121072 1628516048.695014
7471641.692733 -681571.114928 2.126460 2.631296 -0.146071 1628516048.944740
7471641.452767 -681570.663128 2.088631 2.614445 -0.167414 1628516049.144689
7471641.183162 -681570.211608 2.045308 2.597594 -0.185356 1628516049.344712
7471640.918645 -681569.653263 1.989032 2.597594 -0.193618 1628516049.594794
7471640.703386 -681569.143666 1.936618 2.597594 -0.193618 1628516049.795168
7471640.480327 -681568.596754 1.880068 2.574002 -0.201478 1628516050.045059
7471640.308523 -681568.066352 1.827988 2.590854 -0.219535 1628516050.245057
7471640.168587 -681567.450499 1.754768 2.548726 -0.247595 1628516050.494946
7471640.088021 -681566.953021 1.695513 2.541985 -0.268358 1628516050.694930
7471640.052929 -681566.449494 1.622031 2.541985 -0.287394 1628516050.894946
7471640.074612 -681565.937561 1.553437 2.484692 -0.298294 1628516051.094807
7471640.092513 -681565.322218 1.457988 2.459415 -0.298974 1628516051.344723
7471640.196288 -681564.721703 1.369432 2.435824 -0.299003 1628516051.594594
7471640.336024 -681564.151869 1.282106 2.459415 -0.298993 1628516051.844304
7471640.496967 -681563.665473 1.210470 2.459415 -0.291746 1628516052.044091
7471640.698036 -681563.203698 1.141276 2.467841 -0.281603 1628516052.244056
7471640.985987 -681562.681829 1.059374 2.548726 -0.262593 1628516052.494054
7471641.244411 -681562.222781 0.991606 2.597594 -0.244811 1628516052.694093
7471641.566973 -681561.810230 0.937217 2.654888 -0.229767 1628516052.894162
7471641.917350 -681561.333374 0.874086 2.720607 -0.217834 1628516053.094245
7471642.345577 -681560.857113 0.807609 2.761049 -0.201462 1628516053.344360
7471642.791277 -681560.424596 0.755799 2.801492 -0.186279 1628516053.544299
7471643.214339 -681560.037150 0.707967 2.835194 -0.158109 1628516053.744149
7471643.662235 -681559.660014 0.668319 2.875637 -0.134393 1628516053.944037
7471644.126357 -681559.313913 0.630475 2.964948 -0.110614 1628516054.143995
7471644.638655 -681558.950716 0.601734 3.045833 -0.083391 1628516054.344104
7471645.135325 -681558.621414 0.584445 3.119977 -0.054973 1628516054.544145
7471645.628790 -681558.292030 0.570663 3.168846 -0.036607 1628516054.744116
7471646.100370 -681558.010621 0.565854 3.232880 -0.025502 1628516054.894104
7471646.584163 -681557.688709 0.556095 3.249731 -0.017377 1628516055.094150
7471647.014067 -681557.397516 0.551341 3.266582 -0.010982 1628516055.244166
7471647.466328 -681557.112802 0.545395 3.266582 -0.006043 1628516055.394206
7471648.026425 -681556.795866 0.545788 3.339042 -0.000748 1628516055.594329
7471648.458601 -681556.508293 0.546148 3.323876 0.001909 1628516055.744421
7471649.031010 -681556.179926 0.545309 3.355893 0.006484 1628516055.944601
7471649.456361 -681555.908344 0.548062 3.404761 0.008129 1628516056.094704
7471649.912805 -681555.636901 0.546640 3.413186 0.008220 1628516056.245613
7471650.344466 -681555.366865 0.548754 3.421612 0.008219 1628516056.394913
7471650.773678 -681555.085630 0.551196 3.413186 0.008129 1628516056.545106
7471651.212064 -681554.821430 0.553872 3.413186 0.008220 1628516056.695236
7471651.635324 -681554.529410 0.553960 3.421612 0.008586 1628516056.846144
7471652.070756 -681554.270754 0.556609 3.387910 0.009411 1628516056.995235
7471652.512295 -681553.993999 0.554183 3.387910 0.009412 1628516057.145221
7471653.064908 -681553.648902 0.557979 3.387910 0.009412 1628516057.345277
7471653.606006 -681553.327247 0.559255 3.371059 0.009413 1628516057.545346
7471654.074528 -681553.024015 0.559750 3.355893 0.009414 1628516057.695428
7471654.606934 -681552.689489 0.561830 3.339042 0.009415 1628516057.895462
7471655.054705 -681552.403069 0.560935 3.315450 0.008043 1628516058.045497
7471655.459369 -681552.099426 0.565537 3.290173 0.004201 1628516058.197980
7471655.993237 -681551.779997 0.564117 3.151995 -0.002365 1628516058.395542
7471656.556956 -681551.406571 0.557608 3.323876 -0.005048 1628516058.595613
7471657.100331 -681551.075723 0.556891 3.045833 -0.005087 1628516058.795668
7471657.593838 -681550.765127 0.554791 3.241305 -0.004483 1628516058.995608
7471658.151952 -681550.421679 0.551752 3.184012 -0.001822 1628516059.195637
7471658.565350 -681550.137679 0.549251 3.128403 0.001841 1628516059.345654
7471659.094378 -681549.815866 0.550370 3.111552 0.003121 1628516059.545845
7471659.613864 -681549.496027 0.551726 3.062684 0.003126 1628516059.745803
7471660.120073 -681549.173497 0.549839 3.037407 0.004408 1628516059.945858
7471660.662706 -681548.848828 0.546852 3.030667 0.004318 1628516060.145684
7471661.115674 -681548.558993 0.548457 2.980113 0.004322 1628516060.345485
7471661.631088 -681548.252182 0.549540 2.973373 0.004232 1628516060.545424
7471662.129588 -681547.925985 0.553544 2.924505 0.004145 1628516060.745270
7471662.583703 -681547.635555 0.550063 2.890803 0.004148 1628516060.945155
7471663.079550 -681547.348232 0.549177 2.858786 0.004059 1628516061.144873
7471663.561855 -681547.023679 0.547350 2.809918 0.004064 1628516061.344773
7471664.019981 -681546.740925 0.546865 2.761049 0.004068 1628516061.544727
7471664.442513 -681546.470373 0.548622 2.752624 0.004069 1628516061.744737
7471664.939291 -681546.157758 0.547283 2.688590 0.004257 1628516061.944829
7471665.458410 -681545.860933 0.547926 2.646462 0.006626 1628516062.194842
7471665.927472 -681545.518360 0.554310 2.646462 0.010722 1628516062.394717
7471666.346378 -681545.234320 0.556606 2.590854 0.021458 1628516062.594605
7471666.773966 -681544.959915 0.563735 2.574002 0.033918 1628516062.794466
7471667.228781 -681544.664809 0.568944 2.548726 0.049727 1628516062.994377
7471667.705226 -681544.319527 0.588208 2.476266 0.078087 1628516063.244201
7471668.133970 -681544.004043 0.609055 2.435824 0.110025 1628516063.444056
7471668.629199 -681543.671916 0.643441 2.386955 0.152794 1628516063.693959
7471669.075589 -681543.329833 0.689169 2.329662 0.182246 1628516063.943922
7471669.497803 -681542.915125 0.743804 2.272368 0.203078 1628516064.193995
7471669.898039 -681542.488454 0.796664 2.215074 0.231339 1628516064.444016
7471670.246402 -681542.070438 0.865642 2.223500 0.261281 1628516064.693816
7471670.544387 -681541.663945 0.925225 2.076896 0.274779 1628516064.943963
7471670.873181 -681541.154613 0.999598 2.028027 0.285135 1628516065.244104
7471671.183141 -681540.634545 1.086947 2.011176 0.305538 1628516065.544309
7471671.386308 -681540.124162 1.158272 2.011176 0.317510 1628516065.794359
7471671.584569 -681539.650302 1.238026 1.979159 0.324754 1628516066.044316
7471671.686081 -681539.151274 1.315251 2.004436 0.325209 1628516066.294295
7471671.797761 -681538.641609 1.396938 2.044879 0.324992 1628516066.544432
7471671.836294 -681538.084133 1.469600 2.102172 0.324328 1628516066.794460
7471671.868959 -681537.518360 1.555294 2.157781 0.318853 1628516067.044469
7471671.834253 -681536.943956 1.635072 2.240351 0.303714 1628516067.294588
7471671.754323 -681536.410507 1.713807 2.329662 0.283557 1628516067.544754
7471671.674888 -681535.909862 1.775998 2.386955 0.268570 1628516067.745471
7471671.580414 -681535.406314 1.841553 2.418973 0.244245 1628516067.945089
7471671.398190 -681534.908684 1.897023 2.484692 0.216275 1628516068.145234
7471671.190107 -681534.361771 1.955505 2.525134 0.186175 1628516068.395423
7471671.005156 -681533.853180 1.997402 2.622871 0.167336 1628516068.595646
7471670.754582 -681533.366213 2.036935 2.703756 0.157743 1628516068.795773
7471670.471587 -681532.883605 2.077621 2.793067 0.145318 1628516068.995663
7471670.175185 -681532.414222 2.112600 2.890803 0.119480 1628516069.195639
7471669.837996 -681531.876401 2.139089 2.973373 0.085607 1628516069.395783
7471669.507272 -681531.394814 2.160061 3.030667 0.049501 1628516069.595999
7471669.185111 -681530.922851 2.165122 3.077850 0.020298 1628516069.796010
7471668.841677 -681530.396027 2.168969 3.111552 0.000838 1628516069.995875
7471668.561855 -681529.980084 2.167448 3.143569 -0.006111 1628516070.145800
7471668.182623 -681529.456985 2.166954 3.175586 -0.006482 1628516070.345795
7471667.834196 -681528.935700 2.164628 3.232880 -0.009511 1628516070.545826
7471667.526084 -681528.513637 2.161037 3.258156 -0.010980 1628516070.695901
7471667.204323 -681528.004709 2.156698 3.273322 -0.016378 1628516070.895993
7471666.893595 -681527.534460 2.150404 3.307024 -0.018858 1628516071.045955
7471666.554687 -681527.030914 2.149666 3.315450 -0.019043 1628516071.245896
7471666.269572 -681526.592242 2.140072 3.339042 -0.019051 1628516071.396100
7471665.987259 -681526.167451 2.134868 3.315450 -0.019043 1628516071.546371
7471665.704557 -681525.708270 2.129985 3.315450 -0.017122 1628516071.695820
7471665.377258 -681525.196903 2.127865 3.307024 -0.007058 1628516071.895478
7471665.090661 -681524.786991 2.125047 3.298599 0.002735 1628516072.045293
7471664.823518 -681524.335391 2.126668 3.298599 0.008227 1628516072.195178
7471664.488138 -681523.799741 2.127923 3.232880 0.008231 1628516072.395977
7471664.223011 -681523.374909 2.128717 3.258156 0.008230 1628516072.545014
7471663.885905 -681522.846552 2.127964 3.249731 0.008139 1628516072.745093
7471663.540828 -681522.302241 2.127647 3.209288 0.008233 1628516072.944904
7471663.192791 -681521.747915 2.129307 3.160420 0.008236 1628516073.144874
7471662.876799 -681521.257863 2.131067 3.086275 0.008240 1628516073.344957
7471662.553240 -681520.744138 2.134866 3.111552 0.008148 1628516073.544943
7471662.266652 -681520.313718 2.133572 3.143569 0.008236 1628516073.694972
7471661.952765 -681519.776239 2.137848 3.119977 0.008238 1628516073.894979
7471661.636004 -681519.284662 2.137716 3.062684 0.007876 1628516074.095060
7471661.301204 -681518.807123 2.139854 3.037407 0.005138 1628516074.295020
7471660.929813 -681518.252432 2.142478 3.022241 0.002675 1628516074.495006
7471660.605049 -681517.735906 2.142327 2.988539 0.002678 1628516074.695084
7471660.289870 -681517.231301 2.142053 2.964948 0.002681 1628516074.895113
7471659.965683 -681516.735628 2.142192 2.939671 0.002775 1628516075.095100
7471659.685962 -681516.315557 2.138700 2.899228 0.002688 1628516075.295131
7471659.340696 -681515.807620 2.142972 2.858786 0.002692 1628516075.495163
7471659.039753 -681515.322821 2.138036 2.818343 0.002696 1628516075.695004
7471658.739345 -681514.865119 2.141618 2.801492 0.002698 1628516075.894854
7471658.432351 -681514.432924 2.141280 2.769475 0.002701 1628516076.094849
7471658.140350 -681513.949364 2.141755 2.737458 0.003251 1628516076.294871
7471657.837811 -681513.531051 2.143037 2.695330 0.004164 1628516076.494949
7471657.565105 -681513.101551 2.142595 2.654888 0.004714 1628516076.695025
7471657.278781 -681512.620925 2.144116 2.597594 0.007812 1628516076.895166
7471657.002509 -681512.195135 2.146464 2.565577 0.017000 1628516077.095177
7471656.678811 -681511.697456 2.151804 2.525134 0.040545 1628516077.345254
7471656.390812 -681511.263141 2.162778 2.467841 0.058872 1628516077.545249
7471656.032880 -681510.751159 2.177409 2.435824 0.073452 1628516077.795056
7471655.681157 -681510.265423 2.197531 2.395381 0.086369 1628516078.044981
7471655.339919 -681509.787691 2.228428 2.370104 0.105480 1628516078.295007
7471654.972604 -681509.350304 2.257103 2.312811 0.118300 1628516078.545079
7471654.590085 -681508.947091 2.291034 2.297645 0.125466 1628516078.795186
7471654.199994 -681508.525841 2.324837 2.223500 0.133108 1628516079.045257
7471653.817072 -681508.113940 2.360986 2.199908 0.160792 1628516079.295378
7471653.448228 -681507.767032 2.405603 2.149355 0.208078 1628516079.545375
7471653.055966 -681507.450907 2.461526 2.076896 0.250392 1628516079.795165
7471652.624560 -681507.125587 2.526269 2.028027 0.281356 1628516080.045047
7471652.145435 -681506.829705 2.609530 1.938717 0.313843 1628516080.344851
7471651.612046 -681506.601064 2.697251 1.849406 0.338690 1628516080.644769
7471651.106334 -681506.389563 2.790744 1.832555 0.350116 1628516080.944851
7471650.576680 -681506.234196 2.880334 1.800538 0.350138 1628516081.244953
7471650.080038 -681506.114062 2.969053 1.766836 0.344284 1628516081.544973
7471649.546932 -681506.060212 3.046371 1.743244 0.310229 1628516081.845110
7471649.041948 -681506.026400 3.122813 1.743244 0.283115 1628516082.145300
7471648.535728 -681506.060951 -3.092590 1.717968 0.270376 1628516082.445529
7471648.028392 -681506.103414 -3.031867 1.711227 0.253236 1628516082.745440
7471647.526069 -681506.180945 -2.970717 1.669099 0.236680 1628516083.046616
7471646.961767 -681506.327844 -2.901949 1.685951 0.236063 1628516083.395443
7471646.466358 -681506.480185 -2.850808 1.702802 0.228372 1628516083.695459
7471645.993853 -681506.653706 -2.799055 1.685951 0.169196 1628516083.995502
7471645.493562 -681506.861577 -2.772303 1.711227 0.088502 1628516084.295689
7471645.024803 -681507.063577 -2.760876 1.702802 0.037611 1628516084.595438
7471644.489940 -681507.257423 -2.753915 1.660674 -0.012582 1628516084.944995
7471644.029074 -681507.475113 -2.763805 1.734819 -0.049153 1628516085.244920
7471643.525035 -681507.675122 -2.781018 1.815704 -0.082980 1628516085.544976
7471643.034223 -681507.832859 -2.808116 1.864572 -0.115958 1628516085.845073
7471642.481348 -681508.031050 -2.847281 1.872998 -0.142099 1628516086.145155
7471641.915092 -681508.209776 -2.887214 1.996010 -0.145915 1628516086.444837
7471641.412340 -681508.304987 -2.921624 2.068470 -0.145897 1628516086.694861
7471640.894285 -681508.421725 -2.960503 2.076896 -0.145817 1628516086.945035
7471640.298031 -681508.506481 -3.004969 2.142615 -0.145883 1628516087.245102
7471639.763872 -681508.563857 -3.042386 2.199908 -0.145853 1628516087.494919
7471639.200256 -681508.596125 -3.080758 2.206649 -0.145153 1628516087.744881
7471638.646891 -681508.628158 -3.116280 2.215074 -0.134722 1628516087.994992
7471638.081980 -681508.642223 3.135395 2.191483 -0.110507 1628516088.245024
7471637.568572 -681508.603215 3.109509 2.199908 -0.082034 1628516088.495133
7471636.982608 -681508.614519 3.089815 2.199908 -0.058895 1628516088.745214
7471636.445313 -681508.595943 3.073021 2.206649 -0.033775 1628516088.995197
7471635.870179 -681508.551674 3.070312 2.183057 -0.008040 1628516089.245175
7471635.363777 -681508.511934 3.070457 2.174632 0.018718 1628516089.495302
7471634.806789 -681508.463345 3.080529 2.157781 0.049905 1628516089.745100
7471634.278334 -681508.458683 3.093081 2.183057 0.074165 1628516089.994796
7471633.776236 -681508.401711 3.115212 2.191483 0.098801 1628516090.244728
7471633.196723 -681508.419232 -3.137036 2.240351 0.138126 1628516090.544767
7471632.632654 -681508.420648 -3.098292 2.215074 0.172851 1628516090.794786
7471632.056352 -681508.479181 -3.043327 1.947142 0.219051 1628516091.094759
7471631.487223 -681508.571815 -2.982319 1.921866 0.247869 1628516091.394903
7471630.923370 -681508.712278 -2.913728 1.840980 0.253569 1628516091.697241
7471630.434177 -681508.837500 -2.852389 1.832555 0.249975 1628516091.994691
7471629.886102 -681509.060981 -2.785969 1.824129 0.244749 1628516092.294394
7471629.356725 -681509.264007 -2.721411 1.783687 0.272405 1628516092.594317
7471628.858940 -681509.533050 -2.639252 1.766836 0.292668 1628516092.944257
7471628.411126 -681509.801381 -2.565817 1.734819 0.295384 1628516093.244318
7471627.968531 -681510.147724 -2.493659 1.685951 0.314343 1628516093.544351
7471627.569816 -681510.511087 -2.402400 1.694376 0.316821 1628516093.894542
7471627.201165 -681510.868758 -2.322540 1.694376 0.317068 1628516094.194591
7471626.847667 -681511.289100 -2.234280 1.677525 0.325338 1628516094.544686
7471626.544197 -681511.734518 -2.158415 1.669099 0.325870 1628516094.844492
7471626.290140 -681512.171866 -2.076804 1.685951 0.326304 1628516095.144494
7471626.061828 -681512.667258 -1.986494 1.660674 0.333022 1628516095.494593
7471625.889847 -681513.161352 -1.907582 1.645508 0.341582 1628516095.794215
7471625.747860 -681513.695284 -1.814780 1.605065 0.346193 1628516096.144094
7471625.645867 -681514.244720 -1.723600 1.579789 0.351372 1628516096.494221
7471625.580400 -681514.740922 -1.645236 1.588214 0.358819 1628516096.794308
7471625.622523 -681515.326989 -1.538609 1.522495 0.362151 1628516097.194158
7471625.663398 -681515.866932 -1.446788 1.522495 0.368006 1628516097.544274
7471625.797058 -681516.358697 -1.350347 1.515755 0.369972 1628516097.894430
7471625.921404 -681516.920577 -1.257223 1.522495 0.370062 1628516098.244481
7471626.186184 -681517.390652 -1.158645 1.588214 0.370011 1628516098.594560
7471626.407960 -681517.930773 -1.057849 1.660674 0.369965 1628516098.944764
7471626.649104 -681518.382436 -0.968574 1.717968 0.369972 1628516099.244841
7471626.984644 -681518.799617 -0.875528 1.726393 0.373743 1628516099.544798
7471627.393905 -681519.143873 -0.778988 1.734819 0.378232 1628516099.844750
7471627.814020 -681519.499378 -0.684178 1.726393 0.382768 1628516100.144418
7471628.295771 -681519.828769 -0.569769 1.726393 0.388240 1628516100.494043
7471628.747284 -681520.078582 -0.473617 1.734819 0.389502 1628516100.793984
7471629.207262 -681520.307616 -0.375591 1.751670 0.390236 1628516101.094098
7471629.733578 -681520.457281 -0.273486 1.775261 0.390282 1628516101.394255
7471630.248104 -681520.561245 -0.164281 1.849406 0.390276 1628516101.694509
7471630.801365 -681520.605999 -0.064764 1.881423 0.390186 1628516101.994645
7471631.351032 -681520.616505 0.046006 1.881423 0.388158 1628516102.294281
7471631.844983 -681520.535135 0.131476 1.898274 0.377764 1628516102.544282
7471632.388661 -681520.394228 0.234058 1.898274 0.367567 1628516102.843589
7471632.909039 -681520.247141 0.328750 1.921866 0.353396 1628516103.143660
7471633.380129 -681520.058115 0.401647 1.913440 0.334504 1628516103.393847
7471633.863649 -681519.819545 0.489534 1.938717 0.313431 1628516103.694135
7471634.390662 -681519.477760 0.575023 1.979159 0.278334 1628516103.994448
7471634.886278 -681519.155826 0.646750 2.036453 0.240136 1628516104.294608
7471635.291700 -681518.803217 0.706315 2.060045 0.230868 1628516104.544298
7471635.667454 -681518.459648 0.757595 2.076896 0.227176 1628516104.794210
7471636.041596 -681518.055444 0.810112 2.183057 0.208468 1628516105.043935
7471636.430952 -681517.616240 0.864334 2.142615 0.171275 1628516105.294072
7471636.775502 -681517.234760 0.897975 2.183057 0.110490 1628516105.544353
7471637.057187 -681516.818324 0.918188 2.206649 0.040126 1628516105.794662
7471637.358919 -681516.408441 0.924418 2.223500 -0.007683 1628516105.994735
7471637.689456 -681515.965282 0.915164 2.240351 -0.048620 1628516106.244661
7471638.011871 -681515.515756 0.903020 2.289219 -0.067148 1628516106.494467
7471638.397233 -681515.081395 0.883219 2.312811 -0.080669 1628516106.744515
7471638.769175 -681514.633863 0.854425 2.304385 -0.103718 1628516106.994565
7471639.162694 -681514.166942 0.827719 2.361679 -0.122869 1628516107.244362
7471639.516662 -681513.753654 0.787980 2.329662 -0.130745 1628516107.494361
7471639.945796 -681513.388999 0.753161 2.353253 -0.130762 1628516107.744372
7471640.362185 -681512.989039 0.715172 2.255517 -0.130237 1628516107.994275
7471640.765768 -681512.644491 0.681422 2.248777 -0.123387 1628516108.244318
7471641.172851 -681512.288700 0.654806 2.223500 -0.104995 1628516108.494314
7471641.642773 -681511.960255 0.629976 2.174632 -0.077795 1628516108.744349
7471642.132092 -681511.595640 0.611626 2.125764 -0.063909 1628516109.044376
7471642.612189 -681511.244237 0.598737 2.125764 -0.058500 1628516109.294407
7471643.070482 -681510.919057 0.586889 2.044879 -0.013636 1628516109.594486
7471643.512954 -681510.615084 0.587765 2.051619 0.027417 1628516109.844420
7471643.997435 -681510.294237 0.596617 1.953883 0.058634 1628516110.144493
7471644.434776 -681509.990895 0.612818 1.881423 0.058616 1628516110.444491
7471644.846005 -681509.686896 0.623367 1.856146 0.052193 1628516110.744148
7471645.268720 -681509.371901 0.633675 1.792112 0.018348 1628516111.043715
7471645.689000 -681509.068187 0.633612 1.726393 -0.020907 1628516111.343591
7471646.095417 -681508.770832 0.625642 1.645508 -0.039032 1628516111.643736
7471646.505768 -681508.475490 0.615111 1.605065 -0.051813 1628516111.943823
7471646.917219 -681508.159894 0.599498 1.571363 -0.073991 1628516112.294006
7471647.380624 -681507.833854 0.571714 1.556197 -0.123382 1628516112.643888
7471647.831977 -681507.524627 0.533090 1.473627 -0.193166 1628516112.993705
7471648.287804 -681507.245346 0.472257 1.384316 -0.269702 1628516113.393851
7471648.774447 -681507.068291 0.395745 1.311857 -0.343909 1628516113.793563
7471649.285413 -681506.872224 0.289252 1.254563 -0.414373 1628516114.243667
7471649.814668 -681506.773359 0.167783 1.214120 -0.439276 1628516114.693735
7471650.335450 -681506.682202 0.051323 1.148401 -0.440039 1628516115.143815
7471650.840210 -681506.704713 -0.063935 1.131550 -0.443907 1628516115.593416
7471651.378426 -681506.771258 -0.181542 1.131550 -0.444986 1628516116.043437
7471651.930896 -681506.891050 -0.313662 1.156827 -0.445816 1628516116.543525
7471652.419332 -681507.120014 -0.449814 1.171993 -0.445840 1628516117.044228
7471652.869009 -681507.377400 -0.562717 1.205695 -0.442872 1628516117.443453
7471653.294944 -681507.654556 -0.678026 1.269729 -0.398120 1628516117.893400
7471653.654888 -681508.003872 -0.761025 1.303431 -0.342716 1628516118.243232
7471654.034687 -681508.385225 -0.841259 1.441610 -0.238562 1628516118.643139
7471654.356101 -681508.815125 -0.891918 1.556197 -0.161862 1628516118.993180
7471654.722654 -681509.251046 -0.933172 1.637082 -0.121833 1628516119.343313
7471655.040062 -681509.662401 -0.959360 1.685951 -0.096506 1628516119.643373
7471655.322635 -681510.117926 -0.981683 1.815704 -0.068442 1628516119.943038
7471655.627485 -681510.613205 -0.993540 1.906700 -0.036126 1628516120.242658
7471655.977406 -681511.083867 -0.999488 1.987585 -0.002669 1628516120.542393
7471656.263155 -681511.512831 -0.998509 2.060045 0.014726 1628516120.792187
7471656.536672 -681511.952024 -0.996289 2.134189 0.006565 1628516121.042171
7471656.825899 -681512.387533 -0.996614 2.206649 -0.004960 1628516121.292207
7471657.159140 -681512.882650 -1.000345 2.272368 -0.003153 1628516121.542250
7471657.447576 -681513.306760 -0.997822 2.321236 0.001834 1628516121.792300
7471657.764523 -681513.808874 -0.998147 2.353253 0.002012 1628516122.042327
7471658.113563 -681514.322504 -1.003809 2.361679 0.002011 1628516122.292440
