7759479.525638 -368437.289973 0.476841 0.000000 0.000000 1511544305.524378
7759480.042484 -368437.268100 0.475721 -0.001015 0.003381 1511544306.624018
7759480.470542 -368436.991986 0.476728 0.711528 -0.005317 1511544316.264760
7759480.958176 -368436.755332 0.477185 1.305313 -0.005049 1511544316.664301
7759481.456354 -368436.523707 0.472508 1.741771 -0.005059 1511544316.963981
7759481.969446 -368436.253923 0.472977 2.054396 -0.005068 1511544317.213761
7759482.497076 -368436.004192 0.470280 2.346722 -0.004799 1511544317.463601
7759483.000600 -368435.740193 0.469201 2.560890 -0.004946 1511544317.663441
7759483.491441 -368435.519323 0.467271 2.733443 -0.004954 1511544317.863130
7759484.026946 -368435.235588 0.467497 2.964868 -0.013772 1511544318.063024
7759484.490359 -368434.999514 0.465438 3.119150 -0.018130 1511544318.212879
7759484.962055 -368434.780221 0.460161 3.279523 -0.018291 1511544318.362831
7759485.426038 -368434.518638 0.461243 3.427716 -0.018183 1511544318.512754
7759485.892386 -368434.277217 0.453289 3.523127 -0.017079 1511544318.662692
7759486.408589 -368434.019961 0.451177 3.673350 -0.016120 1511544318.812647
7759486.937550 -368433.778006 0.447501 3.801242 -0.015579 1511544318.962555
7759487.501626 -368433.542318 0.443648 3.937255 -0.014756 1511544319.112590
7759488.063206 -368433.265872 0.440027 4.065147 -0.013647 1511544319.262565
7759488.624489 -368433.015272 0.437076 4.211310 -0.009563 1511544319.412486
7759489.231297 -368432.712250 0.436408 4.330067 -0.006030 1511544319.562415
7759489.875717 -368432.450636 0.435308 4.432584 -0.001491 1511544319.712251
7759490.498308 -368432.125539 0.433933 4.546266 -0.000071 1511544319.862045
7759491.078103 -368431.852733 0.435148 4.659948 0.001069 1511544320.011880
7759491.546282 -368431.637722 0.438521 4.729984 0.002496 1511544320.111740
7759492.218284 -368431.341180 0.438716 4.832501 0.005928 1511544320.261663
7759492.864006 -368431.053690 0.438287 4.927912 0.010513 1511544320.411484
7759493.562840 -368430.705489 0.441680 4.997949 0.010523 1511544320.561365
7759494.253966 -368430.392719 0.443173 5.067985 0.010534 1511544320.711265
7759494.710245 -368430.149128 0.444647 5.106556 0.010683 1511544320.811255
7759495.358413 -368429.890368 0.447234 5.228358 0.011277 1511544320.961025
7759495.855315 -368429.651230 0.449856 5.296364 0.011720 1511544321.060947
7759496.331839 -368429.407537 0.452486 5.316664 0.015176 1511544321.160838
7759496.840108 -368429.179359 0.455287 5.344070 0.016333 1511544321.260773
7759497.344470 -368428.920348 0.458976 5.375535 0.017348 1511544321.360721
7759498.006263 -368428.557603 0.463807 5.419181 0.018225 1511544321.510576
7759498.465337 -368428.328781 0.465106 5.467902 0.019248 1511544321.610490
7759499.002779 -368428.072355 0.467168 5.514593 0.022291 1511544321.710416
7759499.466745 -368427.831806 0.472682 5.541998 0.025476 1511544321.810379
7759500.211557 -368427.467394 0.479951 5.573464 0.027221 1511544321.960217
7759500.675099 -368427.235216 0.484065 5.578539 0.026934 1511544322.060137
7759501.148220 -368426.973504 0.488716 5.592749 0.026941 1511544322.160108
7759501.668062 -368426.711050 0.494340 5.620155 0.027530 1511544322.260060
7759502.159533 -368426.486986 0.499806 5.632335 0.030281 1511544322.360006
7759502.639806 -368426.197288 0.506049 5.654665 0.034483 1511544322.459923
7759503.353677 -368425.833217 0.513199 5.658725 0.036508 1511544322.609754
7759503.835910 -368425.556623 0.519703 5.656695 0.041997 1511544322.709633
7759504.321518 -368425.253626 0.531573 5.661770 0.045901 1511544322.809538
7759504.773258 -368424.966013 0.537103 5.666845 0.049804 1511544322.909481
7759505.225209 -368424.723173 0.547265 5.687146 0.050977 1511544323.009406
7759505.772653 -368424.412970 0.558686 5.694251 0.051417 1511544323.109305
7759506.409273 -368424.015189 0.569005 5.673951 0.047932 1511544323.259210
7759506.886542 -368423.736779 0.577614 5.634365 0.047902 1511544323.359172
7759507.301666 -368423.425918 0.586200 5.579554 0.050312 1511544323.459099
7759507.919859 -368423.052370 0.598764 5.520683 0.055163 1511544323.609013
7759508.334298 -368422.766908 0.607560 5.448617 0.067179 1511544323.708941
7759508.766366 -368422.482860 0.618714 5.345085 0.082271 1511544323.808911
7759509.337609 -368422.068536 0.640109 5.178622 0.103331 1511544323.958790
7759509.925269 -368421.618952 0.667543 5.085240 0.113146 1511544324.108639
7759510.487318 -368421.185265 0.692046 5.037534 0.114204 1511544324.258455
7759511.035776 -368420.747770 0.722251 5.016219 0.116298 1511544324.408165
7759511.450349 -368420.391297 0.737284 5.021294 0.125384 1511544324.507975
7759511.930528 -368419.904115 0.767885 5.026369 0.144498 1511544324.657820
7759512.322987 -368419.562317 0.795550 5.008099 0.158281 1511544324.757658
7759512.822044 -368419.088728 0.833210 4.955318 0.187898 1511544324.907343
7759513.291006 -368418.552180 0.880089 4.927912 0.215666 1511544325.057003
7759513.775599 -368417.991646 0.931751 4.948213 0.226946 1511544325.206679
7759514.219802 -368417.436692 0.991702 4.922837 0.236938 1511544325.356442
7759514.601329 -368416.846429 1.049218 4.921822 0.244778 1511544325.506275
7759514.946162 -368416.226395 1.106932 4.900507 0.241955 1511544325.656112
7759515.260805 -368415.576868 1.161200 4.862951 0.234259 1511544325.806008
7759515.539711 -368414.924800 1.216926 4.782765 0.219791 1511544325.955937
7759515.774522 -368414.272199 1.266546 4.806110 0.207673 1511544326.105832
7759515.969371 -368413.640474 1.314983 4.784795 0.194691 1511544326.255737
7759516.114299 -368413.158744 1.343010 4.746224 0.186511 1511544326.355685
7759516.263899 -368412.496654 1.385709 4.724909 0.182971 1511544326.505642
7759516.398137 -368411.840209 1.429355 4.669083 0.187428 1511544326.655401
7759516.479355 -368411.164260 1.468693 4.658933 0.187401 1511544326.805295
7759516.547008 -368410.482300 1.512013 4.617317 0.178256 1511544326.955060
7759516.599611 -368409.816533 1.550601 4.588896 0.158219 1511544327.104824
7759516.636053 -368409.165539 1.586449 4.590926 0.143056 1511544327.254594
7759516.609083 -368408.474547 1.618718 4.588896 0.142918 1511544327.404455
7759516.566830 -368407.797230 1.649636 4.577731 0.148510 1511544327.554340
7759516.483553 -368406.627950 1.704822 4.615287 0.142828 1511544327.804215
7759516.372945 -368405.961116 1.737727 4.608182 0.135084 1511544327.954073
7759516.258596 -368405.266485 1.769301 4.638632 0.120343 1511544328.103859
7759516.120139 -368404.604293 1.795449 4.695473 0.118459 1511544328.253740
7759515.961636 -368403.910028 1.820216 4.748254 0.119250 1511544328.403606
7759515.799819 -368403.237645 1.850652 4.796975 0.122583 1511544328.553528
7759515.642828 -368402.759013 1.869782 4.831486 0.125462 1511544328.653373
7759515.509369 -368402.273236 1.888427 4.879192 0.127374 1511544328.753289
7759515.293333 -368401.578950 1.920206 4.926897 0.121515 1511544328.903078
7759515.110666 -368401.099864 1.938641 4.947198 0.110778 1511544329.002972
7759514.856781 -368400.410572 1.964116 5.046669 0.097123 1511544329.152886
7759514.655864 -368399.917510 1.979002 5.106556 0.092519 1511544329.252906
7759514.360214 -368399.206448 2.001720 5.145126 0.086154 1511544329.402850
7759514.141293 -368398.748055 2.014527 5.182682 0.076480 1511544329.502817
7759513.925581 -368398.274669 2.031526 5.255763 0.064528 1511544329.602803
7759513.718775 -368397.812964 2.038789 5.310574 0.058839 1511544329.702832
7759513.449998 -368397.313958 2.049346 5.355235 0.055436 1511544329.802747
7759513.196219 -368396.836423 2.057790 5.391776 0.051013 1511544329.902726
7759512.937677 -368396.344155 2.065528 5.452677 0.049470 1511544330.002644
7759512.697680 -368395.857530 2.075100 5.512563 0.048221 1511544330.102581
7759512.427063 -368395.366561 2.082941 5.547073 0.046383 1511544330.202597
7759512.170550 -368394.889483 2.092431 5.574479 0.045684 1511544330.302469
7759511.890530 -368394.386445 2.102011 5.642485 0.045584 1511544330.402329
7759511.620107 -368393.900744 2.108066 5.662785 0.045321 1511544330.502307
7759511.307315 -368393.381827 2.115239 5.700341 0.044040 1511544330.602190
7759511.060554 -368392.928740 2.124088 5.740942 0.041180 1511544330.702088
7759510.730571 -368392.410833 2.128904 5.783573 0.040203 1511544330.802007
7759510.423993 -368391.921263 2.137213 5.842444 0.040669 1511544330.901885
7759510.117242 -368391.415054 2.144826 5.879999 0.042145 1511544331.001843
7759509.823695 -368390.926845 2.152512 5.900300 0.044628 1511544331.101764
7759509.478740 -368390.402323 2.160198 5.931765 0.044794 1511544331.201666
7759509.190200 -368389.953765 2.167476 5.974396 0.042786 1511544331.301634
7759508.823631 -368389.439502 2.175443 6.028192 0.039642 1511544331.401517
7759508.519288 -368388.946165 2.184794 6.055597 0.037330 1511544331.501501
7759508.169688 -368388.460726 2.190959 6.066763 0.035298 1511544331.601409
7759507.819058 -368387.931944 2.197012 6.069808 0.033123 1511544331.701378
7759507.479733 -368387.458864 2.202294 6.081988 0.028614 1511544331.801316
7759507.127197 -368386.986037 2.209405 6.099243 0.023965 1511544331.901276
7759506.774248 -368386.483778 2.212978 6.116498 0.020477 1511544332.001139
7759506.403518 -368385.975252 2.214660 6.117513 0.019456 1511544332.101001
7759506.050400 -368385.494176 2.218301 6.116498 0.019456 1511544332.200858
7759505.682731 -368385.012558 2.222010 6.134769 0.020044 1511544332.300813
7759505.314485 -368384.536124 2.222470 6.139844 0.019754 1511544332.400574
7759504.994826 -368384.089309 2.228959 6.133754 0.019753 1511544332.500445
7759504.611983 -368383.578919 2.231135 6.125634 0.019750 1511544332.600265
7759504.216381 -368383.100951 2.233374 6.120559 0.018000 1511544332.700193
7759503.879844 -368382.666447 2.238377 6.108378 0.017269 1511544332.800137
7759503.523231 -368382.185572 2.241480 6.086048 0.014348 1511544332.900037
7759503.155113 -368381.727631 2.242388 6.070823 0.011723 1511544332.999949
7759502.805556 -368381.270671 2.244273 6.039357 0.005896 1511544333.099881
7759502.474597 -368380.819360 2.245903 6.023117 0.003565 1511544333.199803
7759502.097531 -368380.343510 2.245806 6.012967 0.002837 1511544333.299803
7759501.721668 -368379.868351 2.244762 6.009922 0.001528 1511544333.399693
7759501.377231 -368379.450008 2.244266 6.002816 -0.003128 1511544333.499590
7759501.040657 -368378.994927 2.243305 5.975411 -0.004871 1511544333.599545
7759500.657244 -368378.541650 2.242731 5.953081 -0.003997 1511544333.699455
7759500.309555 -368378.088580 2.240684 5.948005 -0.003124 1511544333.799442
7759499.946426 -368377.624183 2.239268 5.930750 -0.002253 1511544333.899343
7759499.612112 -368377.176592 2.238991 5.902330 -0.002251 1511544333.999295
7759499.257436 -368376.730209 2.237019 5.894210 -0.001669 1511544334.099157
7759498.908198 -368376.298379 2.236234 5.897255 0.000798 1511544334.199094
7759498.531854 -368375.816952 2.235910 5.881014 0.002831 1511544334.298995
7759498.215846 -368375.368907 2.235338 5.830263 0.004425 1511544334.398973
7759497.855467 -368374.911629 2.235200 5.813008 0.003843 1511544334.498854
7759497.516607 -368374.469697 2.235409 5.837369 0.003408 1511544334.598770
7759497.137083 -368373.984526 2.238211 5.854624 0.003119 1511544334.698638
7759496.803771 -368373.544003 2.237560 5.846504 0.002829 1511544334.798590
7759496.463764 -368373.128166 2.237168 5.839399 0.002394 1511544334.898487
7759496.089547 -368372.650581 2.237219 5.863759 0.001523 1511544334.998391
7759495.765240 -368372.217399 2.234412 5.867819 0.001089 1511544335.098383
7759495.395811 -368371.730415 2.232240 5.861729 0.000363 1511544335.198268
7759495.068799 -368371.286754 2.235238 5.867819 -0.001234 1511544335.298093
7759494.688032 -368370.816959 2.233233 5.862744 -0.002249 1511544335.397976
7759494.348939 -368370.387574 2.232887 5.866804 -0.003120 1511544335.497822
7759493.965228 -368369.915428 2.230791 5.888119 -0.003557 1511544335.597710
7759493.654559 -368369.498056 2.229910 5.915525 -0.003849 1511544335.697639
7759493.305881 -368369.038253 2.230089 5.936840 -0.003850 1511544335.797504
7759492.956548 -368368.568243 2.227910 5.938870 -0.005304 1511544335.897433
7759492.607381 -368368.108723 2.225769 5.938870 -0.008064 1511544335.997331
7759492.236391 -368367.626077 2.223293 5.969321 -0.014029 1511544336.097323
7759491.905746 -368367.171091 2.219390 5.980486 -0.015194 1511544336.197140
7759491.552373 -368366.665362 2.216034 5.995711 -0.014761 1511544336.297040
7759491.190842 -368366.220040 2.213206 5.999771 -0.014472 1511544336.397043
7759490.827497 -368365.718402 2.209925 6.003831 -0.014766 1511544336.496859
7759490.487051 -368365.253923 2.203738 6.036312 -0.015061 1511544336.596822
7759490.163684 -368364.812390 2.200771 6.046462 -0.016083 1511544336.696695
7759489.801634 -368364.324355 2.197834 6.062703 -0.018853 1511544336.796643
7759489.446083 -368363.809913 2.193248 6.105333 -0.020905 1511544336.896584
7759489.097503 -368363.314209 2.188548 6.134769 -0.021498 1511544336.996556
7759488.765365 -368362.825051 2.183974 6.152024 -0.022237 1511544337.096526
7759488.418622 -368362.295717 2.178699 6.175370 -0.022831 1511544337.196527
7759488.066633 -368361.808867 2.172972 6.203790 -0.022842 1511544337.296464
7759487.712580 -368361.260585 2.166060 6.226120 -0.024310 1511544337.396416
7759487.372177 -368360.783894 2.158534 6.243376 -0.027384 1511544337.496297
7759487.059899 -368360.262966 2.153545 6.258601 -0.031043 1511544337.596282
7759486.725743 -368359.770961 2.147077 6.287021 -0.034125 1511544337.696262
7759486.380225 -368359.251629 2.136633 6.316457 -0.038236 1511544337.796218
7759486.016397 -368358.710611 2.131127 6.315442 -0.044663 1511544337.896103
7759485.685058 -368358.198700 2.119790 6.334727 -0.047308 1511544337.996026
7759485.353389 -368357.672272 2.106647 6.366193 -0.048797 1511544338.096048
7759485.036874 -368357.141944 2.097069 6.366193 -0.047043 1511544338.196007
7759484.710692 -368356.584310 2.086661 6.379388 -0.043106 1511544338.295965
7759484.441579 -368356.087024 2.076070 6.391568 -0.040920 1511544338.395977
7759484.146836 -368355.512697 2.065521 6.388523 -0.040625 1511544338.495941
7759483.846186 -368354.950091 2.053780 6.395628 -0.040924 1511544338.595918
7759483.550955 -368354.400035 2.049603 6.402734 -0.040929 1511544338.695874
7759483.258607 -368353.837214 2.037806 6.406794 -0.040347 1511544338.795830
7759482.967852 -368353.273235 2.030332 6.450439 -0.040086 1511544338.895758
7759482.690319 -368352.703946 2.019917 6.503220 -0.039977 1511544338.995666
7759482.419748 -368352.173359 2.009267 6.514386 -0.039252 1511544339.095561
7759482.155594 -368351.556886 2.001237 6.514386 -0.038959 1511544339.195471
7759481.908222 -368350.981475 1.991951 6.515401 -0.038814 1511544339.295364
7759481.657931 -368350.430332 1.985140 6.520476 -0.038230 1511544339.395226
7759481.377806 -368349.794878 1.973664 6.546866 -0.036928 1511544339.495112
7759481.131883 -368349.220681 1.967716 6.568181 -0.032538 1511544339.595103
7759480.894812 -368348.609829 1.958319 6.572242 -0.029751 1511544339.694973
7759480.672597 -368348.035607 1.952327 6.578332 -0.028139 1511544339.794888
7759480.410429 -368347.410850 1.943482 6.570212 -0.028134 1511544339.894879
7759480.192669 -368346.813263 1.936415 6.580362 -0.027405 1511544339.994870
7759479.984043 -368346.201003 1.931345 6.614872 -0.025070 1511544340.094763
7759479.764057 -368345.580888 1.925856 6.647353 -0.023762 1511544340.194669
7759479.552128 -368345.008101 1.920938 6.651413 -0.023765 1511544340.294595
7759479.332958 -368344.394732 1.912840 6.643293 -0.023466 1511544340.394508
7759479.106973 -368343.771552 1.908982 6.645323 -0.021996 1511544340.494485
7759478.876637 -368343.149025 1.903080 6.661563 -0.019206 1511544340.594355
7759478.667475 -368342.539320 1.899175 6.675773 -0.015826 1511544340.694184
7759478.468601 -368341.933063 1.894739 6.665623 -0.012732 1511544340.794039
7759478.294779 -368341.298026 1.891121 6.643293 -0.009638 1511544340.893880
7759478.078320 -368340.732757 1.890442 6.614872 -0.006544 1511544340.993686
7759477.893349 -368340.133352 1.888096 6.620962 -0.005515 1511544341.093555
7759477.662715 -368339.455936 1.884725 6.614872 -0.005073 1511544341.193483
7759477.486591 -368338.879796 1.886363 6.615887 -0.004045 1511544341.293349
7759477.283857 -368338.253403 1.882645 6.615887 -0.002280 1511544341.393267
7759477.074269 -368337.619667 1.881938 6.611827 -0.000220 1511544341.493115
7759476.893062 -368337.007254 1.881828 6.605737 -0.000073 1511544341.593072
7759476.587556 -368336.098912 1.881418 6.617917 -0.000661 1511544341.743035
7759476.414160 -368335.493845 1.877434 6.649383 -0.001545 1511544341.843030
7759476.250850 -368334.838898 1.879888 6.660548 -0.001545 1511544341.942890
7759476.049806 -368334.190102 1.878157 6.650398 -0.001692 1511544342.042855
7759475.873118 -368333.605896 1.876363 6.673743 -0.001693 1511544342.142775
7759475.676186 -368332.944918 1.874090 6.668668 -0.000956 1511544342.242659
7759475.465671 -368332.347490 1.877233 6.662578 -0.000956 1511544342.342468
7759475.281905 -368331.717503 1.875140 6.678818 -0.000957 1511544342.442354
7759475.108492 -368331.147186 1.873066 6.679833 -0.000220 1511544342.542203
7759474.896542 -368330.496988 1.872586 6.670698 0.002871 1511544342.642056
7759474.698981 -368329.908931 1.872498 6.659533 0.005962 1511544342.741918
7759474.507891 -368329.251353 1.874308 6.662578 0.006108 1511544342.841795
7759474.331183 -368328.663525 1.873428 6.671713 0.003901 1511544342.941598
7759474.122945 -368327.995797 1.874187 6.663593 0.002870 1511544343.041520
7759473.951763 -368327.387303 1.874769 6.665623 0.003312 1511544343.141342
7759473.753626 -368326.778742 1.875683 6.655473 0.004342 1511544343.241197
7759473.562557 -368326.162161 1.876503 6.632128 0.005077 1511544343.341004
7759473.374844 -368325.569811 1.876379 6.611827 0.003015 1511544343.440799
7759473.179492 -368324.927646 1.876005 6.607767 0.001985 1511544343.540753
7759472.987355 -368324.300318 1.877342 6.605737 0.001544 1511544343.640648
7759472.815120 -368323.715022 1.875179 6.589497 0.001397 1511544343.740562
7759472.614374 -368323.089090 1.876858 6.583407 0.000955 1511544343.840449
7759472.455360 -368322.502899 1.875234 6.554986 0.000955 1511544343.940356
7759472.268432 -368321.903408 1.876496 6.500175 0.000954 1511544344.040303
7759472.073010 -368321.298561 1.876413 6.509310 0.001541 1511544344.140200
7759471.884879 -368320.668184 1.875747 6.553971 0.002863 1511544344.240129
7759471.706994 -368320.067492 1.874214 6.569196 0.003306 1511544344.340116
7759471.520681 -368319.474109 1.874725 6.458560 0.003301 1511544344.440050
7759471.347118 -368318.898481 1.876434 6.374313 0.003441 1511544344.539914
7759471.167925 -368318.318101 1.875732 6.387508 0.003440 1511544344.639849
7759470.960475 -368317.723279 1.877189 6.430139 0.003444 1511544344.739804
7759470.783099 -368317.164271 1.877166 6.405779 0.003589 1511544344.839607
7759470.599270 -368316.594378 1.877920 6.318487 0.005486 1511544344.939483
7759470.413053 -368316.002347 1.878114 6.243376 0.007525 1511544345.039413
7759470.256741 -368315.477971 1.879858 6.184505 0.007662 1511544345.139283
7759470.075409 -368314.906100 1.880125 6.140859 0.006927 1511544345.239180
7759469.907654 -368314.353038 1.881246 6.054582 0.006190 1511544345.339069
7759469.744239 -368313.810120 1.879964 5.979471 0.006181 1511544345.438942
7759469.578985 -368313.310357 1.883429 5.899285 0.004429 1511544345.538836
7759469.420868 -368312.788159 1.884054 5.808948 0.002393 1511544345.638817
7759469.259606 -368312.257411 1.884292 5.745002 0.000362 1511544345.738788
7759469.085462 -368311.753292 1.885201 5.658725 -0.003255 1511544345.838708
7759468.842766 -368311.011830 1.882979 5.551133 -0.003828 1511544345.988666
7759468.653095 -368310.346022 1.883565 5.457752 -0.003966 1511544346.138525
7759468.475143 -368309.771810 1.881906 5.323769 -0.005829 1511544346.238469
7759468.247082 -368309.083946 1.880922 5.210087 -0.006536 1511544346.388319
7759468.046345 -368308.420382 1.879230 5.132946 -0.006099 1511544346.538201
7759467.812739 -368307.726561 1.873149 5.026369 -0.005804 1511544346.688030
7759467.626191 -368307.051365 1.875906 4.891372 -0.006077 1511544346.837969
7759467.426653 -368306.438324 1.870508 4.799005 -0.006069 1511544346.987776
7759467.242456 -368305.838665 1.871357 4.696488 -0.007630 1511544347.137535
7759467.045494 -368305.147563 1.868888 4.550326 -0.007900 1511544347.287376
7759466.867856 -368304.596432 1.865909 4.430554 -0.008027 1511544347.437102
7759466.689503 -368304.020984 1.864161 4.276271 -0.008437 1511544347.586907
7759466.533315 -368303.442737 1.864264 4.149394 -0.005450 1511544347.736698
7759466.361262 -368302.959063 1.860035 3.960600 -0.004026 1511544347.886560
7759466.243317 -368302.437258 1.859652 3.768762 -0.002185 1511544348.036441
7759466.050190 -368301.812186 1.859383 3.592149 0.005979 1511544348.236218
7759465.871465 -368301.219349 1.861632 3.391175 0.031796 1511544348.436058
7759465.688746 -368300.600003 1.872204 3.285613 0.065355 1511544348.635798
7759465.504392 -368300.032651 1.893546 3.239937 0.105642 1511544348.835506
7759465.307633 -368299.405478 1.923260 3.180051 0.153074 1511544349.035128
7759465.134774 -368298.933402 1.947522 3.182081 0.174924 1511544349.184896
7759464.913489 -368298.382297 1.983952 3.117120 0.181429 1511544349.384507
7759464.690764 -368297.831257 2.022582 3.124225 0.186748 1511544349.584258
7759464.412268 -368297.296622 2.059674 3.106970 0.194091 1511544349.783965
7759464.170848 -368296.801708 2.102293 3.128285 0.196856 1511544349.983565
7759463.857581 -368296.277161 2.140994 3.088700 0.190521 1511544350.183368
7759463.582670 -368295.843904 2.170711 3.100880 0.182870 1511544350.333177
7759463.247255 -368295.387692 2.205759 3.128285 0.169485 1511544350.532925
7759462.910710 -368294.904421 2.238275 3.047084 0.139229 1511544350.732898
7759462.510592 -368294.394874 2.263787 3.120165 0.112312 1511544350.932660
7759462.092492 -368293.950822 2.285844 3.113060 0.081701 1511544351.132523
7759461.677698 -368293.452591 2.301211 3.235877 0.057073 1511544351.332461
7759461.250213 -368292.969644 2.310246 3.348544 0.038780 1511544351.532441
7759460.788181 -368292.435454 2.316676 3.433806 0.020432 1511544351.732463
7759460.334898 -368291.914433 2.318433 3.520082 -0.002741 1511544351.932505
7759459.954464 -368291.499862 2.320291 3.603314 -0.013154 1511544352.082487
7759459.585591 -368291.109102 2.315389 3.662185 -0.023718 1511544352.232513
7759459.201262 -368290.718742 2.306916 3.736281 -0.044150 1511544352.382531
7759458.832375 -368290.312968 2.298911 3.785002 -0.063869 1511544352.532469
7759458.434984 -368289.887852 2.283884 3.882444 -0.076036 1511544352.682555
7759458.042355 -368289.407201 2.267230 3.940300 -0.087894 1511544352.832574
7759457.694279 -368288.966807 2.247642 3.971765 -0.097897 1511544352.982486
7759457.282065 -368288.455209 2.227094 4.042817 -0.106403 1511544353.132372
7759456.898692 -368287.953912 2.201789 4.110823 -0.111402 1511544353.282168
7759456.562105 -368287.480013 2.175955 4.148379 -0.126876 1511544353.431902
7759456.209544 -368286.932748 2.148337 4.213340 -0.134958 1511544353.581570
7759455.867421 -368286.419968 2.119377 4.276271 -0.147653 1511544353.731357
7759455.527567 -368285.836126 2.086154 4.331082 -0.165479 1511544353.881132
7759455.224300 -368285.248624 2.049100 4.383863 -0.180202 1511544354.031032
7759454.902520 -368284.621952 2.008540 4.383863 -0.185060 1511544354.180911
7759454.637691 -368284.032157 1.963079 4.453899 -0.187726 1511544354.330764
7759454.393548 -368283.433783 1.920239 4.481304 -0.196253 1511544354.480743
7759454.172268 -368282.818501 1.875260 4.498560 -0.208884 1511544354.630533
7759453.992572 -368282.120218 1.824070 4.541191 -0.214110 1511544354.780520
7759453.827798 -368281.456960 1.772635 4.573671 -0.218753 1511544354.930334
7759453.691744 -368280.799624 1.721272 4.592956 -0.228034 1511544355.080191
7759453.615803 -368280.131251 1.668905 4.608182 -0.227943 1511544355.230049
7759453.567169 -368279.489074 1.616120 4.644722 -0.226266 1511544355.379933
7759453.477018 -368278.837859 1.564886 4.691413 -0.217996 1511544355.529779
7759453.491183 -368278.332501 1.524369 4.713744 -0.207271 1511544355.629719
7759453.535607 -368277.604383 1.480193 4.708669 -0.198795 1511544355.779395
7759453.623616 -368276.960057 1.431577 4.712729 -0.200471 1511544355.929070
7759453.702928 -368276.464120 1.398163 4.734044 -0.199558 1511544356.028906
7759453.828098 -368275.796056 1.352330 4.781750 -0.196072 1511544356.178623
7759453.985483 -368275.128621 1.306665 4.750284 -0.194042 1511544356.328241
7759454.153374 -368274.493429 1.263198 4.670098 -0.175746 1511544356.477995
7759454.396234 -368273.840460 1.225120 4.630512 -0.164871 1511544356.627723
7759454.625234 -368273.261375 1.187785 4.697503 -0.172799 1511544356.777529
7759454.876009 -368272.586140 1.147318 4.692428 -0.187515 1511544356.927325
7759455.128642 -368272.007071 1.100418 4.642692 -0.201529 1511544357.077177
7759455.360172 -368271.560304 1.063651 4.627467 -0.217670 1511544357.177105
7759455.683444 -368271.033093 1.017540 4.644722 -0.230391 1511544357.327067
7759456.116147 -368270.409212 0.951169 4.644722 -0.228469 1511544357.476910
7759456.410868 -368269.994612 0.917433 4.658933 -0.226312 1511544357.576757
7759456.814068 -368269.529436 0.872954 4.719834 -0.214178 1511544357.726574
7759457.300207 -368268.953659 0.818804 4.756374 -0.190159 1511544357.876311
7759457.762925 -368268.477102 0.774189 4.782765 -0.155389 1511544358.026094
7759458.447849 -368267.828584 0.726658 4.804080 -0.129659 1511544358.225685
7759458.965075 -368267.377148 0.698246 4.881222 -0.104589 1511544358.375310
7759459.602180 -368266.883350 0.671938 4.951258 -0.080223 1511544358.524981
7759460.114551 -368266.500798 0.655109 4.945168 -0.073947 1511544358.674687
7759460.756969 -368266.042822 0.632810 4.944153 -0.072377 1511544358.824476
7759461.439283 -368265.541558 0.616873 4.993889 -0.061295 1511544358.974368
7759462.001432 -368265.197357 0.601279 5.046669 -0.048044 1511544359.124364
7759462.411409 -368264.900387 0.590724 5.067985 -0.044481 1511544359.224307
7759463.020402 -368264.511951 0.582057 5.118736 -0.038927 1511544359.374174
7759463.444523 -368264.228993 0.574221 5.178622 -0.032220 1511544359.474056
7759463.970599 -368263.932641 0.567927 5.210087 -0.023335 1511544359.573962
7759464.465685 -368263.627392 0.561780 5.220238 -0.016589 1511544359.673861
7759465.071453 -368263.278331 0.557867 5.251703 -0.010131 1511544359.823722
7759465.566900 -368262.957703 0.554328 5.262868 -0.005534 1511544359.923628
7759466.237760 -368262.544023 0.552863 5.288244 -0.002085 1511544360.073501
7759466.862768 -368262.186916 0.551423 5.305499 -0.001797 1511544360.223313
7759467.360995 -368261.904348 0.552872 5.322754 -0.001799 1511544360.323269
7759467.994162 -368261.508205 0.552409 5.350160 -0.001224 1511544360.473199
7759468.453842 -368261.247982 0.552578 5.375535 -0.000504 1511544360.573132
7759469.197578 -368260.804164 0.549595 5.382640 -0.000072 1511544360.723004
7759469.630070 -368260.548202 0.550464 5.396851 -0.000216 1511544360.822930
7759470.091798 -368260.271980 0.545276 5.425271 0.000360 1511544360.922846
7759470.784933 -368259.856704 0.545435 5.469932 0.004398 1511544361.072716
7759471.484194 -368259.441424 0.548833 5.502413 0.014354 1511544361.222535
7759472.105306 -368259.069000 0.555031 5.513578 0.029214 1511544361.372415
7759472.543723 -368258.794951 0.558604 5.528803 0.038013 1511544361.472284
7759473.022052 -368258.521355 0.566876 5.527788 0.048253 1511544361.572187
7759473.546750 -368258.167362 0.574110 5.510533 0.058183 1511544361.672088
7759474.154894 -368257.785571 0.591837 5.510533 0.066243 1511544361.821924
7759474.650070 -368257.458309 0.602481 5.526773 0.066680 1511544361.921828
7759475.124049 -368257.153370 0.612693 5.521698 0.067256 1511544362.021679
7759475.563564 -368256.840962 0.624577 5.500383 0.068241 1511544362.121539
7759476.056275 -368256.496362 0.638006 5.501398 0.069386 1511544362.221430
7759476.510520 -368256.170484 0.651930 5.517638 0.069254 1511544362.321338
7759476.984084 -368255.843167 0.662836 5.549103 0.069295 1511544362.421269
7759477.565821 -368255.393402 0.681087 5.516623 0.067257 1511544362.571141
7759478.073356 -368254.988094 0.694262 5.473992 0.064910 1511544362.671073
7759478.487609 -368254.635179 0.705701 5.462827 0.059722 1511544362.770984
7759479.009663 -368254.182521 0.718608 5.451662 0.048495 1511544362.920963
7759479.419932 -368253.810448 0.725640 5.440496 0.041424 1511544363.020890
7759479.804511 -368253.476645 0.733325 5.419181 0.036222 1511544363.120840
7759480.323119 -368253.027800 0.745389 5.381625 0.033906 1511544363.270858
7759480.752965 -368252.633468 0.748011 5.361325 0.033751 1511544363.370844
7759481.320917 -368252.123280 0.754060 5.342040 0.029286 1511544363.520801
7759481.814206 -368251.621537 0.761902 5.332905 0.018200 1511544363.670785
7759482.380273 -368251.104737 0.764681 5.291289 0.010571 1511544363.820791
7759482.803466 -368250.731769 0.765718 5.257793 0.009270 1511544363.920828
7759483.291638 -368250.273911 0.769286 5.273019 0.003521 1511544364.070812
7759483.672082 -368249.899437 0.769717 5.267943 -0.002803 1511544364.170813
7759484.122891 -368249.544206 0.766745 5.246628 -0.006538 1511544364.270737
7759484.540180 -368249.143902 0.765094 5.236478 -0.010704 1511544364.370743
7759485.113751 -368248.589792 0.762517 5.224298 -0.016017 1511544364.520757
7759485.570020 -368248.155348 0.756546 5.159336 -0.028489 1511544364.670720
7759486.088536 -368247.667356 0.746891 5.074075 -0.041052 1511544364.820677
7759486.534460 -368247.276184 0.741833 5.074075 -0.043623 1511544364.920701
7759487.040732 -368246.816884 0.728639 5.024339 -0.046610 1511544365.070599
7759487.524302 -368246.386723 0.717731 4.895432 -0.047526 1511544365.220409
7759488.145846 -368245.885671 0.705504 4.812200 -0.043606 1511544365.370195
7759488.616130 -368245.522918 0.696324 4.714759 -0.039986 1511544365.519882
7759489.042473 -368245.167153 0.687754 4.660963 -0.040384 1511544365.619666
7759489.508181 -368244.764965 0.676847 4.519875 -0.040307 1511544365.769484
7759489.952355 -368244.457414 0.671660 4.411268 -0.040251 1511544365.869339
7759490.412976 -368244.112748 0.665789 4.270181 -0.042020 1511544366.019154
7759490.805793 -368243.778601 0.655173 4.162589 -0.045640 1511544366.168946
7759491.247361 -368243.471898 0.645604 4.065147 -0.047282 1511544366.318805
7759491.687543 -368243.137076 0.634050 3.926090 -0.051152 1511544366.468543
7759492.152852 -368242.834931 0.624735 3.806318 -0.064447 1511544366.618356
7759492.641326 -368242.472169 0.609598 3.747446 -0.088123 1511544366.768271
7759493.075503 -368242.195845 0.588191 3.650005 -0.117097 1511544366.918187
7759493.546125 -368241.855117 0.560357 3.513992 -0.153155 1511544367.118160
7759493.988747 -368241.587528 0.526659 3.457151 -0.180079 1511544367.268153
7759494.565368 -368241.271891 0.492023 3.354634 -0.218532 1511544367.468179
7759495.042144 -368241.065435 0.441782 3.236892 -0.257902 1511544367.668116
7759495.579791 -368240.813516 0.380617 3.137421 -0.287715 1511544367.867863
7759496.125652 -368240.647062 0.320422 3.019679 -0.302680 1511544368.067610
7759496.612168 -368240.490697 0.264383 2.927312 -0.314858 1511544368.267322
7759497.262172 -368240.377559 0.185133 2.835960 -0.349775 1511544368.517094
7759497.803996 -368240.275618 0.119656 2.722278 -0.381838 1511544368.716945
7759498.409787 -368240.215251 0.028162 2.649197 -0.436751 1511544368.966842
7759499.032318 -368240.238080 -0.070557 2.600476 -0.494556 1511544369.216686
7759499.571486 -368240.269505 -0.164009 2.540590 -0.524681 1511544369.416582
7759500.119083 -368240.379222 -0.272701 2.437058 -0.539864 1511544369.666234
7759500.681513 -368240.575514 -0.393429 2.425893 -0.553875 1511544369.915803
7759501.165764 -368240.778307 -0.489506 2.438073 -0.568816 1511544370.115531
7759501.625759 -368241.031854 -0.584687 2.426908 -0.571858 1511544370.315282
7759502.053781 -368241.374490 -0.721023 2.480704 -0.568883 1511544370.565074
7759502.466644 -368241.761789 -0.822051 2.539575 -0.567583 1511544370.764873
7759502.852077 -368242.217081 -0.963492 2.630927 -0.564543 1511544371.014669
7759503.146861 -368242.713348 -1.069829 2.642092 -0.558758 1511544371.214563
7759503.390543 -368243.248887 -1.203095 2.679648 -0.551689 1511544371.464413
7759503.562490 -368243.800206 -1.309305 2.717203 -0.550821 1511544371.664304
7759503.604212 -368244.347897 -1.407085 2.690813 -0.550862 1511544371.864125
7759503.670696 -368244.851988 -1.514185 2.695888 -0.549062 1511544372.063975
7759503.686015 -368245.420990 -1.621461 2.697918 -0.548710 1511544372.263785
7759503.603039 -368245.980807 -1.730531 2.725323 -0.549070 1511544372.463650
7759503.542959 -368246.480478 -1.839920 2.789269 -0.543584 1511544372.663494
7759503.327232 -368247.057971 -1.947799 2.825810 -0.517698 1511544372.863400
7759503.065100 -368247.585207 -2.051040 2.900921 -0.481010 1511544373.063116
7759502.783786 -368248.083886 -2.150274 2.994303 -0.444478 1511544373.262870
7759502.435913 -368248.579528 -2.246682 3.069414 -0.393934 1511544373.462615
7759502.063348 -368249.028630 -2.307833 3.165841 -0.352215 1511544373.612446
7759501.621001 -368249.466053 -2.382416 3.262268 -0.302442 1511544373.812084
7759501.173292 -368249.910557 -2.449277 3.358695 -0.248407 1511544374.011796
7759500.745863 -368250.242944 -2.495519 3.461211 -0.211281 1511544374.161509
7759500.277558 -368250.574093 -2.527794 3.542413 -0.177348 1511544374.311238
7759499.776464 -368250.869126 -2.557359 3.640870 -0.127394 1511544374.460991
7759499.336129 -368251.157651 -2.580730 3.787032 -0.078341 1511544374.610620
7759498.708827 -368251.496495 -2.589838 3.861128 -0.051678 1511544374.760199
7759498.026017 -368251.924883 -2.599648 4.007291 -0.007560 1511544374.959802
7759497.498518 -368252.246929 -2.602872 4.082402 0.008416 1511544375.109479
7759496.953347 -368252.549417 -2.600078 4.183904 0.012108 1511544375.259135
7759496.455682 -368252.847744 -2.595739 4.265106 0.009144 1511544375.408895
7759495.889424 -368253.200243 -2.596246 4.346307 0.006599 1511544375.558754
7759495.438506 -368253.479858 -2.593666 4.400103 0.004047 1511544375.658666
7759494.891943 -368253.788917 -2.596588 4.496530 0.004336 1511544375.808542
7759494.305012 -368254.170033 -2.592381 4.588896 0.004342 1511544375.958363
7759493.860288 -368254.441269 -2.592513 4.642692 0.004345 1511544376.058311
7759493.288993 -368254.797615 -2.592204 4.722879 0.004064 1511544376.208210
7759492.734627 -368255.132954 -2.592695 4.822351 0.003071 1511544376.358134
7759492.292758 -368255.368892 -2.590994 4.867011 0.002358 1511544376.458058
7759491.827472 -368255.661293 -2.595750 4.907612 0.002074 1511544376.608031
7759491.309620 -368255.997520 -2.592420 4.948213 0.000501 1511544376.707899
7759490.880968 -368256.267001 -2.593709 5.000994 -0.002076 1511544376.807834
7759490.199970 -368256.665328 -2.592790 5.073060 -0.003512 1511544376.957698
7759489.615487 -368257.020718 -2.596811 5.113661 -0.001793 1511544377.107641
7759489.175652 -368257.288101 -2.595004 5.184712 -0.001077 1511544377.207624
7759488.440225 -368257.734017 -2.594638 5.215162 -0.001077 1511544377.357562
7759487.946234 -368258.025330 -2.595734 5.231403 -0.001222 1511544377.457464
7759487.364313 -368258.321258 -2.600598 5.305499 -0.001510 1511544377.607384
7759486.867897 -368258.607621 -2.598096 5.332905 -0.001223 1511544377.707284
7759486.412977 -368258.911377 -2.597271 5.380610 -0.001224 1511544377.807261
7759485.803852 -368259.255793 -2.599606 5.452677 -0.001225 1511544377.957254
7759485.287873 -368259.556109 -2.600094 5.473992 -0.001515 1511544378.057285
7759484.801218 -368259.864351 -2.601129 5.490232 -0.001803 1511544378.157295
7759484.109728 -368260.273351 -2.599510 5.532863 -0.002814 1511544378.307190
7759483.595009 -368260.564749 -2.598624 5.565344 -0.003827 1511544378.407220
7759483.087427 -368260.859230 -2.598278 5.581584 -0.003972 1511544378.507184
7759482.374496 -368261.243299 -2.598684 5.576509 -0.003972 1511544378.657126
7759481.728777 -368261.632155 -2.601645 5.575494 -0.003972 1511544378.807104
7759481.015241 -368262.015993 -2.603174 5.579554 -0.006572 1511544378.956943
7759480.478669 -368262.338566 -2.605125 5.585644 -0.008596 1511544379.056873
7759480.045208 -368262.595455 -2.606393 5.579554 -0.009606 1511544379.156771
7759479.603794 -368262.871234 -2.608494 5.565344 -0.009459 1511544379.256716
7759479.111354 -368263.176433 -2.611819 5.551133 -0.008447 1511544379.356574
7759478.632979 -368263.447709 -2.613536 5.539968 -0.008444 1511544379.456506
7759478.065604 -368263.769182 -2.617120 5.491247 -0.008438 1511544379.606444
7759477.557660 -368264.063943 -2.618215 5.478052 -0.006850 1511544379.706406
7759477.051059 -368264.335857 -2.618311 5.462827 -0.003964 1511544379.806317
7759476.572253 -368264.611475 -2.618982 5.431361 -0.002522 1511544379.906188
7759475.861453 -368265.031616 -2.619414 5.392791 -0.002233 1511544380.056059
7759475.216236 -368265.371802 -2.619064 5.332905 -0.002087 1511544380.205985
7759474.568454 -368265.741207 -2.620855 5.237493 -0.001796 1511544380.355897
7759474.128318 -368265.978583 -2.622027 5.195877 -0.001795 1511544380.455785
7759473.533702 -368266.320435 -2.621247 5.166442 -0.001507 1511544380.605700
7759472.972144 -368266.618654 -2.623506 5.111631 -0.001506 1511544380.705701
7759472.418561 -368266.959627 -2.623702 4.988813 -0.001504 1511544380.855577
7759471.854415 -368267.259315 -2.627059 4.893402 -0.000644 1511544381.005449
7759471.308940 -368267.571056 -2.626256 4.812200 -0.000071 1511544381.155373
7759470.712579 -368267.856142 -2.627291 4.714759 0.000356 1511544381.305295
7759470.227726 -368268.101189 -2.623360 4.637617 0.002920 1511544381.405282
7759469.694565 -368268.406673 -2.624343 4.557431 0.007473 1511544381.555123
7759469.182294 -368268.697193 -2.623372 4.427509 0.016126 1511544381.704844
7759468.619385 -368268.987582 -2.617935 4.351382 0.021785 1511544381.854732
7759468.128587 -368269.299203 -2.615578 4.293526 0.024889 1511544382.004490
7759467.550595 -368269.609801 -2.605391 4.205220 0.035765 1511544382.154292
7759467.028815 -368269.886767 -2.600892 4.136198 0.052409 1511544382.304104
7759466.468183 -368270.253127 -2.584068 4.116913 0.069335 1511544382.453917
7759466.005711 -368270.513256 -2.574726 4.115898 0.096940 1511544382.603763
7759465.487194 -368270.851375 -2.548393 4.087477 0.123003 1511544382.753533
7759464.941180 -368271.175178 -2.525659 4.039772 0.150016 1511544382.903273
7759464.454947 -368271.498410 -2.492766 4.017441 0.164430 1511544383.052922
7759463.942447 -368271.907331 -2.458275 4.028606 0.178863 1511544383.202667
7759463.522527 -368272.270790 -2.422148 4.022516 0.202842 1511544383.352366
7759463.111162 -368272.651306 -2.379605 3.952480 0.243088 1511544383.502030
7759462.698865 -368273.002589 -2.326823 3.903759 0.290410 1511544383.651808
7759462.316310 -368273.397512 -2.269161 3.848948 0.348879 1511544383.801545
7759461.937325 -368273.850975 -2.196742 3.801242 0.392938 1511544383.951247
7759461.560356 -368274.407044 -2.093140 3.757597 0.438149 1511544384.150901
7759461.279833 -368274.952827 -2.007872 3.703801 0.468670 1511544384.300568
7759461.019731 -368275.559952 -1.892738 3.638840 0.492079 1511544384.500213
7759460.822695 -368276.229930 -1.775193 3.612449 0.512828 1511544384.699991
7759460.751948 -368276.729878 -1.674983 3.589104 0.525521 1511544384.849849
7759460.672701 -368277.270455 -1.577129 3.531248 0.527634 1511544384.999706
7759460.704999 -368277.894432 -1.451091 3.506887 0.527617 1511544385.199625
7759460.785496 -368278.415213 -1.357806 3.484557 0.527611 1511544385.349516
7759460.931566 -368278.951902 -1.264921 3.493692 0.527429 1511544385.499509
7759461.085969 -368279.455468 -1.168320 3.472377 0.522564 1511544385.649333
7759461.333601 -368280.054435 -1.044011 3.463241 0.504056 1511544385.849249
7759461.621531 -368280.493053 -0.955361 3.479482 0.488168 1511544385.999170
7759461.932237 -368280.907736 -0.866317 3.509932 0.480565 1511544386.149159
7759462.282150 -368281.278205 -0.780995 3.563728 0.476772 1511544386.299054
7759462.756249 -368281.748036 -0.664759 3.547488 0.469688 1511544386.499183
7759463.192463 -368282.089137 -0.582392 3.494707 0.464879 1511544386.649112
7759463.698493 -368282.400208 -0.474780 3.477452 0.461846 1511544386.848971
7759464.201997 -368282.649134 -0.391728 3.516022 0.461326 1511544386.999049
7759464.694310 -368282.838548 -0.307627 3.499782 0.456515 1511544387.148978
7759465.188326 -368283.001375 -0.223076 3.477452 0.439304 1511544387.298892
7759465.732413 -368283.139644 -0.139799 3.517037 0.415340 1511544387.448876
7759466.290307 -368283.232069 -0.067276 3.623614 0.387109 1511544387.598786
7759466.871094 -368283.259966 0.004204 3.714966 0.359215 1511544387.748836
7759467.431758 -368283.231810 0.073074 3.807333 0.331656 1511544387.898784
7759468.013645 -368283.198529 0.137517 3.870264 0.294824 1511544388.048772
7759468.618293 -368283.097826 0.198760 4.018456 0.248565 1511544388.198811
7759469.243183 -368282.975578 0.250984 4.099658 0.212771 1511544388.348671
7759469.864909 -368282.846803 0.292142 4.181874 0.184003 1511544388.498589
7759470.460926 -368282.656767 0.329019 4.278301 0.153362 1511544388.648434
7759471.106254 -368282.365117 0.352769 4.413298 0.118421 1511544388.798294
7759471.761965 -368282.122951 0.382484 4.509725 0.100226 1511544388.948038
7759472.412060 -368281.883827 0.402107 4.606152 0.083231 1511544389.097837
7759473.061279 -368281.580805 0.421948 4.718819 0.067425 1511544389.247667
7759473.689698 -368281.310875 0.434171 4.842651 0.056019 1511544389.397603
7759474.403440 -368280.987652 0.447374 4.951258 0.048677 1511544389.547529
7759475.003675 -368280.742311 0.461597 5.004039 0.043721 1511544389.697401
7759475.523391 -368280.478207 0.467711 5.081180 0.036032 1511544389.797253
7759475.966241 -368280.233848 0.473119 5.150201 0.032342 1511544389.897106
7759476.452194 -368280.006651 0.478252 5.231403 0.032382 1511544389.996840
7759476.893632 -368279.766690 0.480307 5.290274 0.032410 1511544390.096792
7759477.398962 -368279.513613 0.483626 5.311589 0.031569 1511544390.196493
7759477.887588 -368279.290897 0.491271 5.333920 0.028557 1511544390.296344
7759478.602205 -368278.921643 0.500927 5.360310 0.025116 1511544390.446151
7759479.256627 -368278.557825 0.504446 5.375535 0.024402 1511544390.596039
7759479.691019 -368278.295643 0.506810 5.376550 0.020514 1511544390.695905
7759480.209529 -368278.032221 0.512604 5.382640 0.013608 1511544390.795832
7759480.840924 -368277.722569 0.516409 5.381625 0.007417 1511544390.945705
7759481.288729 -368277.488915 0.515516 5.381625 0.005976 1511544391.045640
7759481.731330 -368277.209724 0.516631 5.376550 0.007990 1511544391.145481
7759482.305111 -368276.857173 0.511822 5.349145 0.012593 1511544391.295290
7759482.930890 -368276.521937 0.509793 5.321739 0.019204 1511544391.445051
7759483.406458 -368276.252303 0.513627 5.325799 0.024097 1511544391.545036
7759483.882398 -368275.987499 0.511950 5.325799 0.023375 1511544391.644893
7759484.323754 -368275.742503 0.518356 5.283169 0.023363 1511544391.744762
7759484.992785 -368275.420628 0.526244 5.269973 0.023355 1511544391.894621
7759485.473267 -368275.167694 0.529440 5.296364 0.023365 1511544391.994561
7759485.925889 -368274.889440 0.531375 5.257793 0.023069 1511544392.094503
7759486.484866 -368274.551248 0.546294 5.220238 0.019464 1511544392.244376
7759486.940625 -368274.244564 0.552534 5.226328 0.015300 1511544392.344348
7759487.365057 -368273.940079 0.552992 5.193847 0.010268 1511544392.444310
7759487.996050 -368273.547724 0.555553 5.173547 0.002512 1511544392.594208
7759488.602630 -368273.177224 0.554137 5.169487 -0.001220 1511544392.744156
7759489.076325 -368272.913300 0.550544 5.139036 -0.001076 1511544392.844080
7759489.511510 -368272.646286 0.553521 5.112646 -0.001220 1511544392.943996
7759490.207948 -368272.229738 0.548722 5.074075 -0.005518 1511544393.093819
7759490.793429 -368271.852073 0.549926 5.058850 -0.009386 1511544393.243667
7759491.384555 -368271.480423 0.548892 5.063925 -0.007811 1511544393.393540
7759491.822581 -368271.198523 0.546400 5.020279 -0.006373 1511544393.493491
7759492.446155 -368270.844574 0.541189 4.993889 -0.005368 1511544393.643334
7759493.137363 -368270.452849 0.540084 4.983738 -0.005368 1511544393.793252
7759493.565774 -368270.172157 0.539138 4.966483 -0.004507 1511544393.893180
7759494.185860 -368269.779193 0.538014 4.950243 -0.000215 1511544394.043032
7759494.784005 -368269.428414 0.539309 4.935018 0.004649 1511544394.192811
7759495.374395 -368269.114655 0.541279 4.923852 0.006936 1511544394.342599
7759496.423423 -368268.465618 0.542333 4.901522 0.006934 1511544394.592277
7759496.896222 -368268.192826 0.541850 4.875131 0.008932 1511544394.692180
7759497.471452 -368267.848864 0.548883 4.858891 0.008930 1511544394.842064
7759497.986658 -368267.557626 0.550411 4.842651 0.010071 1511544394.991929
7759498.433104 -368267.299460 0.550097 4.837576 0.012784 1511544395.091813
7759498.883651 -368267.037259 0.552076 4.837576 0.015356 1511544395.191782
7759499.410586 -368266.706130 0.556996 4.826411 0.015639 1511544395.341633
7759500.018488 -368266.353600 0.560331 4.797990 0.015917 1511544395.491409
7759500.635535 -368265.957933 0.562245 4.804080 0.016204 1511544395.641261
7759501.215959 -368265.586374 0.567863 4.792915 0.017201 1511544395.791174
7759501.659800 -368265.311795 0.569708 4.790885 0.018771 1511544395.891072
7759502.415441 -368264.842346 0.575188 4.787840 0.019911 1511544396.090917
7759503.008835 -368264.459709 0.582368 4.768555 0.030320 1511544396.240831
7759503.423475 -368264.170530 0.584301 4.756374 0.037870 1511544396.340762
7759503.970729 -368263.794488 0.597055 4.746224 0.041713 1511544396.490627
7759504.540752 -368263.423888 0.609415 4.756374 0.045282 1511544396.640509
7759505.087702 -368263.070190 0.619046 4.734044 0.050537 1511544396.790362
7759505.684023 -368262.679922 0.632093 4.697503 0.057061 1511544396.940192
7759506.270124 -368262.261407 0.643707 4.686338 0.068281 1511544397.090026
7759506.769369 -368261.863249 0.663061 4.648782 0.092504 1511544397.239872
7759507.299441 -368261.428083 0.688919 4.616302 0.127918 1511544397.389589
7759507.810447 -368261.028897 0.720172 4.599047 0.155282 1511544397.539258
7759508.345629 -368260.595676 0.755739 4.562506 0.171282 1511544397.688929
7759508.814450 -368260.155322 0.790978 4.497545 0.181047 1511544397.838634
7759509.297909 -368259.641096 0.833613 4.470139 0.202867 1511544397.988365
7759509.687671 -368259.180385 0.878666 4.453899 0.230498 1511544398.138038
7759510.077610 -368258.731339 0.931098 4.407208 0.256695 1511544398.287680
7759510.466469 -368258.169474 0.990886 4.352397 0.290245 1511544398.437418
7759510.832424 -368257.659626 1.057257 4.335142 0.319096 1511544398.587136
7759511.067645 -368257.199004 1.097362 4.317887 0.327880 1511544398.686922
7759511.328689 -368256.688403 1.167124 4.249880 0.330035 1511544398.836634
7759511.534985 -368256.211047 1.238321 4.232625 0.330058 1511544398.986453
7759511.736686 -368255.614026 1.303535 4.189994 0.331195 1511544399.136336
7759511.910581 -368254.952811 1.376965 4.189994 0.335112 1511544399.286298
7759512.006461 -368254.348357 1.443942 4.194054 0.334628 1511544399.436210
7759512.100916 -368253.836576 1.508341 4.123003 0.330798 1511544399.586218
7759512.122867 -368253.206982 1.578479 4.105748 0.321645 1511544399.736125
7759512.124533 -368252.616234 1.642047 4.079357 0.309095 1511544399.886154
7759512.068355 -368252.051171 1.704441 4.074282 0.286964 1511544400.036144
7759511.996802 -368251.474815 1.759213 4.052967 0.248788 1511544400.186182
7759511.858519 -368250.860297 1.806954 4.034697 0.206707 1511544400.336248
7759511.730084 -368250.328959 1.846550 4.002216 0.175361 1511544400.486387
7759511.583483 -368249.741061 1.879732 4.001201 0.150366 1511544400.636496
7759511.405482 -368249.175150 1.907278 3.963645 0.145308 1511544400.786585
7759511.235670 -368248.633939 1.931085 3.968720 0.140421 1511544400.936515
7759511.052760 -368248.065995 1.959644 3.958570 0.125915 1511544401.086532
7759510.820799 -368247.466420 1.982646 3.936240 0.114119 1511544401.236464
7759510.625438 -368246.968940 2.006825 3.920000 0.117884 1511544401.386422
7759510.353272 -368246.483253 2.031755 3.876354 0.121583 1511544401.536212
7759510.092429 -368245.920954 2.053432 3.855038 0.113608 1511544401.685955
7759509.872689 -368245.456564 2.072212 3.839813 0.112310 1511544401.835755
7759509.611627 -368244.965750 2.092544 3.868234 0.114164 1511544401.985573
7759509.359418 -368244.481632 2.116803 3.801242 0.126921 1511544402.135444
7759509.091307 -368244.012160 2.138294 3.769777 0.145803 1511544402.285312
7759508.813815 -368243.550871 2.165627 3.758612 0.152586 1511544402.435121
7759508.534158 -368243.077288 2.192302 3.686545 0.176655 1511544402.585026
7759508.190351 -368242.672875 2.229558 3.665230 0.215538 1511544402.734799
7759507.868276 -368242.271694 2.270025 3.685530 0.262591 1511544402.884563
7759507.538177 -368241.861618 2.325575 3.597224 0.304559 1511544403.034231
7759507.138017 -368241.411633 2.395737 3.574893 0.340454 1511544403.233912
7759506.736573 -368241.075977 2.454580 3.504857 0.347753 1511544403.383609
7759506.350086 -368240.751249 2.522046 3.472377 0.355443 1511544403.533438
7759505.942916 -368240.441931 2.584813 3.456136 0.365077 1511544403.683147
7759505.398617 -368240.085068 2.673076 3.429746 0.377954 1511544403.882868
7759504.944029 -368239.848068 2.735445 3.479482 0.385385 1511544404.032632
7759504.411618 -368239.647680 2.809126 3.475422 0.392959 1511544404.182365
7759503.801721 -368239.432365 2.907691 3.563728 0.391907 1511544404.382020
7759503.254895 -368239.294503 2.983545 3.596209 0.391156 1511544404.531780
7759502.577335 -368239.198954 3.078609 3.698726 0.391416 1511544404.731552
7759502.013590 -368239.156455 -3.125106 3.769777 0.385260 1511544404.881322
7759501.456064 -368239.165278 -3.052168 3.829663 0.365814 1511544405.031119
7759500.861302 -368239.260377 -2.981363 3.882444 0.336213 1511544405.180975
7759500.281640 -368239.364201 -2.914532 3.990036 0.301176 1511544405.330818
7759499.641024 -368239.530069 -2.855535 4.054997 0.259179 1511544405.480744
7759499.046612 -368239.708566 -2.800997 4.151424 0.216033 1511544405.630788
7759498.398495 -368239.927780 -2.755667 4.260031 0.178638 1511544405.780802
7759497.814503 -368240.174715 -2.718382 4.347322 0.145257 1511544405.930886
7759497.216462 -368240.458570 -2.688945 4.448824 0.116771 1511544406.081029
7759496.629616 -368240.745253 -2.661607 4.535100 0.093752 1511544406.231066
7759495.953894 -368241.080729 -2.641635 4.657918 0.059703 1511544406.381093
7759495.341497 -368241.446115 -2.630418 4.732014 0.028732 1511544406.531105
7759494.748317 -368241.760909 -2.624992 4.799005 0.016912 1511544406.681263
7759494.208300 -368242.059572 -2.624526 4.877161 0.010075 1511544406.831255
7759493.762146 -368242.299736 -2.617706 4.948213 0.010514 1511544406.931237
7759493.210930 -368242.619464 -2.616710 5.058850 0.011533 1511544407.081095
7759492.766495 -368242.909005 -2.614024 5.067985 0.012110 1511544407.181038
7759492.160433 -368243.212233 -2.613563 5.175577 0.012126 1511544407.330761
7759491.466826 -368243.618097 -2.612988 5.319709 0.012009 1511544407.480501
7759490.922647 -368243.923748 -2.613484 5.371475 0.013313 1511544407.580336
7759490.270891 -368244.333968 -2.604011 5.441511 0.013762 1511544407.730181
7759489.820333 -368244.606125 -2.598495 5.478052 0.015213 1511544407.830081
7759489.272000 -368244.926017 -2.601294 5.522713 0.015221 1511544407.930033
7759488.755447 -368245.237383 -2.598412 5.621170 0.012210 1511544408.029934
7759488.081989 -368245.618322 -2.593088 5.703386 0.008465 1511544408.179849
7759487.561377 -368245.899813 -2.592944 5.731807 0.009195 1511544408.279794
7759487.037675 -368246.214231 -2.592767 5.782558 0.009491 1511544408.379751
7759486.489272 -368246.556013 -2.587830 5.870864 0.009067 1511544408.479716
7759485.977349 -368246.850946 -2.588564 5.923645 0.008495 1511544408.579627
7759485.416869 -368247.196151 -2.589716 5.969321 0.007486 1511544408.679493
7759484.980966 -368247.469474 -2.587957 6.008907 0.007201 1511544408.779325
7759484.511461 -368247.753476 -2.590092 6.050522 0.006623 1511544408.879227
7759484.067231 -368248.033297 -2.587822 6.109393 0.002550 1511544408.979043
7759483.474504 -368248.428243 -2.588876 6.168264 -0.002115 1511544409.078912
7759482.955872 -368248.732013 -2.588767 6.190595 -0.003138 1511544409.178828
7759482.444674 -368249.026611 -2.588514 6.207850 -0.001533 1511544409.278715
7759481.965036 -368249.332282 -2.588134 6.228150 -0.000511 1511544409.378579
7759481.381272 -368249.687752 -2.590872 6.288037 -0.000219 1511544409.478504
7759480.800748 -368250.041173 -2.587578 6.304277 -0.000219 1511544409.578398
7759480.304689 -368250.348637 -2.590822 6.320517 -0.000512 1511544409.678328
7759479.790322 -368250.670618 -2.591769 6.346908 -0.001244 1511544409.778252
7759479.128628 -368251.063198 -2.591491 6.345893 -0.001536 1511544409.878161
7759478.669753 -368251.359356 -2.591192 6.388523 -0.003002 1511544409.978062
7759478.164452 -368251.640565 -2.591322 6.396643 -0.006372 1511544410.078017
7759477.620854 -368251.980926 -2.593281 6.373298 -0.008568 1511544410.177930
7759477.080612 -368252.285474 -2.593548 6.383448 -0.009150 1511544410.277905
7759476.538662 -368252.620038 -2.596029 6.383448 -0.006809 1511544410.377767
7759475.916792 -368252.979958 -2.598656 6.352998 -0.005343 1511544410.477742
7759475.380145 -368253.287744 -2.601254 6.356043 -0.004025 1511544410.577704
7759474.705837 -368253.680358 -2.602821 6.342847 -0.003586 1511544410.727583
7759474.116025 -368253.997869 -2.605341 6.324577 -0.002707 1511544410.827514
7759473.679056 -368254.284034 -2.607782 6.318487 -0.001244 1511544410.927437
7759473.092552 -368254.655613 -2.608129 6.289052 -0.000658 1511544411.027375
7759472.575572 -368254.934485 -2.606502 6.268751 -0.000511 1511544411.127299
7759472.058403 -368255.263172 -2.608180 6.239316 -0.000219 1511544411.227276
7759471.496049 -368255.580826 -2.608700 6.235256 -0.000073 1511544411.327178
7759471.010081 -368255.862230 -2.612165 6.211910 0.001387 1511544411.427158
7759470.497209 -368256.168729 -2.612795 6.190595 0.001825 1511544411.527108
7759469.938196 -368256.472649 -2.606292 6.190595 0.001825 1511544411.626949
7759469.442672 -368256.752370 -2.606648 6.146949 0.002407 1511544411.726917
7759468.900660 -368257.059036 -2.606651 6.081988 0.003570 1511544411.826860
7759468.389677 -368257.385650 -2.605649 6.058642 0.005170 1511544411.926778
7759467.895090 -368257.668589 -2.605520 6.045447 0.005896 1511544412.026670
7759467.361013 -368257.977849 -2.605232 6.038342 0.007205 1511544412.126581
7759466.664043 -368258.389298 -2.605369 5.965261 0.009959 1511544412.276473
7759466.162461 -368258.688944 -2.605313 5.877969 0.013139 1511544412.376433
7759465.711462 -368258.948128 -2.601701 5.829248 0.015884 1511544412.476300
7759465.201076 -368259.247209 -2.596969 5.780528 0.021378 1511544412.576056
7759464.707305 -368259.524604 -2.593723 5.737897 0.027443 1511544412.675872
7759464.030832 -368259.941542 -2.586331 5.689176 0.030025 1511544412.825715
7759463.567137 -368260.217307 -2.581208 5.645530 0.032320 1511544412.925595
7759463.100534 -368260.525766 -2.573135 5.581584 0.037490 1511544413.025500
7759462.451229 -368260.907692 -2.563261 5.510533 0.046371 1511544413.175371
7759461.937459 -368261.204904 -2.556330 5.488202 0.049235 1511544413.275265
7759461.488742 -368261.570870 -2.544995 5.467902 0.052386 1511544413.375197
7759461.027145 -368261.864130 -2.535498 5.463842 0.058284 1511544413.475142
7759460.372254 -368262.278356 -2.516054 5.489217 0.071394 1511544413.625020
7759459.934474 -368262.601941 -2.500847 5.472977 0.082721 1511544413.724909
7759459.502345 -368262.907116 -2.487654 5.472977 0.089897 1511544413.824836
7759459.063567 -368263.252073 -2.473280 5.467902 0.096477 1511544413.924675
7759458.456234 -368263.725902 -2.447682 5.472977 0.102502 1511544414.074461
7759458.052274 -368264.049022 -2.432199 5.457752 0.099199 1511544414.174300
7759457.644116 -368264.395446 -2.413265 5.430346 0.099872 1511544414.274186
7759457.234751 -368264.777187 -2.393298 5.376550 0.101801 1511544414.374075
7759456.674084 -368265.292972 -2.366695 5.321739 0.110848 1511544414.523919
7759456.167506 -368265.763665 -2.342798 5.246628 0.121983 1511544414.673779
7759455.776493 -368266.145432 -2.322299 5.218208 0.126899 1511544414.773679
7759455.319621 -368266.664298 -2.293729 5.179637 0.132801 1511544414.923527
7759454.824244 -368267.215387 -2.258960 5.123811 0.135101 1511544415.073449
7759454.376222 -368267.763897 -2.222549 4.985768 0.136545 1511544415.223317
7759453.956769 -368268.292056 -2.198571 4.924867 0.139224 1511544415.373283
7759453.536838 -368268.897162 -2.164498 4.922837 0.143716 1511544415.523109
7759453.167663 -368269.429716 -2.132188 4.896447 0.157212 1511544415.673005
7759452.782948 -368270.016236 -2.096333 4.832501 0.179483 1511544415.822855
7759452.527180 -368270.458595 -2.068007 4.785810 0.190681 1511544415.922720
7759452.246459 -368270.977241 -2.024148 4.703593 0.208859 1511544416.072546
7759451.961865 -368271.598438 -1.977310 4.557431 0.221677 1511544416.222476
7759451.748215 -368272.139945 -1.932098 4.410253 0.228852 1511544416.372199
7759451.532454 -368272.707672 -1.882654 4.336157 0.237684 1511544416.522103
7759451.324357 -368273.318351 -1.829192 4.296571 0.233075 1511544416.671882
7759451.158472 -368273.905182 -1.779515 4.287436 0.231637 1511544416.821665
7759451.028945 -368274.580433 -1.727120 4.281346 0.237114 1511544416.971498
7759450.969281 -368275.211902 -1.675767 4.298601 0.242999 1511544417.121320
7759450.890127 -368275.809561 -1.623027 4.339202 0.253060 1511544417.271108
7759450.822962 -368276.472555 -1.571700 4.420403 0.258877 1511544417.420913
7759450.821009 -368277.095928 -1.507069 4.454914 0.265407 1511544417.570654
7759450.890716 -368277.723915 -1.444294 4.382848 0.269892 1511544417.720374
7759450.961328 -368278.340582 -1.388307 4.330067 0.272681 1511544417.870296
7759451.103557 -368278.999932 -1.330202 4.298601 0.277828 1511544418.020108
7759451.225608 -368279.538032 -1.277009 4.281346 0.283952 1511544418.169955
7759451.411407 -368280.183676 -1.211837 4.254955 0.281709 1511544418.319767
7759451.667488 -368280.759989 -1.154323 4.206235 0.265651 1511544418.469643
7759451.928616 -368281.334426 -1.107059 4.195069 0.247735 1511544418.619566
7759452.197549 -368281.872912 -1.056247 4.200144 0.224973 1511544418.769578
7759452.484085 -368282.403481 -1.006977 4.232625 0.199911 1511544418.919568
7759452.822264 -368282.912910 -0.968783 4.146349 0.172044 1511544419.069604
7759453.153098 -368283.414475 -0.934474 4.117928 0.151131 1511544419.219686
7759453.526398 -368283.913506 -0.902456 4.130108 0.136631 1511544419.369759
7759453.921392 -368284.441522 -0.878830 4.144318 0.120417 1511544419.519850
7759454.314308 -368284.891801 -0.856224 4.090523 0.094524 1511544419.669796
7759454.669628 -368285.357815 -0.843328 4.106763 0.078486 1511544419.819663
7759455.085854 -368285.869405 -0.827883 4.082402 0.062258 1511544419.969497
7759455.451962 -368286.269614 -0.816333 4.073267 0.054911 1511544420.119239
7759455.846511 -368286.719301 -0.804575 3.995111 0.047673 1511544420.269074
7759456.237734 -368287.072914 -0.797507 3.947405 0.033956 1511544420.418867
7759456.633802 -368287.447878 -0.793052 3.833723 0.022499 1511544420.568830
7759457.018068 -368287.813385 -0.791523 3.661170 0.011759 1511544420.718661
7759457.460182 -368288.264568 -0.787809 3.413506 0.009202 1511544420.918595
7759457.850086 -368288.686415 -0.786813 3.187157 0.011560 1511544421.118509
7759458.251024 -368289.096739 -0.785342 2.960808 0.009719 1511544421.318316
7759458.660106 -368289.491134 -0.784495 2.858291 0.006496 1511544421.518145
7759459.049645 -368289.886994 -0.782973 2.858291 -0.008032 1511544421.718020
7759459.406624 -368290.252338 -0.788931 2.830885 -0.023810 1511544421.917635
7759459.799985 -368290.661925 -0.793852 2.794345 -0.026034 1511544422.117352
7759460.257988 -368291.114295 -0.797556 2.772014 -0.040535 1511544422.366821
7759460.638850 -368291.527489 -0.808930 2.754759 -0.075480 1511544422.566672
7759461.012239 -368291.926150 -0.828886 2.777089 -0.116121 1511544422.766505
7759461.367827 -368292.365687 -0.851924 2.787239 -0.137544 1511544422.966437
7759461.713046 -368292.757182 -0.880943 2.842050 -0.150796 1511544423.166384
7759462.120667 -368293.213560 -0.911764 2.900921 -0.171335 1511544423.366176
7759462.413955 -368293.663635 -0.947130 2.972988 -0.181123 1511544423.566001
7759462.705339 -368294.070874 -0.978335 3.036934 -0.182218 1511544423.715880
7759463.034120 -368294.535581 -1.016096 3.030844 -0.184395 1511544423.915727
7759463.352935 -368295.034487 -1.054618 3.164826 -0.184065 1511544424.115523
7759463.679971 -368295.624340 -1.098980 3.230802 -0.183374 1511544424.315413
7759463.945539 -368296.224734 -1.140180 3.343469 -0.175194 1511544424.515256
7759464.144697 -368296.705729 -1.173049 3.386100 -0.159720 1511544424.665124
7759464.349456 -368297.198535 -1.197026 3.434821 -0.144579 1511544424.814874
7759464.535274 -368297.710942 -1.222556 3.527188 -0.128742 1511544424.964646
7759464.704694 -368298.212620 -1.245455 3.600269 -0.109772 1511544425.114434
7759464.878142 -368298.744519 -1.265617 3.696696 -0.085823 1511544425.264186
7759465.044570 -368299.289138 -1.279644 3.776882 -0.047817 1511544425.413929
7759465.192388 -368299.805209 -1.287710 3.863159 -0.030111 1511544425.563704
7759465.365322 -368300.437104 -1.293466 4.012366 -0.015049 1511544425.713454
7759465.528782 -368301.005805 -1.296973 4.087477 -0.006860 1511544425.863180
7759465.697425 -368301.604024 -1.296859 4.162589 0.001345 1511544426.012988
7759465.872910 -368302.219431 -1.297369 4.253940 0.002622 1511544426.162766
7759466.045354 -368302.845455 -1.294563 4.357472 0.002058 1511544426.312673
7759466.204346 -368303.487468 -1.296694 4.459989 0.006466 1511544426.462477
7759466.386000 -368304.126938 -1.292575 4.529010 0.011308 1511544426.612432
7759466.573798 -368304.822402 -1.292629 4.599047 0.016729 1511544426.762286
7759466.766700 -368305.472925 -1.290147 4.690398 0.015894 1511544426.912140
7759466.899490 -368305.969606 -1.285851 4.744194 0.014907 1511544427.011994
7759467.085083 -368306.620226 -1.281561 4.832501 0.011070 1511544427.161868
7759467.259654 -368307.278462 -1.279889 4.885282 0.009220 1511544427.311693
7759467.405823 -368307.791955 -1.281299 4.928927 0.008510 1511544427.411577
7759467.592269 -368308.275723 -1.278268 4.990844 0.008232 1511544427.511491
7759467.770560 -368308.984482 -1.278052 5.044639 0.006662 1511544427.661375
7759468.015703 -368309.679780 -1.276910 5.096405 0.007528 1511544427.811249
7759468.174475 -368310.190360 -1.279414 5.161367 0.007965 1511544427.911192
7759468.400231 -368310.920209 -1.277567 5.187757 0.007681 1511544428.060959
7759468.604390 -368311.624893 -1.275733 5.273019 0.008553 1511544428.210789
7759468.760051 -368312.143728 -1.273518 5.305499 0.010284 1511544428.310659
7759468.895966 -368312.636504 -1.273537 5.350160 0.012737 1511544428.410553
7759469.062000 -368313.170429 -1.270712 5.380610 0.012311 1511544428.510450
7759469.282884 -368313.905334 -1.267689 5.446587 0.010162 1511544428.660296
7759469.433459 -368314.437094 -1.266327 5.479067 0.009734 1511544428.760178
7759469.571298 -368314.930336 -1.264081 5.511548 0.010028 1511544428.860098
7759469.757705 -368315.459254 -1.262735 5.554178 0.009025 1511544428.960045
7759469.922236 -368315.976194 -1.262700 5.597824 0.007441 1511544429.060000
7759470.098322 -368316.514733 -1.262022 5.640455 0.006579 1511544429.159848
7759470.265671 -368317.020869 -1.259484 5.683086 0.006439 1511544429.259754
7759470.415870 -368317.552646 -1.257435 5.710491 0.006442 1511544429.359648
7759470.595787 -368318.088076 -1.259937 5.720641 0.004126 1511544429.459593
7759470.776825 -368318.625822 -1.258472 5.731807 -0.001086 1511544429.559540
7759470.920655 -368319.119944 -1.259004 5.753122 -0.003838 1511544429.659448
7759471.118086 -368319.715931 -1.260863 5.784588 -0.001667 1511544429.759413
7759471.269101 -368320.240329 -1.260488 5.809963 0.002102 1511544429.859336
7759471.451759 -368320.788964 -1.262240 5.829248 0.003118 1511544429.959273
7759471.615711 -368321.363846 -1.262195 5.858684 0.003120 1511544430.059182
7759471.783549 -368321.878311 -1.259516 5.884059 0.003121 1511544430.159129
7759471.961674 -368322.474446 -1.257370 5.898270 0.005154 1511544430.259041
7759472.128589 -368323.029379 -1.258645 5.920600 0.006173 1511544430.358986
7759472.298959 -368323.599858 -1.259738 5.935825 0.005448 1511544430.458895
7759472.477269 -368324.123934 -1.257404 5.963231 0.003853 1511544430.558856
7759472.640725 -368324.650571 -1.257727 5.974396 0.001527 1511544430.658708
7759472.830238 -368325.220256 -1.256614 5.958156 -0.000072 1511544430.758584
7759473.002707 -368325.770785 -1.258803 5.970336 0.000363 1511544430.858561
7759473.200386 -368326.353558 -1.260053 5.980486 0.002400 1511544430.958458
7759473.341558 -368326.861650 -1.257782 5.978456 0.002400 1511544431.058375
7759473.540969 -368327.507179 -1.257574 5.997741 0.002109 1511544431.158270
7759473.712023 -368328.002998 -1.258154 6.020072 0.002401 1511544431.258252
7759473.902153 -368328.566947 -1.258023 6.019057 0.003128 1511544431.358183
7759474.071908 -368329.134192 -1.257353 5.998756 0.003418 1511544431.458066
7759474.248191 -368329.712563 -1.254866 5.998756 0.003563 1511544431.557958
7759474.433116 -368330.240520 -1.255858 6.019057 0.003564 1511544431.657883
7759474.603715 -368330.806644 -1.256639 6.023117 0.003419 1511544431.757823
7759474.792053 -368331.375965 -1.255173 6.028192 0.006185 1511544431.857732
7759474.972322 -368331.902843 -1.254433 6.040372 0.007932 1511544431.957666
7759475.163066 -368332.479760 -1.254314 6.045447 0.007933 1511544432.057627
7759475.341668 -368333.074525 -1.251474 6.045447 0.007933 1511544432.157455
7759475.529076 -368333.613601 -1.250531 6.023117 0.007931 1511544432.257369
7759475.715140 -368334.202858 -1.250314 6.018042 0.007930 1511544432.357272
7759475.877361 -368334.699567 -1.249743 6.034282 0.007930 1511544432.457157
7759476.070684 -368335.277338 -1.245136 6.039357 0.007932 1511544432.557137
7759476.248200 -368335.806222 -1.244497 6.034282 0.007933 1511544432.656991
7759476.449500 -368336.390017 -1.243456 6.024132 0.007639 1511544432.756883
7759476.621782 -368336.959141 -1.242392 6.012967 0.007637 1511544432.856832
7759476.829938 -368337.506265 -1.242096 6.011952 0.007637 1511544432.956805
7759477.017915 -368338.074657 -1.240518 6.007892 0.007637 1511544433.056644
7759477.207632 -368338.604397 -1.237929 5.995711 0.007637 1511544433.156565
7759477.372402 -368339.193602 -1.237578 5.996726 0.007637 1511544433.256558
7759477.568867 -368339.724738 -1.237461 6.007892 0.007927 1511544433.356457
7759477.763866 -368340.266476 -1.234765 6.001801 0.007928 1511544433.456401
7759477.975398 -368340.839615 -1.234777 6.018042 0.008221 1511544433.556270
7759478.131670 -368341.387345 -1.231428 6.034282 0.008950 1511544433.656277
7759478.331888 -368341.966840 -1.231102 6.040372 0.010698 1511544433.756153
7759478.520311 -368342.512780 -1.230707 6.050522 0.011283 1511544433.856122
7759478.809053 -368343.376433 -1.226573 6.062703 0.012013 1511544434.006079
7759478.991908 -368343.893603 -1.224010 6.064733 0.013032 1511544434.105970
7759479.191666 -368344.414710 -1.221788 6.067778 0.016382 1511544434.205843
7759479.389448 -368345.013535 -1.217490 6.062703 0.018273 1511544434.305747
7759479.701093 -368345.856178 -1.214539 6.056612 0.020454 1511544434.455669
7759479.915629 -368346.412455 -1.209155 6.060672 0.020747 1511544434.555561
7759480.133841 -368346.953434 -1.204751 6.061687 0.026133 1511544434.655517
7759480.339362 -368347.533446 -1.198727 6.042402 0.033689 1511544434.755435
7759480.554293 -368348.054013 -1.193333 6.019057 0.039345 1511544434.855273
7759480.750077 -368348.635673 -1.184801 6.017027 0.040652 1511544434.955035
7759480.948714 -368349.120523 -1.176344 6.062703 0.040393 1511544435.054967
7759481.193561 -368349.691579 -1.169059 6.072853 0.040399 1511544435.154842
7759481.426015 -368350.223127 -1.159923 6.067778 0.040396 1511544435.254755
7759481.647388 -368350.768603 -1.154074 6.038342 0.042702 1511544435.354688
7759481.891581 -368351.309819 -1.143803 6.037327 0.047353 1511544435.454615
7759482.127093 -368351.854874 -1.136866 6.046462 0.049977 1511544435.554461
7759482.385185 -368352.393340 -1.124065 6.066763 0.050575 1511544435.654353
7759482.638823 -368352.917656 -1.114302 6.060672 0.052460 1511544435.754236
7759482.876982 -368353.408412 -1.105338 6.048492 0.055791 1511544435.854051
7759483.159957 -368353.964355 -1.095432 6.053567 0.057104 1511544435.953883
7759483.432559 -368354.493893 -1.084628 6.072853 0.057123 1511544436.053786
7759483.732145 -368355.034339 -1.073228 6.090108 0.056848 1511544436.153681
7759483.973061 -368355.536732 -1.060604 6.084018 0.055244 1511544436.253620
7759484.275676 -368356.091136 -1.049096 6.050522 0.055066 1511544436.353539
7759484.549798 -368356.549636 -1.038643 6.061687 0.054496 1511544436.453391
7759484.885690 -368357.118947 -1.027439 6.077928 0.049858 1511544436.553308
7759485.171568 -368357.591643 -1.017630 6.076913 0.038947 1511544436.653274
7759485.493423 -368358.109216 -1.009661 6.088078 0.034734 1511544436.753197
7759485.833166 -368358.615746 -1.002252 6.104318 0.034161 1511544436.853119
7759486.164990 -368359.118723 -0.993740 6.125634 0.033737 1511544436.953085
7759486.453900 -368359.564629 -0.989850 6.136799 0.032433 1511544437.052999
7759486.783820 -368360.098673 -0.982980 6.132739 0.029808 1511544437.153028
7759487.154495 -368360.635514 -0.975842 6.116498 0.026158 1511544437.252939
7759487.466062 -368361.108033 -0.970396 6.104318 0.023530 1511544437.352858
7759487.790778 -368361.605319 -0.964875 6.109393 0.022367 1511544437.452812
7759488.132375 -368362.049358 -0.962162 6.131724 0.021792 1511544437.552737
7759488.466162 -368362.560838 -0.957877 6.125634 0.019312 1511544437.652651
7759488.808266 -368363.077348 -0.954936 6.088078 0.016242 1511544437.752651
7759489.163705 -368363.560962 -0.950852 6.070823 0.016237 1511544437.852537
7759489.472007 -368364.045393 -0.947709 6.075898 0.015947 1511544437.952443
7759489.813282 -368364.489832 -0.947612 6.088078 0.015805 1511544438.052306
7759490.184353 -368364.982310 -0.944059 6.087063 0.016388 1511544438.152126
7759490.517849 -368365.481674 -0.940697 6.081988 0.016385 1511544438.251930
7759490.894683 -368365.990417 -0.935263 6.081988 0.018424 1511544438.351808
7759491.243327 -368366.450261 -0.932738 6.096198 0.020323 1511544438.451679
7759491.555011 -368366.919950 -0.929304 6.090108 0.020320 1511544438.551461
7759491.908352 -368367.398447 -0.926760 6.101273 0.019013 1511544438.651422
7759492.292816 -368367.911704 -0.920514 6.123604 0.018001 1511544438.751247
7759492.667663 -368368.385760 -0.913491 6.131724 0.017420 1511544438.851108
7759493.011027 -368368.824634 -0.912716 6.140859 0.017715 1511544438.950956
7759493.370263 -368369.295387 -0.908444 6.159129 0.017866 1511544439.050797
7759493.711946 -368369.746725 -0.905431 6.160144 0.015825 1511544439.150653
7759494.086027 -368370.237215 -0.904646 6.144919 0.015383 1511544439.250535
7759494.462591 -368370.713849 -0.900803 6.155069 0.015677 1511544439.350409
7759494.853626 -368371.221475 -0.895583 6.164204 0.014076 1511544439.450254
7759495.200841 -368371.670749 -0.894649 6.153039 0.011302 1511544439.550225
7759495.595558 -368372.150013 -0.892210 6.158114 0.010282 1511544439.650177
7759495.968561 -368372.622059 -0.889918 6.173339 0.011014 1511544439.750120
7759496.342498 -368373.118037 -0.884143 6.180445 0.011308 1511544439.850009
7759496.703872 -368373.584619 -0.883739 6.180445 0.010724 1511544439.949883
7759497.105614 -368374.022313 -0.884768 6.190595 0.009267 1511544440.049790
7759497.483329 -368374.516846 -0.882417 6.196685 0.007517 1511544440.149743
7759497.851921 -368374.990788 -0.881287 6.187550 0.005181 1511544440.249676
7759498.249012 -368375.447739 -0.879936 6.166234 0.002845 1511544440.349610
7759498.617628 -368375.895868 -0.880082 6.160144 0.002552 1511544440.449573
7759499.037275 -368376.369712 -0.880610 6.186535 0.002407 1511544440.549567
7759499.396352 -368376.848382 -0.878619 6.202775 0.000949 1511544440.649464
7759499.758747 -368377.279789 -0.881296 6.201760 -0.003722 1511544440.749446
7759500.131340 -368377.759555 -0.880877 6.200745 -0.010436 1511544440.849386
7759500.554047 -368378.247661 -0.883517 6.195670 -0.013500 1511544440.949362
7759500.944802 -368378.751678 -0.888123 6.197700 -0.013500 1511544441.049293
7759501.335322 -368379.203671 -0.888758 6.225105 -0.012485 1511544441.149207
7759501.719631 -368379.676204 -0.892727 6.239316 -0.012196 1511544441.249149
7759502.048408 -368380.120728 -0.896629 6.223075 -0.012192 1511544441.349119
7759502.400927 -368380.608760 -0.896661 6.219015 -0.016133 1511544441.448977
7759502.798421 -368381.059596 -0.901939 6.218000 -0.017885 1511544441.548949
7759503.209178 -368381.576105 -0.905038 6.215970 -0.020365 1511544441.648872
7759503.554882 -368382.018913 -0.909910 6.222060 -0.023287 1511544441.748790
7759503.940709 -368382.530930 -0.913713 6.239316 -0.024462 1511544441.848675
7759504.303021 -368383.001939 -0.918848 6.254541 -0.024904 1511544441.948550
7759504.661323 -368383.466089 -0.923136 6.260631 -0.025056 1511544442.048440
7759505.038676 -368383.961143 -0.931371 6.267736 -0.024475 1511544442.148287
7759505.419039 -368384.494126 -0.936503 6.256571 -0.021986 1511544442.248159
7759505.758491 -368384.965755 -0.940332 6.255556 -0.021402 1511544442.348042
7759506.124009 -368385.458065 -0.945612 6.270781 -0.022426 1511544442.447971
7759506.493537 -368385.964957 -0.950105 6.254541 -0.023446 1511544442.547893
7759506.833250 -368386.481305 -0.956291 6.258601 -0.023448 1511544442.647764
7759507.203077 -368387.006675 -0.958443 6.258601 -0.023009 1511544442.747757
7759507.512636 -368387.465631 -0.967339 6.244391 -0.024465 1511544442.847607
7759507.876493 -368387.972059 -0.971235 6.238301 -0.027092 1511544442.947566
7759508.243238 -368388.522860 -0.974454 6.250481 -0.030748 1511544443.047523
7759508.582179 -368389.025055 -0.984120 6.255556 -0.037756 1511544443.147437
7759508.907718 -368389.523877 -0.992076 6.250481 -0.041109 1511544443.247418
7759509.230184 -368390.039784 -1.000062 6.261646 -0.040096 1511544443.347327
7759509.547884 -368390.562062 -1.008070 6.258601 -0.039802 1511544443.447281
7759509.860806 -368391.044138 -1.014439 6.241346 -0.040081 1511544443.547188
7759510.190046 -368391.593781 -1.023189 6.224090 -0.039340 1511544443.647077
7759510.524117 -368392.098681 -1.032087 6.206835 -0.037432 1511544443.746955
7759510.803363 -368392.612499 -1.039556 6.205820 -0.037285 1511544443.846835
7759511.116297 -368393.140465 -1.049379 6.210895 -0.038747 1511544443.946713
7759511.434648 -368393.710281 -1.057337 6.180445 -0.042370 1511544444.046635
7759511.721447 -368394.238823 -1.067096 6.169279 -0.046005 1511544444.146582
7759512.012701 -368394.783965 -1.074467 6.172324 -0.048192 1511544444.246512
7759512.306527 -368395.295025 -1.085456 6.158114 -0.049927 1511544444.346437
7759512.567024 -368395.814379 -1.094897 6.119544 -0.052804 1511544444.446336
7759512.812848 -368396.322089 -1.107391 6.061687 -0.054931 1511544444.546162
7759513.055161 -368396.837341 -1.118225 5.964246 -0.055421 1511544444.646104
7759513.317024 -368397.368800 -1.128443 5.866804 -0.054026 1511544444.746032
7759513.553588 -368397.826801 -1.138572 5.823158 -0.056737 1511544444.845982
7759513.768208 -368398.342699 -1.148064 5.726732 -0.069788 1511544444.945933
7759513.996249 -368398.843387 -1.161737 5.629290 -0.074288 1511544445.045872
7759514.176260 -368399.330724 -1.176235 5.557224 -0.079237 1511544445.145772
7759514.396991 -368399.835687 -1.190656 5.459782 -0.088156 1511544445.245613
7759514.576684 -368400.319223 -1.206772 5.409031 -0.097684 1511544445.345510
7759514.748919 -368400.799791 -1.223336 5.405986 -0.104405 1511544445.445340
7759514.937403 -368401.316092 -1.244848 5.395836 -0.108249 1511544445.545179
7759515.180884 -368402.063281 -1.272625 5.338995 -0.109867 1511544445.694893
7759515.327431 -368402.574103 -1.291409 5.326814 -0.108847 1511544445.794752
7759515.521000 -368403.290099 -1.319752 5.321739 -0.107554 1511544445.944509
7759515.668297 -368403.821345 -1.338695 5.321739 -0.109125 1511544446.044355
7759515.776058 -368404.312075 -1.357659 5.290274 -0.114064 1511544446.144254
7759515.891716 -368404.816491 -1.377116 5.251703 -0.119980 1511544446.244070
7759515.988176 -368405.317675 -1.396720 5.251703 -0.126951 1511544446.343996
7759516.104690 -368406.061326 -1.428519 5.181667 -0.137088 1511544446.493869
7759516.197593 -368406.793314 -1.461218 5.059865 -0.152514 1511544446.643797
7759516.257290 -368407.449027 -1.500672 4.949228 -0.164090 1511544446.793708
7759516.277897 -368407.961466 -1.528886 4.901522 -0.171708 1511544446.893656
7759516.296813 -368408.645238 -1.566211 4.869041 -0.182950 1511544447.043578
7759516.309829 -368409.148759 -1.596923 4.843666 -0.187896 1511544447.143579
7759516.293291 -368409.650514 -1.626814 4.825396 -0.189660 1511544447.243494
7759516.249014 -368410.333120 -1.669204 4.811185 -0.188645 1511544447.393419
7759516.153747 -368411.055805 -1.715943 4.804080 -0.185696 1511544447.543176
7759516.043151 -368411.729664 -1.759572 4.807125 -0.184709 1511544447.692973
7759515.823838 -368412.844769 -1.832460 4.804080 -0.185823 1511544447.942649
7759515.679314 -368413.328332 -1.860700 4.801035 -0.195987 1511544448.042559
7759515.434364 -368413.979326 -1.909221 4.777690 -0.202873 1511544448.192415
7759515.191852 -368414.640464 -1.958606 4.772615 -0.201193 1511544448.342285
7759514.924015 -368415.255111 -2.005485 4.740134 -0.201519 1511544448.492246
7759514.602590 -368415.890538 -2.053561 4.713744 -0.201169 1511544448.642136
7759514.264596 -368416.478647 -2.100062 4.740134 -0.200964 1511544448.791994
7759513.892773 -368417.092655 -2.149205 4.761449 -0.201161 1511544448.941943
7759513.485203 -368417.687523 -2.196254 4.770585 -0.198824 1511544449.091881
7759513.072778 -368418.229609 -2.244894 4.831486 -0.190219 1511544449.241749
7759512.650716 -368418.772884 -2.287834 4.873101 -0.181531 1511544449.391554
7759512.309765 -368419.159264 -2.319258 4.908627 -0.173361 1511544449.491505
7759511.767775 -368419.702955 -2.362628 4.978663 -0.156524 1511544449.641387
7759511.221821 -368420.213954 -2.400588 5.047685 -0.138180 1511544449.791204
7759510.663067 -368420.733728 -2.437017 5.138021 -0.121339 1511544449.941049
7759510.044293 -368421.233208 -2.465350 5.208057 -0.097100 1511544450.090765
7759509.513242 -368421.680652 -2.491239 5.304484 -0.068447 1511544450.240484
7759509.089700 -368421.995731 -2.503322 5.366400 -0.051276 1511544450.340319
7759508.614115 -368422.317968 -2.512594 5.431361 -0.041386 1511544450.440099
7759508.192264 -368422.600999 -2.520181 5.482112 -0.031494 1511544450.539844
7759507.753182 -368422.921432 -2.525320 5.533878 -0.028642 1511544450.639536
7759507.325158 -368423.216617 -2.530587 5.587674 -0.025928 1511544450.739244
7759506.858179 -368423.555714 -2.535004 5.630305 -0.021177 1511544450.838981
7759506.414258 -368423.855319 -2.540611 5.674966 -0.017576 1511544450.938771
7759505.934435 -368424.174332 -2.545177 5.721656 -0.017155 1511544451.038563
7759505.453432 -368424.501262 -2.547110 5.775452 -0.014997 1511544451.138425
7759504.769939 -368424.940178 -2.552619 5.840414 -0.014288 1511544451.288304
7759504.325926 -368425.268016 -2.556887 5.877969 -0.014297 1511544451.388215
7759503.839348 -368425.615360 -2.558947 5.915525 -0.014302 1511544451.488060
7759503.336186 -368425.921325 -2.562908 5.959171 -0.012718 1511544451.588032
7759502.828045 -368426.241734 -2.565462 6.018042 -0.011713 1511544451.688026
7759502.347949 -368426.567269 -2.567855 6.065748 -0.010994 1511544451.787981
7759501.830457 -368426.864331 -2.572074 6.099243 -0.009981 1511544451.887877
7759501.327203 -368427.185445 -2.572659 6.125634 -0.009402 1511544451.987782
7759500.794774 -368427.518206 -2.575156 6.145934 -0.009113 1511544452.087716
7759500.306023 -368427.817826 -2.578801 6.168264 -0.008533 1511544452.187626
7759499.764201 -368428.176108 -2.579828 6.214955 -0.007081 1511544452.287513
7759499.246980 -368428.503389 -2.582205 6.246421 -0.006354 1511544452.387437
7759498.737054 -368428.812014 -2.584114 6.255556 -0.006064 1511544452.487355
7759498.234268 -368429.147560 -2.585365 6.239316 -0.005477 1511544452.587316
7759497.725164 -368429.465064 -2.585042 6.228150 -0.004016 1511544452.687226
7759496.883336 -368429.971253 -2.588024 6.239316 -0.000657 1511544452.837079
7759496.447603 -368430.227972 -2.591311 6.244391 0.000365 1511544452.936988
7759495.922683 -368430.568115 -2.592960 6.234241 0.000365 1511544453.036863
7759495.377529 -368430.891715 -2.591048 6.233226 0.000511 1511544453.136842
7759494.855016 -368431.196908 -2.589844 6.233226 0.000511 1511544453.236718
7759494.330075 -368431.492503 -2.591692 6.234241 0.000511 1511544453.336664
7759493.808311 -368431.800386 -2.591517 6.228150 0.000803 1511544453.436579
7759493.303173 -368432.115722 -2.591413 6.216985 0.001825 1511544453.536560
7759492.513897 -368432.619832 -2.591128 6.211910 0.001533 1511544453.686517
7759491.988936 -368432.933701 -2.591781 6.185520 -0.000511 1511544453.786410
7759491.487705 -368433.253201 -2.592734 6.152024 -0.002698 1511544453.886406
7759490.975690 -368433.555210 -2.596228 6.123604 -0.003717 1511544453.986286
7759490.423300 -368433.900385 -2.597512 6.087063 -0.003714 1511544454.086196
7759489.929953 -368434.180204 -2.594509 6.048492 -0.004295 1511544454.186101
7759489.446060 -368434.499323 -2.600047 6.026162 -0.004875 1511544454.286044
7759488.996845 -368434.745112 -2.602420 6.022102 -0.004875 1511544454.385993
7759488.453396 -368435.094935 -2.603035 6.001801 -0.004000 1511544454.485909
7759487.984808 -368435.354051 -2.606367 5.978456 -0.003853 1511544454.585844
7759487.476533 -368435.654648 -2.604508 5.942930 -0.003269 1511544454.685743
7759486.958907 -368435.973916 -2.606450 5.909435 -0.001670 1511544454.785657
7759486.486836 -368436.240212 -2.610737 5.886089 -0.000654 1511544454.885587
7759486.023798 -368436.520648 -2.609160 5.856654 -0.000072 1511544454.985529
7759485.505397 -368436.814359 -2.608301 5.829248 0.001088 1511544455.085408
7759485.026139 -368437.105144 -2.610681 5.807933 0.002827 1511544455.185311
7759484.520740 -368437.400021 -2.608903 5.772407 0.005868 1511544455.285211
7759484.050414 -368437.675832 -2.608314 5.751092 0.006591 1511544455.385141
7759483.523836 -368437.996405 -2.607581 5.738912 0.006155 1511544455.484989
7759482.842940 -368438.384666 -2.607413 5.700341 0.005862 1511544455.634915
7759482.346255 -368438.652572 -2.605246 5.679026 0.007451 1511544455.734767
7759481.896233 -368438.922179 -2.605282 5.657710 0.008027 1511544455.834655
7759481.431776 -368439.213861 -2.605192 5.640455 0.005132 1511544455.934461
7759480.934041 -368439.486880 -2.603944 5.618125 -0.001228 1511544456.034314
7759480.444451 -368439.783172 -2.605613 5.587674 -0.007295 1511544456.134220
7759479.757611 -368440.171533 -2.608351 5.550118 -0.011911 1511544456.284017
7759479.267295 -368440.474809 -2.610663 5.521698 -0.011906 1511544456.383923
7759478.616313 -368440.860661 -2.616923 5.489217 -0.013053 1511544456.533684
7759478.167750 -368441.088848 -2.619461 5.456737 -0.014058 1511544456.633562
7759477.694913 -368441.360048 -2.623441 5.425271 -0.017363 1511544456.733478
7759477.225812 -368441.624579 -2.626632 5.396851 -0.020667 1511544456.833364
7759476.549028 -368441.997517 -2.634930 5.355235 -0.024825 1511544456.983227
7759476.108448 -368442.255848 -2.640004 5.346100 -0.026548 1511544457.083278
7759475.624196 -368442.487490 -2.644380 5.302454 -0.029119 1511544457.183196
7759475.184149 -368442.736669 -2.652218 5.257793 -0.031253 1511544457.283168
7759474.728052 -368442.970154 -2.656878 5.240538 -0.033543 1511544457.383047
7759474.251432 -368443.181789 -2.662081 5.215162 -0.036400 1511544457.482990
7759473.801191 -368443.425914 -2.669036 5.188772 -0.041119 1511544457.582920
7759473.140025 -368443.760514 -2.681729 5.183697 -0.048284 1511544457.732840
7759472.692655 -368443.992126 -2.691644 5.193847 -0.052019 1511544457.832715
7759472.217390 -368444.213412 -2.699686 5.182682 -0.052297 1511544457.932633
7759471.758535 -368444.428709 -2.709683 5.131931 -0.050682 1511544458.032566
7759471.106975 -368444.718034 -2.722704 5.113661 -0.050382 1511544458.182514
7759470.627129 -368444.938275 -2.733800 5.124826 -0.054543 1511544458.282431
7759470.161182 -368445.129145 -2.744759 5.122796 -0.060267 1511544458.382368
7759469.690826 -368445.330952 -2.754250 5.110616 -0.067119 1511544458.482261
7759469.011647 -368445.583657 -2.773167 5.104526 -0.068114 1511544458.632161
7759468.311597 -368445.839737 -2.791423 5.083210 -0.075947 1511544458.782103
7759467.840692 -368446.013877 -2.805652 5.093360 -0.083244 1511544458.882052
7759467.358832 -368446.171006 -2.818794 5.127871 -0.092135 1511544458.982017
7759466.867245 -368446.328095 -2.837407 5.094375 -0.099784 1511544459.081998
7759466.186180 -368446.527087 -2.862097 5.016219 -0.110192 1511544459.231979
7759465.496826 -368446.731036 -2.888952 5.027384 -0.112483 1511544459.381980
7759464.995128 -368446.842033 -2.910104 5.026369 -0.112339 1511544459.481936
7759464.271820 -368447.012720 -2.938529 4.988813 -0.111994 1511544459.631933
7759463.583678 -368447.149652 -2.964890 4.885282 -0.107716 1511544459.781947
7759462.896411 -368447.244046 -2.988423 4.848741 -0.101136 1511544459.931843
7759462.198616 -368447.362758 -3.013801 4.810170 -0.089727 1511544460.081721
7759461.513634 -368447.422480 -3.034517 4.740134 -0.078423 1511544460.231459
7759460.838661 -368447.484164 -3.051307 4.665023 -0.063301 1511544460.381248
7759460.176680 -368447.520611 -3.065135 4.535100 -0.048130 1511544460.530967
7759459.479969 -368447.578055 -3.077708 4.437659 -0.043103 1511544460.680734
7759458.814389 -368447.600114 -3.087281 4.297586 -0.038918 1511544460.830510
7759458.227684 -368447.627692 -3.094119 4.183904 -0.035325 1511544460.980384
7759457.604150 -368447.650632 -3.102987 4.061087 -0.033295 1511544461.130171
7759456.992334 -368447.652717 -3.108781 3.878384 -0.023779 1511544461.280044
7759456.317998 -368447.692026 -3.114839 3.672335 -0.006268 1511544461.479849
7759455.741792 -368447.696300 -3.114909 3.504857 0.006396 1511544461.629612
7759455.230879 -368447.693020 -3.113069 3.358695 0.009054 1511544461.779364
7759454.618650 -368447.688710 -3.112285 3.147571 0.006935 1511544461.979035
7759453.990160 -368447.693251 -3.113377 2.948627 0.001468 1511544462.178722
7759453.427855 -368447.719808 -3.112227 2.725323 0.002023 1511544462.378556
7759452.841425 -368447.727260 -3.112456 2.416758 0.004108 1511544462.628276
7759452.323483 -368447.737445 -3.113299 1.974210 0.005069 1511544462.878071
7759451.806938 -368447.734905 -3.111661 0.761263 0.005594 1511544463.477546
