7471712.948831 -681572.125195 0.901901 -0.000843 -0.014500 1628863641.123260
7471713.287069 -681571.731471 0.894521 0.726094 -0.044348 1628863645.175604
7471713.634243 -681571.293821 0.886743 1.028001 -0.044319 1628863645.772820
7471713.939830 -681570.863548 0.880312 1.206784 -0.014498 1628863646.272715
7471714.283838 -681570.451497 0.883963 1.361954 0.040946 1628863646.672905
7471714.623797 -681570.045833 0.898897 1.517124 0.094181 1628863647.022939
7471714.992805 -681569.639318 0.932688 1.646994 0.136747 1628863647.372758
7471715.276161 -681569.181550 0.970675 1.759998 0.168054 1628863647.672652
7471715.565178 -681568.719881 1.019815 1.842643 0.208914 1628863647.972648
7471715.847817 -681568.250290 1.081254 1.932035 0.259482 1628863648.272809
7471716.079317 -681567.796873 1.149338 1.989380 0.292638 1628863648.523047
7471716.263656 -681567.312137 1.220497 2.029859 0.320590 1628863648.773189
7471716.428297 -681566.748252 1.322182 2.029859 0.349157 1628863649.072970
7471716.522216 -681566.243455 1.404566 2.029859 0.368127 1628863649.322905
7471716.574995 -681565.722503 1.509789 2.021426 0.388900 1628863649.623203
7471716.584718 -681565.162624 1.610889 2.053472 0.395075 1628863649.873512
7471716.482353 -681564.555860 1.730238 2.038292 0.395947 1628863650.173631
7471716.319059 -681563.981576 1.846399 2.038292 0.395966 1628863650.473435
7471716.154027 -681563.499608 1.944242 2.053472 0.396046 1628863650.723259
7471715.951389 -681563.032301 2.040162 2.046726 0.395887 1628863650.973223
7471715.658395 -681562.569712 2.138544 2.046726 0.395985 1628863651.223150
7471715.352267 -681562.151832 2.234137 2.029859 0.395966 1628863651.473096
7471714.963709 -681561.730427 2.346440 2.006246 0.395989 1628863651.773073
7471714.561403 -681561.356292 2.444998 1.989380 0.396114 1628863652.023113
7471714.088814 -681561.022004 2.556637 1.989380 0.394906 1628863652.323023
7471713.648189 -681560.777664 2.646039 1.989380 0.374199 1628863652.572815
7471713.129861 -681560.537376 2.747125 2.021426 0.319976 1628863652.872948
7471712.612497 -681560.380828 2.816228 2.070338 0.274313 1628863653.123770
7471712.122201 -681560.233897 2.879804 2.136117 0.228767 1628863653.373426
7471711.548387 -681560.124820 2.932215 2.168163 0.179678 1628863653.623664
7471710.994887 -681560.037462 2.970277 2.193462 0.117269 1628863653.873651
7471710.446494 -681559.935007 2.993245 2.176596 0.049153 1628863654.123806
7471709.913865 -681559.878839 3.001390 2.201895 -0.005838 1628863654.373904
7471709.379070 -681559.844262 2.996392 2.201895 -0.040620 1628863654.623936
7471708.840342 -681559.760299 2.985157 2.217075 -0.058008 1628863654.873991
7471708.289198 -681559.640143 2.972284 2.225508 -0.080684 1628863655.124992
7471707.724951 -681559.588127 2.950653 2.225508 -0.105671 1628863655.373916
7471707.151270 -681559.471280 2.916240 2.119251 -0.116885 1628863655.674128
7471706.583853 -681559.306591 2.892146 2.119251 -0.107916 1628863655.924110
7471705.988634 -681559.132905 2.868370 2.038292 -0.075589 1628863656.224386
7471705.502526 -681559.005070 2.854160 1.972514 -0.054529 1628863656.473842
7471704.970288 -681558.873646 2.844454 1.948901 -0.043790 1628863656.773728
7471704.416734 -681558.692382 2.836171 1.883122 -0.051666 1628863657.073707
7471703.899965 -681558.516222 2.820199 1.810597 -0.073015 1628863657.373599
7471703.411352 -681558.349356 2.803128 1.768432 -0.079040 1628863657.673669
7471702.871043 -681558.161981 2.783303 1.662174 -0.076005 1628863658.023645
7471702.390986 -681557.972606 2.767457 1.614948 -0.065502 1628863658.323533
7471701.864833 -681557.771580 2.756675 1.549170 -0.056606 1628863658.673506
7471701.373235 -681557.583302 2.748298 1.442912 -0.049141 1628863659.023708
7471700.873875 -681557.386238 2.741110 1.328221 -0.016699 1628863659.423442
7471700.364704 -681557.186077 2.736293 0.879578 -0.007915 1628863659.922654
