7178315.540462 -667796.541203 1.269571 -0.000870 0.030273 1580312344.628778
7178315.650234 -667796.020087 1.277099 0.941677 0.023313 1580312348.728769
7178315.794659 -667795.521175 1.287267 1.496423 0.017393 1580312349.128919
7178315.963495 -667794.979547 1.289407 1.781622 -0.000082 1580312349.429137
7178316.212007 -667794.250333 1.280758 2.235505 -0.007505 1580312349.779384
7178316.387837 -667793.723497 1.281446 2.428536 -0.007504 1580312350.029317
7178316.572463 -667793.226272 1.280651 2.614611 -0.007598 1580312350.229309
7178316.752772 -667792.583904 1.275829 2.807641 -0.007597 1580312350.479495
7178316.995617 -667791.876671 1.272551 2.908504 -0.007596 1580312350.729578
7178317.231268 -667791.177328 1.267343 2.991977 -0.007500 1580312350.979433
7178317.397123 -667790.653831 1.268891 3.042408 -0.007596 1580312351.129565
7178317.567288 -667790.131510 1.265180 3.059799 -0.007499 1580312351.329513
7178317.751505 -667789.523704 1.263045 3.143271 -0.007595 1580312351.529370
7178317.969034 -667788.907297 1.259990 3.176313 -0.005575 1580312351.729210
7178318.144145 -667788.368191 1.258763 3.193703 -0.004324 1580312351.929072
7178318.368967 -667787.721649 1.256020 3.270220 -0.004131 1580312352.128828
7178318.614049 -667786.943212 1.253003 3.235439 -0.004129 1580312352.378650
7178318.811647 -667786.434170 1.250334 3.261525 -0.004129 1580312352.528548
7178318.985268 -667785.897772 1.249085 3.270220 -0.002107 1580312352.728678
7178319.177509 -667785.291370 1.244707 3.270220 0.001743 1580312352.928882
7178319.424284 -667784.560286 1.248874 3.235439 0.001740 1580312353.178830
7178319.734055 -667783.774792 1.246952 3.193703 0.001736 1580312353.428991
7178319.993841 -667783.030318 1.244892 3.235439 0.004819 1580312353.681259
7178320.181340 -667782.478887 1.246808 3.160662 0.004713 1580312353.878577
7178320.378797 -667781.903992 1.249190 3.134576 0.007017 1580312354.078887
7178320.611607 -667781.309933 1.247420 3.110230 0.009416 1580312354.278581
7178320.802976 -667780.716571 1.252123 3.051104 0.010374 1580312354.478653
7178320.955457 -667780.148665 1.255907 3.068494 0.019589 1580312354.678582
7178321.177585 -667779.556598 1.259597 3.068494 0.021413 1580312354.878718
7178321.380394 -667778.949736 1.264346 3.018062 0.021015 1580312355.078512
7178321.560074 -667778.367622 1.266901 3.051104 0.014976 1580312355.278552
7178321.736385 -667777.833612 1.273385 2.991977 0.014964 1580312355.478748
7178321.906560 -667777.325160 1.279491 3.009367 0.014967 1580312355.678759
7178322.089469 -667776.727714 1.283326 2.974587 0.014960 1580312355.878735
7178322.313908 -667775.985804 1.285136 2.967631 0.014959 1580312356.128821
7178322.555712 -667775.288627 1.289992 2.983282 0.014290 1580312356.378919
7178322.739477 -667774.766516 1.294829 2.958936 0.013422 1580312356.579007
7178322.892673 -667774.189955 1.297677 2.858073 0.013499 1580312356.779158
7178323.039111 -667773.711808 1.302187 2.858073 0.013499 1580312356.929151
7178323.228745 -667773.074282 1.304959 2.932850 0.013417 1580312357.179144
7178323.396719 -667772.524730 1.305238 2.882419 0.013503 1580312357.379245
7178323.622981 -667771.809221 1.308874 2.849378 0.013401 1580312357.629414
7178323.768667 -667771.283773 1.314315 2.840683 0.013401 1580312357.829433
7178323.928787 -667770.619283 1.317961 2.807641 0.013394 1580312358.079591
7178324.077191 -667770.083814 1.318607 2.790251 0.013486 1580312358.279568
7178324.211341 -667769.507201 1.325074 2.798946 0.020862 1580312358.479710
7178324.382751 -667768.965436 1.331938 2.765905 0.046304 1580312358.679775
7178324.496352 -667768.459070 1.348222 2.739820 0.070335 1580312358.879665
7178324.685052 -667767.818925 1.371646 2.731125 0.095233 1580312359.129559
7178324.796377 -667767.269918 1.403060 2.698083 0.144800 1580312359.329512
7178324.935735 -667766.651799 1.445941 2.647652 0.173746 1580312359.579123
7178325.003618 -667766.008150 1.500835 2.623306 0.186104 1580312359.829006
7178325.013353 -667765.371781 1.557173 2.579830 0.203891 1580312360.078912
7178325.002970 -667764.712138 1.622201 2.623306 0.204604 1580312360.328990
7178324.962501 -667764.085334 1.683530 2.572874 0.204557 1580312360.579068
7178324.919319 -667763.541870 1.730052 2.555484 0.199355 1580312360.779152
7178324.745521 -667762.833588 1.797293 2.555484 0.180458 1580312361.079124
7178324.625449 -667762.264166 1.836816 2.564179 0.139676 1580312361.279234
7178324.405400 -667761.608504 1.878696 2.597220 0.119598 1580312361.579538
7178324.208678 -667760.940169 1.911098 2.623306 0.108771 1580312361.829757
7178323.997904 -667760.292327 1.938519 2.715473 0.088957 1580312362.080025
7178323.806141 -667759.739913 1.960391 2.774600 0.068260 1580312362.280219
7178323.556547 -667759.136042 1.982976 2.849378 0.050540 1580312362.530453
7178323.299291 -667758.569953 1.991782 2.882419 0.045496 1580312362.730726
7178323.118500 -667758.040557 2.003090 2.932850 0.038627 1580312362.930797
7178322.861507 -667757.475188 2.014989 2.941546 0.032403 1580312363.130971
7178322.625328 -667756.937189 2.026840 2.967631 0.031166 1580312363.330996
7178322.406882 -667756.469133 2.032918 3.026757 0.031178 1580312363.480781
7178322.148919 -667755.977393 2.041036 3.075450 0.029094 1580312363.680484
7178321.734618 -667755.082393 2.050859 3.118925 0.021234 1580312363.980414
7178321.317507 -667754.234523 2.054846 3.160662 0.014999 1580312364.280507
7178320.938602 -667753.487808 2.062804 3.211093 0.013087 1580312364.530610
7178320.662184 -667752.927115 2.068653 3.092840 0.012391 1580312364.730799
7178320.369913 -667752.366367 2.069086 3.270220 0.012330 1580312364.930699
7178320.045707 -667751.749921 2.072706 3.285871 0.012333 1580312365.130700
7178319.754082 -667751.216875 2.073565 3.252829 0.012326 1580312365.330720
7178319.500102 -667750.680252 2.076325 3.270220 0.012330 1580312365.530785
7178319.221932 -667750.169205 2.080015 3.252829 0.012326 1580312365.680790
7178318.899801 -667749.600360 2.084150 3.202398 0.012412 1580312365.880942
7178318.579902 -667749.006436 2.087392 3.185008 0.012313 1580312366.081129
7178318.236416 -667748.337080 2.088898 3.294566 0.012334 1580312366.331240
7178317.925822 -667747.766390 2.090325 3.261525 0.012328 1580312366.530940
7178317.691213 -667747.306682 2.093899 3.228483 0.012321 1580312366.680651
7178317.422517 -667746.769171 2.093970 3.235439 0.012326 1580312366.880602
7178317.169796 -667746.335740 2.095912 3.211093 0.012320 1580312367.030482
7178316.930262 -667745.888570 2.100978 3.211093 0.012414 1580312367.180573
7178316.627681 -667745.320944 2.103738 3.202398 0.012316 1580312367.380558
7178316.349275 -667744.891489 2.105440 3.202398 0.012316 1580312367.530530
7178316.078978 -667744.364911 2.109277 3.211093 0.012318 1580312367.730682
7178315.818482 -667743.928118 2.111647 3.228483 0.012321 1580312367.880772
7178315.490356 -667743.362243 2.114687 3.228483 0.012321 1580312368.080966
7178315.084397 -667742.713504 2.118088 3.244134 0.012324 1580312368.330987
7178314.687453 -667742.007643 2.122355 3.228483 0.012417 1580312368.580703
7178314.318402 -667741.372874 2.123253 3.228483 0.008377 1580312368.780481
7178314.022547 -667740.879848 2.123366 3.261525 -0.008364 1580312368.980430
7178313.754104 -667740.446925 2.121718 3.261525 -0.017316 1580312369.130488
7178313.407482 -667739.866109 2.112243 3.244134 -0.022703 1580312369.330555
7178313.094977 -667739.309420 2.102908 3.244134 -0.040209 1580312369.530812
7178312.793588 -667738.771296 2.089924 3.219788 -0.061525 1580312369.730772
7178312.556928 -667738.328496 2.074792 3.193703 -0.090627 1580312369.880690
7178312.316867 -667737.766415 2.044380 3.176313 -0.121971 1580312370.081079
7178311.928688 -667737.047808 1.989039 3.169357 -0.154715 1580312370.331035
7178311.702943 -667736.499293 1.944806 3.277176 -0.173781 1580312370.530968
7178311.484532 -667735.872727 1.889918 3.143271 -0.181527 1580312370.730773
7178311.290855 -667735.272793 1.837327 3.059799 -0.188300 1580312370.930462
7178311.120116 -667734.530313 1.760967 3.176313 -0.208298 1580312371.180044
7178311.032542 -667733.975267 1.699747 2.991977 -0.227771 1580312371.379792
7178310.966088 -667733.307183 1.633236 3.026757 -0.228206 1580312371.579846
7178310.923890 -667732.597328 1.548301 3.018062 -0.228189 1580312371.829855
7178310.966273 -667731.848536 1.468237 3.068494 -0.228197 1580312372.079887
7178311.077336 -667731.268356 1.407218 3.009367 -0.223119 1580312372.279968
7178311.171305 -667730.666065 1.337616 2.991977 -0.216826 1580312372.480007
7178311.377651 -667729.945656 1.260694 2.991977 -0.212859 1580312372.730164
7178311.603388 -667729.373135 1.204307 2.958936 -0.212875 1580312372.930206
7178311.877187 -667728.704132 1.125314 2.899809 -0.212253 1580312373.180296
7178312.233287 -667728.046069 1.049154 2.958936 -0.212075 1580312373.430713
7178312.523994 -667727.587195 0.991853 2.858073 -0.209393 1580312373.630314
7178313.036709 -667726.898739 0.906309 2.866768 -0.204879 1580312373.930552
7178313.900499 -667725.885944 0.778727 2.866768 -0.204972 1580312374.392312
7178314.415354 -667725.443742 0.707979 2.882419 -0.204905 1580312374.630555
7178314.861524 -667725.115245 0.655105 2.831988 -0.205006 1580312374.830591
7178315.339230 -667724.769622 0.596526 2.798946 -0.204952 1580312375.030387
7178315.903614 -667724.422113 0.529611 2.781556 -0.205005 1580312375.280231
7178316.541635 -667724.129714 0.460607 2.757210 -0.205069 1580312375.530316
7178317.046844 -667723.876895 0.403756 2.739820 -0.204949 1580312375.730205
7178317.513327 -667723.690123 0.352917 2.731125 -0.205571 1580312375.930330
7178318.051659 -667723.537316 0.298346 2.715473 -0.208915 1580312376.130342
7178318.707431 -667723.380857 0.230916 2.724169 -0.209815 1580312376.380440
7178319.353023 -667723.229196 0.164723 2.689388 -0.218409 1580312376.630441
7178319.867016 -667723.177602 0.106215 2.680693 -0.221687 1580312376.830254
7178320.539416 -667723.126246 0.035559 2.647652 -0.221735 1580312377.080107
7178321.059662 -667723.103135 -0.017984 2.647652 -0.221735 1580312377.280055
7178321.703685 -667723.169535 -0.088981 2.605915 -0.221695 1580312377.530328
7178322.480781 -667723.264936 -0.169218 2.605915 -0.221757 1580312377.830407
7178323.183733 -667723.436633 -0.250550 2.588525 -0.221729 1580312378.130224
7178323.678392 -667723.568034 -0.307228 2.623306 -0.221695 1580312378.329997
7178324.232647 -667723.787134 -0.366009 2.689388 -0.221596 1580312378.530005
7178324.723496 -667723.992648 -0.420799 2.698083 -0.221637 1580312378.730003
7178325.187290 -667724.221633 -0.475903 2.706778 -0.221652 1580312378.930173
7178325.787585 -667724.574398 -0.549849 2.715473 -0.221667 1580312379.180180
7178326.221134 -667724.862672 -0.607644 2.731125 -0.221602 1580312379.380247
7178326.669306 -667725.178137 -0.667346 2.731125 -0.221510 1580312379.579978
7178327.106733 -667725.524850 -0.725079 2.739820 -0.221617 1580312379.779873
7178327.586485 -667726.002277 -0.797844 2.739820 -0.221617 1580312380.029860
7178327.932433 -667726.413793 -0.856089 2.739820 -0.221617 1580312380.229899
7178328.353816 -667726.961598 -0.925782 2.798946 -0.221629 1580312380.479731
7178328.761971 -667727.551918 -1.003562 2.825031 -0.221584 1580312380.729468
7178329.026845 -667728.036216 -1.063321 2.866768 -0.221579 1580312380.929291
7178329.349803 -667728.686285 -1.139125 2.899809 -0.221535 1580312381.179433
7178329.550752 -667729.226136 -1.202067 2.958936 -0.221552 1580312381.379456
7178329.795031 -667729.935125 -1.278270 3.000672 -0.221447 1580312381.629570
7178329.953371 -667730.531539 -1.342535 3.042408 -0.221434 1580312381.829599
7178330.057753 -667731.097725 -1.407372 3.075450 -0.221406 1580312382.029700
7178330.138168 -667731.617945 -1.458888 3.084145 -0.221423 1580312382.179808
7178330.174358 -667732.364381 -1.541898 3.151966 -0.221407 1580312382.430075
7178330.167917 -667732.980881 -1.609188 3.193703 -0.221271 1580312382.630076
7178330.106888 -667733.506420 -1.661282 3.185008 -0.220977 1580312382.779953
7178330.001618 -667734.305916 -1.747618 3.235439 -0.220617 1580312383.029977
7178329.802786 -667735.406145 -1.869557 3.277176 -0.220227 1580312383.380108
7178329.499621 -667736.169706 -1.958323 3.362387 -0.219494 1580312383.629970
7178329.276610 -667736.656333 -2.008301 3.412819 -0.217102 1580312383.779948
7178328.877011 -667737.414595 -2.097269 3.404124 -0.209077 1580312384.030079
7178328.418960 -667738.103482 -2.182372 3.395429 -0.206181 1580312384.279866
7178328.009670 -667738.660087 -2.246547 3.336302 -0.202939 1580312384.479812
7178327.673927 -667739.031324 -2.295003 3.371083 -0.201890 1580312384.629776
7178327.080255 -667739.634921 -2.374697 3.378039 -0.189954 1580312384.879925
7178326.713892 -667739.984764 -2.422104 3.412819 -0.184509 1580312385.029950
7178326.322050 -667740.306648 -2.467290 3.437165 -0.179959 1580312385.179969
7178325.799138 -667740.708781 -2.526820 3.378039 -0.175072 1580312385.380058
7178325.376412 -667741.003932 -2.567627 3.303261 -0.172696 1580312385.530166
7178324.781658 -667741.337874 -2.624853 3.395429 -0.169555 1580312385.729989
7178324.182395 -667741.640448 -2.679205 3.395429 -0.157436 1580312385.929904
7178323.433942 -667741.975481 -2.737768 3.412819 -0.139048 1580312386.179303
7178322.791208 -667742.226045 -2.772800 3.395429 -0.108863 1580312386.379004
7178322.323225 -667742.408879 -2.796523 3.353692 -0.097261 1580312386.528949
7178321.710988 -667742.608621 -2.824208 3.362387 -0.080893 1580312386.728897
7178321.220945 -667742.774415 -2.842082 3.412819 -0.075652 1580312386.878626
7178320.426371 -667742.984512 -2.871110 3.371083 -0.054585 1580312387.128681
7178319.657280 -667743.183329 -2.891983 3.353692 -0.043323 1580312387.378809
7178319.168141 -667743.298932 -2.901211 3.344997 -0.036486 1580312387.529070
7178318.673185 -667743.413017 -2.912806 3.362387 -0.034277 1580312387.679112
7178318.167493 -667743.495688 -2.922090 3.353692 -0.029847 1580312387.829204
7178317.474671 -667743.620810 -2.933606 3.386734 -0.021758 1580312388.029423
7178316.865402 -667743.765567 -2.942414 3.378039 -0.008942 1580312388.229424
7178316.215396 -667743.900768 -2.944627 3.336302 0.003580 1580312388.429239
7178315.612473 -667743.990764 -2.944782 3.320651 0.011377 1580312388.628995
7178315.033198 -667744.123418 -2.945064 3.336302 0.015520 1580312388.778921
7178314.492638 -667744.209364 -2.935242 3.336302 0.026679 1580312388.978991
7178313.978649 -667744.309618 -2.923008 3.329346 0.046106 1580312389.129068
7178313.314373 -667744.432726 -2.901327 3.311956 0.069640 1580312389.329108
7178312.766133 -667744.552628 -2.887525 3.371083 0.076692 1580312389.479032
7178312.109925 -667744.716872 -2.855293 3.235439 0.081960 1580312389.729429
7178311.510342 -667744.868644 -2.842233 3.294566 0.083062 1580312389.879440
7178310.749647 -667745.108117 -2.812661 3.303261 0.089779 1580312390.129501
7178310.231850 -667745.275170 -2.786759 3.285871 0.095460 1580312390.279277
7178309.502760 -667745.520574 -2.745987 3.329346 0.128619 1580312390.529185
7178308.980594 -667745.699207 -2.718094 3.303261 0.134871 1580312390.679070
7178308.454707 -667745.963788 -2.681092 3.202398 0.134921 1580312390.878961
7178307.969632 -667746.193669 -2.649651 3.320651 0.134801 1580312391.029163
7178307.230084 -667746.564639 -2.603048 3.244134 0.136677 1580312391.282120
7178306.737025 -667746.846612 -2.563073 3.244134 0.140299 1580312391.479479
7178306.114344 -667747.248006 -2.524229 3.277176 0.141346 1580312391.679534
7178305.653687 -667747.614718 -2.484049 3.219788 0.147007 1580312391.879476
7178305.068561 -667748.019656 -2.441460 3.202398 0.158624 1580312392.079531
7178304.553146 -667748.428095 -2.396704 3.185008 0.160564 1580312392.279587
7178304.116403 -667748.836576 -2.349329 3.235439 0.160551 1580312392.479489
7178303.748123 -667749.178549 -2.316310 3.219788 0.160526 1580312392.629383
7178303.228775 -667749.770805 -2.256402 3.202398 0.160592 1580312392.879194
7178302.924789 -667750.168832 -2.224420 3.185008 0.160564 1580312393.029189
7178302.420782 -667750.788663 -2.165476 3.127620 0.159444 1580312393.280486
7178302.124339 -667751.226150 -2.125773 3.110230 0.154545 1580312393.479573
7178301.778635 -667751.757057 -2.085872 3.075450 0.139274 1580312393.679796
7178301.384383 -667752.454310 -2.045875 3.051104 0.123584 1580312393.929978
7178301.062920 -667753.090551 -2.008514 3.000672 0.097759 1580312394.179674
7178300.741753 -667753.795795 -1.979213 2.974587 0.069537 1580312394.429307
7178300.506854 -667754.346710 -1.963680 2.941546 0.047821 1580312394.629237
7178300.303717 -667754.871004 -1.948658 2.925894 0.035272 1580312394.829367
7178300.113075 -667755.340682 -1.937947 2.908504 0.026834 1580312395.029371
7178299.936191 -667755.828966 -1.936366 2.891114 0.020887 1580312395.179313
7178299.698118 -667756.544524 -1.924572 2.858073 0.019537 1580312395.479117
7178299.494473 -667757.105546 -1.917364 2.858073 0.019537 1580312395.679188
7178299.316098 -667757.693015 -1.911917 2.825031 0.019625 1580312395.879330
7178299.141839 -667758.255019 -1.907549 2.816336 0.017036 1580312396.079449
7178298.962865 -667758.752535 -1.901792 2.790251 0.006683 1580312396.279541
7178298.711667 -667759.484623 -1.900967 2.757210 -0.007310 1580312396.579147
7178298.511656 -667760.116176 -1.906343 2.731125 -0.009801 1580312396.828950
7178298.315246 -667760.669263 -1.908729 2.715473 -0.009801 1580312397.028861
7178298.033510 -667761.414741 -1.913170 2.689388 -0.009800 1580312397.328658
7178297.848584 -667761.902509 -1.915090 2.665042 -0.009800 1580312397.528698
7178297.553475 -667762.693228 -1.920070 2.656347 -0.006257 1580312397.828951
7178297.301933 -667763.429175 -1.921964 2.731125 -0.003286 1580312398.128976
7178297.155814 -667763.925015 -1.924125 2.790251 0.000071 1580312398.328744
7178296.917140 -667764.596404 -1.924312 2.866768 0.006789 1580312398.578741
7178296.736391 -667765.153902 -1.920946 2.925894 0.008907 1580312398.778898
7178296.540070 -667765.740435 -1.919330 3.068494 0.008929 1580312398.978914
7178296.238137 -667766.491497 -1.918180 3.101535 0.007589 1580312399.228893
7178296.008766 -667767.066162 -1.918029 3.261525 0.004341 1580312399.428888
7178295.839186 -667767.548728 -1.915259 3.336302 0.004350 1580312399.578598
7178295.556513 -667768.302229 -1.916524 3.395429 0.004261 1580312399.828537
7178295.298556 -667769.016722 -1.915127 3.504987 0.004372 1580312400.028578
7178295.057166 -667769.692272 -1.914080 3.597155 0.004672 1580312400.228877
7178294.846050 -667770.215314 -1.913977 3.638891 0.006708 1580312400.378912
7178294.650996 -667770.702323 -1.910448 3.638891 0.006708 1580312400.529102
7178294.431818 -667771.262303 -1.910511 3.673671 0.006714 1580312400.679232
7178294.220188 -667771.930744 -1.910156 3.698018 0.006814 1580312400.879217
7178293.950643 -667772.604072 -1.907458 3.689322 0.006816 1580312401.079084
7178293.698554 -667773.225868 -1.906911 3.689322 0.006718 1580312401.278920
7178293.501358 -667773.773599 -1.905491 3.673671 0.006715 1580312401.429092
7178293.238515 -667774.463927 -1.905018 3.623240 0.006807 1580312401.629139
7178293.029190 -667775.026647 -1.902388 3.531072 0.006888 1580312401.779193
7178292.737227 -667775.842953 -1.902785 3.647586 0.006807 1580312402.029039
7178292.539828 -667776.344948 -1.901655 3.588460 0.006797 1580312402.178991
7178292.355889 -667776.838314 -1.898541 3.546723 0.006790 1580312402.328997
7178292.117536 -667777.486693 -1.898787 3.546723 0.006790 1580312402.529000
7178291.879868 -667778.155112 -1.897637 3.531072 0.006787 1580312402.729147
7178291.718182 -667778.633658 -1.897825 3.504987 0.006783 1580312402.879169
7178291.538183 -667779.176260 -1.894874 3.555418 0.006791 1580312403.029239
7178291.329014 -667779.757073 -1.893347 3.522377 0.006786 1580312403.229179
7178291.138539 -667780.289267 -1.893295 3.362387 0.006763 1580312403.379047
7178290.908610 -667780.880760 -1.892360 3.454555 0.006776 1580312403.579057
7178290.722168 -667781.440241 -1.891082 3.421514 0.008219 1580312403.729152
7178290.378491 -667782.362657 -1.886160 3.371083 0.014662 1580312404.029266
7178290.203659 -667782.843620 -1.885505 3.353692 0.018124 1580312404.180317
7178289.927422 -667783.594855 -1.876059 3.344997 0.028612 1580312404.429160
7178289.703205 -667784.323876 -1.859823 3.329346 0.045145 1580312404.679989
7178289.532106 -667784.838452 -1.848843 3.303261 0.049165 1580312404.829283
7178289.344442 -667785.472377 -1.835420 3.277176 0.049146 1580312405.029203
7178289.208843 -667785.953828 -1.822089 3.270220 0.049238 1580312405.179026
7178289.020206 -667786.574273 -1.807921 3.235439 0.055836 1580312405.378813
7178288.862167 -667787.166767 -1.788736 3.219788 0.059947 1580312405.578834
7178288.717257 -667787.780306 -1.770481 3.211093 0.065016 1580312405.794266
7178288.528561 -667788.740335 -1.739075 3.169357 0.071204 1580312406.079116
7178288.392381 -667789.493904 -1.714740 3.160662 0.081323 1580312406.329288
7178288.273790 -667790.314193 -1.683114 3.127620 0.104718 1580312406.579224
7178288.183474 -667791.038763 -1.641725 3.092840 0.130530 1580312406.829140
7178288.109075 -667791.663036 -1.599221 3.092840 0.163506 1580312407.031346
7178288.089112 -667792.262812 -1.546456 3.068494 0.190634 1580312407.229101
7178288.097172 -667793.059435 -1.476476 3.068494 0.191744 1580312407.479163
7178288.183736 -667793.828605 -1.406898 3.101535 0.190786 1580312407.728932
7178288.309377 -667794.583579 -1.339631 3.110230 0.182082 1580312407.978843
7178288.474629 -667795.178563 -1.286744 3.118925 0.172977 1580312408.179013
7178288.597727 -667795.681407 -1.252131 3.101535 0.170244 1580312408.328972
7178288.779089 -667796.226750 -1.205569 3.068494 0.170323 1580312408.528844
7178289.032703 -667796.941597 -1.144914 3.059799 0.170269 1580312408.778802
7178289.291052 -667797.507692 -1.095428 3.026757 0.170227 1580312408.978874
7178289.651828 -667798.208117 -1.034608 3.068494 0.170176 1580312409.229084
7178290.014958 -667798.829073 -0.978215 3.068494 0.170201 1580312409.478901
7178290.368564 -667799.343859 -0.931114 3.101535 0.170136 1580312409.678680
7178290.714934 -667799.823151 -0.882226 3.009367 0.170282 1580312409.880013
7178291.174503 -667800.425935 -0.824074 2.983282 0.169961 1580312410.128455
7178291.591439 -667800.861846 -0.778839 3.000672 0.169056 1580312410.328542
7178292.064011 -667801.326232 -0.732716 2.967631 0.157706 1580312410.528716
7178292.759308 -667801.919722 -0.666030 2.941546 0.145863 1580312410.879411
7178293.848307 -667802.754276 -0.589214 2.873724 0.134310 1580312411.329177
7178294.414375 -667803.142336 -0.549492 2.831988 0.134260 1580312411.579035
7178294.866404 -667803.402392 -0.516639 2.706778 0.134301 1580312411.779108
7178295.404640 -667803.761899 -0.481544 2.689388 0.125063 1580312412.029187
7178296.240299 -667804.198595 -0.431118 2.689388 0.125063 1580312412.379172
7178297.010213 -667804.533740 -0.398258 2.731125 0.102436 1580312412.679270
7178297.512986 -667804.756771 -0.367535 2.706778 0.102509 1580312412.879361
7178298.020977 -667804.967941 -0.344539 2.638957 0.102544 1580312413.079155
7178298.532735 -667805.152744 -0.323723 2.689388 0.102493 1580312413.278901
7178299.041109 -667805.341359 -0.300706 2.891114 0.102394 1580312413.478473
7178299.635324 -667805.541591 -0.267848 2.731125 0.102815 1580312413.728199
7178300.189340 -667805.667801 -0.242551 2.706778 0.102887 1580312413.928158
7178300.811173 -667805.834888 -0.212030 2.665042 0.103891 1580312414.178304
7178301.367640 -667805.975306 -0.186728 2.623306 0.103855 1580312414.378680
7178301.983572 -667806.098775 -0.159377 2.555484 0.104640 1580312414.628952
7178302.583227 -667806.202676 -0.134854 2.529399 0.104719 1580312414.878965
7178303.091980 -667806.284791 -0.107852 2.472011 0.104713 1580312415.078850
7178303.797630 -667806.361880 -0.076814 2.445926 0.104744 1580312415.378720
7178304.389140 -667806.390257 -0.051293 2.412885 0.111531 1580312415.628783
7178305.057060 -667806.433070 -0.019128 2.412885 0.125535 1580312415.878772
7178305.634190 -667806.428068 0.011947 2.428536 0.142335 1580312416.128987
7178306.245153 -667806.438488 0.055811 2.454621 0.170130 1580312416.379229
7178306.994567 -667806.384817 0.122837 2.437231 0.216547 1580312416.678803
7178307.580106 -667806.350896 0.184690 2.437231 0.234698 1580312416.928619
7178308.165196 -667806.238718 0.250794 2.386799 0.234701 1580312417.178756
7178308.765177 -667806.082339 0.318062 2.312022 0.234754 1580312417.429057
7178309.279668 -667805.886258 0.382673 2.412885 0.239710 1580312417.679280
7178309.925989 -667805.656062 0.461138 2.327673 0.262943 1580312417.979101
7178310.569241 -667805.331290 0.556236 2.312022 0.285574 1580312418.278929
7178311.134830 -667804.940336 0.637570 2.252895 0.286072 1580312418.579159
7178311.570475 -667804.625431 0.709751 2.125947 0.286091 1580312418.829314
7178311.979465 -667804.286062 0.780441 2.169422 0.286085 1580312419.079401
7178312.460100 -667803.775929 0.878222 2.101601 0.285168 1580312419.429622
7178312.829229 -667803.303721 0.951198 2.059864 0.269568 1580312419.729521
7178313.146223 -667802.903356 1.015658 2.000738 0.268052 1580312419.979285
7178313.396160 -667802.438289 1.075984 1.959002 0.252864 1580312420.229151
7178313.658528 -667801.958708 1.141874 1.924221 0.218976 1580312420.529332
7178313.944743 -667801.367144 1.201052 1.891180 0.186987 1580312420.879642
7178314.141227 -667800.849654 1.242668 1.866834 0.141515 1580312421.179668
7178314.309096 -667800.296113 1.269591 1.849444 0.059056 1580312421.479619
7178314.513957 -667799.658874 1.281599 1.814663 -0.003508 1580312421.829571
7178314.686123 -667799.085544 1.271241 1.781622 -0.039102 1580312422.179922
7178314.877631 -667798.540592 1.261808 1.757276 -0.029110 1580312422.529797
7178315.057839 -667798.031370 1.258421 1.713800 -0.009220 1580312422.829855
7178315.313415 -667797.277624 1.252180 1.689454 -0.008078 1580312423.279278
7178315.499262 -667796.754366 1.249380 1.261656 0.004362 1580312423.729239
7178315.661022 -667796.271358 1.246763 0.562572 0.004337 1580312424.329845
