7465825.515449 -629540.994289 0.439125 0.000000 0.000000 1623258737.692506
7465824.951651 -629541.491867 0.412814 -0.000879 0.000939 1623258738.149640
7465825.315357 -629541.130282 0.416773 0.459539 -0.000244 1623258748.048768
7465825.883459 -629540.958280 0.420413 0.951588 -0.001525 1623258748.748450
7465826.325586 -629540.712554 0.416383 1.410248 -0.001525 1623258749.148727
7465826.786391 -629540.496508 0.413897 1.710749 -0.001525 1623258749.448620
7465827.333881 -629540.301460 0.412530 1.947987 -0.000237 1623258749.748688
7465827.875754 -629540.052259 0.408950 2.136020 -0.000236 1623258750.048353
7465828.341367 -629539.855168 0.408647 2.294179 -0.000235 1623258750.248104
7465828.826698 -629539.668396 0.408093 2.404890 -0.000234 1623258750.448259
7465829.424123 -629539.444145 0.409195 2.563048 -0.000232 1623258750.698242
7465829.949410 -629539.182560 0.409953 2.677274 -0.000231 1623258750.898487
7465830.497720 -629538.973998 0.406939 2.800286 -0.000230 1623258751.148338
7465831.035812 -629538.748277 0.404671 2.879366 -0.000229 1623258751.348349
7465831.602266 -629538.522384 0.407355 2.990077 -0.000228 1623258751.548256
7465832.059988 -629538.291106 0.405419 3.102545 -0.000227 1623258751.697999
7465832.646783 -629538.029869 0.403869 3.195683 -0.001526 1623258751.897876
7465833.224084 -629537.800827 0.406180 3.290578 -0.001526 1623258752.048342
7465833.779394 -629537.559892 0.406598 3.417105 -0.001526 1623258752.248406
7465834.258529 -629537.388697 0.404745 3.482126 -0.001526 1623258752.398087
7465834.749334 -629537.169016 0.407941 3.561205 -0.001526 1623258752.598037
7465835.351385 -629536.898499 0.408733 3.687732 -0.001526 1623258752.798122
7465836.002818 -629536.661360 0.410171 3.780870 -0.001526 1623258752.998260
7465836.558051 -629536.425799 0.410035 3.844133 -0.001526 1623258753.148432
7465837.054039 -629536.159271 0.405792 3.923212 -0.001526 1623258753.298180
7465837.620683 -629535.917318 0.407489 3.954844 -0.001526 1623258753.447914
7465838.163857 -629535.680743 0.407838 4.049739 -0.001526 1623258753.597983
7465838.744193 -629535.441465 0.409957 4.114760 -0.001526 1623258753.748026
7465839.269749 -629535.246423 0.407290 4.130576 -0.001526 1623258753.898289
7465839.867385 -629534.973949 0.406547 4.130576 -0.001526 1623258754.048088
7465840.445802 -629534.732751 0.407289 4.225471 -0.001526 1623258754.198002
7465840.947169 -629534.523369 0.403411 4.253588 -0.001526 1623258754.298053
7465841.499304 -629534.310712 0.404612 4.318609 -0.001527 1623258754.448064
7465842.073619 -629534.047079 0.405274 4.381872 -0.001527 1623258754.598194
7465842.602034 -629533.852641 0.408329 4.446893 -0.001527 1623258754.747984
7465843.224199 -629533.570569 0.407504 4.508399 -0.001527 1623258754.898093
7465843.868899 -629533.301420 0.408049 4.573420 -0.001527 1623258755.047997
7465844.354296 -629533.098334 0.406530 4.622625 -0.001527 1623258755.147989
7465845.000631 -629532.833302 0.404563 4.666558 -0.001527 1623258755.297971
7465845.466472 -629532.602968 0.404334 4.712248 -0.001527 1623258755.398047
7465846.003324 -629532.376673 0.406217 4.761453 -0.001527 1623258755.548089
7465846.512671 -629532.151522 0.402717 4.808901 -0.001527 1623258755.648100
7465847.128088 -629531.898456 0.404584 4.887980 -0.001527 1623258755.798191
7465847.621844 -629531.686198 0.404737 4.919612 -0.001527 1623258755.897991
7465848.230695 -629531.434967 0.407421 4.984633 -0.000200 1623258756.048149
7465848.712674 -629531.268007 0.406700 5.016264 -0.001527 1623258756.148173
7465849.197474 -629531.066926 0.406162 5.032080 -0.001527 1623258756.248233
7465849.674082 -629530.858461 0.405829 5.063712 -0.001527 1623258756.348192
7465850.141459 -629530.666426 0.407072 5.109402 -0.001527 1623258756.448427
7465850.864213 -629530.320825 0.404250 5.170908 -0.001527 1623258756.598391
7465851.551521 -629530.058872 0.402442 5.220113 -0.001527 1623258756.748209
7465852.122847 -629529.812710 0.401866 5.267561 -0.001527 1623258756.897888
7465852.734644 -629529.553132 0.401192 5.285134 -0.001527 1623258756.997774
7465853.237257 -629529.299039 0.397990 5.299192 -0.001527 1623258757.097675
7465853.757258 -629529.097071 0.400192 5.332581 -0.000194 1623258757.197743
7465854.229921 -629528.906367 0.399259 5.395845 -0.000193 1623258757.297534
7465854.693885 -629528.689597 0.401325 5.411661 -0.000192 1623258757.397491
7465855.467316 -629528.354735 0.398734 5.471410 -0.000191 1623258757.547377
7465855.998261 -629528.129814 0.399550 5.488983 -0.000190 1623258757.647641
7465856.717316 -629527.836663 0.400704 5.520614 -0.000190 1623258757.797759
7465857.203983 -629527.634001 0.402419 5.568062 -0.000189 1623258757.897749
7465857.697896 -629527.410119 0.399534 5.585635 -0.000189 1623258757.997912
7465858.206103 -629527.172413 0.398402 5.599694 -0.000189 1623258758.097914
7465858.727158 -629526.978165 0.399751 5.633083 -0.000188 1623258758.197864
7465859.211756 -629526.775365 0.398316 5.647141 -0.000187 1623258758.298005
7465859.813685 -629526.521856 0.396979 5.647141 -0.000187 1623258758.397972
7465860.316834 -629526.298434 0.396832 5.696346 -0.000187 1623258758.497963
7465861.026536 -629525.999366 0.395232 5.726221 -0.000185 1623258758.647826
7465861.612735 -629525.749216 0.396469 5.743794 -0.000185 1623258758.747865
7465862.144052 -629525.519462 0.399889 5.761367 -0.000185 1623258758.847942
7465862.677586 -629525.299539 0.397760 5.771911 -0.000185 1623258758.948002
7465863.174629 -629525.099116 0.399314 5.789484 -0.000185 1623258759.047841
7465863.996465 -629524.782665 0.400474 5.803543 -0.000185 1623258759.197806
7465864.530780 -629524.558032 0.400065 5.852748 -0.000183 1623258759.297771
7465865.035320 -629524.344793 0.400032 5.868563 -0.001528 1623258759.397625
7465865.579643 -629524.083104 0.399319 5.886137 -0.001528 1623258759.497533
7465866.093252 -629523.846574 0.401529 5.900195 -0.001528 1623258759.597435
7465866.611399 -629523.631130 0.400284 5.917768 -0.001528 1623258759.697434
7465867.165682 -629523.422448 0.401135 5.917768 -0.001528 1623258759.797458
7465867.728747 -629523.180006 0.399269 5.931827 -0.001528 1623258759.897485
7465868.272153 -629522.957908 0.400002 5.931827 -0.001528 1623258759.997551
7465868.792772 -629522.720371 0.398630 5.931827 -0.001528 1623258760.097396
7465869.372053 -629522.463942 0.395571 5.966973 -0.001528 1623258760.197608
7465869.898807 -629522.250636 0.398256 5.966973 -0.001528 1623258760.297539
7465870.418961 -629522.031026 0.400135 5.949400 -0.001528 1623258760.397662
7465870.967487 -629521.823691 0.398004 5.947643 -0.001528 1623258760.497427
7465871.507505 -629521.603501 0.397078 5.916011 -0.001528 1623258760.597431
7465872.085105 -629521.357184 0.397943 5.898438 -0.001528 1623258760.697676
7465872.580638 -629521.123482 0.397393 5.884379 -0.001528 1623258760.797510
7465873.120372 -629520.931670 0.396216 5.868563 -0.001528 1623258760.897502
7465873.667753 -629520.690639 0.395494 5.836932 -0.001528 1623258760.997489
7465874.157979 -629520.483877 0.396846 5.850990 -0.001528 1623258761.097390
7465874.764889 -629520.261005 0.395687 5.850990 -0.001528 1623258761.197379
7465875.542521 -629519.914631 0.396862 5.821116 -0.001528 1623258761.347253
7465876.051546 -629519.679827 0.394196 5.838689 -0.001528 1623258761.447447
7465876.589817 -629519.455520 0.394327 5.803543 -0.001528 1623258761.547317
7465877.115890 -629519.220172 0.389130 5.789484 -0.001528 1623258761.647429
7465877.696701 -629518.973255 0.391716 5.789484 -0.001528 1623258761.747585
7465878.221780 -629518.767143 0.392884 5.791241 -0.001528 1623258761.847629
7465878.764267 -629518.545876 0.390802 5.791241 -0.001528 1623258761.947671
7465879.564003 -629518.214305 0.391873 5.773668 -0.001528 1623258762.097621
7465880.058880 -629518.011443 0.391537 5.759610 -0.001528 1623258762.197406
7465880.538521 -629517.818319 0.390921 5.759610 -0.001528 1623258762.297523
7465881.107306 -629517.589401 0.392778 5.743794 -0.001528 1623258762.397565
7465881.599392 -629517.396408 0.391567 5.712162 -0.001528 1623258762.497580
7465882.134005 -629517.167894 0.389498 5.712162 -0.001528 1623258762.597672
7465882.660960 -629516.951200 0.390696 5.726221 -0.001528 1623258762.697588
7465883.188298 -629516.744857 0.389892 5.696346 -0.001528 1623258762.797884
7465883.700780 -629516.536189 0.391407 5.712162 -0.001528 1623258762.898188
7465884.216506 -629516.321993 0.389874 5.726221 -0.001528 1623258762.998041
7465884.789190 -629516.076998 0.387691 5.696346 -0.001528 1623258763.098041
7465885.488183 -629515.787011 0.387094 5.664715 -0.001528 1623258763.247976
7465886.046579 -629515.576852 0.387795 5.634840 -0.001528 1623258763.347800
7465886.598272 -629515.341895 0.387655 5.569819 -0.001528 1623258763.447782
7465887.333808 -629515.053222 0.388280 5.552246 -0.001528 1623258763.597658
7465887.819334 -629514.852570 0.387095 5.538188 -0.001528 1623258763.697584
7465888.324735 -629514.654193 0.386276 5.508313 -0.001528 1623258763.797574
7465888.876249 -629514.432262 0.387580 5.490740 -0.001528 1623258763.897606
7465889.362659 -629514.230439 0.388128 5.474924 -0.001527 1623258763.997663
7465890.073541 -629513.931504 0.385457 5.425719 -0.001527 1623258764.147457
7465890.606456 -629513.717708 0.384864 5.411661 -0.001527 1623258764.247542
7465891.077189 -629513.540983 0.384371 5.364213 -0.001527 1623258764.347422
7465891.579056 -629513.322444 0.384162 5.334339 -0.001527 1623258764.447510
7465892.069375 -629513.136196 0.386070 5.299192 -0.001527 1623258764.547564
7465892.541466 -629512.944289 0.384879 5.285134 -0.001527 1623258764.647838
7465893.007076 -629512.746764 0.385387 5.269318 -0.001527 1623258764.747885
7465893.494790 -629512.558692 0.385945 5.255259 -0.001527 1623258764.847565
7465894.009325 -629512.346495 0.385494 5.251745 -0.001527 1623258764.947777
7465894.483529 -629512.162477 0.383088 5.235929 -0.001527 1623258765.047690
7465894.975182 -629511.941817 0.383981 5.204297 -0.001527 1623258765.147840
7465895.648610 -629511.667457 0.386076 5.170908 -0.001527 1623258765.297381
7465896.128334 -629511.468026 0.385712 5.156850 -0.001527 1623258765.397426
7465896.632949 -629511.269862 0.384868 5.125218 -0.001527 1623258765.497608
7465897.334239 -629510.954899 0.386545 5.126975 -0.001527 1623258765.647633
7465898.036810 -629510.696287 0.383933 5.077770 -0.000198 1623258765.797402
7465898.520985 -629510.511594 0.383562 5.044381 -0.000199 1623258765.897528
7465899.188105 -629510.238032 0.385468 5.077770 0.003480 1623258766.047682
7465899.877296 -629509.975194 0.387979 5.014507 0.005930 1623258766.197362
7465900.349902 -629509.764748 0.389030 4.982875 0.005927 1623258766.297385
7465900.995299 -629509.512162 0.393273 5.000448 0.005925 1623258766.447155
7465901.755564 -629509.185988 0.397291 5.000448 0.005927 1623258766.597461
7465902.417791 -629508.921312 0.397814 4.982875 0.007150 1623258766.747527
7465903.054524 -629508.632599 0.401379 4.953001 0.009698 1623258766.897483
7465903.567200 -629508.424865 0.403996 4.935428 0.009695 1623258766.997422
7465904.219095 -629508.134390 0.404162 4.919612 0.009692 1623258767.147320
7465904.899711 -629507.842723 0.405717 4.905553 0.009691 1623258767.297264
7465905.381709 -629507.618604 0.409338 4.873921 0.009686 1623258767.397494
7465906.008049 -629507.350857 0.411758 4.887980 0.010911 1623258767.547326
7465906.468675 -629507.150214 0.412955 4.887980 0.012134 1623258767.647477
7465907.097961 -629506.889108 0.420528 4.873921 0.012132 1623258767.797166
7465907.567410 -629506.680886 0.421744 4.858106 0.013352 1623258767.897025
7465908.032866 -629506.474427 0.421716 4.840532 0.013348 1623258767.996852
7465908.678122 -629506.191057 0.429537 4.793085 0.013339 1623258768.146842
7465909.312180 -629505.901694 0.433033 4.793085 0.013339 1623258768.296293
7465909.926732 -629505.604111 0.435910 4.761453 0.013332 1623258768.446576
7465910.393461 -629505.392274 0.439993 4.761453 0.013332 1623258768.546349
7465910.843813 -629505.146988 0.441613 4.731579 0.014547 1623258768.646331
7465911.449667 -629504.870044 0.446943 4.699947 0.014540 1623258768.796382
7465912.053953 -629504.581640 0.449735 4.652499 0.014531 1623258768.946579
7465912.703318 -629504.250501 0.452254 4.605052 0.013302 1623258769.096816
7465913.307998 -629503.973792 0.455980 4.557604 0.012076 1623258769.246898
7465913.911925 -629503.660851 0.465213 4.494341 0.012064 1623258769.396893
7465914.550828 -629503.351906 0.462721 4.446893 0.013272 1623258769.547197
7465915.142979 -629503.052511 0.466050 4.381872 0.012046 1623258769.696908
7465915.676447 -629502.784224 0.470706 4.334425 0.009609 1623258769.846787
7465916.277754 -629502.473832 0.472113 4.304550 0.004647 1623258769.996565
7465916.883968 -629502.162274 0.473243 4.241287 0.004642 1623258770.146866
7465917.440816 -629501.883691 0.470491 4.225471 0.004642 1623258770.296963
7465918.005894 -629501.599659 0.474174 4.193839 0.004638 1623258770.447148
7465918.599220 -629501.290896 0.475391 4.146392 0.004636 1623258770.596830
7465919.124430 -629501.005860 0.477352 4.128819 0.004635 1623258770.746626
7465919.680521 -629500.704472 0.477324 4.081371 0.004632 1623258770.896672
7465920.201662 -629500.431262 0.478340 4.051497 0.004629 1623258771.046609
7465920.720920 -629500.169343 0.477288 4.051497 0.004629 1623258771.196539
7465921.455682 -629499.784497 0.479071 3.988233 0.004624 1623258771.396649
7465921.994562 -629499.493218 0.479796 3.972417 0.004623 1623258771.546827
7465922.513436 -629499.212764 0.481055 3.940786 0.004621 1623258771.696981
7465923.059316 -629498.918366 0.480960 3.907397 0.004620 1623258771.847395
7465923.568996 -629498.659234 0.480315 3.893338 0.004617 1623258771.997425
7465924.105999 -629498.386998 0.482460 3.845890 0.004617 1623258772.147456
7465924.687252 -629498.097814 0.481954 3.845890 0.004616 1623258772.297380
7465925.243020 -629497.779986 0.488374 3.798443 0.005819 1623258772.497206
7465925.762391 -629497.492150 0.488002 3.780870 0.007024 1623258772.647303
7465926.211608 -629497.241309 0.492068 3.735179 0.008329 1623258772.797119
7465926.728782 -629496.957381 0.493011 3.719364 0.008326 1623258772.947046
7465927.330275 -629496.614529 0.497743 3.701790 0.009529 1623258773.147335
7465927.846018 -629496.331238 0.497560 3.671916 0.009529 1623258773.297342
7465928.395021 -629496.048475 0.498774 3.654343 0.009523 1623258773.447348
7465928.996788 -629495.757342 0.502341 3.640284 0.009523 1623258773.647175
7465929.497969 -629495.503823 0.503025 3.610410 0.009520 1623258773.796967
7465930.057532 -629495.150476 0.511115 3.575263 0.011925 1623258773.996903
7465930.516102 -629494.897738 0.510044 3.545389 0.014326 1623258774.146707
7465930.974329 -629494.659338 0.514992 3.513757 0.022851 1623258774.296702
7465931.466624 -629494.382575 0.521421 3.483883 0.032563 1623258774.446938
7465932.038656 -629494.017573 0.530122 3.434678 0.049653 1623258774.646939
7465932.598834 -629493.673856 0.549226 3.401289 0.058115 1623258774.847067
7465933.037782 -629493.422015 0.559089 3.371415 0.066661 1623258774.997027
7465933.567026 -629493.131151 0.567263 3.322210 0.072721 1623258775.146813
7465934.111149 -629492.764266 0.588075 3.292335 0.082423 1623258775.346657
7465934.661629 -629492.396740 0.612049 3.260704 0.094485 1623258775.546627
7465935.136673 -629492.026185 0.633430 3.195683 0.104206 1623258775.746356
7465935.575740 -629491.667240 0.668238 3.165808 0.110187 1623258775.946455
7465936.076720 -629491.238763 0.698801 3.118361 0.116236 1623258776.146671
7465936.528355 -629490.879287 0.723519 3.104302 0.123482 1623258776.346867
7465936.922573 -629490.432583 0.752842 3.055097 0.130767 1623258776.547062
7465937.369402 -629490.073411 0.786094 3.021708 0.142818 1623258776.747133
7465937.747078 -629489.699257 0.811468 2.991834 0.145213 1623258776.896885
7465938.086434 -629489.290531 0.848496 2.960202 0.145173 1623258777.096751
7465938.460213 -629488.889960 0.881301 2.912755 0.153647 1623258777.296695
7465938.787792 -629488.485318 0.908111 2.881123 0.170580 1623258777.446736
7465939.172045 -629488.002455 0.959986 2.816102 0.177777 1623258777.696847
7465939.533650 -629487.499114 0.996339 2.786228 0.178979 1623258777.896883
7465939.868137 -629487.035483 1.036343 2.754596 0.192280 1623258778.096828
7465940.049455 -629486.547503 1.081645 2.722964 0.194701 1623258778.296818
7465940.289424 -629486.080530 1.122530 2.689575 0.190948 1623258778.496964
7465940.508854 -629485.498234 1.174922 2.675517 0.189691 1623258778.747080
7465940.697506 -629485.010591 1.221014 2.659701 0.184815 1623258778.946521
7465940.855720 -629484.527140 1.254734 2.675517 0.187246 1623258779.146626
7465941.059684 -629483.987486 1.292689 2.642128 0.205482 1623258779.346714
7465941.267092 -629483.430040 1.340423 2.628069 0.218747 1623258779.546498
7465941.387478 -629482.860124 1.390193 2.563048 0.234530 1623258779.796673
7465941.432061 -629482.351546 1.437678 2.483969 0.230685 1623258779.996477
7465941.442367 -629481.847649 1.495471 2.406647 0.230580 1623258780.246561
7465941.519573 -629481.293445 1.559256 2.436521 0.230580 1623258780.446436
7465941.533490 -629480.758037 1.601297 2.357442 0.229227 1623258780.696501
7465941.498704 -629480.188073 1.658368 2.343384 0.229227 1623258780.946518
7465941.432435 -629479.611128 1.717666 2.438279 0.248857 1623258781.196399
7465941.339122 -629479.043385 1.780969 2.610496 0.258876 1623258781.446137
7465941.220971 -629478.482655 1.837673 2.640370 0.272296 1623258781.646214
7465941.087388 -629477.919229 1.915489 2.578864 0.279479 1623258781.896518
7465940.931560 -629477.431290 1.971777 2.561291 0.290373 1623258782.096554
7465940.696875 -629476.914667 2.045467 2.548990 0.318412 1623258782.346586
7465940.472426 -629476.444296 2.111856 2.499785 0.331657 1623258782.546472
7465940.133379 -629475.894317 2.201386 2.563048 0.344081 1623258782.796267
7465939.774553 -629475.455448 2.289280 2.578864 0.357526 1623258783.046085
7465939.316948 -629474.974136 2.391713 2.722964 0.362799 1623258783.296320
7465938.864070 -629474.614680 2.489767 2.786228 0.362979 1623258783.546506
7465938.434534 -629474.301169 2.573010 2.851248 0.360726 1623258783.746225
7465937.967734 -629474.021091 2.655454 2.893424 0.352300 1623258783.945931
7465937.409438 -629473.744411 2.734375 2.926813 0.349969 1623258784.146113
7465936.861669 -629473.508722 2.842667 3.037524 0.335483 1623258784.396149
7465936.288352 -629473.376278 2.922306 3.102545 0.314870 1623258784.596433
7465935.714188 -629473.273849 3.001871 3.148235 0.286875 1623258784.796608
7465935.090305 -629473.161117 3.069738 3.195683 0.263795 1623258784.996364
7465934.471742 -629473.145366 3.131505 3.244888 0.243116 1623258785.196209
7465933.831179 -629473.144872 -3.085362 3.274762 0.221189 1623258785.396480
7465933.315742 -629473.206407 -3.046348 3.338026 0.199359 1623258785.546380
7465932.798916 -629473.282004 -3.005888 3.369657 0.177468 1623258785.696388
7465932.271863 -629473.325345 -2.978445 3.399532 0.153181 1623258785.846509
7465931.673942 -629473.442607 -2.938345 3.448737 0.120241 1623258786.046204
7465931.173025 -629473.572172 -2.914179 3.513757 0.102050 1623258786.196054
7465930.497344 -629473.719717 -2.888640 3.575263 0.080164 1623258786.396015
7465929.965460 -629473.823509 -2.872454 3.640284 0.068050 1623258786.546280
7465929.481068 -629473.972779 -2.855947 3.689489 0.053382 1623258786.696162
7465928.922555 -629474.147721 -2.847992 3.733422 0.036359 1623258786.845841
7465928.361086 -629474.295136 -2.842644 3.779112 0.024120 1623258786.996097
7465927.846208 -629474.466259 -2.838341 3.826560 0.016890 1623258787.146040
7465927.250552 -629474.681439 -2.838710 3.844133 0.013170 1623258787.296074
7465926.711415 -629474.841744 -2.832497 3.907397 0.013180 1623258787.445981
7465926.109005 -629475.041657 -2.829419 3.954844 0.013188 1623258787.596117
7465925.577057 -629475.221154 -2.826264 3.954844 0.013191 1623258787.746068
7465925.038273 -629475.419302 -2.820759 4.002292 0.009566 1623258787.896135
7465924.440765 -629475.582325 -2.818609 4.019865 0.009568 1623258788.046420
7465923.869403 -629475.779032 -2.817010 4.033923 0.009570 1623258788.196273
7465923.297635 -629475.964929 -2.815605 4.083128 0.008365 1623258788.346020
7465922.720364 -629476.158985 -2.814460 4.158693 0.007060 1623258788.495965
7465922.146376 -629476.352533 -2.812287 4.176266 0.007062 1623258788.646036
7465921.565464 -629476.557183 -2.812429 4.223714 0.007065 1623258788.796081
7465921.000935 -629476.736259 -2.810210 4.255346 -0.000212 1623258788.946024
7465920.376351 -629476.982330 -2.809076 4.302793 -0.001526 1623258789.095742
7465919.888110 -629477.123980 -2.809855 4.320366 -0.001527 1623258789.195753
7465919.317059 -629477.323376 -2.810926 4.367814 -0.001527 1623258789.345493
7465918.519774 -629477.598918 -2.811254 4.431077 -0.001527 1623258789.545646
7465917.840465 -629477.811386 -2.812588 4.492583 -0.001527 1623258789.695720
7465917.198770 -629478.062151 -2.813020 4.555847 -0.000207 1623258789.845939
7465916.645421 -629478.247690 -2.811594 4.555847 -0.000207 1623258789.995773
7465916.169960 -629478.416302 -2.812783 4.587479 -0.000206 1623258790.095412
7465915.477205 -629478.625324 -2.809921 4.634926 -0.000206 1623258790.245710
7465914.906218 -629478.824536 -2.812691 4.620868 -0.000206 1623258790.395553
7465914.214628 -629479.067103 -2.816115 4.699947 -0.000205 1623258790.545551
7465913.617398 -629479.260834 -2.815399 4.731579 -0.000204 1623258790.695727
7465913.097622 -629479.435397 -2.817279 4.763210 -0.000204 1623258790.795743
7465912.458441 -629479.645885 -2.814862 4.779026 -0.000203 1623258790.945562
7465911.967673 -629479.785820 -2.810463 4.810658 0.001020 1623258791.045502
7465911.311480 -629480.053477 -2.810202 4.824717 0.002242 1623258791.195856
7465910.806940 -629480.210304 -2.811955 4.838775 0.002243 1623258791.295886
7465910.222770 -629480.407976 -2.812839 4.887980 0.002243 1623258791.445979
7465909.593158 -629480.624367 -2.813271 4.887980 0.002244 1623258791.595932
7465909.061978 -629480.836585 -2.811278 4.935428 0.002246 1623258791.695596
7465908.336793 -629481.049821 -2.808812 4.953001 0.001024 1623258791.845973
7465907.864507 -629481.218922 -2.809478 4.967059 -0.000200 1623258791.945340
7465907.378269 -629481.366852 -2.808658 4.967059 -0.000200 1623258792.045296
7465906.765261 -629481.612186 -2.808510 5.000448 0.001026 1623258792.195351
7465906.245832 -629481.759050 -2.809605 5.014507 0.001027 1623258792.295368
7465905.741275 -629481.942472 -2.806775 5.063712 0.001027 1623258792.395446
7465905.245593 -629482.127104 -2.807480 5.063712 0.001028 1623258792.495535
7465904.518214 -629482.369593 -2.808150 5.125218 0.001030 1623258792.645636
7465904.031861 -629482.545755 -2.806175 5.125218 0.001030 1623258792.745649
7465903.386309 -629482.753838 -2.806252 5.139276 -0.000197 1623258792.895407
7465902.810760 -629482.962388 -2.804453 5.156850 -0.000197 1623258792.995471
7465902.316194 -629483.128230 -2.803933 5.170908 -0.000197 1623258793.095387
7465901.595106 -629483.364009 -2.807177 5.206055 -0.000196 1623258793.245376
7465901.106354 -629483.535329 -2.805042 5.206055 -0.000196 1623258793.345416
7465900.631982 -629483.721705 -2.805559 5.220113 -0.000196 1623258793.445446
7465900.153135 -629483.871405 -2.809246 5.253502 -0.000195 1623258793.545437
7465899.370476 -629484.117734 -2.805469 5.285134 -0.000194 1623258793.695440
7465898.899536 -629484.296438 -2.806407 5.299192 -0.000194 1623258793.795264
7465898.386536 -629484.448797 -2.806712 5.316766 -0.000194 1623258793.895342
7465897.664329 -629484.716116 -2.803378 5.316766 -0.000194 1623258794.045118
7465897.115576 -629484.888766 -2.805280 5.348397 -0.001527 1623258794.145068
7465896.607846 -629485.073655 -2.802015 5.378272 -0.001527 1623258794.245003
7465895.945600 -629485.327949 -2.805726 5.392330 -0.002759 1623258794.395264
7465895.376850 -629485.503330 -2.803771 5.423962 -0.003993 1623258794.495206
7465894.846886 -629485.680803 -2.803567 5.423962 -0.003993 1623258794.595187
7465894.314503 -629485.885021 -2.802494 5.459108 -0.003994 1623258794.695439
7465893.547867 -629486.125979 -2.808622 5.473167 -0.003994 1623258794.845755
7465892.829329 -629486.378363 -2.809694 5.488983 -0.001527 1623258794.995622
7465892.307226 -629486.565571 -2.812452 5.520614 -0.001528 1623258795.095652
7465891.779527 -629486.754665 -2.812028 5.538188 -0.001528 1623258795.195503
7465891.262802 -629486.919059 -2.812400 5.552246 -0.001528 1623258795.295494
7465890.711816 -629487.111941 -2.810960 5.569819 -0.001528 1623258795.395286
7465890.183342 -629487.263328 -2.810845 5.585635 -0.001528 1623258795.495709
7465889.625712 -629487.471738 -2.811394 5.587393 -0.001528 1623258795.595580
7465889.113650 -629487.661231 -2.812435 5.601451 -0.001528 1623258795.695825
7465888.624607 -629487.809572 -2.811788 5.615510 -0.002764 1623258795.795787
7465888.056312 -629488.021096 -2.808482 5.631326 -0.002764 1623258795.895564
7465887.509035 -629488.213505 -2.811248 5.647141 -0.002765 1623258795.995678
7465886.960832 -629488.415289 -2.811322 5.662957 -0.002765 1623258796.095665
7465886.222518 -629488.631677 -2.812315 5.662957 -0.002765 1623258796.245661
7465885.430112 -629488.884411 -2.812343 5.694589 -0.001528 1623258796.395581
7465884.907116 -629489.075643 -2.812518 5.712162 -0.001528 1623258796.495591
7465884.364914 -629489.268917 -2.811328 5.726221 -0.001528 1623258796.595622
7465883.791057 -629489.459012 -2.812660 5.726221 -0.001528 1623258796.695719
7465883.301003 -629489.606111 -2.814093 5.743794 -0.001528 1623258796.795908
7465882.624146 -629489.816190 -2.812802 5.759610 -0.001528 1623258796.895686
7465882.103489 -629490.025002 -2.814430 5.759610 -0.001528 1623258796.995550
7465881.398915 -629490.259153 -2.816072 5.791241 -0.001528 1623258797.145352
7465880.718444 -629490.476061 -2.815899 5.791241 -0.001528 1623258797.245441
7465880.188498 -629490.671971 -2.815999 5.805300 -0.001528 1623258797.345155
7465879.616183 -629490.872253 -2.814725 5.821116 -0.001528 1623258797.445194
7465879.120031 -629491.029100 -2.812971 5.868563 -0.001528 1623258797.545263
7465878.529431 -629491.231758 -2.819159 5.836932 -0.001528 1623258797.645303
7465878.005461 -629491.408335 -2.818382 5.868563 -0.001528 1623258797.745276
7465877.466256 -629491.590135 -2.814867 5.886137 -0.001528 1623258797.845594
7465876.842918 -629491.788178 -2.819156 5.868563 -0.000183 1623258797.945411
7465876.058026 -629492.030629 -2.817889 5.886137 -0.000182 1623258798.095365
7465875.510160 -629492.214370 -2.817722 5.900195 -0.000182 1623258798.195280
7465875.033977 -629492.373081 -2.819897 5.900195 -0.000182 1623258798.295286
7465874.198084 -629492.648815 -2.815271 5.917768 -0.000182 1623258798.445371
7465873.667664 -629492.824908 -2.816998 5.917768 -0.000182 1623258798.545391
7465872.984531 -629493.057119 -2.816053 5.931827 -0.000181 1623258798.645685
7465872.385297 -629493.271852 -2.815470 5.949400 -0.000181 1623258798.745409
7465871.602871 -629493.512135 -2.815065 5.949400 -0.000181 1623258798.895757
7465871.072067 -629493.684882 -2.815767 5.949400 -0.000181 1623258798.995831
7465870.498475 -629493.856886 -2.814344 5.963459 -0.000181 1623258799.095865
7465869.926306 -629494.046656 -2.819410 5.977517 -0.000181 1623258799.195906
7465869.413751 -629494.251346 -2.818106 5.995090 -0.000181 1623258799.295812
7465868.853347 -629494.463191 -2.822766 5.977517 -0.000181 1623258799.395659
7465868.340288 -629494.626438 -2.821651 5.930070 -0.000181 1623258799.495558
7465867.694719 -629494.831601 -2.818976 5.947643 -0.000181 1623258799.595282
7465867.109810 -629495.017141 -2.818919 5.930070 -0.000181 1623258799.695274
7465866.583831 -629495.185451 -2.816644 5.916011 -0.000182 1623258799.795287
7465866.038918 -629495.372258 -2.818656 5.916011 -0.000182 1623258799.895332
7465865.439692 -629495.575130 -2.816540 5.900195 -0.000182 1623258799.995594
7465864.896383 -629495.760545 -2.811658 5.868563 -0.000183 1623258800.095476
7465864.386233 -629495.906521 -2.811738 5.886137 -0.000182 1623258800.195625
7465863.836132 -629496.102201 -2.809301 5.852748 -0.000183 1623258800.295703
7465863.332678 -629496.262571 -2.811797 5.838689 -0.000184 1623258800.395715
7465862.704400 -629496.466016 -2.808639 5.805300 -0.000185 1623258800.495760
7465861.952005 -629496.724376 -2.810824 5.773668 -0.000185 1623258800.645594
7465861.367001 -629496.940985 -2.816203 5.742037 -0.000185 1623258800.745533
7465860.801971 -629497.131677 -2.818295 5.726221 -0.000185 1623258800.845634
7465860.085013 -629497.371594 -2.816902 5.726221 -0.000185 1623258800.995568
7465859.504918 -629497.553019 -2.814602 5.678773 -0.000187 1623258801.095556
7465859.027998 -629497.716737 -2.818308 5.678773 -0.000187 1623258801.195326
7465858.464680 -629497.916518 -2.810977 5.664715 -0.000187 1623258801.295293
7465857.883688 -629498.131996 -2.809730 5.633083 -0.000188 1623258801.395268
7465857.318177 -629498.312566 -2.812073 5.599694 -0.000189 1623258801.495298
7465856.658484 -629498.525048 -2.814366 5.585635 -0.000189 1623258801.645532
7465856.114680 -629498.709450 -2.812925 5.552246 -0.000189 1623258801.745946
7465855.616582 -629498.915808 -2.814784 5.538188 -0.000189 1623258801.845851
7465855.005116 -629499.097552 -2.814087 5.520614 -0.000190 1623258801.946158
7465854.473539 -629499.288576 -2.813022 5.506556 -0.000190 1623258802.046277
7465853.761901 -629499.557090 -2.810986 5.473167 0.001043 1623258802.196338
7465853.235305 -629499.701204 -2.809035 5.459108 0.001042 1623258802.296329
7465852.651495 -629499.923041 -2.803943 5.443293 0.002275 1623258802.396130
7465852.080697 -629500.125691 -2.804432 5.411661 0.003506 1623258802.496279
7465851.587492 -629500.271695 -2.805414 5.395845 0.003505 1623258802.596157
7465851.002645 -629500.436883 -2.799112 5.346640 0.003501 1623258802.696044
7465850.427379 -629500.640010 -2.797626 5.332581 0.003500 1623258802.795953
7465849.907225 -629500.811031 -2.803333 5.332581 0.003500 1623258802.945736
7465849.304647 -629501.027003 -2.802029 5.285134 0.003497 1623258803.045574
7465848.663404 -629501.263725 -2.800242 5.269318 0.003495 1623258803.195287
7465848.002449 -629501.520002 -2.792478 5.221870 0.002263 1623258803.345360
7465847.293497 -629501.743501 -2.797137 5.207812 0.001034 1623258803.495301
7465846.732117 -629501.961475 -2.801439 5.190239 0.001032 1623258803.595245
7465846.061678 -629502.212072 -2.802750 5.142791 0.001031 1623258803.745167
7465845.553691 -629502.393252 -2.802345 5.156850 0.001031 1623258803.845040
7465844.911006 -629502.597155 -2.797308 5.111159 -0.000198 1623258803.994895
7465844.410112 -629502.802134 -2.801207 5.095344 -0.000198 1623258804.094891
7465843.902609 -629503.001316 -2.799417 5.063712 -0.001527 1623258804.195010
7465843.402252 -629503.170400 -2.803166 5.061954 -0.001527 1623258804.294964
7465842.743376 -629503.390782 -2.801818 5.030323 -0.001527 1623258804.444948
7465842.227053 -629503.578642 -2.805000 5.012750 -0.001527 1623258804.544979
7465841.591731 -629503.795920 -2.800838 4.998691 -0.001527 1623258804.694779
7465840.854705 -629504.059699 -2.802292 5.000448 -0.001527 1623258804.844675
7465840.368347 -629504.220284 -2.803951 4.982875 -0.001527 1623258804.944651
7465839.674715 -629504.465572 -2.803887 5.000448 -0.001527 1623258805.094429
7465839.171002 -629504.654559 -2.802620 5.000448 -0.001527 1623258805.194432
7465838.516313 -629504.890048 -2.804598 5.014507 -0.001527 1623258805.344638
7465837.977537 -629505.095802 -2.805938 5.014507 -0.001527 1623258805.444677
7465837.244810 -629505.346509 -2.804993 5.014507 -0.001527 1623258805.594808
7465836.677771 -629505.550247 -2.805766 5.014507 -0.001527 1623258805.744610
7465836.178067 -629505.728837 -2.804715 5.032080 -0.001527 1623258805.844821
7465835.445521 -629505.986628 -2.809145 5.000448 -0.001527 1623258805.994938
7465834.944472 -629506.163644 -2.805499 5.032080 -0.001527 1623258806.095213
7465834.312371 -629506.348796 -2.805408 5.032080 -0.001527 1623258806.245113
7465833.748147 -629506.544558 -2.806749 5.016264 -0.001527 1623258806.345178
7465833.073894 -629506.805431 -2.806279 5.016264 -0.000199 1623258806.495094
7465832.401554 -629507.043162 -2.805207 4.984633 -0.000200 1623258806.645107
7465831.860284 -629507.226141 -2.803792 4.937185 -0.000201 1623258806.744991
7465831.208032 -629507.467923 -2.805607 4.937185 -0.000201 1623258806.894865
7465830.551324 -629507.679084 -2.805203 4.919612 -0.000201 1623258807.044762
7465829.992278 -629507.879917 -2.802903 4.905553 -0.000202 1623258807.144824
7465829.233631 -629508.128794 -2.800494 4.889737 -0.002750 1623258807.294721
7465828.599037 -629508.351922 -2.801568 4.875679 -0.006420 1623258807.444693
7465827.932349 -629508.561813 -2.802049 4.856348 -0.011412 1623258807.594751
7465827.349455 -629508.774536 -2.805842 4.856348 -0.015080 1623258807.744910
7465826.847960 -629508.943914 -2.816118 4.838775 -0.015075 1623258807.844885
7465826.350565 -629509.117194 -2.817092 4.824717 -0.015077 1623258807.944871
7465825.659961 -629509.365990 -2.821637 4.824717 -0.015075 1623258808.094688
7465824.977392 -629509.602326 -2.826640 4.808901 -0.015072 1623258808.244531
7465824.348267 -629509.818456 -2.830731 4.808901 -0.015072 1623258808.394566
7465823.870980 -629509.984165 -2.834852 4.808901 -0.015072 1623258808.494494
7465823.176804 -629510.194021 -2.838848 4.791328 -0.015072 1623258808.644643
7465822.501539 -629510.411467 -2.842776 4.793085 -0.015069 1623258808.794847
7465821.809044 -629510.580844 -2.848195 4.761453 -0.013845 1623258808.944741
7465821.170056 -629510.789044 -2.849789 4.747395 -0.013840 1623258809.094862
7465820.460794 -629511.017989 -2.856352 4.714006 -0.011398 1623258809.244761
7465819.841068 -629511.195233 -2.858593 4.682374 -0.005187 1623258809.394872
7465819.151416 -629511.441395 -2.856350 4.634926 -0.005185 1623258809.544636
7465818.507997 -629511.627103 -2.860277 4.587479 -0.005183 1623258809.694901
7465817.890535 -629511.820820 -2.864325 4.555847 -0.006399 1623258809.844962
7465817.393138 -629511.936890 -2.865845 4.525973 -0.007616 1623258809.944742
7465816.784156 -629512.119313 -2.867629 4.446893 -0.006393 1623258810.094893
7465816.174328 -629512.306174 -2.869146 4.367814 -0.000210 1623258810.244892
7465815.540509 -629512.512047 -2.872184 4.334425 0.001005 1623258810.394609
7465814.940986 -629512.668912 -2.869737 4.285220 0.004645 1623258810.544956
7465814.316717 -629512.854889 -2.868992 4.223714 0.004643 1623258810.694856
7465813.732376 -629513.031109 -2.864387 4.193839 0.008379 1623258810.844979
7465813.126918 -629513.192231 -2.860802 4.144635 0.012013 1623258810.995060
7465812.516720 -629513.364119 -2.859094 4.128819 0.018163 1623258811.144827
7465811.918185 -629513.551159 -2.852624 4.081371 0.027936 1623258811.294861
7465811.357831 -629513.722366 -2.847008 4.018108 0.034060 1623258811.445019
7465810.842106 -629513.874971 -2.836628 3.970660 0.037664 1623258811.594958
7465810.193406 -629514.104399 -2.827497 3.939028 0.037650 1623258811.744464
7465809.668552 -629514.263899 -2.818958 3.891581 0.037630 1623258811.894552
7465809.192113 -629514.428221 -2.812921 3.844133 0.037617 1623258812.044547
7465808.644814 -629514.603103 -2.803687 3.844133 0.037609 1623258812.194674
7465808.081565 -629514.795574 -2.793302 3.796686 0.037590 1623258812.344766
7465807.554742 -629515.003840 -2.786121 3.749238 0.036366 1623258812.494774
7465807.025139 -629515.204309 -2.778247 3.735179 0.033951 1623258812.644553
7465806.510905 -629515.426780 -2.765912 3.735179 0.033951 1623258812.794307
7465805.985689 -629515.625229 -2.762322 3.701790 0.033939 1623258812.944205
7465805.462599 -629515.830272 -2.754361 3.670159 0.033926 1623258813.094222
7465804.991043 -629516.029195 -2.747433 3.652585 0.036328 1623258813.244219
7465804.499771 -629516.241117 -2.739282 3.591079 0.039919 1623258813.394426
7465804.017917 -629516.430457 -2.728969 3.575263 0.043610 1623258813.544569
7465803.541342 -629516.661351 -2.720965 3.561205 0.048515 1623258813.694701
7465803.046492 -629516.895442 -2.709499 3.575263 0.056989 1623258813.844727
7465802.394233 -629517.200403 -2.690813 3.526059 0.067969 1623258814.044587
7465801.912482 -629517.419265 -2.679184 3.482126 0.074004 1623258814.194369
7465801.315567 -629517.707590 -2.656784 3.434678 0.083728 1623258814.394087
7465800.763690 -629518.057738 -2.630495 3.385473 0.087347 1623258814.594146
7465800.280669 -629518.333340 -2.616205 3.290578 0.088471 1623258814.743997
7465799.716917 -629518.644386 -2.591265 3.308151 0.095814 1623258814.944161
7465799.272381 -629518.901088 -2.571906 3.273005 0.104297 1623258815.094036
7465798.727597 -629519.264496 -2.543704 3.273005 0.112759 1623258815.294029
7465798.222410 -629519.624113 -2.516807 3.274762 0.112728 1623258815.494077
7465797.765716 -629520.022450 -2.482461 3.195683 0.112746 1623258815.694107
7465797.200695 -629520.421426 -2.459295 3.132419 0.123513 1623258815.894250
7465796.772470 -629520.802383 -2.423108 3.102545 0.134437 1623258816.094049
7465796.319942 -629521.197411 -2.391547 3.069156 0.141709 1623258816.293901
7465795.876220 -629521.635221 -2.355642 3.019951 0.152624 1623258816.493824
7465795.492710 -629522.007589 -2.316721 3.019951 0.156208 1623258816.693573
7465795.077678 -629522.470751 -2.279519 3.037524 0.156232 1623258816.893469
7465794.668520 -629522.925835 -2.239331 3.021708 0.163556 1623258817.093747
7465794.305102 -629523.418130 -2.199766 3.021708 0.180574 1623258817.293834
7465793.964341 -629523.890994 -2.152205 3.021708 0.196319 1623258817.494112
7465793.644026 -629524.418166 -2.101344 3.037524 0.207343 1623258817.694190
7465793.403277 -629524.914594 -2.054987 3.021708 0.210998 1623258817.894079
7465793.143848 -629525.441555 -2.001227 3.007650 0.210972 1623258818.093710
7465792.902097 -629525.971527 -1.947536 3.021708 0.212129 1623258818.294082
7465792.676729 -629526.538406 -1.895253 3.021708 0.219468 1623258818.494020
7465792.499258 -629527.122443 -1.846306 3.193925 0.229300 1623258818.694142
7465792.342076 -629527.676486 -1.789091 3.021708 0.233995 1623258818.894059
7465792.217410 -629528.276666 -1.735293 3.007650 0.236506 1623258819.093881
7465792.137163 -629528.842925 -1.683178 2.942629 0.236380 1623258819.293776
7465792.091773 -629529.390198 -1.623608 2.977775 0.236442 1623258819.493854
7465792.091478 -629529.918562 -1.564578 2.881123 0.242374 1623258819.694428
7465792.107825 -629530.569154 -1.496089 2.816102 0.245878 1623258819.944524
7465792.131903 -629531.118450 -1.439456 2.816102 0.247048 1623258820.144534
7465792.226314 -629531.683538 -1.386353 2.802044 0.240954 1623258820.344405
7465792.352247 -629532.217506 -1.332691 2.803801 0.240958 1623258820.544168
7465792.479876 -629532.763071 -1.278672 2.817859 0.239781 1623258820.743887
7465792.636730 -629533.300520 -1.225300 2.861792 0.227687 1623258820.943964
7465792.833038 -629533.807455 -1.173285 2.926813 0.216822 1623258821.144321
7465793.101055 -629534.301753 -1.125518 2.942629 0.204718 1623258821.344529
7465793.325824 -629534.835333 -1.076563 2.990077 0.197501 1623258821.544554
7465793.614979 -629535.366148 -1.029658 3.037524 0.196345 1623258821.744497
7465793.925689 -629535.892891 -0.980974 3.086729 0.194051 1623258821.944134
7465794.277913 -629536.443295 -0.937614 3.181624 0.183226 1623258822.143999
7465794.640608 -629536.929348 -0.890123 3.244888 0.171123 1623258822.343781
7465795.027566 -629537.416049 -0.846748 3.306394 0.163976 1623258822.543736
7465795.386934 -629537.831825 -0.812235 3.355599 0.164052 1623258822.693899
7465795.852005 -629538.262593 -0.767038 3.399532 0.162863 1623258822.894107
7465796.242975 -629538.647054 -0.735759 3.399532 0.161603 1623258823.044230
7465796.764653 -629539.138950 -0.693042 3.448737 0.160516 1623258823.243848
7465797.226609 -629539.552716 -0.650809 3.466310 0.153255 1623258823.443509
7465797.786929 -629539.922655 -0.605697 3.496184 0.138658 1623258823.643433
7465798.236922 -629540.219720 -0.579168 3.513757 0.132508 1623258823.793327
7465798.742334 -629540.597083 -0.540744 3.527816 0.128893 1623258823.993291
7465799.247776 -629540.868960 -0.515205 3.545389 0.128916 1623258824.143258
7465799.704840 -629541.117949 -0.488546 3.545389 0.127737 1623258824.293263
7465800.218170 -629541.368224 -0.461844 3.562962 0.125301 1623258824.443294
7465800.768328 -629541.677395 -0.429846 3.573506 0.117927 1623258824.643189
7465801.265554 -629541.894759 -0.403026 3.573506 0.115580 1623258824.793080
7465801.812970 -629542.060558 -0.379100 3.573506 0.115559 1623258824.943118
7465802.440116 -629542.304838 -0.350088 3.608653 0.115600 1623258825.143237
7465802.924218 -629542.444655 -0.325118 3.591079 0.111926 1623258825.293250
7465803.505451 -629542.639561 -0.302786 3.608653 0.109474 1623258825.443288
7465804.013804 -629542.816526 -0.274457 3.591079 0.106981 1623258825.593145
7465804.715323 -629542.959083 -0.248971 3.591079 0.100941 1623258825.793165
7465805.331104 -629543.150205 -0.221027 3.575263 0.098447 1623258825.993395
7465805.887592 -629543.283527 -0.199336 3.575263 0.097257 1623258826.143086
7465806.427040 -629543.392693 -0.174250 3.561205 0.097243 1623258826.292852
7465807.050202 -629543.501651 -0.152507 3.543632 0.097226 1623258826.492910
7465807.578146 -629543.557982 -0.132958 3.527816 0.097210 1623258826.643104
7465808.111883 -629543.650073 -0.112336 3.513757 0.089855 1623258826.793251
7465808.622901 -629543.743784 -0.091186 3.513757 0.082601 1623258826.943384
7465809.159077 -629543.761832 -0.077562 3.545389 0.082628 1623258827.093419
7465809.660278 -629543.820832 -0.054523 3.513757 0.082601 1623258827.243500
7465810.178281 -629543.842356 -0.043006 3.513757 0.082601 1623258827.393493
7465810.718562 -629543.870490 -0.022534 3.496184 0.083779 1623258827.543423
7465811.268455 -629543.846902 -0.010015 3.527816 0.083806 1623258827.693089
7465811.938741 -629543.873291 0.017457 3.497941 0.084962 1623258827.892948
7465812.611315 -629543.857166 0.041339 3.497941 0.082588 1623258828.092786
7465813.154385 -629543.834778 0.059054 3.497941 0.082588 1623258828.242913
7465813.725997 -629543.786335 0.074668 3.483883 0.082576 1623258828.393009
7465814.350810 -629543.742502 0.089740 3.466310 0.082562 1623258828.593047
7465814.930796 -629543.681390 0.113066 3.464552 0.082561 1623258828.743132
7465815.463455 -629543.584053 0.121382 3.446979 0.077674 1623258828.893124
7465816.022595 -629543.500476 0.138613 3.432921 0.056936 1623258829.043405
7465816.693169 -629543.401427 0.155324 3.432921 0.050844 1623258829.243285
7465817.190935 -629543.330796 0.167769 3.399532 0.050827 1623258829.393142
7465817.786271 -629543.225639 0.176201 3.367900 0.050811 1623258829.592983
7465818.445609 -629543.121018 0.199896 3.355599 0.042315 1623258829.792850
7465818.963635 -629542.994515 0.202234 3.306394 0.043493 1623258829.943098
7465819.492345 -629542.874984 0.212193 3.258946 0.050758 1623258830.093163
7465819.992201 -629542.795260 0.218220 3.211499 0.061694 1623258830.243174
7465820.525180 -629542.662151 0.241322 3.132419 0.070098 1623258830.443187
7465821.179661 -629542.461355 0.256663 3.086729 0.071261 1623258830.642864
7465821.857378 -629542.297464 0.279066 3.067399 0.068866 1623258830.892770
7465822.475105 -629542.140634 0.294354 3.053340 0.068858 1623258831.092800
7465823.094883 -629541.929964 0.313025 3.067399 0.062806 1623258831.342918
7465823.578486 -629541.760016 0.328519 3.053340 0.054345 1623258831.492816
7465824.170404 -629541.550060 0.343931 3.053340 0.037311 1623258831.693069
7465824.699524 -629541.382046 0.353869 3.084972 0.032433 1623258831.892579
7465825.288856 -629541.165485 0.365078 3.116603 0.030047 1623258832.092425
7465825.840858 -629540.988220 0.368848 3.164051 0.020369 1623258832.292094
7465826.411539 -629540.772241 0.371434 3.243130 0.014281 1623258832.492212
7465826.972367 -629540.548180 0.379062 3.339783 0.017998 1623258832.691935
