7757030.260366 -363689.187314 2.990377 0.000000 0.000000 1561484106.602743
7757029.726051 -363689.143767 3.005238 -0.000991 -0.000102 1561484106.682015
7757029.234041 -363689.031233 3.010098 0.742296 0.001020 1561484115.474111
7757028.700523 -363688.951027 3.007925 1.225928 0.000521 1561484115.873689
7757028.159542 -363688.886803 3.006482 1.527207 0.000145 1561484116.173518
7757027.644016 -363688.796582 3.006632 1.773978 0.000771 1561484116.423304
7757027.145085 -363688.721724 3.005741 2.042552 -0.000358 1561484116.673008
7757026.628083 -363688.645223 3.005172 2.206075 -0.000359 1561484116.873087
7757026.099559 -363688.588245 3.008515 2.374553 -0.001492 1561484117.072453
7757025.526207 -363688.491445 3.006504 2.597539 -0.001999 1561484117.272212
7757024.975016 -363688.413406 3.007470 2.774937 -0.001750 1561484117.472181
7757024.369321 -363688.324773 3.005943 2.916657 0.003551 1561484117.671964
7757023.873681 -363688.236000 3.007815 3.048467 0.007979 1561484117.821792
7757023.339651 -363688.175324 3.012982 3.172348 0.008114 1561484117.971728
7757022.793076 -363688.097213 3.014199 3.282354 0.009389 1561484118.121744
7757022.263788 -363688.043292 3.015133 3.409209 0.010925 1561484118.271559
7757021.736706 -363687.966104 3.017297 3.493448 0.009789 1561484118.421433
7757021.227391 -363687.876367 3.016564 3.601472 0.009546 1561484118.571222
7757020.653673 -363687.839567 3.021819 3.685711 0.007520 1561484118.721041
7757020.045294 -363687.770355 3.021916 3.748147 0.007525 1561484118.870919
7757019.509697 -363687.682710 3.020123 3.848243 0.007023 1561484119.020557
7757018.795241 -363687.590413 3.025600 3.975098 0.006522 1561484119.170393
7757018.149227 -363687.507557 3.025792 4.059337 0.002437 1561484119.320222
7757017.550785 -363687.465817 3.027263 4.143576 0.002439 1561484119.470126
7757016.957804 -363687.382346 3.026229 4.216913 0.001672 1561484119.620106
7757016.416504 -363687.328260 3.025543 4.259529 0.001672 1561484119.719995
7757015.798576 -363687.220407 3.028934 4.338813 0.002443 1561484119.870015
7757015.158284 -363687.174414 3.027897 4.402240 0.005141 1561484120.019779
7757014.445063 -363687.080020 3.029249 4.458729 0.004759 1561484120.169685
7757013.788675 -363686.997853 3.027731 4.502336 0.004761 1561484120.319540
7757013.091299 -363686.919479 3.028762 4.553870 0.004250 1561484120.469337
7757012.416131 -363686.829603 3.030463 4.568736 0.003350 1561484120.619143
7757011.748317 -363686.752349 3.033380 4.609369 0.004510 1561484120.768987
7757011.238198 -363686.690520 3.031493 4.641082 0.003998 1561484120.868864
7757010.733158 -363686.640325 3.032534 4.670814 0.003870 1561484120.968828
7757010.040186 -363686.527160 3.033768 4.715411 0.004000 1561484121.118762
7757009.523619 -363686.501807 3.037528 4.729286 0.004001 1561484121.218774
7757008.819786 -363686.393326 3.035548 4.708474 0.004000 1561484121.368699
7757008.092387 -363686.311161 3.037535 4.682707 0.005804 1561484121.518667
7757007.490852 -363686.272729 3.037289 4.681715 0.007222 1561484121.668513
7757006.955823 -363686.198278 3.039106 4.685680 0.005675 1561484121.768384
7757006.453096 -363686.128749 3.039940 4.686671 0.003871 1561484121.868275
7757005.735931 -363686.052391 3.041651 4.664868 -0.002059 1561484122.018045
7757005.073662 -363685.968003 3.042533 4.648020 -0.005924 1561484122.167817
7757004.448330 -363685.910067 3.040515 4.627208 -0.008884 1561484122.317580
7757003.927072 -363685.851978 3.038475 4.635136 -0.009272 1561484122.417477
7757003.219761 -363685.750371 3.034267 4.628199 -0.009271 1561484122.567321
7757002.595912 -363685.680488 3.029902 4.590539 -0.005146 1561484122.717287
7757002.095917 -363685.636495 3.033343 4.569727 -0.004629 1561484122.817261
7757001.402034 -363685.547566 3.030781 4.575673 -0.007205 1561484122.967200
7757000.868391 -363685.466831 3.027100 4.593512 -0.006949 1561484123.067146
7757000.167825 -363685.383275 3.021983 4.597476 -0.004503 1561484123.217050
7756999.541425 -363685.301945 3.024654 4.594503 -0.005919 1561484123.366867
7756998.988588 -363685.248251 3.021110 4.604414 -0.005405 1561484123.466753
7756998.390721 -363685.179279 3.020242 4.630181 -0.003603 1561484123.616540
7756997.796363 -363685.080498 3.016752 4.650002 -0.003991 1561484123.716400
7756997.153881 -363684.994823 3.017407 4.659912 -0.003605 1561484123.866250
7756996.348909 -363684.891795 3.016813 4.686671 -0.002318 1561484124.016047
7756995.680936 -363684.795091 3.012844 4.658921 -0.002317 1561484124.165832
7756994.994715 -363684.712885 3.016401 4.584593 0.000261 1561484124.315636
7756994.206269 -363684.608798 3.010919 4.526121 0.003349 1561484124.465441
7756993.622627 -363684.516055 3.011716 4.511255 0.003348 1561484124.565257
7756992.953908 -363684.410180 3.010622 4.459720 0.002189 1561484124.715163
7756992.409319 -363684.320234 3.015671 4.364580 0.001546 1561484124.815091
7756991.859927 -363684.254196 3.009740 4.150513 0.001927 1561484124.964990
7756991.249953 -363684.190290 3.007295 3.967169 0.002563 1561484125.114943
7756990.694322 -363684.098408 3.009524 3.669854 0.005610 1561484125.264648
7756990.165639 -363684.032118 3.009906 3.492457 0.005345 1561484125.414442
7756989.620293 -363683.962785 3.011078 3.247668 0.005333 1561484125.614187
7756989.038693 -363683.881036 3.012163 3.001887 0.005828 1561484125.813992
7756988.523420 -363683.817481 3.009840 2.769982 0.005817 1561484126.013912
7756987.928532 -363683.739207 3.014638 2.499426 0.009581 1561484126.263676
7756987.395412 -363683.691524 3.016935 2.058409 0.008423 1561484126.563540
7756986.894714 -363683.588996 3.017313 1.573786 0.008652 1561484126.863430
7756986.389459 -363683.524980 3.020789 1.005915 0.010007 1561484127.362726
7756985.893987 -363683.454408 3.020907 0.769054 0.008004 1561484128.061986
7756985.379710 -363683.404427 3.019998 0.837436 -0.001974 1561484128.711422
7756984.877560 -363683.353969 3.022945 0.963300 0.012126 1561484129.261055
7756984.365485 -363683.268484 3.025813 1.068351 0.028353 1561484129.810261
7756983.805775 -363683.215859 3.036203 1.300256 0.081576 1561484130.209695
7756983.285905 -363683.162385 3.055438 1.522251 0.116870 1561484130.509223
7756982.737388 -363683.095058 3.085023 1.726407 0.147208 1561484130.858839
7756982.192803 -363683.077236 3.113822 1.827494 0.151845 1561484131.108665
7756981.597856 -363683.092051 -3.131400 1.985071 0.182935 1561484131.408613
7756981.070004 -363683.076316 -3.097206 2.105979 0.226664 1561484131.608461
7756980.528109 -363683.142274 -3.041895 2.226887 0.262158 1561484131.858251
7756980.013605 -363683.174924 -2.987464 2.341849 0.282889 1561484132.058115
7756979.513328 -363683.266625 -2.936267 2.410231 0.306604 1561484132.257995
7756979.001186 -363683.372099 -2.869525 2.501408 0.323226 1561484132.457812
7756978.506812 -363683.537080 -2.799662 2.606459 0.329472 1561484132.657708
7756977.967199 -363683.787152 -2.730897 2.696644 0.337164 1561484132.857543
7756977.453194 -363683.996434 -2.652802 2.806651 0.340339 1561484133.057293
7756976.906242 -363684.267387 -2.571827 2.900800 0.346103 1561484133.256960
7756976.383827 -363684.613904 -2.490649 3.000896 0.352341 1561484133.456775
7756975.973728 -363684.932222 -2.424283 3.048467 0.344176 1561484133.606623
7756975.542294 -363685.328050 -2.346690 3.095046 0.332940 1561484133.806593
7756975.183801 -363685.710285 -2.278764 3.206044 0.319103 1561484133.956511
7756974.857618 -363686.094544 -2.217432 3.263524 0.312884 1561484134.106464
7756974.468414 -363686.662000 -2.136565 3.338844 0.307514 1561484134.306230
7756974.175235 -363687.125456 -2.075668 3.414164 0.280864 1561484134.456004
7756973.936392 -363687.571136 -2.021752 3.469663 0.251485 1561484134.605861
7756973.683944 -363688.084100 -1.971654 3.480564 0.235809 1561484134.755712
7756973.454194 -363688.639297 -1.918412 3.580660 0.223947 1561484134.905509
7756973.231861 -363689.311613 -1.856500 3.654989 0.206929 1561484135.105351
7756973.064411 -363689.831978 -1.814373 3.712470 0.176097 1561484135.255175
7756972.915987 -363690.412069 -1.775112 3.754094 0.142635 1561484135.405027
7756972.828543 -363690.967563 -1.750419 3.827431 0.117222 1561484135.555089
7756972.759177 -363691.486030 -1.728909 3.879957 0.102659 1561484135.705118
7756972.635093 -363692.107876 -1.705744 3.879957 0.102659 1561484135.855190
7756972.551430 -363692.723356 -1.689465 3.879957 0.102659 1561484136.005159
7756972.475518 -363693.241535 -1.678853 3.879957 0.102659 1561484136.155083
7756972.410967 -363693.906631 -1.666758 4.076185 0.045754 1561484136.305000
7756972.355519 -363694.540482 -1.658155 4.130692 0.030707 1561484136.454894
7756972.281970 -363695.126500 -1.653693 4.182227 0.021640 1561484136.604711
7756972.227883 -363695.776659 -1.648283 4.230788 0.014868 1561484136.754943
7756972.188143 -363696.414399 -1.644451 4.277367 0.015386 1561484136.904305
7756972.168884 -363697.051710 -1.643606 4.318000 0.016424 1561484137.054083
7756972.103221 -363697.722447 -1.638661 4.359625 0.021561 1561484137.203853
7756972.030614 -363698.426311 -1.630749 4.412150 0.025557 1561484137.353561
7756972.010738 -363699.065505 -1.624462 4.443864 0.022102 1561484137.503300
7756971.949037 -363699.722669 -1.617449 4.501345 0.020061 1561484137.653044
7756971.887307 -363700.435090 -1.612066 4.591530 0.019566 1561484137.802943
7756971.866184 -363701.047604 -1.610425 4.618288 0.012624 1561484137.952854
7756971.854755 -363701.778387 -1.605732 4.653966 0.008378 1561484138.102914
7756971.849369 -363702.460985 -1.604143 4.696581 0.008383 1561484138.252902
7756971.808932 -363703.219649 -1.603235 4.749107 0.004002 1561484138.402941
7756971.784560 -363703.899351 -1.604197 4.785776 0.001551 1561484138.552780
7756971.721341 -363704.462623 -1.598901 4.785776 0.000131 1561484138.652709
7756971.679853 -363705.211201 -1.598695 4.823435 0.001035 1561484138.802626
7756971.660184 -363705.829900 -1.599109 4.865060 -0.001292 1561484138.952372
7756971.653121 -363706.406313 -1.599784 4.890827 -0.001680 1561484139.052170
7756971.633973 -363707.068196 -1.603822 4.895782 -0.001551 1561484139.202002
7756971.627240 -363707.584977 -1.604301 4.952272 -0.002328 1561484139.301822
7756971.603970 -363708.335925 -1.605587 5.001824 -0.007770 1561484139.451648
7756971.532247 -363709.104797 -1.606316 4.982003 -0.009063 1561484139.601507
7756971.472885 -363709.849673 -1.608259 5.065251 -0.009072 1561484139.751417
7756971.458027 -363710.402075 -1.607430 5.101920 -0.008431 1561484139.851331
7756971.420295 -363711.104987 -1.612876 5.105884 -0.007395 1561484140.001299
7756971.409378 -363711.635422 -1.615731 5.132643 -0.006099 1561484140.101192
7756971.385048 -363712.408894 -1.616303 5.143544 -0.000780 1561484140.250996
7756971.325531 -363712.912803 -1.614251 5.143544 0.001686 1561484140.350927
7756971.309075 -363713.464553 -1.615288 5.207962 0.002596 1561484140.450792
7756971.272399 -363713.982013 -1.612812 5.223819 0.000128 1561484140.550637
7756971.262543 -363714.546847 -1.614339 5.246613 -0.001693 1561484140.650467
7756971.228503 -363715.053783 -1.614785 5.272381 0.000258 1561484140.750349
7756971.202659 -363715.607185 -1.615339 5.303103 0.001689 1561484140.850312
7756971.189210 -363716.141677 -1.616656 5.334817 0.001689 1561484140.950343
7756971.156270 -363716.693044 -1.615369 5.354638 0.001039 1561484141.050323
7756971.135732 -363717.196401 -1.614080 5.391307 0.001690 1561484141.150259
7756971.099416 -363717.779555 -1.613920 5.423020 0.002604 1561484141.250169
7756971.082026 -363718.314442 -1.612989 5.465635 0.001040 1561484141.350152
7756971.036107 -363718.888444 -1.612612 5.480501 0.000126 1561484141.450098
7756971.002029 -363719.402295 -1.613758 5.497349 -0.001962 1561484141.550077
7756970.972209 -363719.981225 -1.613495 5.507259 -0.001310 1561484141.650036
7756970.959194 -363720.527723 -1.614131 5.543928 -0.001703 1561484141.749878
7756970.926806 -363721.104808 -1.614684 5.600418 -0.001966 1561484141.849796
7756970.872533 -363721.676717 -1.614695 5.638078 -0.002884 1561484141.949664
7756970.838746 -363722.267766 -1.615553 5.671773 -0.003279 1561484142.049506
7756970.820481 -363722.852776 -1.614299 5.691594 -0.003543 1561484142.149413
7756970.801726 -363723.380815 -1.616077 5.717362 -0.003544 1561484142.249254
7756970.750968 -363723.981416 -1.613795 5.744120 -0.002366 1561484142.349137
7756970.725603 -363724.510831 -1.618287 5.802592 0.000124 1561484142.449029
7756970.700161 -363725.147064 -1.618822 5.850162 -0.000402 1561484142.548884
7756970.674927 -363725.699560 -1.618452 5.861064 -0.003160 1561484142.648770
7756970.635277 -363726.296776 -1.618101 5.875930 -0.004081 1561484142.748575
7756970.611546 -363726.900672 -1.618976 5.912598 -0.002769 1561484142.848512
7756970.559218 -363727.530233 -1.621138 5.934401 -0.001982 1561484142.948416
7756970.553551 -363728.124234 -1.618269 5.961160 -0.002246 1561484143.048330
7756970.492232 -363728.761247 -1.620140 6.011703 -0.003697 1561484143.148231
7756970.450768 -363729.347358 -1.620482 6.038462 -0.003304 1561484143.248182
7756970.411835 -363729.948633 -1.622415 6.072157 -0.000801 1561484143.348161
7756970.376132 -363730.555658 -1.621592 6.103871 0.001044 1561484143.448078
7756970.311791 -363731.220267 -1.619811 6.117745 0.000781 1561484143.548027
7756970.264360 -363731.847576 -1.620320 6.121710 0.000253 1561484143.647946
7756970.231196 -363732.452546 -1.620557 6.154414 0.001442 1561484143.747871
7756970.182064 -363733.057117 -1.621121 6.214868 0.001707 1561484143.847738
7756970.149771 -363733.727626 -1.619408 6.244600 0.001045 1561484143.947565
7756970.110012 -363734.313876 -1.622033 6.279286 -0.000806 1561484144.047513
7756970.091479 -363734.952528 -1.621073 6.272349 -0.001203 1561484144.147327
7756970.040065 -363735.564832 -1.623271 6.266403 0.001443 1561484144.247312
7756969.996151 -363736.215050 -1.622567 6.333794 0.002901 1561484144.347188
7756969.948293 -363736.860752 -1.620990 6.391275 0.002904 1561484144.447170
7756969.950654 -363737.520868 -1.619176 6.427944 -0.000810 1561484144.547170
7756969.909370 -363738.145212 -1.620704 6.430917 -0.002138 1561484144.647141
7756969.846848 -363738.834471 -1.619216 6.433890 -0.002006 1561484144.747060
7756969.804857 -363739.437399 -1.620475 6.436863 -0.001475 1561484144.847005
7756969.756274 -363740.070640 -1.619121 6.474523 -0.002008 1561484144.946972
7756969.721814 -363740.705457 -1.622103 6.532995 -0.000282 1561484145.046940
7756969.694447 -363741.406002 -1.622912 6.538941 0.000250 1561484145.146812
7756969.674871 -363742.041884 -1.621813 6.533986 0.002112 1561484145.246713
7756969.623001 -363742.698889 -1.621835 6.561735 0.002646 1561484145.346522
7756969.568952 -363743.424255 -1.619524 6.608315 0.001981 1561484145.446311
7756969.543465 -363744.058657 -1.615766 6.660840 -0.000150 1561484145.546188
7756969.487699 -363744.681712 -1.616947 6.655885 -0.001216 1561484145.646090
7756969.474915 -363745.348123 -1.617108 6.629127 -0.001215 1561484145.745955
7756969.445550 -363746.024035 -1.617044 6.634082 0.000250 1561484145.845864
7756969.412667 -363746.693540 -1.619044 6.653903 0.002116 1561484145.945690
7756969.370322 -363747.372385 -1.618218 6.688590 0.001717 1561484146.045636
7756969.360282 -363748.025229 -1.618208 6.692554 0.001049 1561484146.145495
7756969.319247 -363748.689754 -1.615816 6.675706 0.002917 1561484146.245443
7756969.256979 -363749.396440 -1.614464 6.696518 0.003985 1561484146.345406
7756969.230142 -363750.066639 -1.615409 6.728232 0.002118 1561484146.445366
7756969.204349 -363750.756149 -1.615081 6.760936 0.000517 1561484146.545333
7756969.158268 -363751.452758 -1.615354 6.785713 0.001451 1561484146.645284
7756969.149831 -363752.102470 -1.612773 6.795623 0.002922 1561484146.745291
7756969.092740 -363752.811394 -1.611855 6.798596 0.003323 1561484146.845266
7756969.080076 -363753.482978 -1.612413 6.820399 0.003994 1561484146.945235
7756969.048536 -363754.163788 -1.611179 6.845175 0.002924 1561484147.045172
7756968.989672 -363754.813343 -1.609788 6.844184 0.001452 1561484147.145182
7756968.956007 -363755.534229 -1.610111 6.838238 0.002389 1561484147.245200
7756968.913519 -363756.241311 -1.610132 6.864996 0.003863 1561484147.345119
7756968.892094 -363756.914660 -1.607517 6.881844 0.002123 1561484147.445070
7756968.847829 -363757.602373 -1.606935 6.885808 0.001989 1561484147.545066
7756968.821094 -363758.320370 -1.606985 6.898692 0.002391 1561484147.644990
7756968.809133 -363759.028755 -1.605500 6.912567 0.002124 1561484147.744932
7756968.776274 -363759.741455 -1.605832 6.939325 0.002393 1561484147.844876
7756968.745521 -363760.412796 -1.604521 6.969057 0.002126 1561484147.944823
7756968.713475 -363761.130246 -1.604225 6.991851 0.001992 1561484148.044780
7756968.673809 -363761.835034 -1.604741 6.997797 0.001724 1561484148.144688
7756968.655216 -363762.583082 -1.605540 6.992842 0.000114 1561484148.244605
7756968.630167 -363763.265802 -1.605817 6.993833 -0.001229 1561484148.344491
7756968.577801 -363763.924807 -1.607664 7.021582 -0.001767 1561484148.444377
7756968.580233 -363764.671827 -1.606364 7.068161 -0.002038 1561484148.544244
7756968.539677 -363765.365581 -1.608387 7.078072 -0.003248 1561484148.644117
7756968.508285 -363766.083331 -1.608449 7.092938 -0.004056 1561484148.744016
7756968.483003 -363766.746565 -1.607767 7.103839 -0.004057 1561484148.843963
7756968.460741 -363767.479709 -1.613057 7.097893 -0.004056 1561484148.943874
7756968.423248 -363768.162666 -1.611810 7.118705 -0.004732 1561484149.043692
7756968.383150 -363768.959304 -1.613376 7.139517 -0.004734 1561484149.143584
7756968.337332 -363769.666015 -1.615153 7.149427 -0.004061 1561484149.243430
7756968.305014 -363770.301262 -1.611438 7.170240 -0.001774 1561484149.343280
7756968.262126 -363771.054567 -1.614262 7.171231 -0.001100 1561484149.443117
7756968.213139 -363771.725332 -1.615077 7.177177 0.000246 1561484149.543017
7756968.189154 -363772.482363 -1.615282 7.207899 0.000246 1561484149.642904
7756968.155676 -363773.226086 -1.616772 7.220783 -0.000159 1561484149.742780
7756968.120536 -363773.938459 -1.616284 7.200962 0.000246 1561484149.842673
7756968.073850 -363774.701284 -1.613922 7.202944 0.000112 1561484149.942822
7756968.042930 -363775.372796 -1.614589 7.209881 0.000246 1561484150.042414
7756968.003329 -363776.090177 -1.617919 7.214837 0.000785 1561484150.142238
7756967.971706 -363776.769156 -1.615971 7.218801 0.001729 1561484150.242154
7756967.918608 -363777.512517 -1.617573 7.222765 0.003752 1561484150.341963
7756967.874066 -363778.223580 -1.614787 7.219792 0.003078 1561484150.441756
7756967.828046 -363778.956556 -1.611594 7.213846 0.001998 1561484150.541580
7756967.796600 -363779.652844 -1.610614 7.201953 0.001729 1561484150.641413
7756967.768710 -363780.349456 -1.611419 7.187087 0.002402 1561484150.741267
7756967.733287 -363781.060569 -1.610833 7.176186 0.002401 1561484150.841163
7756967.680450 -363781.829881 -1.610476 7.180150 0.001997 1561484150.941061
7756967.650397 -363782.556453 -1.610851 7.192043 0.001459 1561484151.041029
7756967.603118 -363783.231676 -1.608726 7.201953 0.001189 1561484151.140956
7756967.570415 -363783.938386 -1.610939 7.208890 0.001190 1561484151.240988
7756967.533208 -363784.612498 -1.607437 7.174204 0.001458 1561484151.340931
7756967.517243 -363785.356209 -1.608356 7.153392 0.001054 1561484151.440957
7756967.482581 -363786.021972 -1.606623 7.135553 0.001457 1561484151.540887
7756967.455410 -363786.728489 -1.607489 7.128615 0.001189 1561484151.640785
7756967.396608 -363787.499049 -1.609277 7.133571 0.000516 1561484151.740662
7756967.383744 -363788.189459 -1.608351 7.117714 0.000246 1561484151.840624
7756967.363504 -363788.899145 -1.608250 7.111768 0.000516 1561484151.940462
7756967.316849 -363789.607961 -1.608421 7.118705 0.000785 1561484152.040293
7756967.256908 -363790.330883 -1.603729 7.116723 0.000246 1561484152.140184
7756967.235845 -363791.014455 -1.603999 7.112759 0.000516 1561484152.240101
7756967.193672 -363791.738958 -1.608481 7.113750 0.000516 1561484152.339935
7756967.179030 -363792.421498 -1.605486 7.111768 0.001188 1561484152.439793
7756967.128812 -363793.176329 -1.605596 7.094920 0.001457 1561484152.539707
7756967.109763 -363793.898343 -1.603851 7.088973 0.002130 1561484152.639545
7756967.073222 -363794.566797 -1.603834 7.076090 0.002667 1561484152.739450
7756967.047143 -363795.240510 -1.603122 7.055278 0.002666 1561484152.839403
7756967.026965 -363795.962273 -1.602909 7.017618 0.002395 1561484152.939349
7756966.998616 -363796.658869 -1.600871 6.993833 0.002126 1561484153.039304
7756966.975457 -363797.329355 -1.601454 6.973021 0.002394 1561484153.139212
7756966.945714 -363798.004520 -1.599702 6.958155 0.002393 1561484153.239066
7756966.918721 -363798.696942 -1.599711 6.940316 0.002125 1561484153.338970
7756966.890087 -363799.371892 -1.599963 6.933379 0.002392 1561484153.438897
7756966.868071 -363800.110610 -1.602241 6.899683 0.002391 1561484153.538811
7756966.834659 -363800.759624 -1.602371 6.848149 0.001051 1561484153.638746
7756966.818097 -363801.460570 -1.598544 6.828328 -0.000286 1561484153.738757
7756966.794824 -363802.094114 -1.597445 6.808507 0.001051 1561484153.838701
7756966.745474 -363802.766680 -1.598318 6.766883 0.001050 1561484153.938670
7756966.719232 -363803.458742 -1.598655 6.718321 0.000783 1561484154.038640
7756966.704862 -363804.061635 -1.598559 6.695527 0.001183 1561484154.138518
7756966.685435 -363804.673191 -1.596209 6.627145 0.001716 1561484154.238559
7756966.660811 -363805.354360 -1.596623 6.520111 0.000782 1561484154.338423
7756966.648640 -363805.976960 -1.595926 6.413078 0.001047 1561484154.438352
7756966.610423 -363806.611501 -1.596933 6.302081 0.001179 1561484154.538294
7756966.598334 -363807.192148 -1.594780 6.242618 0.001178 1561484154.638213
7756966.573407 -363807.803613 -1.594910 6.135584 -0.000276 1561484154.738056
7756966.533453 -363808.413997 -1.596318 6.036479 -0.000274 1561484154.837929
7756966.513585 -363808.923655 -1.596713 5.938366 0.000254 1561484154.937814
7756966.513023 -363809.506284 -1.595345 5.841243 0.000518 1561484155.037704
7756966.485163 -363810.054268 -1.595864 5.729254 0.000124 1561484155.137539
7756966.458372 -363810.594482 -1.596954 5.628167 0.000779 1561484155.237423
7756966.427069 -363811.398189 -1.596675 5.458698 0.001561 1561484155.387128
7756966.401970 -363811.955223 -1.594519 5.375450 0.000518 1561484155.486949
7756966.386873 -363812.662547 -1.596175 5.244631 0.000127 1561484155.636644
7756966.362953 -363813.212821 -1.596754 5.166338 0.000258 1561484155.736469
7756966.328830 -363813.871714 -1.594177 4.985968 0.000259 1561484155.886179
7756966.309733 -363814.386179 -1.594201 4.896773 -0.000128 1561484155.985954
7756966.301879 -363815.070470 -1.594289 4.797668 0.003748 1561484156.135879
7756966.279486 -363815.674193 -1.592602 4.682707 0.007481 1561484156.285640
7756966.269995 -363816.175232 -1.591055 4.586575 0.011721 1561484156.385491
7756966.244003 -363816.846361 -1.587903 4.446837 0.021082 1561484156.535368
7756966.233009 -363817.437365 -1.581763 4.328902 0.035409 1561484156.685248
7756966.221506 -363818.031213 -1.570192 4.159433 0.052991 1561484156.835089
7756966.200699 -363818.670835 -1.558487 4.025641 0.066139 1561484156.985045
7756966.204445 -363819.236934 -1.540526 3.925545 0.068088 1561484157.134982
7756966.194546 -363819.819348 -1.526227 3.900769 0.074030 1561484157.284881
7756966.220726 -363820.370546 -1.511604 3.922572 0.080911 1561484157.434804
7756966.268391 -363821.002950 -1.490455 3.912661 0.086871 1561484157.584741
7756966.329424 -363821.550831 -1.471339 3.890858 0.096478 1561484157.734685
7756966.379344 -363822.086780 -1.451542 3.806619 0.112304 1561484157.884602
7756966.429853 -363822.660514 -1.421888 3.812566 0.130910 1561484158.034470
7756966.511512 -363823.168290 -1.393675 3.859145 0.140167 1561484158.184335
7756966.620787 -363823.772995 -1.363719 3.806619 0.153235 1561484158.334178
7756966.721526 -363824.355395 -1.329915 3.754094 0.164004 1561484158.483978
7756966.919953 -363825.050991 -1.282498 3.701568 0.181281 1561484158.683815
7756967.064162 -363825.552434 -1.238726 3.700577 0.190690 1561484158.833659
7756967.245594 -363826.043261 -1.200185 3.685711 0.192891 1561484158.983554
7756967.470356 -363826.572924 -1.160417 3.633186 0.191667 1561484159.133286
7756967.758423 -363827.186970 -1.107869 3.579669 0.183012 1561484159.332987
7756968.004307 -363827.683703 -1.070526 3.546964 0.172077 1561484159.482853
7756968.282749 -363828.178600 -1.033377 3.529125 0.166688 1561484159.632766
7756968.637751 -363828.770508 -0.991055 3.541018 0.173899 1561484159.832743
7756968.932688 -363829.209579 -0.955134 3.518224 0.170142 1561484159.982759
7756969.236915 -363829.618052 -0.920280 3.529125 0.157108 1561484160.132628
7756969.570504 -363830.033984 -0.891698 3.508313 0.148983 1561484160.282533
7756969.915288 -363830.456201 -0.859831 3.470654 0.141937 1561484160.432363
7756970.332962 -363830.953834 -0.824881 3.501376 0.127339 1561484160.632131
7756970.703995 -363831.329020 -0.799078 3.516242 0.116836 1561484160.781958
7756971.093129 -363831.752254 -0.776846 3.506331 0.107512 1561484160.931696
7756971.484034 -363832.136313 -0.755355 3.496421 0.095663 1561484161.081492
7756971.866632 -363832.467608 -0.737838 3.512278 0.070419 1561484161.231350
7756972.293910 -363832.837135 -0.723056 3.532099 0.052448 1561484161.381288
7756972.799010 -363833.279405 -0.711712 3.552911 0.041677 1561484161.581213
7756973.192462 -363833.643783 -0.704802 3.549938 0.042183 1561484161.731148
7756973.618950 -363834.002956 -0.694603 3.557866 0.038633 1561484161.881001
7756974.043905 -363834.350895 -0.686845 3.543991 0.030375 1561484162.030838
7756974.462828 -363834.701939 -0.681489 3.529125 0.026561 1561484162.180716
7756974.863366 -363835.037254 -0.675854 3.538045 0.025547 1561484162.330551
7756975.279251 -363835.359928 -0.672151 3.517233 0.020970 1561484162.480441
7756975.702709 -363835.709774 -0.668356 3.522188 0.018304 1561484162.630180
7756976.210662 -363836.098246 -0.659066 3.543000 0.020722 1561484162.829937
7756976.673985 -363836.444607 -0.656372 3.548946 0.028345 1561484162.979775
7756977.066156 -363836.778872 -0.649733 3.524170 0.042426 1561484163.129522
7756977.490066 -363837.103805 -0.640911 3.543000 0.057905 1561484163.279364
7756977.940587 -363837.443628 -0.626466 3.564803 0.075142 1561484163.429224
7756978.478857 -363837.841266 -0.603737 3.571741 0.100282 1561484163.629059
7756979.017450 -363838.220965 -0.573695 3.549938 0.124654 1561484163.828900
7756979.502060 -363838.537083 -0.547087 3.536063 0.144410 1561484163.978722
7756980.050716 -363838.861650 -0.505400 3.501376 0.180015 1561484164.178592
7756980.557513 -363839.163301 -0.464795 3.493448 0.209404 1561484164.328375
7756981.100486 -363839.390805 -0.406017 3.444886 0.239592 1561484164.528221
7756981.600129 -363839.616971 -0.358515 3.395334 0.256574 1561484164.678114
7756982.201439 -363839.813459 -0.291860 3.343799 0.293196 1561484164.878006
7756982.779606 -363839.979516 -0.215808 3.296229 0.312171 1561484165.077748
7756983.289990 -363840.080007 -0.155118 3.264515 0.324859 1561484165.227599
7756983.924138 -363840.176264 -0.073922 3.211990 0.333005 1561484165.427434
7756984.551863 -363840.204714 0.007770 3.196133 0.327413 1561484165.627393
7756985.238907 -363840.195053 0.087523 3.170366 0.300790 1561484165.827231
7756985.806338 -363840.136540 0.153139 3.126760 0.267582 1561484166.027226
7756986.421925 -363840.030838 0.218248 3.154509 0.257147 1561484166.227310
7756986.920134 -363839.929326 0.265433 3.147572 0.253791 1561484166.377316
7756987.457829 -363839.738638 0.323673 3.133697 0.240524 1561484166.577252
7756988.085901 -363839.540815 0.384184 3.154509 0.210131 1561484166.777092
7756988.670226 -363839.292839 0.428998 3.216945 0.172304 1561484166.976942
7756989.188701 -363839.060754 0.460715 3.274426 0.139640 1561484167.126864
7756989.740070 -363838.803700 0.492172 3.341817 0.101289 1561484167.326849
7756990.342669 -363838.467308 0.519073 3.427047 0.075022 1561484167.526852
7756990.813888 -363838.229262 0.530627 3.512278 0.065982 1561484167.676808
7756991.299634 -363837.927112 0.541640 3.565794 0.059059 1561484167.826764
7756991.766609 -363837.652483 0.558383 3.639132 0.056063 1561484167.976701
7756992.226151 -363837.355760 0.568340 3.687693 0.052030 1561484168.126714
7756992.717511 -363837.034666 0.579477 3.785807 0.043057 1561484168.276537
7756993.271641 -363836.668029 0.588741 3.843288 0.036974 1561484168.426427
7756993.717259 -363836.328580 0.593980 3.932482 0.031402 1561484168.576261
7756994.182780 -363836.066061 0.600814 4.000865 0.026065 1561484168.726043
7756994.695292 -363835.699423 0.606972 4.069247 0.017651 1561484168.875851
7756995.259922 -363835.332634 0.611429 4.139612 0.009349 1561484169.025684
7756995.782999 -363834.963060 0.613217 4.265475 0.004877 1561484169.175586
7756996.303248 -363834.593881 0.613227 4.338813 0.003855 1561484169.325405
7756996.866483 -363834.217776 0.617136 4.428007 0.003859 1561484169.475202
7756997.423176 -363833.842057 0.618165 4.528103 0.003349 1561484169.625063
7756997.840275 -363833.521972 0.617265 4.575673 0.002578 1561484169.724880
7756998.401350 -363833.083878 0.617996 4.658921 0.002580 1561484169.874740
7756999.034159 -363832.671477 0.615266 4.737214 0.004260 1561484170.024589
7756999.454837 -363832.382713 0.618405 4.780820 0.004262 1561484170.124518
7757000.005930 -363832.007066 0.618605 4.866051 0.004008 1561484170.274333
7757000.452820 -363831.680034 0.619756 4.911639 0.003364 1561484170.374139
7757001.089497 -363831.285061 0.621684 4.990923 0.003108 1561484170.523912
7757001.698173 -363830.821991 0.619834 5.065251 0.003371 1561484170.673718
7757002.100642 -363830.523911 0.618754 5.122732 0.003762 1561484170.773586
7757002.543575 -363830.239739 0.623033 5.216882 0.002857 1561484170.873403
7757002.973988 -363829.925480 0.624189 5.263461 0.002859 1561484170.973258
7757003.414439 -363829.609975 0.623928 5.269408 0.002859 1561484171.073142
7757003.845491 -363829.291808 0.623331 5.319951 0.003382 1561484171.172933
7757004.286981 -363829.016981 0.626467 5.376441 0.003385 1561484171.272788
7757004.760450 -363828.677288 0.626877 5.459689 0.003387 1561484171.372608
7757005.236295 -363828.351562 0.625612 5.519152 0.003129 1561484171.472542
7757005.649784 -363828.018527 0.622725 5.575642 0.000518 1561484171.572340
7757006.101431 -363827.706202 0.622496 5.614293 -0.000791 1561484171.672295
7757006.610546 -363827.349044 0.622265 5.640060 0.000518 1561484171.772128
7757007.037821 -363827.052163 0.622870 5.694568 0.000255 1561484171.872033
7757007.523508 -363826.695332 0.623682 5.764932 -0.000663 1561484171.971869
7757007.969560 -363826.348438 0.622567 5.814484 -0.001320 1561484172.071797
7757008.420792 -363826.055113 0.621451 5.853135 -0.001978 1561484172.171699
7757008.889684 -363825.744580 0.620114 5.891786 -0.002768 1561484172.271525
7757009.302654 -363825.436798 0.621257 5.939357 -0.003165 1561484172.371383
7757009.817059 -363825.095224 0.620345 5.990891 -0.001984 1561484172.471257
7757010.328640 -363824.769878 0.620699 6.050354 -0.001197 1561484172.571171
7757010.831131 -363824.408939 0.620653 6.098916 -0.002781 1561484172.671104
7757011.305260 -363824.060876 0.619131 6.155405 -0.003312 1561484172.770947
7757011.806234 -363823.704260 0.616878 6.171262 -0.001992 1561484172.870855
7757012.324508 -363823.321617 0.616899 6.186128 -0.001729 1561484172.970760
7757012.813123 -363823.013714 0.614418 6.228743 -0.001070 1561484173.070632
7757013.296164 -363822.702300 0.615928 6.282260 -0.001071 1561484173.170477
7757013.788597 -363822.359144 0.613858 6.333794 -0.000808 1561484173.270286
7757014.312097 -363822.033664 0.614706 6.375418 -0.000146 1561484173.370132
7757014.878773 -363821.631327 0.611356 6.432899 0.000119 1561484173.469983
7757015.423522 -363821.238558 0.611666 6.444792 0.000119 1561484173.570183
7757016.006393 -363820.832677 0.614852 6.466595 0.000251 1561484173.669687
7757016.453879 -363820.538875 0.615393 6.481460 0.000251 1561484173.769529
7757017.014653 -363820.141133 0.613767 6.507228 0.000250 1561484173.869421
7757017.526006 -363819.760024 0.611314 6.564709 0.000250 1561484173.969221
7757018.102701 -363819.378055 0.614185 6.594440 0.000250 1561484174.069068
7757018.667565 -363818.969089 0.611879 6.611288 0.000783 1561484174.168920
7757019.172318 -363818.636757 0.612703 6.616243 0.000250 1561484174.268805
7757019.741177 -363818.255824 0.613953 6.631109 0.000517 1561484174.368620
7757020.319691 -363817.839435 0.612594 6.659849 -0.000284 1561484174.468511
7757020.809468 -363817.511304 0.612926 6.691563 -0.003752 1561484174.568398
7757021.338812 -363817.161755 0.610157 6.712375 -0.006823 1561484174.668320
7757021.909916 -363816.746439 0.608365 6.722285 -0.006558 1561484174.768268
7757022.510266 -363816.328164 0.608045 6.740124 -0.006294 1561484174.868215
7757023.021591 -363815.963634 0.604677 6.740124 -0.006026 1561484174.968226
7757023.588541 -363815.589477 0.603664 6.764900 -0.004961 1561484175.068167
7757024.115960 -363815.240946 0.602087 6.796614 -0.002692 1561484175.168036
7757024.717764 -363814.828097 0.601921 6.790668 -0.001756 1561484175.267925
7757025.256126 -363814.457578 0.602052 6.784721 -0.002156 1561484175.367844
7757025.854095 -363814.067377 0.601725 6.797605 -0.002023 1561484175.467700
7757026.396852 -363813.716799 0.602277 6.828328 -0.002159 1561484175.567502
7757026.985191 -363813.307721 0.600390 6.835265 -0.001491 1561484175.667426
7757027.555860 -363812.949503 0.600891 6.826346 -0.000153 1561484175.767313
7757028.147894 -363812.556328 0.601509 6.811480 0.001720 1561484175.867174
7757028.751084 -363812.137507 0.601474 6.810489 0.003057 1561484175.967007
7757029.272462 -363811.797500 0.602310 6.823372 0.001452 1561484176.066916
7757029.827868 -363811.393091 0.604254 6.818417 0.001720 1561484176.166709
7757030.393338 -363811.019654 0.604151 6.787695 0.003590 1561484176.266602
7757030.956408 -363810.644786 0.603602 6.771838 0.002921 1561484176.366439
7757031.520928 -363810.264899 0.605921 6.776793 0.000783 1561484176.466255
7757032.101376 -363809.857642 0.605172 6.771838 0.000517 1561484176.566163
7757032.651618 -363809.488570 0.605916 6.755981 -0.000152 1561484176.665993
7757033.231436 -363809.100156 0.605630 6.734178 -0.001219 1561484176.765801
7757033.749921 -363808.731959 0.605497 6.722285 -0.001086 1561484176.865702
7757034.306114 -363808.359942 0.605722 6.722285 -0.002019 1561484176.965528
7757034.878758 -363807.965020 0.604506 6.745079 -0.001754 1561484177.065420
7757035.414089 -363807.606347 0.603417 6.740124 -0.001086 1561484177.165352
7757035.980820 -363807.208290 0.603752 6.696518 0.000517 1561484177.265339
7757036.529510 -363806.860098 0.603664 6.686608 0.001983 1561484177.365287
7757037.093898 -363806.493535 0.605485 6.698500 0.001450 1561484177.465217
7757037.630107 -363806.096463 0.605426 6.681652 0.000249 1561484177.565125
7757038.140468 -363805.769834 0.606449 6.648948 0.000783 1561484177.665065
7757038.751452 -363805.351343 0.603718 6.628136 0.001982 1561484177.764952
7757039.260514 -363805.007234 0.604089 6.634082 0.003581 1561484177.864904
7757039.790085 -363804.652620 0.605697 6.630118 0.003048 1561484177.964756
7757040.391074 -363804.277542 0.608681 6.617234 0.002914 1561484178.064631
7757040.912924 -363803.904693 0.609357 6.599395 0.002647 1561484178.164479
7757041.429254 -363803.533111 0.608458 6.580565 0.002646 1561484178.264326
7757042.007533 -363803.156504 0.610506 6.586512 0.003046 1561484178.364167
7757042.548198 -363802.774570 0.610547 6.568673 0.003045 1561484178.464082
7757043.050179 -363802.437842 0.611392 6.549843 0.002645 1561484178.563996
7757043.603541 -363802.074862 0.612442 6.476505 0.001712 1561484178.663983
7757044.107761 -363801.709531 0.613588 6.417042 0.001976 1561484178.763912
7757044.646835 -363801.345455 0.615004 6.347669 0.002371 1561484178.863824
7757045.129172 -363801.003820 0.613736 6.329830 0.002371 1561484178.963783
7757045.602174 -363800.693904 0.612821 6.229734 0.002103 1561484179.063713
7757046.106045 -363800.348561 0.614258 6.154414 0.001177 1561484179.163679
7757046.593044 -363799.994700 0.616051 6.092969 0.001044 1561484179.263653
7757047.057561 -363799.651774 0.616794 6.005757 0.001175 1561484179.363558
7757047.538241 -363799.314600 0.615781 5.907643 0.000780 1561484179.463528
7757048.034262 -363799.009958 0.614407 5.843225 0.000780 1561484179.563479
7757048.500421 -363798.702002 0.615458 5.773851 0.000124 1561484179.663367
7757048.938936 -363798.382568 0.616991 5.713397 -0.000138 1561484179.763248
7757049.393587 -363798.071614 0.614917 5.649970 0.000256 1561484179.863215
7757049.855880 -363797.749961 0.616111 5.569695 0.000779 1561484179.963090
7757050.289826 -363797.429373 0.616389 5.475546 -0.000395 1561484180.062978
7757050.940190 -363796.999188 0.617115 5.349683 -0.000785 1561484180.212756
7757051.352563 -363796.685650 0.615898 5.322924 -0.000654 1561484180.312625
7757051.964358 -363796.268752 0.617007 5.202016 0.000778 1561484180.462495
7757052.414805 -363795.972630 0.616734 5.150482 0.000778 1561484180.562375
7757053.011961 -363795.547192 0.615682 5.065251 0.001685 1561484180.712173
7757053.427807 -363795.250432 0.617271 4.965155 0.000129 1561484180.812167
7757053.999331 -363794.870935 0.616492 4.901728 -0.000775 1561484180.961860
7757054.559681 -363794.458307 0.616697 4.786767 0.000131 1561484181.111714
7757055.143180 -363794.058560 0.617522 4.701536 -0.001029 1561484181.261534
7757055.677748 -363793.695674 0.616246 4.623244 -0.002186 1561484181.411335
7757056.195826 -363793.317567 0.615447 4.518192 -0.002053 1561484181.561116
7757056.694782 -363792.965303 0.615968 4.365571 -0.002305 1561484181.710946
7757057.244418 -363792.622864 0.614239 4.238717 -0.002428 1561484181.860819
7757057.708360 -363792.266879 0.612699 4.126728 -0.002040 1561484182.010713
7757058.185441 -363791.937053 0.613155 4.016722 -0.003058 1561484182.160628
7757058.651724 -363791.635232 0.611667 3.859145 -0.000756 1561484182.310617
7757059.100783 -363791.312914 0.611866 3.739228 0.001665 1561484182.460410
7757059.533725 -363791.033797 0.614941 3.606427 0.006115 1561484182.610308
7757059.958560 -363790.732506 0.612674 3.522188 0.013732 1561484182.760105
7757060.456684 -363790.379912 0.616957 3.395334 0.017900 1561484182.959823
7757060.988928 -363789.986429 0.622088 3.248659 0.029276 1561484183.159557
7757061.504290 -363789.641706 0.629915 3.149554 0.045177 1561484183.359234
7757061.992559 -363789.277669 0.642976 3.043511 0.075142 1561484183.559049
7757062.419666 -363788.954315 0.661012 2.950353 0.095533 1561484183.758934
7757062.892023 -363788.635724 0.683933 2.811606 0.109925 1561484183.958831
7757063.344956 -363788.233105 0.712167 2.648083 0.107149 1561484184.208709
7757063.741076 -363787.912535 0.733893 2.563844 0.113431 1561484184.408469
7757064.169359 -363787.497599 0.761282 2.437981 0.161944 1561484184.658176
7757064.599746 -363787.098652 0.802468 2.342840 0.197774 1561484184.907662
7757064.971430 -363786.698228 0.845413 2.211030 0.225141 1561484185.157321
7757065.352847 -363786.256639 0.900573 2.111925 0.225352 1561484185.457073
7757065.726571 -363785.795588 0.952404 1.990026 0.246102 1561484185.757006
7757066.026156 -363785.302542 1.012867 1.938492 0.273350 1561484186.056711
7757066.347736 -363784.855821 1.070546 1.880020 0.277463 1561484186.356363
7757066.608850 -363784.327795 1.134274 1.857226 0.292608 1561484186.655946
7757066.817469 -363783.846107 1.195154 1.794790 0.310445 1561484186.955498
7757067.034692 -363783.362211 1.261384 1.759112 0.326665 1561484187.255158
7757067.123845 -363782.850405 1.327527 1.732354 0.322619 1561484187.555018
7757067.289584 -363782.326738 1.397709 1.763076 0.336006 1561484187.854732
7757067.355987 -363781.764078 1.468853 1.827494 0.334992 1561484188.154450
7757067.406088 -363781.201561 1.543479 1.885966 0.334421 1561484188.454358
7757067.368143 -363780.614350 1.618631 1.931555 0.311481 1561484188.754127
7757067.354547 -363780.089423 1.676344 1.995973 0.286992 1561484189.003766
7757067.294841 -363779.592452 1.734176 2.042552 0.255554 1561484189.253567
7757067.197100 -363779.060411 1.783377 2.095078 0.235270 1561484189.503423
7757067.073764 -363778.574288 1.830183 2.095078 0.223164 1561484189.753093
7757066.953613 -363778.079133 1.873893 2.021740 0.213791 1561484190.002907
7757066.761980 -363777.610262 1.917966 2.016785 0.214748 1561484190.252796
7757066.602261 -363777.131597 1.959038 2.015794 0.214626 1561484190.502571
7757066.438318 -363776.624111 2.002058 1.999937 0.213279 1561484190.752214
7757066.205867 -363776.139149 2.043524 2.067328 0.213128 1561484191.001866
7757065.914789 -363775.640407 2.092116 2.121836 0.235797 1561484191.251704
7757065.640177 -363775.185214 2.147356 2.183281 0.275988 1561484191.501468
7757065.330520 -363774.713256 2.209114 2.216977 0.301423 1561484191.751405
7757064.970624 -363774.275471 2.279598 2.236798 0.322967 1561484192.001194
7757064.567465 -363773.826015 2.356381 2.347795 0.348372 1561484192.250926
7757064.139173 -363773.407691 2.441222 2.385455 0.362347 1561484192.500491
7757063.726851 -363773.097175 2.511499 2.427079 0.373964 1561484192.700255
7757063.304530 -363772.805797 2.583881 2.473658 0.373444 1561484192.900164
7757062.775845 -363772.485959 2.679728 2.537085 0.380865 1561484193.150056
7757062.208445 -363772.232478 2.775601 2.575736 0.383184 1561484193.399895
7757061.688678 -363772.053210 2.856990 2.620334 0.382689 1561484193.599712
7757061.155496 -363771.888235 2.936547 2.647092 0.381406 1561484193.799501
7757060.627645 -363771.802887 3.016358 2.692680 0.370537 1561484193.999252
7757060.072896 -363771.732192 3.099521 2.715474 0.364210 1561484194.199201
7757059.474483 -363771.735217 -3.108694 2.768991 0.359756 1561484194.399232
7757058.972464 -363771.751390 -3.028418 2.826472 0.333644 1561484194.599124
7757058.359609 -363771.839285 -2.957830 2.842329 0.292965 1561484194.799063
7757057.865915 -363771.966330 -2.896781 2.864132 0.265268 1561484194.999086
7757057.225250 -363772.101308 -2.834710 2.943416 0.253049 1561484195.198960
7757056.646851 -363772.298410 -2.774899 3.011798 0.240847 1561484195.398830
7757056.044557 -363772.550109 -2.718354 3.033601 0.223384 1561484195.598582
7757055.517825 -363772.800463 -2.668069 3.125769 0.188410 1561484195.798385
7757054.940396 -363773.091483 -2.628116 3.186223 0.145373 1561484195.998446
7757054.341416 -363773.457792 -2.595238 3.310104 0.115677 1561484196.198457
7757053.894498 -363773.700363 -2.575158 3.369567 0.090246 1561484196.348509
7757053.440741 -363773.994354 -2.559405 3.406235 0.068318 1561484196.498576
7757053.011027 -363774.283520 -2.546254 3.477591 0.053172 1561484196.648548
7757052.539868 -363774.587633 -2.536541 3.538045 0.042932 1561484196.798574
7757051.946693 -363774.982255 -2.527228 3.628230 0.032310 1561484196.998395
7757051.492413 -363775.300671 -2.519034 3.669854 0.027236 1561484197.148247
7757050.999730 -363775.656960 -2.515610 3.748147 0.020896 1561484197.298094
7757050.536746 -363775.949919 -2.509864 3.801664 0.016449 1561484197.447937
7757050.064346 -363776.308060 -2.507012 3.859145 0.009319 1561484197.597844
7757049.618341 -363776.656368 -2.504241 3.885903 0.001540 1561484197.747629
7757049.113641 -363777.008233 -2.505212 3.954286 -0.001523 1561484197.897550
7757048.635402 -363777.377212 -2.506509 3.995910 -0.002163 1561484198.047380
7757048.126415 -363777.725163 -2.507848 4.044471 -0.002165 1561484198.197207
7757047.611464 -363778.104455 -2.506311 4.106907 -0.002039 1561484198.347018
7757047.108618 -363778.497547 -2.507344 4.137630 -0.001528 1561484198.496750
7757046.579574 -363778.856273 -2.507276 4.191146 -0.001658 1561484198.646594
7757046.067998 -363779.213792 -2.506852 4.264484 -0.001660 1561484198.796272
7757045.523189 -363779.602655 -2.508756 4.305117 -0.002174 1561484198.946120
7757045.005729 -363779.971282 -2.510066 4.347732 -0.002047 1561484199.095850
7757044.577258 -363780.285759 -2.509382 4.398275 -0.000765 1561484199.195730
7757044.080082 -363780.635032 -2.509480 4.452783 0.000519 1561484199.345515
7757043.544543 -363781.054838 -2.509453 4.505309 -0.001282 1561484199.495338
7757043.127781 -363781.337676 -2.510212 4.530085 -0.001283 1561484199.595187
7757042.599624 -363781.728660 -2.509872 4.565763 -0.000769 1561484199.744892
7757042.191501 -363782.020131 -2.510949 4.583602 -0.000383 1561484199.844745
7757041.643655 -363782.400949 -2.509471 4.616306 0.000519 1561484199.994427
7757041.060107 -363782.829151 -2.509790 4.695590 0.000519 1561484200.144114
7757040.483986 -363783.235838 -2.512487 4.725322 -0.001288 1561484200.293847
7757039.849964 -363783.674278 -2.510169 4.744152 -0.001288 1561484200.443572
7757039.258112 -363784.090176 -2.511728 4.796677 -0.001935 1561484200.593276
7757038.695969 -363784.494364 -2.513267 4.828391 -0.001936 1561484200.743008
7757038.077590 -363784.939500 -2.516428 4.828391 -0.001936 1561484200.892675
7757037.451757 -363785.371511 -2.514662 4.945335 -0.000387 1561484201.042576
7757037.031816 -363785.676761 -2.514767 4.950290 0.000130 1561484201.142408
7757036.443136 -363786.098778 -2.516040 4.959209 0.001165 1561484201.292308
7757036.004862 -363786.404553 -2.517140 5.000833 0.001037 1561484201.392252
7757035.408533 -363786.821114 -2.515098 5.055341 0.001166 1561484201.542231
7757034.788456 -363787.257923 -2.514044 5.092010 0.002204 1561484201.692255
7757034.366333 -363787.566784 -2.513936 5.153455 0.001556 1561484201.792219
7757033.954715 -363787.854265 -2.514078 5.159401 -0.001040 1561484201.892217
7757033.530979 -363788.186721 -2.513096 5.165347 -0.000781 1561484201.992118
7757033.063899 -363788.509410 -2.515621 5.200034 -0.000781 1561484202.092016
7757032.649620 -363788.789873 -2.512966 5.231748 -0.000652 1561484202.191908
7757032.181733 -363789.106573 -2.514049 5.237694 0.000258 1561484202.291812
7757031.534763 -363789.569762 -2.512011 5.253551 -0.000652 1561484202.441602
7757030.884458 -363790.026514 -2.514200 5.292202 -0.000133 1561484202.591501
7757030.288449 -363790.458922 -2.513480 5.337790 -0.000393 1561484202.741369
7757029.849225 -363790.777653 -2.513046 5.343736 -0.000393 1561484202.841280
7757029.386984 -363791.110495 -2.514644 5.356620 0.000518 1561484202.941165
7757028.940944 -363791.418264 -2.514085 5.378423 0.001690 1561484203.041019
7757028.484648 -363791.757813 -2.512977 5.407163 0.001169 1561484203.140910
7757028.043207 -363792.072336 -2.513572 5.434913 0.000126 1561484203.240756
7757027.590399 -363792.381503 -2.513665 5.466626 0.000257 1561484203.340596
7757027.150030 -363792.672093 -2.513357 5.487438 0.001170 1561484203.440544
7757026.702689 -363792.981937 -2.513315 5.509241 0.000779 1561484203.540467
7757026.245135 -363793.318883 -2.512738 5.517170 0.001041 1561484203.640338
7757025.787604 -363793.648639 -2.516231 5.527080 0.001562 1561484203.740293
7757025.338374 -363793.922695 -2.514122 5.548883 0.002477 1561484203.840236
7757024.846666 -363794.298316 -2.515282 5.575642 0.001956 1561484203.940485
7757024.402332 -363794.598876 -2.513522 5.596454 0.002086 1561484204.040183
7757023.965115 -363794.921101 -2.514288 5.608346 0.003133 1561484204.140135
7757023.456929 -363795.301277 -2.512724 5.603391 0.003133 1561484204.240071
7757022.991201 -363795.627266 -2.512225 5.607355 0.003133 1561484204.339892
7757022.576543 -363795.941370 -2.511740 5.644024 0.003396 1561484204.439831
7757022.114019 -363796.271525 -2.511526 5.644024 0.003528 1561484204.539722
7757021.619162 -363796.615513 -2.510241 5.634114 0.002873 1561484204.639586
7757021.200434 -363796.924065 -2.512192 5.653935 0.002874 1561484204.739427
7757020.690206 -363797.272800 -2.508317 5.673756 0.003136 1561484204.839249
7757020.217838 -363797.585094 -2.507034 5.690603 0.003137 1561484204.939169
7757019.747783 -363797.929290 -2.507623 5.703487 0.003137 1561484205.038972
7757019.339497 -363798.233314 -2.505649 5.730245 0.003400 1561484205.138823
7757018.838889 -363798.577487 -2.503452 5.744120 0.003401 1561484205.238717
7757018.337790 -363798.950670 -2.504047 5.733218 0.002877 1561484205.338671
7757017.911333 -363799.259201 -2.504891 5.741147 0.001566 1561484205.438620
7757017.423403 -363799.610935 -2.501739 5.756013 0.001566 1561484205.538619
7757016.965190 -363799.964050 -2.504414 5.755022 0.001697 1561484205.638590
7757016.483896 -363800.307345 -2.503512 5.755022 0.002484 1561484205.738585
7757016.031242 -363800.638108 -2.501781 5.765923 0.002091 1561484205.838624
7757015.574957 -363800.973725 -2.502946 5.776825 0.002484 1561484205.938568
7757015.089837 -363801.310282 -2.505840 5.806556 0.003404 1561484206.038522
7757014.641977 -363801.646830 -2.505228 5.822413 0.003536 1561484206.138457
7757014.135632 -363802.001704 -2.502799 5.833314 0.003537 1561484206.238392
7757013.669360 -363802.337435 -2.499701 5.843225 0.003800 1561484206.338223
7757013.199710 -363802.701783 -2.499640 5.843225 0.004719 1561484206.438177
7757012.739088 -363803.038151 -2.496967 5.858091 0.003538 1561484206.537987
7757012.292665 -363803.359305 -2.495958 5.869983 0.001174 1561484206.637846
7757011.747924 -363803.750207 -2.497746 5.858091 -0.000796 1561484206.737778
7757011.315016 -363804.057514 -2.497136 5.869983 -0.001585 1561484206.837687
7757010.868547 -363804.428573 -2.495709 5.884849 -0.001585 1561484206.937562
7757010.382813 -363804.797935 -2.497245 5.893768 -0.002242 1561484207.037533
7757009.935550 -363805.097016 -2.497324 5.881876 -0.002373 1561484207.137468
7757009.464422 -363805.445477 -2.496089 5.885840 -0.002768 1561484207.237347
7757009.013450 -363805.780604 -2.494702 5.893768 -0.003556 1561484207.337232
7757008.581301 -363806.097852 -2.497573 5.895751 -0.003557 1561484207.437130
7757008.071640 -363806.435158 -2.501656 5.907643 -0.003689 1561484207.536925
7757007.610848 -363806.784688 -2.500383 5.924491 -0.003691 1561484207.636825
7757007.119608 -363807.184795 -2.500584 5.945303 -0.004087 1561484207.736726
7757006.633478 -363807.533116 -2.503678 5.950258 -0.003561 1561484207.836690
7757006.166838 -363807.867408 -2.503899 5.928455 -0.003296 1561484207.936655
7757005.670736 -363808.253478 -2.502891 5.896742 -0.002637 1561484208.036536
7757005.107906 -363808.687128 -2.503339 5.901697 -0.001323 1561484208.186296
7757004.578819 -363809.054218 -2.507262 5.929446 -0.001324 1561484208.286280
7757004.078445 -363809.413760 -2.504737 5.912598 -0.002243 1561484208.386056
7757003.585690 -363809.755204 -2.503938 5.896742 -0.002637 1561484208.485906
7757003.075930 -363810.137971 -2.505304 5.874938 -0.001716 1561484208.585736
7757002.594311 -363810.491040 -2.505598 5.855117 -0.001059 1561484208.685947
7757001.956367 -363810.947272 -2.505208 5.877912 -0.001979 1561484208.835533
7757001.488641 -363811.279846 -2.508991 5.882867 -0.001980 1561484208.935568
7757001.085832 -363811.581665 -2.505118 5.867010 -0.002241 1561484209.035477
7757000.622290 -363811.916177 -2.507107 5.837279 -0.002240 1561484209.135453
7757000.190050 -363812.248859 -2.507124 5.829350 -0.001583 1561484209.235400
7756999.710661 -363812.577632 -2.510059 5.829350 -0.000664 1561484209.335332
7756999.287516 -363812.879819 -2.508565 5.823404 -0.000139 1561484209.435225
7756998.732793 -363813.289064 -2.507860 5.813493 0.000255 1561484209.535132
7756998.325584 -363813.586848 -2.510143 5.796646 0.000255 1561484209.635088
7756997.818721 -363813.948183 -2.510906 5.775834 -0.000794 1561484209.734979
7756997.380883 -363814.265169 -2.510735 5.755022 -0.001056 1561484209.834917
7756996.868938 -363814.632016 -2.510599 5.766914 -0.000793 1561484209.934865
7756996.208816 -363815.122652 -2.511424 5.770878 -0.001712 1561484210.084656
7756995.559199 -363815.577554 -2.512338 5.743129 -0.001056 1561484210.234461
7756995.067834 -363815.936271 -2.511009 5.705469 -0.001055 1561484210.334367
7756994.592943 -363816.276698 -2.511336 5.705469 -0.000793 1561484210.434214
7756994.163951 -363816.619096 -2.512199 5.701505 0.000124 1561484210.534111
7756993.742474 -363816.907182 -2.512754 5.685648 0.000255 1561484210.633947
7756993.264677 -363817.242815 -2.511645 5.670782 0.000124 1561484210.733812
7756992.755777 -363817.602975 -2.511676 5.670782 0.000124 1561484210.833608
7756992.061336 -363818.036208 -2.515886 5.619248 -0.000398 1561484210.983419
7756991.429934 -363818.494078 -2.514636 5.591498 -0.002621 1561484211.133311
7756990.734765 -363818.992013 -2.516289 5.587534 -0.002358 1561484211.283107
7756990.250637 -363819.327888 -2.516284 5.566722 -0.000790 1561484211.382933
7756989.617175 -363819.734623 -2.517285 5.523116 0.000256 1561484211.532768
7756989.123268 -363820.106069 -2.518618 5.507259 0.000126 1561484211.632697
7756988.561643 -363820.466528 -2.517890 5.425002 0.000257 1561484211.782578
7756988.142603 -363820.788870 -2.516939 5.354638 0.000518 1561484211.882432
7756987.661984 -363821.100898 -2.517316 5.273372 0.000258 1561484211.982548
7756987.109456 -363821.508332 -2.517100 5.050386 0.001166 1561484212.132397
7756986.534311 -363821.922884 -2.514249 4.886863 -0.001550 1561484212.282364
7756985.987683 -363822.324090 -2.516855 4.769919 -0.002837 1561484212.432308
7756985.439194 -363822.695902 -2.520224 4.606396 -0.002057 1561484212.582150
7756984.907632 -363823.075261 -2.516742 4.428007 -0.001665 1561484212.731927
7756984.431666 -363823.406190 -2.518114 4.227815 -0.001276 1561484212.881778
7756983.959675 -363823.744688 -2.520744 4.090059 -0.001272 1561484213.031678
7756983.466928 -363824.083177 -2.521175 3.974106 -0.003696 1561484213.181529
7756982.971933 -363824.414093 -2.519320 3.808601 -0.004198 1561484213.331369
7756982.475203 -363824.759947 -2.522538 3.602463 -0.005585 1561484213.531083
7756982.003262 -363825.112141 -2.521609 3.501376 -0.007863 1561484213.680919
7756981.576979 -363825.424052 -2.523294 3.301184 -0.020012 1561484213.880757
7756981.036105 -363825.767562 -2.530619 3.132706 -0.041469 1561484214.080732
7756980.548190 -363826.138041 -2.541261 2.948371 -0.081180 1561484214.280578
7756980.036661 -363826.459555 -2.563034 2.753134 -0.105318 1561484214.530611
7756979.574211 -363826.723300 -2.585116 2.601504 -0.119013 1561484214.730496
7756978.997288 -363827.047269 -2.620649 2.448882 -0.177604 1561484215.030103
7756978.509177 -363827.301767 -2.666276 2.300225 -0.239708 1561484215.279903
7756977.932488 -363827.582573 -2.734339 2.201120 -0.289747 1561484215.579537
7756977.417947 -363827.791335 -2.793692 2.136702 -0.305887 1561484215.829155
7756976.898433 -363827.977270 -2.869775 2.081203 -0.335369 1561484216.128823
7756976.387293 -363828.106906 -2.936497 2.058409 -0.335343 1561484216.379049
7756975.883934 -363828.168003 -2.999925 2.027686 -0.335036 1561484216.628600
7756975.303955 -363828.212698 -3.079833 2.006874 -0.332818 1561484216.928352
7756974.795918 -363828.246784 3.134391 2.015794 -0.349819 1561484217.177839
7756974.281274 -363828.215515 3.068113 1.995973 -0.354545 1561484217.427506
7756973.752186 -363828.191012 2.998506 1.958313 -0.351181 1561484217.677371
7756973.221466 -363828.061020 2.918376 1.959304 -0.349019 1561484217.977299
7756972.720256 -363827.903983 2.853111 1.958313 -0.366625 1561484218.227163
7756972.126729 -363827.711148 2.764820 1.958313 -0.370176 1561484218.526984
7756971.584429 -363827.485027 2.675733 1.996964 -0.383895 1561484218.826635
7756971.051024 -363827.196988 2.583641 2.010838 -0.399617 1561484219.126297
7756970.552251 -363826.836152 2.487297 1.985071 -0.415163 1561484219.425892
7756970.113407 -363826.433641 2.387904 2.021740 -0.399414 1561484219.725529
7756969.674676 -363826.004092 2.287903 2.046516 -0.391041 1561484220.025211
7756969.331040 -363825.578915 2.207829 2.116881 -0.374438 1561484220.275093
7756969.026203 -363825.117298 2.122778 2.192200 -0.385253 1561484220.525006
7756968.722103 -363824.619234 2.029166 2.280404 -0.377082 1561484220.774819
7756968.496793 -363824.070044 1.946918 2.405276 -0.363478 1561484221.024546
7756968.336954 -363823.593441 1.870619 2.479605 -0.339829 1561484221.224296
7756968.187789 -363823.035485 1.803196 2.590602 -0.311987 1561484221.423928
7756968.076663 -363822.472980 1.747841 2.673850 -0.273486 1561484221.623523
7756967.981997 -363821.917571 1.691493 2.747188 -0.202966 1561484221.823217
7756967.925088 -363821.284878 1.645485 2.811606 -0.131642 1561484222.072827
7756967.907977 -363820.619831 1.620402 2.933505 -0.086190 1561484222.272573
7756967.873880 -363820.014492 1.599392 3.000896 -0.057181 1561484222.472322
7756967.864789 -363819.387390 1.590764 3.155500 -0.043248 1561484222.672126
7756967.858509 -363818.732283 1.582112 3.243703 -0.043160 1561484222.872056
7756967.844207 -363818.177125 1.568177 3.349746 -0.038015 1561484223.022112
7756967.893280 -363817.652056 1.564390 3.479573 -0.029061 1561484223.172102
7756967.909256 -363817.147911 1.560439 3.638141 -0.020213 1561484223.322072
7756967.916960 -363816.571189 1.554102 3.712470 -0.004446 1561484223.471977
7756967.938545 -363815.991122 1.552378 3.780852 0.002431 1561484223.621859
7756967.941211 -363815.346876 1.554499 3.916626 -0.001778 1561484223.771640
7756967.966655 -363814.765762 1.552182 4.010775 -0.003314 1561484223.921591
7756967.963325 -363814.090839 1.549478 4.109880 -0.007028 1561484224.071602
7756967.974380 -363813.447451 1.545536 4.237726 -0.008835 1561484224.221503
7756968.035449 -363812.722528 1.546129 4.326920 -0.006921 1561484224.371503
7756968.068871 -363812.094975 1.544761 4.403231 -0.004618 1561484224.521327
7756968.069835 -363811.411507 1.543424 4.475577 -0.004623 1561484224.671202
7756968.102593 -363810.630828 1.545449 4.564772 -0.004629 1561484224.820968
7756968.137094 -363809.959372 1.541023 4.658921 -0.004636 1561484224.970859
7756968.156977 -363809.245853 1.540557 4.739196 -0.004642 1561484225.120672
7756968.202445 -363808.483214 1.537970 4.812534 -0.003098 1561484225.270475
7756968.232991 -363807.757526 1.536850 4.869024 -0.000386 1561484225.420337
7756968.246978 -363807.257212 1.537221 4.927496 -0.001293 1561484225.520177
7756968.261076 -363806.737364 1.537205 4.964164 -0.001683 1561484225.620086
7756968.284657 -363806.228935 1.537850 5.017681 -0.000648 1561484225.719925
7756968.311480 -363805.676829 1.536946 5.100929 -0.000649 1561484225.819799
7756968.351210 -363804.909379 1.537262 5.159401 -0.001300 1561484225.969679
7756968.387235 -363804.378353 1.536072 5.181204 -0.000781 1561484226.069660
7756968.404175 -363803.849669 1.536057 5.243640 0.001558 1561484226.169543
7756968.415773 -363803.303449 1.537591 5.313014 0.002861 1561484226.269491
7756968.449176 -363802.800188 1.535953 5.340763 0.001169 1561484226.369437
7756968.454973 -363802.264644 1.538211 5.355629 -0.001305 1561484226.469419
7756968.487781 -363801.707300 1.535281 5.376441 -0.001697 1561484226.569378
7756968.496316 -363801.080395 1.536303 5.425993 -0.001307 1561484226.669332
7756968.540010 -363800.566458 1.537743 5.507259 -0.001571 1561484226.769305
7756968.557970 -363800.012113 1.533630 5.569695 -0.001705 1561484226.869182
7756968.605791 -363799.407448 1.533110 5.622221 -0.000137 1561484226.969045
7756968.604782 -363798.883720 1.533830 5.623212 0.001695 1561484227.068935
7756968.630682 -363798.292356 1.533481 5.644024 0.001172 1561484227.168842
7756968.682067 -363797.687482 1.535248 5.728263 -0.000138 1561484227.268727
7756968.712656 -363797.095084 1.536327 5.808538 0.000255 1561484227.368572
7756968.731517 -363796.514238 1.536131 5.823404 0.000780 1561484227.468439
7756968.737626 -363795.966861 1.533764 5.812502 0.002486 1561484227.568214
7756968.768759 -363795.326411 1.535944 5.844216 0.004063 1561484227.668090
7756968.803254 -363794.698537 1.536538 5.891786 0.003014 1561484227.767902
7756968.844649 -363794.104112 1.536156 5.954222 0.001043 1561484227.867730
7756968.866348 -363793.517285 1.535323 6.012694 -0.001063 1561484227.967540
7756968.877406 -363792.877979 1.535915 6.050354 -0.001592 1561484228.067475
7756968.908060 -363792.267729 1.538242 6.080086 0.000253 1561484228.167400
7756968.938143 -363791.703253 1.534463 6.112790 0.002892 1561484228.267335
7756968.954784 -363791.104304 1.534473 6.144504 0.002366 1561484228.367287
7756968.984168 -363790.410902 1.537908 6.216850 -0.000277 1561484228.467250
7756969.015057 -363789.844289 1.534663 6.270367 -0.001732 1561484228.567228
7756969.044637 -363789.210780 1.532716 6.298116 -0.002131 1561484228.667138
7756969.053181 -363788.532663 1.536717 6.282260 -0.001203 1561484228.767060
7756969.088059 -363787.915234 1.532123 6.265412 0.001972 1561484228.866946
7756969.118081 -363787.310602 1.532295 6.317937 0.003033 1561484228.966777
7756969.144250 -363786.630259 1.532560 6.389293 0.002639 1561484229.066637
7756969.173280 -363785.977332 1.534463 6.424971 0.001180 1561484229.166480
7756969.200009 -363785.370155 1.534111 6.448756 0.001047 1561484229.266309
7756969.252527 -363784.700329 1.533821 6.454702 0.001047 1561484229.366156
7756969.276198 -363784.011442 1.536322 6.486416 0.000517 1561484229.466029
7756969.310771 -363783.409913 1.532687 6.514165 -0.001211 1561484229.565931
7756969.345951 -363782.691623 1.532650 6.583539 -0.002812 1561484229.665862
7756969.373330 -363782.070751 1.532148 6.659849 -0.003750 1561484229.765810
7756969.441420 -363781.439225 1.531327 6.694536 -0.003752 1561484229.865777
7756969.460204 -363780.717537 1.527523 6.674715 -0.005484 1561484229.965842
7756969.486298 -363780.086674 1.526128 6.659849 -0.004950 1561484230.065781
7756969.523988 -363779.360332 1.524991 6.676697 -0.002684 1561484230.165710
7756969.569253 -363778.799428 1.522692 6.713366 -0.002420 1561484230.265643
7756969.617846 -363778.050398 1.523917 6.740124 -0.002154 1561484230.365497
7756969.623032 -363777.362650 1.522185 6.735169 0.000249 1561484230.465407
7756969.671880 -363776.715947 1.521115 6.726250 0.003853 1561484230.565284
7756969.706277 -363776.060270 1.523474 6.733187 0.002919 1561484230.665180
7756969.742653 -363775.397160 1.524336 6.769856 0.002119 1561484230.765144
7756969.784303 -363774.697909 1.525779 6.781748 0.002387 1561484230.864977
7756969.823140 -363774.045418 1.525496 6.775802 0.004257 1561484230.964907
7756969.860685 -363773.374501 1.525890 6.792650 0.004526 1561484231.064803
7756969.872690 -363772.696335 1.526379 6.809498 0.002923 1561484231.164697
7756969.914131 -363771.973592 1.526976 6.797605 0.002655 1561484231.264652
7756969.943447 -363771.298944 1.529580 6.786704 0.001986 1561484231.364628
7756969.997307 -363770.671114 1.529871 6.792650 0.001050 1561484231.464632
7756970.019086 -363769.962317 1.530667 6.791659 0.001050 1561484231.564628
7756970.051380 -363769.294795 1.531912 6.807516 0.000248 1561484231.664683
7756970.088739 -363768.576029 1.533010 6.812471 0.000115 1561484231.764702
7756970.132197 -363767.844859 1.532680 6.782739 -0.000152 1561484231.864686
7756970.163148 -363767.244396 1.532688 6.754990 0.001184 1561484231.964663
7756970.194742 -363766.563211 1.530346 6.756972 0.002119 1561484232.064647
7756970.231059 -363765.898545 1.530592 6.764900 0.003589 1561484232.164636
7756970.258058 -363765.127489 1.535242 6.763909 0.003589 1561484232.264523
7756970.278803 -363764.522600 1.535201 6.759945 0.004791 1561484232.364440
7756970.315562 -363763.844062 1.537644 6.750035 0.005191 1561484232.464336
7756970.354467 -363763.132277 1.539498 6.746071 0.003054 1561484232.564249
7756970.383219 -363762.483129 1.537599 6.750035 -0.000819 1561484232.664110
7756970.394774 -363761.853864 1.537729 6.739133 0.000116 1561484232.764049
7756970.414345 -363761.143059 1.540097 6.728232 0.000517 1561484232.863917
7756970.448610 -363760.480406 1.539474 6.723276 -0.000552 1561484232.963812
7756970.474651 -363759.829717 1.537960 6.708411 -0.002820 1561484233.063698
7756970.490153 -363759.117747 1.538976 6.703455 -0.003620 1561484233.163564
7756970.541353 -363758.487225 1.536274 6.706429 -0.002152 1561484233.263328
7756970.557559 -363757.850450 1.535102 6.704446 -0.001218 1561484233.363204
7756970.576812 -363757.134533 1.536696 6.701473 -0.000151 1561484233.463113
7756970.623227 -363756.456551 1.534893 6.685617 0.000783 1561484233.562761
7756970.655457 -363755.807000 1.536382 6.664805 0.002917 1561484233.662598
7756970.673237 -363755.170034 1.535913 6.655885 0.002650 1561484233.762386
7756970.722734 -363754.455909 1.539476 6.645975 0.000517 1561484233.862236
7756970.740061 -363753.848889 1.537945 6.629127 0.001449 1561484233.962132
7756970.764357 -363753.200749 1.537806 6.618225 0.002381 1561484234.061944
7756970.788887 -363752.497646 1.537276 6.614261 0.000783 1561484234.161914
7756970.810388 -363751.822677 1.540274 6.593449 0.000117 1561484234.261813
7756970.835978 -363751.189621 1.537459 6.556780 0.000250 1561484234.361820
7756970.859392 -363750.580046 1.536275 6.545879 0.000118 1561484234.461751
7756970.873636 -363749.881681 1.538060 6.555789 -0.000681 1561484234.561669
7756970.907771 -363749.261423 1.537946 6.561735 -0.003608 1561484234.661571
7756970.941088 -363748.606618 1.538591 6.544888 -0.003740 1561484234.761461
7756970.943948 -363747.974065 1.535720 6.503264 -0.003604 1561484234.861343
7756970.977674 -363747.274127 1.534512 6.461639 -0.005460 1561484234.961236
7756971.027852 -363746.663818 1.531646 6.439836 -0.006120 1561484235.061130
7756971.048482 -363746.070607 1.529554 6.440827 -0.003599 1561484235.161169
7756971.076844 -363745.417428 1.527945 6.429926 -0.003731 1561484235.261051
7756971.101551 -363744.745294 1.530585 6.406141 -0.000810 1561484235.361003
7756971.131946 -363744.100010 1.528472 6.402177 0.002108 1561484235.460907
7756971.169116 -363743.502678 1.528546 6.388302 0.001047 1561484235.560774
7756971.180716 -363742.854555 1.527098 6.399203 -0.002799 1561484235.660639
7756971.233042 -363742.266250 1.526296 6.392266 -0.002136 1561484235.760502
7756971.256477 -363741.582845 1.523506 6.339740 0.001046 1561484235.860456
7756971.292387 -363740.991626 1.526296 6.281269 0.000252 1561484235.960402
7756971.320309 -363740.338326 1.525663 6.276313 -0.002395 1561484236.060337
7756971.334332 -363739.746432 1.526420 6.306045 -0.001734 1561484236.160328
7756971.376885 -363739.127889 1.525261 6.298116 -0.002131 1561484236.260326
7756971.398074 -363738.551552 1.525942 6.239645 -0.002129 1561484236.360337
7756971.424085 -363737.932902 1.525517 6.200994 -0.000673 1561484236.460279
7756971.461662 -363737.313074 1.523850 6.193065 -0.000804 1561484236.560247
7756971.521492 -363736.680095 1.524506 6.182164 -0.001201 1561484236.660158
7756971.567401 -363736.029171 1.522567 6.165316 -0.000804 1561484236.760018
7756971.595080 -363735.469125 1.522630 6.145495 -0.000803 1561484236.859961
7756971.646033 -363734.803298 1.522310 6.123692 -0.000275 1561484236.959767
7756971.662405 -363734.247696 1.523270 6.125674 -0.001067 1561484237.059699
7756971.710327 -363733.625665 1.520233 6.119728 -0.003310 1561484237.159517
7756971.738375 -363733.040407 1.522469 6.107835 -0.002386 1561484237.259388
7756971.789616 -363732.478307 1.521760 6.070175 0.000253 1561484237.359248
7756971.837771 -363731.838267 1.524182 6.024587 0.002625 1561484237.459088
7756971.863120 -363731.202604 1.523240 6.008730 0.003019 1561484237.558944
7756971.900078 -363730.612992 1.525029 6.007739 0.002492 1561484237.658770
7756971.944678 -363730.043084 1.525549 6.005757 0.002097 1561484237.758693
7756971.954457 -363729.424544 1.522677 5.978999 0.000518 1561484237.858547
7756971.989447 -363728.890026 1.523341 5.970079 0.000254 1561484237.958471
7756972.020089 -363728.243033 1.524366 5.969088 -0.000404 1561484238.058399
7756972.069957 -363727.428938 1.524556 5.949267 -0.000403 1561484238.208400
7756972.114163 -363726.808913 1.526612 5.932419 -0.000798 1561484238.308436
7756972.148152 -363726.211251 1.526702 5.922509 0.000254 1561484238.408387
7756972.176106 -363725.631806 1.524767 5.932419 0.000518 1561484238.508331
7756972.210346 -363725.024670 1.525986 5.919536 0.001569 1561484238.608237
7756972.247366 -363724.438159 1.527531 5.887822 0.001963 1561484238.708117
7756972.285389 -363723.824021 1.527145 5.886831 0.001568 1561484238.808015
7756972.295955 -363723.042555 1.526339 5.848180 0.001174 1561484238.957982
7756972.326373 -363722.404852 1.524682 5.823404 -0.000795 1561484239.057868
7756972.373319 -363721.863738 1.526423 5.825386 -0.004077 1561484239.157862
7756972.386081 -363721.279533 1.524534 5.823404 -0.003552 1561484239.257743
7756972.441335 -363720.712100 1.525019 5.791690 -0.001713 1561484239.357748
7756972.478336 -363720.139617 1.524725 5.759977 0.001566 1561484239.457675
7756972.497738 -363719.547864 1.523767 5.751057 0.002484 1561484239.557586
7756972.531844 -363718.956195 1.524860 5.755022 0.001959 1561484239.657470
7756972.563712 -363718.442638 1.524841 5.758986 0.001959 1561484239.757377
7756972.618064 -363717.852095 1.524017 5.758986 0.002615 1561484239.857317
7756972.683843 -363717.283487 1.526239 5.738174 0.002090 1561484239.957196
7756972.727304 -363716.637720 1.526355 5.722317 0.001697 1561484240.057037
7756972.765168 -363715.824006 1.526561 5.689612 0.001959 1561484240.206964
7756972.791329 -363715.239513 1.525495 5.689612 0.001959 1561484240.306841
7756972.818763 -363714.675921 1.526616 5.677720 0.001958 1561484240.406919
7756972.816279 -363714.130144 1.527864 5.670782 0.002088 1561484240.506781
7756972.857002 -363713.594507 1.531342 5.659881 0.001696 1561484240.606813
7756972.878428 -363713.026727 1.531157 5.649970 0.001695 1561484240.706763
7756972.909793 -363712.434906 1.531468 5.649970 0.001695 1561484240.806714
7756972.923683 -363711.874161 1.530446 5.620239 0.001695 1561484240.906616
7756972.952803 -363711.330189 1.531222 5.633123 0.001564 1561484241.006610
7756972.977718 -363710.784011 1.532289 5.637087 0.002873 1561484241.106595
7756973.007055 -363710.234955 1.529350 5.623212 0.003789 1561484241.206357
7756973.043448 -363709.716290 1.532348 5.596454 0.003525 1561484241.306332
7756973.077573 -363709.112499 1.533202 5.573660 0.002086 1561484241.406168
7756973.109837 -363708.530362 1.533955 5.572669 0.002478 1561484241.506078
7756973.138386 -363707.710403 1.532976 5.558794 0.001041 1561484241.655947
7756973.180139 -363706.942156 1.533740 5.534018 0.000256 1561484241.805735
7756973.207393 -363706.395887 1.530892 5.521134 0.000518 1561484241.905586
7756973.223368 -363705.850468 1.534113 5.495367 0.001040 1561484242.005521
7756973.243133 -363705.317930 1.535381 5.473564 0.000257 1561484242.105371
7756973.274767 -363704.779297 1.533335 5.474555 -0.000788 1561484242.205225
7756973.310514 -363704.197475 1.532847 5.445814 -0.003135 1561484242.305132
7756973.345706 -363703.436709 1.529195 5.347700 -0.007428 1561484242.454947
7756973.376577 -363702.691269 1.528433 5.272381 -0.008196 1561484242.604806
7756973.420293 -363702.134731 1.525440 5.188142 -0.006756 1561484242.704676
7756973.436814 -363701.511813 1.523562 5.022636 -0.003757 1561484242.854437
7756973.463445 -363700.775024 1.525617 4.838301 -0.006975 1561484243.004238
7756973.522872 -363700.168025 1.523609 4.697572 -0.011214 1561484243.154042
7756973.553313 -363699.504775 1.523504 4.517201 -0.015300 1561484243.303890
7756973.609622 -363698.918493 1.516052 4.353678 -0.018857 1561484243.453803
7756973.623011 -363698.281531 1.512005 4.181236 -0.023549 1561484243.603748
7756973.658030 -363697.701541 1.507251 4.064292 -0.024152 1561484243.753713
7756973.705357 -363697.166538 1.504669 3.885903 -0.028816 1561484243.903662
7756973.760225 -363696.503573 1.492916 3.690666 -0.040829 1561484244.103567
7756973.821021 -363695.844347 1.480482 3.432994 -0.053632 1561484244.303360
7756973.890375 -363695.235604 1.470741 3.192169 -0.056025 1561484244.503098
7756973.933993 -363694.705772 1.456766 2.985040 -0.056039 1561484244.702806
7756974.003160 -363694.151385 1.444638 2.785839 -0.063105 1561484244.902506
7756974.082506 -363693.590384 1.429912 2.599522 -0.103436 1561484245.152346
7756974.188573 -363692.973184 1.399341 2.395365 -0.150260 1561484245.402285
7756974.306995 -363692.444589 1.358681 2.206075 -0.200178 1561484245.702182
7756974.443220 -363691.881103 1.306135 2.032641 -0.223950 1561484246.001985
7756974.620605 -363691.295416 1.254571 1.948402 -0.233057 1561484246.301708
7756974.823907 -363690.777094 1.202772 1.916689 -0.236238 1561484246.601326
7756975.039722 -363690.313193 1.150088 1.905787 -0.273406 1561484246.900863
7756975.242091 -363689.807588 1.094340 1.943447 -0.328587 1561484247.150624
7756975.535185 -363689.291203 1.014882 1.905787 -0.336592 1561484247.450464
7756975.812259 -363688.866735 0.954412 1.952367 -0.349016 1561484247.700081
7756976.141285 -363688.456654 0.874199 2.011829 -0.363846 1561484247.949751
7756976.501277 -363688.048309 0.802498 2.068319 -0.371890 1561484248.199442
7756976.887718 -363687.686087 0.722914 2.120845 -0.369793 1561484248.449160
7756977.367581 -363687.346370 0.640711 2.226887 -0.359062 1561484248.698888
7756977.854720 -363687.002469 0.558429 2.291305 -0.355103 1561484248.948481
7756978.317813 -363686.762534 0.490366 2.373562 -0.347977 1561484249.148169
7756978.792516 -363686.536391 0.422758 2.468703 -0.366133 1561484249.347782
7756979.374370 -363686.301422 0.325638 2.527175 -0.368314 1561484249.597641
7756979.856271 -363686.150919 0.249923 2.592584 -0.367499 1561484249.797536
7756980.433341 -363686.009883 0.176431 2.669886 -0.341173 1561484249.997502
7756980.993129 -363685.951743 0.105837 2.706555 -0.299757 1561484250.197307
7756981.520218 -363685.910368 0.042870 2.805660 -0.250498 1561484250.397089
7756982.158811 -363685.923618 -0.008249 2.901791 -0.190663 1561484250.596817
7756982.665343 -363685.903687 -0.039423 2.932514 -0.151553 1561484250.746527
7756983.322393 -363685.961690 -0.070481 2.932514 -0.151553 1561484250.946094
7756983.934091 -363686.020840 -0.087939 2.932514 -0.151553 1561484251.145757
7756984.572079 -363686.078465 -0.095535 3.243703 -0.019747 1561484251.345490
7756985.129879 -363686.138530 -0.097356 3.311095 -0.015578 1561484251.495339
7756985.789599 -363686.190390 -0.103191 3.390379 -0.019269 1561484251.695266
7756986.330039 -363686.239161 -0.103930 3.453806 -0.019029 1561484251.845203
7756986.875229 -363686.325803 -0.111100 3.501376 -0.020689 1561484251.995195
7756987.421265 -363686.377020 -0.116171 3.527143 -0.018155 1561484252.145159
7756987.946664 -363686.465067 -0.118430 3.596517 -0.013464 1561484252.295237
7756988.502752 -363686.505187 -0.120239 3.663908 -0.009153 1561484252.445130
7756989.100841 -363686.577731 -0.123435 3.680756 -0.013225 1561484252.595040
7756989.667393 -363686.658165 -0.126516 3.747156 -0.013743 1561484252.745028
7756990.334946 -363686.738123 -0.129248 3.795718 -0.004196 1561484252.895010
7756990.965337 -363686.816953 -0.127608 3.879957 -0.004455 1561484253.044832
7756991.500675 -363686.885008 -0.130971 3.921581 -0.004075 1561484253.194826
7756992.115964 -363686.988765 -0.128393 3.959241 -0.005098 1561484253.344738
7756992.635188 -363687.051969 -0.132473 4.016722 -0.004463 1561484253.494704
7756993.312176 -363687.161559 -0.131189 4.072220 0.000263 1561484253.644533
7756993.969260 -363687.271061 -0.128539 4.116818 0.005252 1561484253.794324
7756994.545486 -363687.346510 -0.127082 4.160424 0.005638 1561484253.894173
7756995.063421 -363687.415638 -0.127074 4.214931 0.006282 1561484253.994102
7756995.853977 -363687.494203 -0.125850 4.274394 0.006158 1561484254.143976
7756996.475841 -363687.581272 -0.122300 4.285296 0.003340 1561484254.293917
7756997.220028 -363687.694594 -0.122082 4.280341 0.001288 1561484254.443835
7756997.868672 -363687.741697 -0.120271 4.264484 0.002826 1561484254.593666
7756998.382227 -363687.825403 -0.118696 4.252591 0.005389 1561484254.693604
7756998.926918 -363687.892883 -0.114703 4.167361 0.007050 1561484254.843326
7756999.581524 -363687.977736 -0.115660 4.055373 0.004483 1561484254.993115
7757000.141046 -363688.051366 -0.115782 3.935456 0.001541 1561484255.142999
7757000.737244 -363688.137019 -0.113704 3.806619 0.001922 1561484255.292791
7757001.341467 -363688.213764 -0.113466 3.580660 0.002935 1561484255.492673
7757001.932873 -363688.266725 -0.117159 3.364611 0.003818 1561484255.692561
7757002.478886 -363688.339526 -0.114623 3.197124 0.004319 1561484255.842571
7757002.977081 -363688.415552 -0.114039 2.973147 0.004311 1561484256.042474
7757003.496177 -363688.482254 -0.111793 2.821517 0.003549 1561484256.192536
7757004.074450 -363688.519181 -0.112939 2.631235 0.003544 1561484256.441928
7757004.670853 -363688.601149 -0.112794 2.456810 -0.000109 1561484256.691531
7757005.275984 -363688.684761 -0.111388 2.301216 -0.009281 1561484256.941311
7757005.775350 -363688.733779 -0.112148 2.126791 -0.001990 1561484257.191149
7757006.279152 -363688.804500 -0.112081 1.969214 -0.003617 1561484257.441003
7757006.849085 -363688.886292 -0.114093 1.711542 -0.002233 1561484257.790735
7757007.382161 -363688.949576 -0.115125 1.548019 -0.001481 1561484258.140215
7757007.933833 -363689.030319 -0.111985 1.442967 -0.000604 1561484258.539687
7757008.498607 -363689.089393 -0.115090 1.438012 0.002896 1561484258.939431
7757009.050512 -363689.151262 -0.114079 1.441976 0.005397 1561484259.339201
7757009.603949 -363689.222349 -0.111564 1.367648 0.002146 1561484259.738459
7757010.124069 -363689.279051 -0.113573 1.295301 -0.000104 1561484260.138041
7757010.620729 -363689.353389 -0.113724 1.174393 0.000770 1561484260.537752
7757011.133389 -363689.412438 -0.112273 1.078261 -0.001102 1561484261.037504
7757011.657925 -363689.479711 -0.116060 1.075288 -0.001477 1561484261.487155
