7757087.968424 -364045.876814 -0.162577 -0.001013 -0.002955 1625959719.752941
7757088.482597 -364045.984996 -0.159233 0.517649 -0.015847 1625959722.853344
7757088.990554 -364046.063543 -0.162670 0.844851 -0.009767 1625959723.502560
7757089.484475 -364046.146069 -0.165111 1.076831 0.006482 1625959723.952603
7757089.984715 -364046.249203 -0.162548 1.184210 0.008277 1625959724.402475
7757090.504048 -364046.349832 -0.160159 1.291589 0.000984 1625959724.853175
7757091.069582 -364046.427671 -0.161728 1.393903 -0.000811 1625959725.253731
7757091.658277 -364046.539217 -0.160846 1.448606 -0.004762 1625959725.653304
7757092.167577 -364046.604165 -0.164649 1.501282 -0.009192 1625959726.053293
7757092.692150 -364046.699089 -0.160775 1.538764 -0.020208 1625959726.402568
7757093.205519 -364046.836725 -0.167611 1.587388 -0.041273 1625959726.752666
7757093.795692 -364047.008951 -0.178469 1.626896 -0.066128 1625959727.102845
7757094.296776 -364047.135004 -0.190935 1.630948 -0.086143 1625959727.453398
7757094.834063 -364047.247140 -0.212054 1.597518 -0.096230 1625959727.803019
7757095.338187 -364047.258135 -0.230258 1.582323 -0.100376 1625959728.053905
7757095.895717 -364047.298901 -0.255850 1.609674 -0.094098 1625959728.453890
7757096.448247 -364047.480157 -0.280016 1.603596 -0.086374 1625959728.803171
7757097.015390 -364047.612266 -0.296814 1.619805 -0.086138 1625959729.153013
7757097.558472 -364047.798485 -0.321287 1.684637 -0.087594 1625959729.552922
7757098.101464 -364047.965957 -0.335737 1.620818 -0.086852 1625959729.853669
7757098.582271 -364048.214629 -0.350382 1.576245 -0.087312 1625959730.253611
7757099.074980 -364048.418959 -0.370682 1.609674 -0.091367 1625959730.552861
7757099.601144 -364048.640208 -0.391667 1.652221 -0.095305 1625959730.902930
7757100.143938 -364048.796590 -0.417769 1.641078 -0.087694 1625959731.253625
7757100.671156 -364049.004090 -0.433044 1.652221 -0.072697 1625959731.602883
7757101.150096 -364049.306223 -0.444492 1.668429 -0.054799 1625959731.902899
7757101.635616 -364049.469382 -0.461364 1.694767 -0.041294 1625959732.253361
7757102.118147 -364049.700771 -0.471230 1.711989 -0.033398 1625959732.552828
7757102.598033 -364049.967671 -0.470789 1.739340 -0.010882 1625959732.902823
7757103.068925 -364050.195318 -0.478680 1.722119 0.006258 1625959733.202872
7757103.522819 -364050.424929 -0.468173 1.765678 0.024717 1625959733.502806
7757104.011545 -364050.698842 -0.465916 1.771756 0.035377 1625959733.802757
7757104.510471 -364050.928354 -0.455519 1.779860 0.040169 1625959734.102690
7757105.039281 -364051.203344 -0.449160 1.825446 0.051067 1625959734.453196
7757105.509349 -364051.456593 -0.442780 1.841654 0.064463 1625959734.752580
7757106.025373 -364051.621112 -0.423040 1.856849 0.062915 1625959735.052986
7757106.546192 -364051.844189 -0.410594 1.845706 0.074019 1625959735.352508
7757107.091383 -364052.086686 -0.389476 1.884200 0.080839 1625959735.702487
7757107.644710 -364052.299003 -0.363111 1.894331 0.090727 1625959736.002415
7757108.188678 -364052.576117 -0.348145 1.884200 0.088341 1625959736.352312
7757108.734704 -364052.736028 -0.331436 1.926747 0.080135 1625959736.652778
7757109.218631 -364052.883319 -0.313134 1.906487 0.069029 1625959736.902223
7757109.735641 -364053.088097 -0.304506 1.915604 0.059112 1625959737.152308
7757110.277374 -364053.262374 -0.292307 1.905474 0.056956 1625959737.452355
7757110.809406 -364053.422910 -0.279351 1.953085 0.068095 1625959737.752459
7757111.313920 -364053.562415 -0.259767 1.958150 0.061754 1625959738.052516
7757111.831178 -364053.673051 -0.255540 1.954098 0.047756 1625959738.302576
7757112.410797 -364053.819910 -0.242738 1.954098 0.040207 1625959738.602685
7757112.931777 -364053.902462 -0.231910 1.910539 0.034924 1625959738.902745
7757113.453917 -364054.021672 -0.222107 1.877109 0.039232 1625959739.202818
7757113.968459 -364054.171670 -0.216189 1.798095 0.035863 1625959739.502807
7757114.461428 -364054.276702 -0.211407 1.733262 0.031780 1625959739.802953
7757114.978504 -364054.426603 -0.201031 1.657286 0.031407 1625959740.153120
7757115.525396 -364054.494485 -0.194796 1.614740 0.028290 1625959740.503300
7757116.067949 -364054.629895 -0.189565 1.614740 0.022423 1625959740.803471
7757116.625333 -364054.684255 -0.181795 1.609674 0.015836 1625959741.203483
7757117.162105 -364054.780324 -0.181460 1.684637 0.010331 1625959741.553640
7757117.703325 -364054.835398 -0.172803 1.722119 0.019560 1625959741.853637
7757118.200169 -364054.948827 -0.171555 1.733262 0.026869 1625959742.153554
7757118.696571 -364055.077144 -0.162794 1.749470 0.029386 1625959742.454352
7757119.240269 -364055.189690 -0.155191 1.798095 0.034545 1625959742.753477
7757119.789149 -364055.301892 -0.152511 1.894331 0.032525 1625959743.054064
7757120.365908 -364055.372009 -0.143079 1.867992 0.036714 1625959743.403423
7757120.889581 -364055.444526 -0.129583 1.846719 0.039704 1625959743.653481
7757121.440700 -364055.510971 -0.123095 1.797082 0.048431 1625959744.003597
7757121.987337 -364055.509576 -0.108478 1.818355 0.068159 1625959744.303370
7757122.542474 -364055.564778 -0.093205 1.824433 0.099255 1625959744.603246
7757123.081560 -364055.607138 -0.070767 1.786951 0.123883 1625959744.903067
7757123.622237 -364055.605515 -0.047566 1.737314 0.147296 1625959745.202937
7757124.184600 -364055.615843 -0.013048 1.706924 0.171378 1625959745.552776
7757124.696882 -364055.596448 0.027127 1.694767 0.194013 1625959745.852690
7757125.327038 -364055.638549 0.083379 1.663364 0.216781 1625959746.252607
7757125.835105 -364055.552429 0.122565 1.593466 0.234175 1625959746.552608
7757126.346787 -364055.461843 0.186241 1.517490 0.259298 1625959746.952734
7757126.843096 -364055.333033 0.237193 1.426319 0.273740 1625959747.302546
7757127.345617 -364055.180998 0.297156 1.410111 0.336358 1625959747.702394
7757127.836963 -364055.020215 0.367841 1.421254 0.394300 1625959748.052296
7757128.307239 -364054.799751 0.461745 1.351357 0.438248 1625959748.452157
7757128.752412 -364054.557047 0.547523 1.334135 0.449205 1625959748.801981
7757129.200858 -364054.249818 0.659207 1.334135 0.479711 1625959749.251863
7757129.605691 -364053.855579 0.758236 1.329070 0.487812 1625959749.601796
7757129.958469 -364053.447863 0.881705 1.340214 0.474056 1625959750.051830
7757130.270543 -364053.006572 0.981353 1.351357 0.456209 1625959750.451887
7757130.537089 -364052.553262 1.089215 1.383773 0.428417 1625959750.851935
7757130.752812 -364052.099888 1.159164 1.447593 0.397846 1625959751.151855
7757130.958232 -364051.555089 1.255683 1.382760 0.382741 1625959751.601946
7757131.100529 -364051.066862 1.331841 1.178132 0.359278 1625959752.051820
7757131.203227 -364050.529730 1.400591 0.711134 0.197936 1625959752.751911
7757131.330418 -364050.040370 1.423799 0.462946 -0.015130 1625959754.051850
7757131.432638 -364049.496437 1.424434 0.485232 -0.008327 1625959755.251447
7757131.502098 -364049.124379 1.403787 0.485232 -0.006895 1625959755.951655

