7757883.978593 -363538.070560 2.423642 3.068973 -0.002126 1578403217.995447
7757883.563747 -363537.708751 2.426999 3.154099 -0.002031 1578403218.195181
7757883.087188 -363537.268705 2.428732 3.033503 0.000968 1578403218.394930
7757882.644923 -363536.876121 2.429630 3.033503 0.001241 1578403218.544811
7757882.203411 -363536.476600 2.433281 2.983846 0.002693 1578403218.844773
7757881.771040 -363536.083068 2.432873 3.086707 0.002611 1578403219.044827
7757881.312799 -363535.685788 2.435279 3.111536 0.002704 1578403219.244578
7757880.872757 -363535.346554 2.440143 3.077840 0.002610 1578403219.394446
7757880.421592 -363534.950285 2.437557 3.189568 0.002620 1578403219.594197
7757879.957369 -363534.502502 2.433559 3.205529 -0.000752 1578403219.793949
7757879.487627 -363534.125877 2.435260 3.171833 -0.005039 1578403219.993725
7757879.046065 -363533.731940 2.435945 3.283561 -0.004854 1578403220.193504
7757878.585828 -363533.339829 2.435132 3.111536 -0.004220 1578403220.393255
7757878.128149 -363532.977725 2.439694 3.051238 -0.003675 1578403220.543116
7757877.665320 -363532.620399 2.439968 3.068973 -0.003675 1578403220.692969
7757877.274061 -363532.295667 2.439230 2.999808 -0.003040 1578403220.893175
7757876.889991 -363531.953463 2.441053 3.120403 -0.002397 1578403221.043197
7757876.432429 -363531.559271 2.439900 3.060105 -0.002309 1578403221.243378
7757875.984806 -363531.169637 2.440377 3.111536 -0.002398 1578403221.443419
7757875.509166 -363530.772730 2.440019 3.026409 -0.001946 1578403221.643376
7757875.077839 -363530.332532 2.437993 2.888080 0.000502 1578403221.843452
7757874.676940 -363529.991405 2.438335 2.829555 0.011226 1578403222.043211
7757874.229119 -363529.581060 2.447278 2.845517 0.031569 1578403222.243026
7757873.801298 -363529.227896 2.454065 2.829555 0.045439 1578403222.442840
7757873.383319 -363528.884987 2.472487 2.829555 0.063455 1578403222.642641
7757872.940464 -363528.516996 2.496575 2.854384 0.090720 1578403222.842443
7757872.520034 -363528.196386 2.526197 2.845517 0.116916 1578403223.042336
7757872.094483 -363527.924096 2.558172 2.778125 0.135663 1578403223.242179
7757871.574391 -363527.562449 2.589529 2.802954 0.155644 1578403223.441979
7757871.121746 -363527.255173 2.632149 2.802954 0.175637 1578403223.641787
7757870.661163 -363526.963513 2.681452 2.820688 0.193940 1578403223.841484
7757870.158221 -363526.718887 2.739275 2.914682 0.210608 1578403224.041518
7757869.543540 -363526.508873 2.809747 2.939510 0.228243 1578403224.241708
7757869.055254 -363526.377223 2.875251 2.914682 0.234706 1578403224.441728
7757868.524183 -363526.216275 2.951220 2.914682 0.236502 1578403224.641753
7757868.036146 -363526.101322 3.003953 2.999808 0.247942 1578403224.791652
7757867.455556 -363526.002566 3.079225 2.939510 0.264474 1578403224.991512
7757866.938308 -363526.035442 -3.124267 3.042371 0.282722 1578403225.191497
7757866.373384 -363526.089939 -3.040097 2.999808 0.299143 1578403225.391468
7757865.766020 -363526.171127 -2.954171 3.026409 0.303665 1578403225.591367
7757865.167600 -363526.294999 -2.862950 2.966112 0.303828 1578403225.791289
7757864.625853 -363526.489524 -2.757060 2.854384 0.304022 1578403226.041507
7757864.168230 -363526.702593 -2.675540 2.863251 0.303963 1578403226.241595
7757863.676282 -363526.964862 -2.588870 2.845517 0.303670 1578403226.441432
7757863.199040 -363527.232771 -2.507274 2.760390 0.297530 1578403226.641368
7757862.764557 -363527.575281 -2.431226 2.829555 0.288195 1578403226.841203
7757862.374309 -363527.961455 -2.352905 2.769258 0.282651 1578403227.041200
7757861.963794 -363528.380636 -2.270000 2.802954 0.272467 1578403227.241336
7757861.616320 -363528.762173 -2.197640 2.888080 0.271326 1578403227.441591
7757861.299913 -363529.187661 -2.125174 2.872118 0.271205 1578403227.641700
7757861.026769 -363529.666332 -2.051373 2.888080 0.271243 1578403227.841985
7757860.805743 -363530.193963 -1.970421 2.863251 0.270681 1578403228.041909
7757860.556071 -363530.692314 -1.896968 2.966112 0.267399 1578403228.241977
7757860.377015 -363531.268386 -1.820166 2.966112 0.266726 1578403228.441803
7757860.212323 -363531.859638 -1.736385 2.983846 0.265776 1578403228.641778
7757860.082151 -363532.421836 -1.640290 2.999808 0.262173 1578403228.891868
7757860.024880 -363533.057475 -1.568431 3.042371 0.258050 1578403229.091847
7757860.011694 -363533.643473 -1.494324 2.999808 0.257780 1578403229.291673
7757860.035599 -363534.190543 -1.412780 3.051238 0.255362 1578403229.491528
7757860.132250 -363534.796938 -1.338749 3.077840 0.252795 1578403229.691491
7757860.237036 -363535.399799 -1.257043 3.162966 0.247555 1578403229.891299
7757860.462217 -363536.013345 -1.185499 3.111536 0.226972 1578403230.091195
7757860.718367 -363536.637871 -1.107220 3.292428 0.197772 1578403230.291281
7757860.970843 -363537.118859 -1.045920 3.292428 0.179000 1578403230.491513
7757861.288225 -363537.683028 -0.995035 3.437852 0.159177 1578403230.691830
7757861.564434 -363538.134030 -0.953947 3.480415 0.145353 1578403230.841971
7757861.875179 -363538.561917 -0.918499 3.471548 0.139085 1578403230.992007
7757862.227441 -363539.035007 -0.892186 3.547807 0.127723 1578403231.142167
7757862.584874 -363539.464794 -0.856468 3.556674 0.120183 1578403231.292241
7757862.931973 -363539.840402 -0.833295 3.556674 0.111714 1578403231.442214
7757863.261610 -363540.232994 -0.798651 3.498150 0.098732 1578403231.592202
7757863.614748 -363540.590333 -0.776417 3.547807 0.084473 1578403231.742296
7757864.042416 -363540.977296 -0.754928 3.547807 0.069939 1578403231.892433
7757864.446836 -363541.351178 -0.741475 3.583276 0.055668 1578403232.042561
7757864.852979 -363541.724714 -0.729839 3.650667 0.041193 1578403232.192591
7757865.200417 -363542.084330 -0.720131 3.650667 0.023908 1578403232.342608
7757865.621759 -363542.442186 -0.710030 3.753528 0.009278 1578403232.492564
7757866.007951 -363542.831620 -0.708452 3.650667 0.002948 1578403232.642473
7757866.462692 -363543.164050 -0.711808 3.771263 0.002770 1578403232.792405
7757866.930629 -363543.601135 -0.707130 3.746434 0.002584 1578403232.992280
7757867.328202 -363543.956418 -0.701865 3.753528 0.002584 1578403233.142105
7757867.806077 -363544.346325 -0.704759 3.728700 0.002582 1578403233.291996
7757868.187721 -363544.713683 -0.703089 3.719832 0.002489 1578403233.441810
7757868.656211 -363545.170931 -0.701163 3.806732 0.002039 1578403233.591666
7757869.103007 -363545.578637 -0.704584 3.780130 -0.000348 1578403233.741634
7757869.592763 -363546.005771 -0.700626 3.753528 -0.000350 1578403233.941616
7757870.132681 -363546.476300 -0.701075 3.797865 -0.000530 1578403234.141486
7757870.552939 -363546.853014 -0.698048 3.813826 -0.000346 1578403234.291387
7757870.958335 -363547.193594 -0.702897 3.822693 -0.000437 1578403234.441255
7757871.423169 -363547.579839 -0.705555 3.856389 -0.002271 1578403234.591317
7757871.862922 -363547.938076 -0.702543 3.865256 -0.004382 1578403234.741312
7757872.368989 -363548.394828 -0.706416 3.943288 -0.005850 1578403234.891285
7757872.811720 -363548.816419 -0.709933 3.943288 -0.007504 1578403235.041151
7757873.324490 -363549.274274 -0.711919 3.882991 -0.007229 1578403235.241101
7757873.864232 -363549.730813 -0.712987 3.797865 -0.006127 1578403235.441113
7757874.358413 -363550.154197 -0.715150 3.968117 -0.002632 1578403235.591239
7757874.788858 -363550.580148 -0.718235 3.934421 0.000766 1578403235.741334
7757875.177670 -363550.911976 -0.716223 3.891858 0.005538 1578403235.891420
7757875.590326 -363551.292497 -0.716283 3.909593 0.006092 1578403236.041304
7757875.979189 -363551.667864 -0.714310 3.831560 0.008007 1578403236.191292
7757876.420168 -363552.078509 -0.717995 3.840428 0.008192 1578403236.341251
7757876.900330 -363552.473674 -0.712868 3.840428 0.008376 1578403236.491334
7757877.306212 -363552.824456 -0.713570 3.831560 0.008374 1578403236.641360
7757877.706327 -363553.161818 -0.708737 3.891858 0.008385 1578403236.791357
7757878.149351 -363553.543195 -0.703611 3.771263 0.008089 1578403236.941222
