6773083.654401 -472513.934787 -0.049902 1.137515 0.017994 1638628928.062430
6773084.178976 -472513.964255 -0.037263 1.106063 -0.010560 1638628928.612370
6773084.692243 -472513.967430 -0.033748 1.085095 -0.011017 1638628929.162083
6773085.227179 -472514.001097 -0.036865 1.062030 -0.011018 1638628929.662394
6773085.780037 -472514.036336 -0.038477 1.034772 -0.011019 1638628930.162333
6773086.282709 -472514.084334 -0.052000 1.026385 -0.011020 1638628930.662541
6773086.795675 -472514.087208 -0.051085 1.074611 -0.011018 1638628931.112428
6773087.303398 -472514.107585 -0.051798 1.110257 -0.011016 1638628931.562395
6773087.866550 -472514.072818 -0.057795 1.129128 -0.011015 1638628931.962449
6773088.447197 -472514.126370 -0.058148 1.145902 -0.011015 1638628932.512509
6773088.977667 -472514.147926 -0.058143 1.145902 -0.011015 1638628932.962137
6773089.533816 -472514.131395 -0.057809 1.160580 -0.011014 1638628933.412168
6773090.072516 -472514.105706 -0.063692 1.275904 -0.011008 1638628933.862101
6773090.602570 -472514.030463 -0.059452 1.307356 -0.011007 1638628934.261821
6773091.159818 -472514.051826 -0.059232 1.355582 -0.011004 1638628934.662312
6773091.699183 -472514.114314 -0.071272 1.382841 -0.006897 1638628935.012687
6773092.236096 -472514.159984 -0.074525 1.403809 0.012870 1638628935.362712
6773092.790786 -472514.158513 -0.066770 1.418487 0.074806 1638628935.712543
6773093.320799 -472514.184690 -0.056051 1.431067 0.087604 1638628936.112476
6773093.879201 -472514.134080 -0.036976 1.454132 0.118615 1638628936.512343
6773094.425472 -472514.158371 -0.009431 1.462519 0.127111 1638628936.911947
6773094.958552 -472514.180320 0.005895 1.483487 0.128910 1638628937.261976
6773095.466294 -472514.186793 0.027308 1.498165 0.152181 1638628937.611972
6773095.978063 -472514.092719 0.059669 1.510746 0.243422 1638628937.961828
6773096.545539 -472514.016427 0.094479 1.498165 0.250196 1638628938.311718
6773097.095591 -472513.904891 0.138701 1.493971 0.250191 1638628938.711408
6773097.634112 -472513.819281 0.179948 1.510746 0.250211 1638628939.061859
6773098.122250 -472513.710095 0.217638 1.525423 0.250229 1638628939.411274
6773098.657247 -472513.554043 0.255244 1.510746 0.250211 1638628939.761738
6773099.160905 -472513.417500 0.294044 1.542198 0.250250 1638628940.111560
6773099.627843 -472513.187431 0.337309 1.538004 0.250245 1638628940.461239
6773100.143489 -472513.000031 0.371194 1.529617 0.250235 1638628940.811632
6773100.606436 -472512.766017 0.409349 1.525423 0.250229 1638628941.161525
6773101.135265 -472512.533185 0.455776 1.525423 0.250229 1638628941.561168
6773101.597216 -472512.329400 0.490908 1.519133 0.249234 1638628941.911314
6773102.066621 -472512.140134 0.531129 1.510746 0.245547 1638628942.261367
6773102.574710 -472511.886319 0.575744 1.514939 0.245410 1638628942.661225
6773103.093298 -472511.568403 0.617111 1.506552 0.204634 1638628943.061570
6773103.507695 -472511.244132 0.645580 1.498165 0.201445 1638628943.411680
6773103.901547 -472510.855998 0.684304 1.502359 0.201450 1638628943.861467
6773104.278739 -472510.510705 0.714435 1.489778 0.196802 1638628944.211592
6773104.640350 -472510.111829 0.748336 1.466713 0.190393 1638628944.611634
6773104.993908 -472509.732528 0.773398 1.466713 0.167608 1638628944.961539
6773105.356298 -472509.289749 0.798705 1.447842 0.167592 1638628945.311567
6773105.682907 -472508.859818 0.832437 1.447842 0.167739 1638628945.711344
6773106.077145 -472508.454810 0.857557 1.414293 0.153298 1638628946.111509
6773106.399712 -472508.005468 0.883325 1.399615 0.153139 1638628946.511453
6773106.701713 -472507.543566 0.910388 1.372357 0.131958 1638628946.911612
6773106.928468 -472507.070095 0.931946 1.347195 0.131793 1638628947.261381
6773107.259219 -472506.615813 0.946803 1.347195 0.095222 1638628947.711865
6773107.513062 -472506.174967 0.963571 1.319937 0.043800 1638628948.111887
6773107.715077 -472505.700891 0.970997 1.303162 0.043948 1638628948.561913
6773108.038774 -472505.288288 0.974752 1.284291 0.043791 1638628948.961520
6773108.243084 -472504.787110 0.985929 1.288485 0.043944 1638628949.361644
6773108.474948 -472504.306847 0.992710 1.307356 0.043949 1638628949.762136
6773108.779657 -472503.895795 1.000794 1.328324 0.043955 1638628950.112112
6773109.116879 -472503.483614 1.003063 1.359776 0.043963 1638628950.462207
6773109.365305 -472502.970468 1.012483 1.372357 0.043815 1638628950.862039
6773109.580035 -472502.478890 1.028434 1.368163 0.043814 1638628951.212123
6773109.826739 -472501.971614 1.029532 1.378647 0.037302 1638628951.612150
6773110.003216 -472501.474950 1.046177 1.387035 0.032148 1638628952.012288
6773110.196362 -472500.924686 1.054989 1.391228 0.032300 1638628952.362493
6773110.404274 -472500.444517 1.060132 1.408003 0.032153 1638628952.711900
6773110.586446 -472499.900493 1.065551 1.418487 0.032307 1638628953.062362
6773110.923649 -472499.178600 1.068854 1.414293 0.032306 1638628953.562198
6773111.139908 -472498.720984 1.070454 1.414293 0.032306 1638628953.912102
6773111.356680 -472498.215973 1.079230 1.418487 0.032307 1638628954.311986
6773111.575001 -472497.709214 1.082870 1.422680 0.032308 1638628954.662397
6773111.815018 -472497.238382 1.090539 1.426874 0.032309 1638628955.012192
6773112.045875 -472496.728875 1.097570 1.418487 0.032307 1638628955.462036
6773112.306869 -472496.254439 1.099648 1.414293 0.013935 1638628955.812037
6773112.501398 -472495.738561 1.101718 1.414293 0.013935 1638628956.161922
6773112.745152 -472495.227905 1.105715 1.403809 0.013933 1638628956.611198
6773113.013299 -472494.751451 1.107817 1.414293 0.014695 1638628956.961254
6773113.223270 -472494.286201 1.114389 1.414293 0.014695 1638628957.310997
6773113.457103 -472493.822263 1.115795 1.395422 0.014541 1638628957.660797
6773113.596624 -472493.328427 1.120219 1.391228 0.014540 1638628958.060534
6773113.756443 -472492.833983 1.125090 1.391228 0.014540 1638628958.510630
6773113.992315 -472492.341573 1.124725 1.399615 0.014541 1638628958.910532
6773114.238259 -472491.846811 1.132576 1.403809 0.014542 1638628959.360708
6773114.487688 -472491.317828 1.137775 1.399615 0.014541 1638628959.860528
6773114.698294 -472490.852009 1.142319 1.391228 0.014691 1638628960.260693
6773114.918108 -472490.359574 1.142753 1.391228 0.014540 1638628960.660337
6773115.159670 -472489.822782 1.146714 1.399615 0.014693 1638628961.060222
6773115.393143 -472489.285422 1.144767 1.414293 0.014543 1638628961.510042
6773115.581772 -472488.807780 1.149701 1.422680 0.014697 1638628961.910444
6773115.809993 -472488.296666 1.152403 1.422680 0.014697 1638628962.310045
6773116.040725 -472487.824343 1.155102 1.431067 0.014546 1638628962.710184
6773116.189943 -472487.321778 1.156938 1.439455 0.014547 1638628963.060144
6773116.414379 -472486.837782 1.162073 1.466713 0.014552 1638628963.460115
6773116.644026 -472486.388305 1.162174 1.462519 0.019869 1638628963.810184
6773116.873927 -472485.924236 1.169276 1.454132 0.019868 1638628964.210006
6773117.073387 -472485.452403 1.184120 1.443648 0.020017 1638628964.659902
6773117.303346 -472484.957588 1.189271 1.443648 0.023966 1638628965.160364
6773117.565159 -472484.495134 1.197502 1.443648 0.028975 1638628965.560300
6773117.797165 -472484.035429 1.200442 1.447842 0.028976 1638628965.910037
6773118.063564 -472483.524478 1.209156 1.443648 0.032465 1638628966.359967
6773118.221555 -472482.989096 1.213016 1.447842 0.035651 1638628966.759942
6773118.364470 -472482.434293 1.219712 1.462519 0.039445 1638628967.159484
6773118.554816 -472481.967813 1.228964 1.489778 0.069708 1638628967.509819
6773118.764730 -472481.513895 1.242835 1.510746 0.071075 1638628967.859805
6773118.954599 -472480.965155 1.251643 1.533811 0.071537 1638628968.209801
6773119.096940 -472480.427347 1.262014 1.542198 0.071843 1638628968.559510
6773119.238518 -472479.933012 1.276196 1.554779 0.071849 1638628968.909706
6773119.378313 -472479.395676 1.285486 1.569456 0.071704 1638628969.259090
6773119.507049 -472478.883509 1.294349 1.582037 0.072766 1638628969.559302
6773119.628495 -472478.360088 1.307522 1.600908 0.072925 1638628969.909112
6773119.714433 -472477.837683 1.318653 1.596715 0.072923 1638628970.259202
6773119.847791 -472477.349470 1.329762 1.590424 0.072920 1638628970.559498
6773119.955469 -472476.788828 1.339829 1.613489 0.072780 1638628970.909336
6773120.062007 -472476.224192 1.350308 1.630264 0.072788 1638628971.259695
6773120.172532 -472475.676191 1.365822 1.630264 0.072788 1638628971.609742
6773120.253165 -472475.073396 1.374652 1.640748 0.072793 1638628971.959356
6773120.352711 -472474.539933 1.390306 1.665909 0.072805 1638628972.309334
6773120.426087 -472473.980946 1.402144 1.693168 0.072818 1638628972.609139
6773120.511885 -472473.416620 1.415891 1.712039 0.072827 1638628972.958926
6773120.589168 -472472.904057 1.425816 1.720426 0.078263 1638628973.258648
6773120.650171 -472472.372818 1.433887 1.720426 0.078263 1638628973.558764
6773120.726513 -472471.736506 1.448788 1.733007 0.078572 1638628973.909167
6773120.729310 -472471.160335 1.464288 1.741394 0.078577 1638628974.258848
6773120.802671 -472470.658720 1.475994 1.741394 0.078577 1638628974.559273
6773120.797795 -472470.145126 1.485777 1.747684 0.081596 1638628974.859199
6773120.847406 -472469.587215 1.499981 1.741394 0.084455 1638628975.208751
6773120.807312 -472469.075011 1.509020 1.724620 0.084446 1638628975.508370
6773120.736705 -472468.512489 1.525749 1.720426 0.084443 1638628975.858521
6773120.779923 -472468.003186 1.532301 1.705748 0.084436 1638628976.158410
6773120.771111 -472467.473153 1.548443 1.701555 0.084433 1638628976.458396
6773120.782731 -472466.878656 1.556127 1.693168 0.084428 1638628976.758672
6773120.734627 -472466.321564 1.570403 1.676393 0.084419 1638628977.108650
6773120.743108 -472465.786301 1.584699 1.672200 0.084417 1638628977.408540
6773120.701289 -472465.255506 1.593146 1.657522 0.084409 1638628977.708662
6773120.711515 -472464.693963 1.609344 1.672200 0.090136 1638628978.058574
6773120.633533 -472464.151527 1.622100 1.684780 0.090142 1638628978.358550
6773120.549704 -472463.523349 1.631141 1.701555 0.090303 1638628978.758349
6773120.435358 -472462.979552 1.646278 1.720426 0.090314 1638628979.108250
6773120.402762 -472462.454835 1.664522 1.720426 0.090163 1638628979.408397
6773120.345798 -472461.877021 1.682069 1.747684 0.090179 1638628979.758100
6773120.270242 -472461.376538 1.697473 1.772846 0.090195 1638628980.058083
6773120.130439 -472460.861126 1.707869 1.781233 0.090199 1638628980.358235
6773120.030968 -472460.336365 1.726693 1.787524 0.090203 1638628980.658018
6773119.898989 -472459.795177 1.741616 1.781233 0.090199 1638628980.958290
6773119.812008 -472459.288238 1.746410 1.787524 0.090203 1638628981.258208
6773119.708604 -472458.740217 1.758672 1.756072 0.081751 1638628981.607760
6773119.564568 -472458.227501 1.778982 1.756072 0.041508 1638628981.907809
6773119.368918 -472457.696324 1.787333 1.728813 0.041043 1638628982.257641
6773119.269393 -472457.193798 1.798923 1.693168 0.037389 1638628982.557895
6773119.152274 -472456.602505 1.802488 1.680587 -0.003828 1638628982.907758
6773119.027020 -472456.104778 1.800401 1.657522 -0.003830 1638628983.257304
6773118.820684 -472455.578419 1.801393 1.626070 -0.003833 1638628983.607428
6773118.675321 -472455.090790 1.801620 1.600908 -0.003836 1638628983.957473
6773118.558965 -472454.565206 1.802668 1.590424 -0.003837 1638628984.307610
6773118.358038 -472454.086451 1.804504 1.590424 -0.003837 1638628984.607574
6773118.253046 -472453.543090 1.802586 1.605102 -0.003684 1638628985.007342
6773118.111912 -472452.948611 1.805252 1.617683 0.003016 1638628985.357531
6773117.915022 -472452.427477 1.808048 1.640748 0.003019 1638628985.707206
6773117.799800 -472451.917890 1.799938 1.644941 0.003019 1638628985.957493
6773117.680379 -472451.383937 1.787692 1.661716 0.003022 1638628986.257249
6773117.572732 -472450.865203 1.796208 1.672200 0.003022 1638628986.557295
6773117.378067 -472450.373826 1.793651 1.684780 0.003024 1638628986.857237
6773117.204800 -472449.900746 1.798882 1.697361 0.003026 1638628987.207162
6773117.068701 -472449.325296 1.799130 1.705748 0.003027 1638628987.556848
6773116.914097 -472448.821825 1.799869 1.712039 0.003028 1638628987.856991
6773116.821440 -472448.260796 1.800707 1.720426 0.003029 1638628988.207102
6773116.699241 -472447.713781 1.800791 1.724620 0.003030 1638628988.556739
6773116.534255 -472447.221989 1.809127 1.733007 0.003031 1638628988.856884
6773116.356525 -472446.693993 1.815543 1.737200 0.003031 1638628989.156615
6773116.150733 -472446.183147 1.813856 1.747684 0.003033 1638628989.456538
6773116.024445 -472445.671355 1.815759 1.760265 0.003187 1638628989.806622
6773115.899116 -472445.159213 1.807741 1.772846 0.007605 1638628990.056871
6773115.748214 -472444.611754 1.807769 1.791717 0.007760 1638628990.356442
6773115.521661 -472444.079780 1.811761 1.804298 0.008371 1638628990.656844
6773115.365069 -472443.539774 1.814388 1.816879 0.008983 1638628991.006740
6773115.185758 -472443.070331 1.813906 1.816879 0.009136 1638628991.256498
6773115.010711 -472442.576581 1.818015 1.812685 0.013703 1638628991.556615
6773114.908965 -472441.996949 1.819988 1.808492 0.035451 1638628991.856836
6773114.784710 -472441.476425 1.829045 1.804298 0.035450 1638628992.156800
6773114.589146 -472440.988590 1.833219 1.800105 0.035449 1638628992.456623
6773114.456382 -472440.501574 1.839221 1.795911 0.035447 1638628992.756641
6773114.259645 -472439.988080 1.842338 1.787524 0.035444 1638628993.056532
6773114.060187 -472439.512535 1.849072 1.777040 0.035441 1638628993.356659
6773113.924666 -472438.987921 1.856828 1.764459 0.037564 1638628993.706457
6773113.768950 -472438.451876 1.864245 1.756072 0.038320 1638628994.006151
6773113.540154 -472437.974007 1.867536 1.751878 0.038318 1638628994.306239
6773113.388700 -472437.413101 1.876336 1.747684 0.040746 1638628994.655921
6773113.202183 -472436.941939 1.883652 1.737200 0.042108 1638628994.955955
6773112.999643 -472436.391249 1.891120 1.724620 0.068454 1638628995.305887
6773112.785629 -472435.913407 1.902056 1.716232 0.068450 1638628995.605530
6773112.562451 -472435.457935 1.913634 1.693168 0.069647 1638628995.905643
6773112.362996 -472434.980127 1.919448 1.684780 0.069643 1638628996.205521
6773112.213798 -472434.482994 1.935306 1.676393 0.069640 1638628996.555185
6773112.024429 -472433.984214 1.945349 1.665909 0.069483 1638628996.855602
6773111.791975 -472433.498758 1.953671 1.661716 0.069633 1638628997.205505
6773111.531425 -472433.003098 1.965206 1.644941 0.069624 1638628997.555675
6773111.325911 -472432.537339 1.974795 1.636554 0.069621 1638628997.905410
6773111.076611 -472432.083453 1.984352 1.630264 0.069618 1638628998.255387
6773110.853815 -472431.599481 1.998088 1.617683 0.059185 1638628998.605444
6773110.651240 -472431.101450 2.006039 1.609296 0.056458 1638628998.955408
6773110.422353 -472430.617877 2.015954 1.590424 0.056450 1638628999.255345
6773110.115884 -472430.130285 2.028642 1.569456 0.048722 1638628999.605400
6773109.840097 -472429.685265 2.035536 1.542198 0.042652 1638628999.955280
6773109.596348 -472429.230446 2.034444 1.519133 0.021855 1638629000.354806
6773109.310976 -472428.793265 2.038618 1.479294 0.021695 1638629000.704636
6773109.024825 -472428.373118 2.041941 1.431067 -0.004155 1638629001.055069
6773108.864208 -472427.895307 2.044954 1.399615 -0.007656 1638629001.454904
6773108.615309 -472427.461385 2.044012 1.382841 -0.007657 1638629001.805038
6773108.399513 -472427.003879 2.042810 1.387035 -0.007808 1638629002.204568
6773108.168480 -472426.490087 2.043633 1.403809 -0.007655 1638629002.554595
6773107.852332 -472426.025160 2.039469 1.443648 -0.009174 1638629002.954760
6773107.553211 -472425.566248 2.035449 1.470907 -0.009172 1638629003.304368
6773107.290783 -472425.104811 2.032444 1.479294 -0.011759 1638629003.654636
6773107.018501 -472424.584852 2.034191 1.489778 -0.011607 1638629004.054551
6773106.736940 -472424.135675 2.040223 1.489778 -0.011607 1638629004.404634
6773106.469785 -472423.703437 2.037705 1.483487 -0.011607 1638629004.754556
6773106.199521 -472423.246347 2.037441 1.489778 -0.011607 1638629005.104758
6773105.943480 -472422.788544 2.032603 1.502359 -0.011606 1638629005.454478
6773105.719456 -472422.269155 2.023981 1.525423 -0.011605 1638629005.854498
6773105.438691 -472421.779125 2.020655 1.538004 -0.011604 1638629006.204567
6773105.242359 -472421.309739 2.020189 1.550585 -0.011603 1638629006.554274
6773104.971034 -472420.812797 2.021851 1.554779 -0.011755 1638629006.904358
6773104.657551 -472420.345146 2.025107 1.565263 -0.011602 1638629007.254574
6773104.402721 -472419.903358 2.026512 1.577844 -0.011602 1638629007.604453
6773104.175267 -472419.432494 2.024892 1.586231 -0.011601 1638629007.954234
6773103.965204 -472418.973555 2.014888 1.590424 -0.011601 1638629008.254174
6773103.715507 -472418.529097 2.010465 1.596715 -0.011600 1638629008.553862
6773103.410814 -472418.088583 2.018614 1.596715 -0.011600 1638629008.904037
6773103.198776 -472417.583243 2.021280 1.590424 -0.011601 1638629009.253727
6773102.939365 -472417.139794 2.020851 1.582037 -0.011601 1638629009.553634
6773102.678341 -472416.621043 2.019984 1.573650 -0.011602 1638629009.953630
6773102.387902 -472416.171197 2.013404 1.573650 -0.011602 1638629010.303988
6773102.131086 -472415.694327 2.014759 1.573650 -0.011602 1638629010.703745
6773101.881492 -472415.243719 2.010469 1.577844 -0.011602 1638629011.003398
6773101.671660 -472414.763995 2.011998 1.590424 -0.011601 1638629011.353375
6773101.436744 -472414.312216 2.008758 1.605102 -0.011448 1638629011.703163
6773101.161615 -472413.828649 2.005868 1.613489 0.000276 1638629012.003019
6773100.939313 -472413.291524 2.001416 1.621876 0.000124 1638629012.353010
6773100.678698 -472412.756723 2.002563 1.621876 0.000277 1638629012.703250
6773100.393334 -472412.228169 1.999872 1.621876 0.000124 1638629013.053341
6773100.158124 -472411.714655 1.996585 1.621876 0.000885 1638629013.453051
6773099.884830 -472411.214119 2.003294 1.626070 0.006213 1638629013.802880
6773099.645791 -472410.761918 2.006743 1.626070 0.006213 1638629014.152733
6773099.431045 -472410.221515 1.998779 1.636554 0.006061 1638629014.453079
6773099.259192 -472409.733781 1.998419 1.644941 0.006063 1638629014.753188
6773099.068802 -472409.244109 1.993379 1.653328 0.006064 1638629015.053295
6773098.789256 -472408.706351 1.996330 1.676393 0.006372 1638629015.403340
6773098.579512 -472408.205046 1.998739 1.688974 0.055581 1638629015.752945
6773098.325535 -472407.720508 2.006390 1.701555 0.071463 1638629016.053052
6773098.044541 -472407.243537 2.023389 1.716232 0.078563 1638629016.403044
6773097.822514 -472406.790170 2.027991 1.724620 0.086855 1638629016.653252
6773097.566561 -472406.347635 2.045871 1.724620 0.086855 1638629016.953225
6773097.278419 -472405.825133 2.059113 1.724620 0.087156 1638629017.302876
6773097.008163 -472405.402216 2.072418 1.724620 0.093324 1638629017.602938
6773096.715662 -472404.942208 2.094233 1.733007 0.093178 1638629017.952510
6773096.390773 -472404.503604 2.105922 1.733007 0.093178 1638629018.252505
6773096.130868 -472404.052453 2.117282 1.741394 0.093333 1638629018.552286
6773095.796918 -472403.576637 2.135679 1.741394 0.093183 1638629018.902524
6773095.474116 -472403.148700 2.148308 1.728813 0.093326 1638629019.202835
6773095.116498 -472402.787312 2.169844 1.705748 0.093313 1638629019.552534
6773094.785870 -472402.369341 2.182570 1.684780 0.093300 1638629019.852379
6773094.431992 -472401.972655 2.196764 1.661716 0.093287 1638629020.152313
6773094.120544 -472401.523184 2.209073 1.653328 0.093282 1638629020.502466
6773093.784997 -472401.091985 2.224815 1.657522 0.095237 1638629020.852375
6773093.501862 -472400.641374 2.238955 1.653328 0.099138 1638629021.201939
6773093.134348 -472400.239589 2.264668 1.621876 0.118426 1638629021.602009
6773092.759755 -472399.860321 2.280728 1.590424 0.118405 1638629021.952186
6773092.356480 -472399.442127 2.300037 1.561069 0.118385 1638629022.301951
6773091.985798 -472399.060304 2.318641 1.533811 0.118218 1638629022.702247
6773091.609406 -472398.645038 2.340954 1.533811 0.118367 1638629023.101655
6773091.209115 -472398.237810 2.357272 1.533811 0.118367 1638629023.452046
6773090.744273 -472397.935512 2.385116 1.525423 0.118362 1638629023.852516
6773090.305561 -472397.553260 2.402910 1.514939 0.118354 1638629024.252458
6773089.990980 -472397.153046 2.424250 1.510746 0.118352 1638629024.552077
6773089.592981 -472396.834409 2.445063 1.510746 0.118352 1638629024.902284
6773089.094944 -472396.557212 2.471859 1.514939 0.118354 1638629025.251913
6773088.612375 -472396.255717 2.498385 1.519133 0.121787 1638629025.651908
6773088.206570 -472395.896661 2.525320 1.510746 0.148795 1638629026.001858
6773087.769066 -472395.599735 2.548856 1.502359 0.157788 1638629026.302254
6773087.287897 -472395.310816 2.582270 1.483487 0.215562 1638629026.651872
6773086.818058 -472395.091267 2.608097 1.458326 0.216828 1638629026.951607
6773086.322732 -472394.855854 2.644898 1.403809 0.216916 1638629027.301626
6773085.826484 -472394.664906 2.678088 1.338808 0.216852 1638629027.651244
6773085.286728 -472394.496873 2.706568 1.284291 0.216943 1638629028.051415
6773084.788688 -472394.396808 2.732811 1.204613 0.216873 1638629028.451256
6773084.281438 -472394.197081 2.763213 1.080901 0.216914 1638629028.900805
6773083.795791 -472393.970815 2.792706 0.594443 0.216907 1638629029.651018
