7471943.650951 -681362.377808 -1.330076 -0.000843 0.002928 1629139259.172247
7471943.526959 -681361.846084 -1.332396 -0.602970 0.003006 1629139262.322591
7471943.396392 -681361.354880 -1.333075 -0.815486 0.002996 1629139263.072506
7471943.266698 -681360.858598 -1.334339 -0.962222 0.002987 1629139263.572737
7471943.136996 -681360.314252 -1.334883 -1.132572 0.002974 1629139264.072647
7471942.992935 -681359.746469 -1.335095 -1.230397 0.002966 1629139264.573212
7471942.866091 -681359.246734 -1.335832 -1.304608 -0.000773 1629139264.972724
7471942.730813 -681358.713996 -1.338180 -1.328221 -0.001777 1629139265.373074
7471942.599674 -681358.210814 -1.337434 -1.402433 -0.001785 1629139265.772945
7471942.489086 -681357.719059 -1.337923 -1.540737 -0.001620 1629139266.072753
7471942.355919 -681357.221366 -1.339292 -1.655427 -0.000176 1629139266.373198
7471942.227007 -681356.670932 -1.338298 -1.679040 0.000003 1629139266.722889
7471942.107759 -681356.147840 -1.337396 -1.679040 0.000003 1629139267.023460
7471941.973983 -681355.595831 -1.337798 -1.761685 0.000265 1629139267.372569
7471941.822903 -681355.011791 -1.336450 -1.859510 0.003264 1629139267.672357
7471941.704793 -681354.467032 -1.339427 -1.908422 0.005084 1629139267.972892
7471941.547758 -681353.894502 -1.338919 -1.908422 0.006272 1629139268.272537
7471941.431460 -681353.365430 -1.342096 -1.915168 0.007184 1629139268.573081
7471941.298114 -681352.825116 -1.341909 -1.899989 0.007186 1629139268.872280
7471941.158608 -681352.278027 -1.343084 -1.859510 0.007190 1629139269.172758
7471941.025536 -681351.747444 -1.345048 -1.859510 0.007190 1629139269.472411
7471940.891512 -681351.190397 -1.345943 -1.834210 0.007193 1629139269.772872
7471940.757862 -681350.660536 -1.348677 -1.776865 0.007199 1629139270.072330
7471940.631363 -681350.078906 -1.349822 -1.753252 0.007110 1629139270.426676
7471940.500753 -681349.519835 -1.350183 -1.687473 0.007207 1629139270.722469
7471940.383207 -681349.008708 -1.352474 -1.614948 0.007123 1629139271.072680
7471940.265128 -681348.479981 -1.358008 -1.549170 0.007038 1629139271.423195
7471940.155345 -681347.987814 -1.359587 -1.540737 0.007038 1629139271.773298
7471940.034790 -681347.488424 -1.359720 -1.483391 0.005950 1629139272.122554
7471939.916150 -681346.979371 -1.360598 -1.345087 0.005871 1629139272.522943
7471939.788078 -681346.432661 -1.362002 -1.345087 0.005871 1629139272.923098
7471939.679521 -681345.932896 -1.363527 -1.345087 0.005871 1629139273.272904
7471939.575774 -681345.390610 -1.366645 -1.296175 0.005874 1629139273.722720
7471939.449816 -681344.863383 -1.366809 -1.173051 0.005884 1629139274.173818
7471939.340091 -681344.362410 -1.370220 -1.060047 0.005891 1629139274.622935
7471939.218372 -681343.853549 -1.368041 -1.028001 0.005893 1629139275.072765
7471939.104741 -681343.346501 -1.370355 -1.051614 0.002799 1629139275.622774
7471939.015380 -681342.848151 -1.375493 -1.051614 0.001889 1629139276.122788
7471938.907780 -681342.355885 -1.374419 -1.060047 0.001615 1629139276.572932
7471938.809160 -681341.848117 -1.375676 -1.141005 0.001609 1629139277.022631
7471938.712024 -681341.353927 -1.374669 -1.181484 0.001696 1629139277.472748
7471938.604957 -681340.849473 -1.375854 -1.230397 0.001692 1629139277.922617
7471938.489632 -681340.299224 -1.376837 -1.270876 0.001688 1629139278.322914
7471938.372844 -681339.730836 -1.378122 -1.410866 0.001675 1629139278.773321
7471938.265402 -681339.238655 -1.380772 -1.491824 0.001757 1629139279.122961
7471938.166068 -681338.726706 -1.381303 -1.532303 0.001662 1629139279.423224
7471938.057632 -681338.182042 -1.379235 -1.523870 0.001754 1629139279.822852
7471937.944156 -681337.660316 -1.381869 -1.523870 0.001663 1629139280.173650
7471937.847092 -681337.155899 -1.385475 -1.523870 0.001754 1629139280.523176
7471937.732063 -681336.579290 -1.382880 -1.523870 0.001663 1629139280.873022
7471937.632629 -681336.076624 -1.383743 -1.557603 0.001659 1629139281.222851
7471937.526908 -681335.555253 -1.383051 -1.581216 0.001656 1629139281.574424
7471937.425338 -681335.018196 -1.388198 -1.572782 0.002113 1629139281.873081
7471937.315192 -681334.501984 -1.388550 -1.598082 0.004024 1629139282.223011
7471937.222249 -681333.987201 -1.387659 -1.606515 0.004206 1629139282.573837
7471937.105967 -681333.437677 -1.390961 -1.549170 0.004212 1629139282.923055
7471937.009937 -681332.878142 -1.393173 -1.508691 0.004216 1629139283.322981
7471936.901549 -681332.341230 -1.393268 -1.474958 0.004219 1629139283.673298
7471936.796844 -681331.835186 -1.392411 -1.442912 0.004222 1629139284.023396
7471936.698771 -681331.337142 -1.393455 -1.426046 0.004224 1629139284.373259
7471936.607569 -681330.809308 -1.396938 -1.394000 0.004227 1629139284.773200
7471936.502432 -681330.278033 -1.396946 -1.370387 0.004229 1629139285.122953
7471936.406118 -681329.729995 -1.399498 -1.377133 0.004228 1629139285.572968
7471936.316831 -681329.223121 -1.402755 -1.410866 0.004225 1629139285.922905
7471936.233816 -681328.703771 -1.401511 -1.434479 0.003403 1629139286.272873
7471936.110191 -681328.154404 -1.406819 -1.474958 0.003217 1629139286.673172
7471936.029636 -681327.647213 -1.407231 -1.491824 0.003215 1629139287.023371
7471935.945718 -681327.121469 -1.406924 -1.523870 0.003212 1629139287.373213
7471935.856120 -681326.553964 -1.409372 -1.557603 0.003208 1629139287.773003
7471935.739333 -681326.053294 -1.405869 -1.589649 0.003205 1629139288.073184
7471935.647904 -681325.495510 -1.406401 -1.614948 0.003293 1629139288.423383
7471935.519795 -681324.901977 -1.408134 -1.630128 0.003200 1629139288.773206
7471935.428284 -681324.382197 -1.407848 -1.655427 0.001465 1629139289.123233
7471935.355829 -681323.865091 -1.408377 -1.704340 0.001368 1629139289.423082
7471935.262258 -681323.372617 -1.408095 -1.695906 0.000913 1629139289.726541
7471935.190792 -681322.875530 -1.414713 -1.638561 0.000829 1629139290.023129
7471935.105415 -681322.284161 -1.416919 -1.630128 0.000921 1629139290.372911
7471935.015565 -681321.760737 -1.414423 -1.621695 0.000740 1629139290.722855
7471934.916309 -681321.184995 -1.416326 -1.638561 0.000738 1629139291.073005
7471934.843001 -681320.679294 -1.417730 -1.646994 0.000736 1629139291.373126
7471934.747706 -681320.155235 -1.419064 -1.646994 0.000736 1629139291.723056
7471934.666106 -681319.652674 -1.418889 -1.630128 0.000647 1629139292.023124
7471934.576406 -681319.069673 -1.419047 -1.630128 0.000739 1629139292.373327
7471934.477133 -681318.495291 -1.419661 -1.614948 0.000740 1629139292.723148
7471934.402440 -681317.976018 -1.425899 -1.598082 0.000743 1629139293.073003
7471934.329939 -681317.471880 -1.421818 -1.606515 0.000741 1629139293.373358
7471934.229939 -681316.932744 -1.423692 -1.581216 0.000653 1629139293.722959
7471934.147693 -681316.400509 -1.425003 -1.572782 0.000746 1629139294.072774
7471934.073800 -681315.834402 -1.426738 -1.549170 0.000748 1629139294.422790
7471934.019100 -681315.283959 -1.427844 -1.566036 0.000746 1629139294.822885
7471933.876537 -681314.707552 -1.430199 -1.614948 0.000649 1629139295.172678
7471933.807788 -681314.181959 -1.435344 -1.638561 0.000738 1629139295.522811
7471933.728818 -681313.635311 -1.435527 -1.670607 0.000734 1629139295.822867
7471933.636901 -681313.046744 -1.438086 -1.695906 0.000730 1629139296.172749
7471933.566545 -681312.526669 -1.433452 -1.687473 -0.001640 1629139296.472819
7471933.470215 -681312.021483 -1.433695 -1.695906 -0.001550 1629139296.823030
7471933.391670 -681311.465236 -1.433808 -1.679040 -0.001638 1629139297.123141
7471933.319713 -681310.943766 -1.433892 -1.630128 -0.001632 1629139297.423038
7471933.229831 -681310.416881 -1.435377 -1.606515 -0.001629 1629139297.773417
7471933.168749 -681309.869871 -1.434708 -1.589649 -0.001626 1629139298.123124
7471933.099188 -681309.338768 -1.436741 -1.549170 -0.001621 1629139298.473241
7471933.015654 -681308.826732 -1.437417 -1.500257 -0.001706 1629139298.823121
7471932.932267 -681308.263587 -1.435164 -1.459778 -0.001610 1629139299.223276
7471932.849812 -681307.746269 -1.434263 -1.459778 -0.001610 1629139299.574790
7471932.779156 -681307.234189 -1.434631 -1.468211 -0.001611 1629139299.923678
7471932.697888 -681306.699046 -1.433827 -1.459778 -0.001519 1629139300.273299
7471932.638146 -681306.139710 -1.435389 -1.451345 -0.001245 1629139300.673513
7471932.559239 -681305.631675 -1.433422 -1.459778 -0.001246 1629139301.023293
7471932.471485 -681305.065241 -1.430458 -1.459778 -0.001063 1629139301.423136
7471932.381728 -681304.526331 -1.429960 -1.451345 -0.000880 1629139301.822929
7471932.320993 -681304.020099 -1.428702 -1.451345 -0.000971 1629139302.173914
7471932.234378 -681303.481000 -1.429176 -1.426046 -0.001059 1629139302.523636
7471932.151285 -681302.979678 -1.429156 -1.402433 -0.002605 1629139302.923159
7471932.074108 -681302.441286 -1.430824 -1.410866 -0.003334 1629139303.272865
7471932.003807 -681301.884040 -1.433284 -1.402433 -0.003242 1629139303.672469
7471931.935377 -681301.383852 -1.430376 -1.394000 -0.003332 1629139304.022440
7471931.871081 -681300.859998 -1.429492 -1.377133 -0.003330 1629139304.422744
7471931.771004 -681300.312601 -1.430546 -1.345087 -0.003326 1629139304.823093
7471931.700501 -681299.765805 -1.429193 -1.394000 -0.003332 1629139305.273251
7471931.623644 -681299.221750 -1.431694 -1.402433 -0.003333 1629139305.673065
7471931.527174 -681298.703133 -1.429844 -1.410866 -0.003334 1629139306.022823
7471931.455063 -681298.205146 -1.427032 -1.370387 -0.003329 1629139306.372759
7471931.370549 -681297.657423 -1.426771 -1.402433 -0.002058 1629139306.772853
7471931.311304 -681297.151783 -1.426982 -1.442912 -0.001335 1629139307.122834
7471931.236739 -681296.605057 -1.428397 -1.483391 -0.001339 1629139307.522943
7471931.163692 -681296.091508 -1.422508 -1.517124 -0.001344 1629139307.823037
7471931.058508 -681295.510096 -1.426865 -1.410866 -0.001331 1629139308.272797
7471930.971590 -681294.970958 -1.426866 -1.402433 -0.001239 1629139308.672542
7471930.885018 -681294.457702 -1.426347 -1.336654 -0.001322 1629139309.072652
7471930.838230 -681293.908454 -1.430748 -1.215217 -0.001310 1629139309.522897
7471930.716427 -681293.396150 -1.428247 -1.060047 -0.001204 1629139310.023308
7471930.655285 -681292.845820 -1.428723 -1.019568 -0.001292 1629139310.622953
7471930.601969 -681292.340215 -1.432788 -0.913310 -0.001283 1629139311.223136
7471930.506912 -681291.847293 -1.432114 -1.011135 -0.001291 1629139311.722236
7471930.428623 -681291.318930 -1.435447 -1.075227 -0.001297 1629139312.222360
7471930.389141 -681290.776742 -1.453364 -1.083660 -0.001115 1629139312.722257
7471930.327058 -681290.238316 -1.492157 -1.117392 -0.001391 1629139313.222414
7471930.280112 -681289.642876 -1.491349 -1.092093 -0.001389 1629139313.872916
7471930.217591 -681289.107920 -1.489729 -0.970656 -0.001379 1629139314.422235
7471930.178977 -681288.604493 -1.491434 -1.002702 -0.001381 1629139314.822167
7471930.138064 -681288.063136 -1.491093 -0.962222 -0.001469 1629139315.372365
7471930.094867 -681287.563123 -1.488458 -0.953789 -0.001377 1629139315.922054
7471930.033829 -681287.029112 -1.488748 -1.028001 -0.001292 1629139316.472296
7471929.987843 -681286.524208 -1.490166 -0.913310 -0.001283 1629139316.872685
7471929.904031 -681285.966612 -1.492380 -0.936923 -0.001285 1629139317.422308
7471929.862142 -681285.420242 -1.494133 -0.896444 -0.001191 1629139318.172146
7471929.736711 -681284.891487 -1.486451 -0.953789 -0.001377 1629139318.722408
7471929.664465 -681284.379918 -1.499126 -0.970656 -0.001288 1629139319.223146
7471929.609924 -681283.824428 -1.498633 -1.092093 -0.001298 1629139319.772260
7471929.586146 -681283.303388 -1.492219 -1.051614 -0.002022 1629139320.222490
7471929.532788 -681282.773078 -1.490004 -0.945356 -0.070766 1629139320.722359
7471929.451808 -681282.234333 -1.466667 -0.977402 -0.130179 1629139321.323056
7471929.394868 -681281.705169 -1.437059 -0.815486 -0.155185 1629139321.972314
7471929.342015 -681281.170733 -1.393848 -0.766573 -0.201814 1629139322.672660
7471929.246639 -681280.663276 -1.335342 -0.749707 -0.279083 1629139323.372553
7471929.088239 -681280.182931 -1.270012 -0.594537 -0.318122 1629139324.122518
7471928.961711 -681279.698793 -1.194209 -0.839098 -0.352777 1629139324.822456
7471928.725311 -681279.243388 -1.108942 -0.888011 -0.363027 1629139325.372777
7471928.487513 -681278.778231 -1.021356 -0.726094 -0.363185 1629139326.025661
7471928.228266 -681278.320872 -0.933909 -0.636703 -0.363269 1629139326.822591
7471927.917993 -681277.887490 -0.852012 -0.619837 -0.363257 1629139327.622219
7471927.575423 -681277.514261 -0.758813 -0.579357 -0.363306 1629139328.572266
7471927.209265 -681277.166123 -0.667555 -0.594537 -0.363316 1629139329.522996
7471926.794747 -681276.869600 -0.579340 -0.366842 -0.363266 1629139330.572056
7471927.282315 -681277.176566 -0.527815 0.643449 0.218357 1629139334.622690
7471927.804770 -681277.390905 -0.465119 0.945356 0.280398 1629139335.323107
7471928.263826 -681277.599096 -0.394376 1.132572 0.301695 1629139335.772826
7471928.762911 -681277.797734 -0.312469 1.313041 0.301793 1629139336.222997
7471929.324874 -681277.931326 -0.232083 1.500257 0.301673 1629139336.622936
7471929.895397 -681278.031584 -0.153093 1.630128 0.301672 1629139336.972919
7471930.425927 -681278.072740 -0.076611 1.727952 0.297501 1629139337.272895
7471931.007837 -681278.113191 0.001161 1.842643 0.267817 1629139337.623150
7471931.547867 -681278.076200 0.058750 1.899989 0.228139 1629139337.873220
7471932.123903 -681278.009782 0.115364 1.940468 0.164446 1629139338.173249
7471932.679444 -681277.909812 0.148026 1.980947 0.122221 1629139338.423351
7471933.226714 -681277.810366 0.175370 2.006246 0.080799 1629139338.723420
7471933.763208 -681277.701295 0.194148 1.866256 0.039248 1629139338.973528
7471934.330191 -681277.586678 0.197613 2.078771 -0.010197 1629139339.223695
7471934.857249 -681277.543378 0.193391 2.127684 -0.058232 1629139339.524575
7471935.366714 -681277.476053 0.185311 2.168163 -0.069506 1629139339.723692
7471935.869383 -681277.426315 0.170520 2.257554 -0.069563 1629139339.924386
7471936.434634 -681277.343290 0.159499 2.314900 -0.069419 1629139340.173624
7471937.020868 -681277.259046 0.146924 2.380678 -0.069463 1629139340.423460
7471937.540641 -681277.194689 0.132345 2.421157 -0.060401 1629139340.623307
7471938.154575 -681277.122790 0.122743 2.323333 -0.044321 1629139340.873066
7471938.673050 -681277.085768 0.116498 2.144550 -0.039047 1629139341.123248
7471939.210953 -681277.037797 0.109061 2.029859 -0.033081 1629139341.372702
7471939.798751 -681276.998876 0.104718 1.940468 -0.021113 1629139341.672868
7471940.328260 -681276.939318 0.096210 1.842643 -0.013977 1629139341.972845
7471940.846612 -681276.904092 0.097770 1.776865 -0.012414 1629139342.273509
7471941.384246 -681276.837273 0.094594 1.662174 -0.007652 1629139342.572826
7471941.909265 -681276.802505 0.095650 1.483391 -0.007624 1629139342.922691
7471942.412599 -681276.732732 0.094161 1.419299 -0.007615 1629139343.222580
7471942.932229 -681276.697500 0.090904 1.181484 -0.007674 1629139343.622987
7471943.453870 -681276.639556 0.090827 1.125826 -0.007668 1629139344.023217
7471943.978172 -681276.593274 0.092323 0.921743 -0.007647 1629139344.573409
7471944.490603 -681276.538913 0.091828 0.424187 -0.007704 1629139345.273374
