7471726.300656 -681562.703077 -0.084389 -0.000843 0.010376 1628864413.434388
7471726.844530 -681562.740231 -0.085492 0.921743 -0.033336 1628864418.583338
7471727.351476 -681562.773430 -0.096235 1.270876 -0.023415 1628864419.034467
7471727.873610 -681562.818795 -0.095409 1.500257 -0.005441 1628864419.383435
7471728.433907 -681562.849632 -0.092701 1.662174 0.009034 1628864419.733496
7471729.025184 -681562.894660 -0.091806 1.793731 0.010393 1628864420.033635
7471729.553308 -681562.922107 -0.083333 1.851076 0.024634 1628864420.333690
7471730.144585 -681562.982114 -0.076403 1.908422 0.032308 1628864420.635280
7471730.681900 -681563.024737 -0.067182 1.972514 0.033956 1628864420.933679
7471731.202273 -681563.033393 -0.058819 2.038292 0.034050 1628864421.183629
7471731.701856 -681563.066181 -0.047636 2.078771 0.034052 1628864421.433861
7471732.302049 -681563.065901 -0.035859 2.119251 0.043292 1628864421.683843
7471732.872337 -681563.118251 -0.020964 2.119251 0.049236 1628864421.983791
7471733.439300 -681563.106223 -0.007400 2.104071 0.049142 1628864422.283581
7471734.003477 -681563.132849 0.005544 2.104071 0.049691 1628864422.533472
7471734.574816 -681563.099715 0.020757 2.119251 0.049876 1628864422.783519
7471735.152753 -681563.065196 0.036187 2.087205 0.049781 1628864423.083723
7471735.730335 -681563.066016 0.048495 2.061905 0.050874 1628864423.383704
7471736.285080 -681562.995462 0.064484 2.046726 0.062564 1628864423.634130
7471736.802987 -681562.941482 0.086549 2.029859 0.074697 1628864423.883543
7471737.346144 -681562.882579 0.104377 2.006246 0.088724 1628864424.133519
7471737.851522 -681562.810970 0.127884 1.972514 0.118231 1628864424.384053
7471738.354196 -681562.763439 0.161362 1.964081 0.153876 1628864424.683020
7471738.858753 -681562.645301 0.205702 1.948901 0.181433 1628864424.933184
7471739.367036 -681562.507613 0.246916 1.948901 0.200536 1628864425.183009
7471739.894607 -681562.373741 0.305629 1.940468 0.229763 1628864425.483031
7471740.365584 -681562.199118 0.360888 1.908422 0.261791 1628864425.732962
7471740.834552 -681561.995206 0.423442 1.874689 0.279944 1628864425.983770
7471741.299576 -681561.724582 0.504952 1.842643 0.304168 1628864426.282770
7471741.747677 -681561.440090 0.588930 1.825777 0.328237 1628864426.583317
7471742.186358 -681561.099941 0.681451 1.842643 0.358282 1628864426.882443
7471742.600270 -681560.706073 0.779272 1.810597 0.366826 1628864427.182376
7471743.000933 -681560.271529 0.875344 1.810597 0.368120 1628864427.482519
7471743.299907 -681559.851768 0.976286 1.802164 0.376805 1628864427.783162
7471743.567661 -681559.410845 1.074999 1.776865 0.390276 1628864428.082598
7471743.784170 -681558.898184 1.176770 1.768432 0.390419 1628864428.382964
7471743.942934 -681558.390346 1.277543 1.793731 0.373573 1628864428.682937
7471744.071782 -681557.858748 1.366311 1.834210 0.318505 1628864428.982990
7471744.124243 -681557.313430 1.445757 1.866256 0.264665 1628864429.282771
7471744.164480 -681556.736464 1.516067 1.932035 0.201316 1628864429.582793
7471744.208990 -681556.228499 1.558981 2.012993 0.143201 1628864429.832724
7471744.173245 -681555.696580 1.586196 2.070338 0.104216 1628864430.082664
7471744.139297 -681555.088298 1.617495 2.159730 0.077931 1628864430.383500
7471744.093039 -681554.511758 1.634085 2.233941 0.055291 1628864430.632822
7471744.047214 -681553.956920 1.651243 2.340199 0.034249 1628864430.882830
7471744.006337 -681553.357439 1.658419 2.429591 0.015828 1628864431.132740
7471743.919006 -681552.787968 1.660578 2.527415 0.000047 1628864431.382595
7471743.844179 -681552.268743 1.661159 2.576327 -0.008673 1628864431.582531
7471743.774180 -681551.711739 1.659901 2.625240 -0.010797 1628864431.782583
7471743.725650 -681551.055839 1.659498 2.691018 -0.014483 1628864432.032716
7471743.693866 -681550.494574 1.656344 2.755110 -0.016422 1628864432.232767
7471743.642477 -681549.973654 1.652911 2.804022 -0.021127 1628864432.432684
7471743.607944 -681549.435799 1.650793 2.869801 -0.021510 1628864432.632573
7471743.559192 -681548.823385 1.644003 2.918713 -0.021625 1628864432.832489
7471743.481309 -681548.239868 1.639381 2.927146 -0.021540 1628864433.032418
7471743.438181 -681547.691398 1.636937 2.884981 -0.021635 1628864433.232462
7471743.395576 -681547.142887 1.638348 2.910280 -0.018972 1628864433.436889
7471743.351816 -681546.584618 1.635580 2.982805 -0.013733 1628864433.632648
7471743.301657 -681545.987538 1.631516 2.837755 -0.009205 1628864433.832648
7471743.266877 -681545.464320 1.631356 2.837755 -0.007828 1628864434.032593
7471743.208885 -681544.881259 1.628392 2.829322 -0.005529 1628864434.232437
7471743.145777 -681544.283235 1.626657 2.861368 -0.001218 1628864434.432292
7471743.113706 -681543.687204 1.628558 2.878234 -0.000946 1628864434.632230
7471743.078500 -681543.074021 1.630637 2.918713 -0.001599 1628864434.882156
7471743.067596 -681542.471602 1.630969 2.918713 -0.001599 1628864435.082059
7471743.029272 -681541.902720 1.633949 2.918713 -0.001691 1628864435.282011
7471742.999029 -681541.330305 1.636527 2.910280 -0.003436 1628864435.482051
7471742.917694 -681540.686838 1.634403 2.950759 -0.005470 1628864435.682113
7471742.871798 -681540.099640 1.632987 2.935580 -0.008224 1628864435.882197
7471742.846585 -681539.541347 1.630064 2.959192 -0.011357 1628864436.082099
7471742.812775 -681538.963713 1.628592 2.959192 -0.011357 1628864436.282012
7471742.763956 -681538.396429 1.625490 2.999671 -0.011370 1628864436.482002
7471742.751473 -681537.863708 1.625253 2.976059 -0.011362 1628864436.682073
7471742.713562 -681537.305927 1.626111 2.982805 -0.011365 1628864436.882140
7471742.685706 -681536.714706 1.623860 3.008105 -0.011373 1628864437.082216
7471742.652767 -681536.054259 1.620367 3.033404 -0.011382 1628864437.282205
7471742.633027 -681535.500911 1.621481 3.033404 -0.011382 1628864437.482498
7471742.613874 -681534.906032 1.617855 3.048584 -0.011387 1628864437.682060
7471742.581481 -681534.320538 1.616946 3.033404 -0.011106 1628864437.882044
7471742.509435 -681533.718981 1.612454 3.033404 -0.011106 1628864438.082117
7471742.485155 -681533.121790 1.611965 3.033404 -0.007701 1628864438.282191
7471742.452177 -681532.534374 1.612177 3.008105 -0.001713 1628864438.482285
7471742.455009 -681531.917316 1.616201 3.033404 0.004449 1628864438.682281
7471742.436599 -681531.396744 1.620687 3.033404 0.006107 1628864438.882207
7471742.414844 -681530.896767 1.622123 3.024971 0.006016 1628864439.032202
7471742.323137 -681530.302244 1.626260 3.040151 0.006106 1628864439.232170
7471742.268885 -681529.697558 1.630932 3.024971 0.004635 1628864439.432042
7471742.235276 -681529.110121 1.632803 3.048584 0.004538 1628864439.631981
7471742.217026 -681528.494664 1.633050 3.048584 0.004446 1628864439.832120
7471742.147758 -681527.927445 1.636890 3.073883 0.004537 1628864440.032238
7471742.100438 -681527.274709 1.637978 3.048584 0.004446 1628864440.232358
7471742.040805 -681526.676318 1.640233 3.057017 0.000577 1628864440.432400
7471741.977110 -681526.068100 1.641100 3.040151 -0.008348 1628864440.632339
7471741.937693 -681525.473633 1.643576 3.057017 -0.015713 1628864440.832224
7471741.920225 -681524.871633 1.639207 3.040151 -0.017454 1628864441.032173
7471741.872873 -681524.297810 1.640285 3.080630 -0.017562 1628864441.232277
7471741.846933 -681523.667590 1.638554 3.065450 -0.019028 1628864441.432395
7471741.802657 -681523.081865 1.629141 3.073883 -0.018959 1628864441.632470
7471741.731453 -681522.490256 1.630382 3.040151 -0.019017 1628864441.832445
7471741.679876 -681521.897217 1.626229 3.033404 -0.019015 1628864442.032371
7471741.618592 -681521.319415 1.623034 2.991238 -0.018735 1628864442.232153
7471741.635100 -681520.725744 1.619423 2.982805 -0.014674 1628864442.432043
7471741.597956 -681520.109878 1.616932 2.976059 -0.008054 1628864442.631991
7471741.560639 -681519.514021 1.621682 2.982805 -0.005663 1628864442.831930
7471741.549714 -681518.922988 1.622239 2.991238 -0.005849 1628864443.032032
7471741.485185 -681518.334893 1.621151 3.008105 -0.007326 1628864443.232112
7471741.433170 -681517.741583 1.620648 3.040151 -0.009728 1628864443.432142
7471741.388748 -681517.180679 1.618825 3.033404 -0.012767 1628864443.632082
7471741.373261 -681516.564989 1.614326 3.033404 -0.012764 1628864443.831920
7471741.385863 -681516.054430 1.612900 3.033404 -0.012761 1628864443.982546
7471741.374101 -681515.500839 1.611689 2.999671 -0.012750 1628864444.182505
7471741.353738 -681514.921978 1.612047 3.024971 -0.012758 1628864444.382377
7471741.308368 -681514.308554 1.610663 3.016538 -0.012756 1628864444.582138
7471741.261298 -681513.674419 1.604050 3.016538 -0.008156 1628864444.781626
7471741.252609 -681513.085655 1.607194 3.033404 0.004818 1628864444.981762
7471741.165821 -681512.493213 1.609121 3.033404 0.013106 1628864445.182003
7471741.134811 -681511.879056 1.613813 3.048584 0.013197 1628864445.382055
7471741.103618 -681511.256419 1.616808 3.048584 0.013104 1628864445.582089
7471741.093107 -681510.694698 1.623702 3.040151 0.012737 1628864445.782892
7471741.051356 -681510.078910 1.625558 3.040151 0.008592 1628864445.983130
7471740.998123 -681509.579718 1.629871 3.008105 0.004270 1628864446.132302
7471740.982373 -681509.063841 1.634370 2.991238 0.002709 1628864446.332414
7471740.927964 -681508.439794 1.633182 2.999671 0.002339 1628864446.532498
7471740.867384 -681507.840037 1.633026 2.991238 0.000960 1628864446.732538
7471740.837579 -681507.246577 1.633597 2.976059 -0.002165 1628864446.932476
7471740.808246 -681506.646159 1.637109 2.982805 -0.003363 1628864447.132430
7471740.769507 -681506.036170 1.636259 3.016538 -0.003464 1628864447.332360
7471740.671640 -681505.416571 1.638730 3.048584 -0.003564 1628864447.532385
7471740.636715 -681504.788333 1.641246 3.080630 -0.004309 1628864447.732471
7471740.580256 -681504.173787 1.641387 3.122795 -0.006716 1628864447.932514
7471740.535631 -681503.554359 1.642195 3.146408 -0.008289 1628864448.132508
7471740.472029 -681502.897579 1.639901 3.154841 -0.008292 1628864448.332404
7471740.433853 -681502.348327 1.639472 3.137975 -0.008286 1628864448.532302
7471740.398390 -681501.681867 1.638030 3.137975 -0.006628 1628864448.732320
7471740.327288 -681501.038841 1.638337 3.122795 -0.002479 1628864448.932546
7471740.284707 -681500.447763 1.638624 3.097496 0.000844 1628864449.132450
7471740.255659 -681499.837961 1.638949 3.097496 0.000844 1628864449.332385
7471740.216693 -681499.333351 1.639205 3.089063 0.000846 1628864449.482283
7471740.151946 -681498.738079 1.640903 3.089063 0.000846 1628864449.682234
7471740.062982 -681498.185083 1.644815 3.073883 0.000297 1628864449.882092
7471740.020971 -681497.597791 1.646544 3.097496 -0.000538 1628864450.082040
7471739.990256 -681497.025629 1.643132 3.105929 -0.002843 1628864450.281920
7471739.932881 -681496.431777 1.641992 3.097496 -0.003025 1628864450.481908
7471739.878340 -681495.810989 1.641716 3.097496 -0.003117 1628864450.681885
7471739.787179 -681495.206741 1.641348 3.089063 -0.003115 1628864450.882043
7471739.741531 -681494.636095 1.639701 3.080630 -0.003112 1628864451.032145
7471739.699874 -681493.970843 1.642306 3.080630 -0.003020 1628864451.232291
7471739.665407 -681493.356957 1.643443 3.065450 -0.004397 1628864451.432263
7471739.610031 -681492.759143 1.642863 3.048584 -0.010375 1628864451.632157
7471739.556347 -681492.189091 1.640101 3.048584 -0.014423 1628864451.783058
7471739.501120 -681491.679623 1.638528 3.040151 -0.014879 1628864451.982626
7471739.470165 -681491.073302 1.636604 3.040151 -0.014879 1628864452.182880
7471739.410758 -681490.466942 1.634505 3.057017 -0.014886 1628864452.382404
7471739.373500 -681489.914735 1.632734 3.033404 -0.014969 1628864452.531753
7471739.336201 -681489.278184 1.625513 2.999671 -0.014864 1628864452.731711
7471739.297242 -681488.696718 1.624595 2.999671 -0.014864 1628864452.881589
7471739.264129 -681488.083589 1.622161 2.967625 -0.014945 1628864453.081516
7471739.238819 -681487.471025 1.622846 3.080630 -0.014894 1628864453.281581
7471739.200501 -681486.955637 1.615456 3.008105 -0.014592 1628864453.431607
7471739.192170 -681486.449363 1.612177 3.016538 -0.012664 1628864453.531634
7471739.190954 -681485.856277 1.610696 2.999671 -0.007783 1628864453.681732
7471739.157943 -681485.350365 1.609625 3.024971 -0.004754 1628864453.831865
7471739.130931 -681484.734803 1.607514 3.008105 -0.004566 1628864453.982804
7471739.070836 -681484.149288 1.602865 2.999671 -0.004563 1628864454.131967
7471739.060154 -681483.625874 1.604391 2.991238 -0.004653 1628864454.282006
7471739.011240 -681483.026338 1.607023 2.999671 -0.004563 1628864454.431947
7471738.955640 -681482.363524 1.610883 3.008105 -0.004566 1628864454.631951
7471738.933880 -681481.856878 1.610117 3.040151 -0.004390 1628864454.782810
7471738.918178 -681481.242720 1.607130 3.057017 -0.003935 1628864454.932101
7471738.890441 -681480.673293 1.607168 3.048584 -0.003840 1628864455.082138
7471738.870106 -681480.047917 1.606390 3.080630 -0.003757 1628864455.232111
7471738.883591 -681479.462740 1.604547 3.065450 -0.003477 1628864455.382745
7471738.865616 -681478.876914 1.604849 3.080630 -0.003020 1628864455.532023
7471738.844585 -681478.293406 1.603977 3.033404 -0.000799 1628864455.681970
7471738.809590 -681477.674206 1.605576 3.024971 -0.000244 1628864455.881862
7471738.765195 -681477.076647 1.606895 3.024971 -0.000244 1628864456.081758
7471738.732396 -681476.494215 1.607662 3.016538 -0.000236 1628864456.281796
7471738.682934 -681475.877678 1.607981 2.982805 -0.001983 1628864456.481947
7471738.654967 -681475.271674 1.608128 2.991238 -0.005481 1628864456.682145
7471738.600058 -681474.663677 1.605944 2.967625 -0.005566 1628864456.882167
7471738.571918 -681474.100647 1.610227 2.959192 -0.005748 1628864457.082171
7471738.550484 -681473.506487 1.605768 2.950759 -0.005746 1628864457.282211
7471738.530438 -681472.873956 1.605214 2.927146 -0.005647 1628864457.482278
7471738.508517 -681472.268838 1.605541 2.927146 -0.005647 1628864457.732234
7471738.475963 -681471.759537 1.608421 2.918713 -0.005645 1628864457.882137
7471738.456691 -681471.227836 1.608692 2.893414 -0.005642 1628864458.082118
7471738.437035 -681470.638553 1.609067 2.884981 -0.005730 1628864458.282226
7471738.415910 -681470.086755 1.609084 2.869801 -0.005540 1628864458.482310
7471738.389692 -681469.496754 1.608680 2.844501 -0.005625 1628864458.682391
7471738.370981 -681468.933533 1.608264 2.837755 -0.005623 1628864458.882479
7471738.355421 -681468.378635 1.608830 2.820889 -0.005710 1628864459.082457
7471738.338567 -681467.822742 1.606551 2.829322 -0.005621 1628864459.282452
7471738.323823 -681467.270491 1.606561 2.844501 -0.005625 1628864459.482492
7471738.299527 -681466.676051 1.607220 2.852935 -0.005719 1628864459.682624
7471738.260541 -681466.147816 1.608006 2.861368 -0.005629 1628864459.882644
7471738.230126 -681465.532949 1.610058 2.861368 -0.005629 1628864460.082634
7471738.163169 -681464.974780 1.606015 2.852935 -0.005627 1628864460.282636
7471738.158198 -681464.439248 1.607493 2.852935 -0.005719 1628864460.482584
7471738.132249 -681463.900802 1.606866 2.837755 -0.006725 1628864460.682544
7471738.107792 -681463.268071 1.606800 2.812456 -0.006994 1628864460.882325
7471738.089741 -681462.741231 1.606399 2.829322 -0.006907 1628864461.082159
7471738.077144 -681462.180308 1.607464 2.804022 -0.007175 1628864461.282058
7471738.056553 -681461.643189 1.608425 2.771976 -0.009645 1628864461.482090
7471738.038195 -681461.043942 1.608833 2.755110 -0.011476 1628864461.682125
7471737.994154 -681460.508292 1.607287 2.746677 -0.012299 1628864461.882044
7471737.980091 -681459.871401 1.606792 2.714631 -0.017792 1628864462.131938
7471737.935906 -681459.300713 1.600743 2.706198 -0.018797 1628864462.331916
7471737.900813 -681458.766600 1.599394 2.682585 -0.016589 1628864462.532002
7471737.892661 -681458.240415 1.599588 2.633673 -0.008230 1628864462.732114
7471737.867473 -681457.705829 1.600172 2.642106 -0.001811 1628864462.933276
7471737.858653 -681457.064453 1.600098 2.593194 -0.001800 1628864463.182470
7471737.836375 -681456.484905 1.600714 2.559461 -0.001243 1628864463.382547
7471737.769845 -681455.896040 1.603699 2.551028 -0.000966 1628864463.632572
7471737.814227 -681455.302942 1.606606 2.576327 -0.000513 1628864463.832522
7471737.786942 -681454.785731 1.607728 2.535848 -0.000413 1628864464.032401
7471737.769314 -681454.174038 1.609553 2.551028 -0.000875 1628864464.282302
7471737.743356 -681453.662957 1.607953 2.518982 -0.001143 1628864464.482304
7471737.626077 -681453.056760 1.616043 2.412724 -0.007257 1628864464.732313
7471737.599722 -681452.519923 1.616504 2.380678 -0.012558 1628864464.982225
7471737.561195 -681451.944182 1.615402 2.372245 -0.012553 1628864465.232065
7471737.509591 -681451.423331 1.617486 2.299720 -0.012538 1628864465.482094
7471737.493662 -681450.923291 1.617332 2.242375 -0.010609 1628864465.682214
7471737.467965 -681450.417368 1.617638 2.193462 -0.007304 1628864465.932414
7471737.448073 -681449.815921 1.617593 2.136117 -0.006281 1628864466.182598
7471737.447355 -681449.279121 1.613884 2.078771 -0.006178 1628864466.432312
7471737.428340 -681448.770168 1.614766 2.053472 -0.005442 1628864466.682310
7471737.398690 -681448.228631 1.615135 1.989380 -0.005065 1628864466.932945
7471737.358911 -681447.679331 1.611648 1.851076 -0.004675 1628864467.232445
7471737.317378 -681447.177670 1.616311 1.646994 -0.004551 1628864467.482548
7471737.319898 -681446.672015 1.610900 1.157871 -0.004670 1628864467.882338
