7471662.022091 -681520.640926 2.164898 -0.000843 -0.002477 1628598292.588450
7471661.703957 -681520.207112 2.157491 0.855192 -0.076000 1628598295.738474
7471661.446090 -681519.755499 2.141193 1.171993 -0.075990 1628598296.238259
7471661.138040 -681519.319839 2.126715 1.375891 -0.068356 1628598296.638361
7471660.855289 -681518.852334 2.112807 1.547772 -0.052060 1628598296.988473
7471660.593634 -681518.362515 2.100152 1.685951 -0.033903 1628598297.338572
7471660.312309 -681517.886155 2.097023 1.751670 -0.022809 1628598297.638754
7471660.029689 -681517.407477 2.090729 1.775261 -0.013684 1628598297.938697
7471659.728681 -681516.900208 2.089732 1.751670 -0.006898 1628598298.288760
7471659.421972 -681516.387367 2.089230 1.792112 -0.004008 1628598298.639949
7471659.134322 -681515.876467 2.090392 1.808963 0.002145 1628598298.988738
7471658.833807 -681515.361747 2.090686 1.815704 0.005040 1628598299.288850
7471658.564049 -681514.908655 2.093872 1.824129 0.008661 1628598299.588982
7471658.294907 -681514.473077 2.096252 1.832555 0.010653 1628598299.888995
7471658.032869 -681513.999743 2.102592 1.840980 0.015179 1628598300.188858
7471657.766156 -681513.559210 2.105994 1.840980 0.018167 1628598300.438604
7471657.499233 -681513.111187 2.112028 1.832555 0.015813 1628598300.738540
7471657.208091 -681512.676863 2.116567 1.808963 0.010834 1628598301.038997
7471656.936486 -681512.193099 2.123562 1.783687 0.010744 1628598301.338378
7471656.641448 -681511.725510 2.123869 1.775261 0.016718 1628598301.638182
7471656.376987 -681511.283134 2.129109 1.800538 0.030747 1628598301.938015
7471656.049944 -681510.828336 2.139894 1.800538 0.068260 1628598302.238016
7471655.762841 -681510.360814 2.167299 1.815704 0.111889 1628598302.537986
7471655.441612 -681509.921576 2.196714 1.840980 0.125083 1628598302.838071
7471655.096925 -681509.474470 2.234030 1.840980 0.138466 1628598303.138216
7471654.747020 -681509.048341 2.274366 1.856146 0.164747 1628598303.438200
7471654.402015 -681508.662844 2.323307 1.849406 0.175775 1628598303.738292
7471653.972740 -681508.248973 2.367419 1.849406 0.178065 1628598304.038402
7471653.536212 -681507.858744 2.421834 1.775261 0.191781 1628598304.389019
7471653.099144 -681507.517621 2.475460 1.766836 0.229315 1628598304.688505
7471652.684217 -681507.226393 2.539668 1.702802 0.281331 1628598304.988536
7471652.229785 -681506.937419 2.615081 1.645508 0.326989 1628598305.288600
7471651.730346 -681506.716709 2.708286 1.571363 0.337195 1628598305.638742
7471651.256381 -681506.535965 2.795572 1.547772 0.337241 1628598305.988763
7471650.720530 -681506.389013 2.883786 1.539346 0.337228 1628598306.338829
7471650.192085 -681506.292107 2.969877 1.547772 0.337160 1628598306.688869
7471649.678045 -681506.188442 3.053808 1.375891 0.337322 1628598307.038755
7471649.176363 -681506.167787 -3.138314 1.515755 0.337274 1628598307.388583
7471648.646223 -681506.166279 -3.046405 1.465201 0.337283 1628598307.788797
7471648.096288 -681506.317177 -2.963461 1.384316 0.337252 1628598308.139045
7471647.593922 -681506.458933 -2.877714 0.878784 0.337508 1628598308.642146
7471647.121222 -681506.641021 -2.802118 -0.073302 0.175216 1628598312.088698
7471647.597055 -681506.463135 -2.791359 -0.317643 -0.251323 1628598313.988611
7471648.070030 -681506.230533 -2.726515 -0.440656 -0.295054 1628598315.439508
7471648.547196 -681506.021340 -2.650495 -0.561984 -0.294704 1628598316.539315
7471648.995714 -681505.759373 -2.589265 -0.553558 -0.286706 1628598317.389473
7471649.419739 -681505.493417 -2.519874 -0.642869 -0.191679 1628598318.289185
7471649.824023 -681505.190094 -2.486101 -0.700162 -0.084806 1628598319.089151
7471650.228304 -681504.862332 -2.475024 -0.717013 -0.037330 1628598319.789047
7471650.651656 -681504.518999 -2.469819 -0.806324 -0.031765 1628598320.489051
7471651.053336 -681504.201775 -2.464468 -0.929337 -0.040774 1628598321.039607
7471651.468482 -681503.837129 -2.453279 -0.969780 -0.061612 1628598321.589129
7471651.888155 -681503.492581 -2.443076 -1.074256 -0.044126 1628598322.089382
7471652.284664 -681503.159650 -2.432903 -1.124810 -0.033518 1628598322.589535
7471652.681535 -681502.818757 -2.428862 -1.237712 -0.018303 1628598322.989242
7471653.100024 -681502.474698 -2.424913 -1.295005 -0.012268 1628598323.439311
7471653.451137 -681502.081894 -2.424277 -1.295005 -0.012178 1628598323.839691
7471653.860018 -681501.720601 -2.424029 -1.246137 -0.012263 1628598324.289491
7471654.251592 -681501.342700 -2.420982 -1.229286 -0.012262 1628598324.739302
7471654.663454 -681500.968823 -2.420271 -1.131550 -0.012252 1628598325.239251
7471655.095749 -681500.627385 -2.417409 -0.936077 -0.012326 1628598325.839118
7471655.440002 -681500.264155 -2.412918 -0.863618 -0.012231 1628598326.388906
7471655.830171 -681499.880198 -2.410915 -0.740605 -0.012313 1628598327.038879
7471656.225675 -681499.563945 -2.411189 -0.504690 -0.012301 1628598327.888911
7471655.859792 -681499.910693 -2.413568 0.895635 -0.008718 1628598330.538842
7471655.478180 -681500.265521 -2.411735 1.116384 0.004619 1628598330.988737
7471655.090763 -681500.586671 -2.403982 1.295005 0.066605 1628598331.388698
7471654.712902 -681501.002271 -2.372624 1.507329 0.146517 1628598331.788903
7471654.344828 -681501.353866 -2.326926 1.660674 0.192815 1628598332.138663
7471653.941775 -681501.792410 -2.270156 1.743244 0.210767 1628598332.488678
7471653.633103 -681502.236274 -2.208327 1.766836 0.253486 1628598332.788795
7471653.334870 -681502.644834 -2.134877 1.783687 0.316235 1628598333.088705
7471653.071210 -681503.108030 -2.047849 1.726393 0.369081 1628598333.388746
7471652.910051 -681503.624175 -1.951137 1.645508 0.391530 1628598333.688699
7471652.732431 -681504.109007 -1.839822 1.556197 0.391525 1628598334.038752
7471652.671520 -681504.670928 -1.739955 1.458461 0.391669 1628598334.388926
7471652.602964 -681505.196989 -1.641057 1.458461 0.391669 1628598334.738817
7471652.604599 -681505.701431 -1.541389 1.450035 0.391655 1628598335.088807
7471652.648395 -681506.245149 -1.434210 1.409593 0.391746 1628598335.488880
7471652.758934 -681506.735358 -1.339468 1.384316 0.391706 1628598335.838715
7471652.930683 -681507.258548 -1.231849 1.401167 0.391655 1628598336.238293
7471653.163608 -681507.758157 -1.129883 1.327023 0.383624 1628598336.638361
7471653.412698 -681508.240976 -1.034795 1.229286 0.295184 1628598337.088792
7471653.709210 -681508.671455 -0.977569 1.246137 0.178838 1628598337.489179
7471653.987340 -681509.103165 -0.948934 1.327023 0.079387 1628598337.889539
7471654.345561 -681509.583604 -0.932966 1.409593 0.026833 1628598338.339829
7471654.704923 -681510.016584 -0.930630 1.490478 -0.011927 1628598338.740393
7471655.043349 -681510.473016 -0.932342 1.530921 -0.014011 1628598339.089934
7471655.348317 -681510.904667 -0.934406 1.418018 -0.013997 1628598339.440017
7471655.673701 -681511.343788 -0.931232 1.482052 -0.013915 1628598339.790054
7471656.014540 -681511.724193 -0.936909 1.450035 -0.014001 1628598340.139711
7471656.296009 -681512.142980 -0.937265 1.409593 -0.013996 1628598340.489377
7471656.624216 -681512.565494 -0.940327 1.335448 -0.013987 1628598340.889184
7471656.942494 -681512.993537 -0.941579 1.067516 -0.013960 1628598341.339070
7471657.224916 -681513.417999 -0.943692 0.651294 -0.014019 1628598342.038851
