7989989.990222 -205062.679775 -1.982258 0.401468 0.005864 1642515503.061337
7989989.783095 -205063.137363 -1.982317 0.632852 0.007255 1642515503.811367
7989989.557007 -205063.615632 -1.983252 0.919491 0.007256 1642515504.361554
7989989.347863 -205064.072790 -1.983134 1.092166 0.007256 1642515504.811319
7989989.130440 -205064.554285 -1.982550 1.264840 0.007257 1642515505.211287
7989988.916415 -205065.027861 -1.981909 1.378805 0.007258 1642515505.561440
7989988.708817 -205065.490831 -1.980876 1.351177 0.007258 1642515505.911545
7989988.479093 -205066.009900 -1.979577 1.408160 0.007258 1642515506.311657
7989988.269265 -205066.488296 -1.978019 1.465142 0.007258 1642515506.662329
7989988.052106 -205066.989055 -1.976748 1.551479 0.006212 1642515507.012104
7989987.838637 -205067.476053 -1.975544 1.696526 0.004991 1642515507.312226
7989987.638149 -205067.943890 -1.974834 1.696526 0.004991 1642515507.612243
7989987.399606 -205068.478514 -1.973697 1.753509 0.004991 1642515507.912226
7989987.189258 -205068.974415 -1.972187 1.782863 0.004991 1642515508.211929
7989986.987041 -205069.461007 -1.970438 1.753509 0.003246 1642515508.511571
7989986.765133 -205069.965912 -1.970468 1.782863 -0.000245 1642515508.811600
7989986.540738 -205070.503367 -1.969486 1.896828 -0.000250 1642515509.111488
7989986.327116 -205071.073352 -1.965632 1.983165 -0.004271 1642515509.411839
7989986.133316 -205071.544534 -1.965643 2.040148 -0.004276 1642515509.660978
7989985.924384 -205072.046390 -1.965915 2.128212 -0.004281 1642515509.910938
7989985.703051 -205072.578305 -1.965833 2.271532 -0.004641 1642515510.160930
7989985.480581 -205073.116788 -1.965903 2.328514 -0.004645 1642515510.411158
7989985.247194 -205073.675853 -1.966598 2.444206 -0.006406 1642515510.661269
7989985.011754 -205074.239998 -1.967692 2.444206 -0.006406 1642515510.911372
7989984.798290 -205074.719608 -1.969797 2.558171 -0.007996 1642515511.111555
7989984.585025 -205075.205202 -1.971110 2.673863 -0.005901 1642515511.311666
7989984.377086 -205075.697500 -1.971991 2.673863 -0.005901 1642515511.511531
7989984.146806 -205076.217115 -1.971313 2.789555 -0.002046 1642515511.711509
7989983.929344 -205076.731063 -1.971632 2.789555 -0.002046 1642515511.911563
7989983.695176 -205077.268193 -1.970970 2.587526 -0.002033 1642515512.161745
7989983.494953 -205077.729781 -1.970822 2.587526 -0.002033 1642515512.361830
7989983.270959 -205078.254980 -1.969085 2.328514 -0.002018 1642515512.611827
7989983.056823 -205078.775235 -1.967707 2.300886 -0.002191 1642515512.861666
7989982.837130 -205079.308879 -1.966798 2.300886 -0.003767 1642515513.111725
7989982.615382 -205079.839807 -1.967404 2.300886 -0.003767 1642515513.361792
7989982.407367 -205080.339112 -1.967321 2.501189 -0.009918 1642515513.561778
7989982.192665 -205080.855656 -1.967829 2.644508 -0.010638 1642515513.761740
7989981.962220 -205081.410088 -1.968354 2.817183 -0.010661 1642515513.961886
7989981.714677 -205082.005586 -1.968951 3.019212 -0.010514 1642515514.161872
7989981.510028 -205082.500722 -1.969139 3.248869 -0.010549 1642515514.311766
7989981.299612 -205083.008987 -1.969440 3.421543 -0.010577 1642515514.461639
7989981.079199 -205083.537604 -1.970011 3.680555 -0.010622 1642515514.611794
7989980.865214 -205084.045612 -1.971647 3.680555 -0.010622 1642515514.761564
7989980.632946 -205084.598393 -1.972385 3.796247 -0.010465 1642515514.911650
7989980.409155 -205085.126606 -1.973287 3.680555 -0.010622 1642515515.061704
7989980.175969 -205085.673284 -1.974338 4.025904 -0.010508 1642515515.212361
7989979.940391 -205086.225939 -1.976102 4.025904 -0.010508 1642515515.361587
7989979.728277 -205086.719955 -1.976970 3.651200 -0.010617 1642515515.511641
7989979.489853 -205087.273680 -1.978033 3.882584 -0.010481 1642515515.661661
7989979.259777 -205087.808737 -1.979739 3.882584 -0.010481 1642515515.811671
7989979.029728 -205088.343733 -1.981444 3.882584 -0.010481 1642515515.961664
7989978.804237 -205088.844760 -1.982106 3.766892 -0.010283 1642515516.111711
7989978.564953 -205089.390094 -1.983003 3.939566 -0.009959 1642515516.261444
7989978.328455 -205089.932577 -1.984650 3.939566 -0.009959 1642515516.411662
7989978.093112 -205090.472410 -1.986288 3.939566 -0.009959 1642515516.561146
7989977.834442 -205091.055617 -1.984545 4.053532 -0.004463 1642515516.711162
7989977.573994 -205091.648961 -1.984141 4.196851 -0.003411 1642515516.861169
7989977.321201 -205092.225933 -1.984741 4.196851 -0.003411 1642515517.011263
7989977.068413 -205092.802895 -1.985341 4.196851 -0.003411 1642515517.161354
7989976.853335 -205093.291698 -1.984046 4.514572 -0.003448 1642515517.261364
7989976.565794 -205093.948051 -1.983730 4.685520 -0.003291 1642515517.411503
7989976.284219 -205094.591114 -1.984375 4.685520 -0.003291 1642515517.561328
7989975.998863 -205095.245164 -1.983995 4.628537 -0.003463 1642515517.711274
7989975.713755 -205095.893930 -1.983834 4.571555 -0.003456 1642515517.861094
7989975.413507 -205096.571066 -1.983899 4.771857 -0.003302 1642515518.011882
7989975.128298 -205097.222143 -1.984554 4.771857 -0.003302 1642515518.160840
7989974.840252 -205097.873652 -1.984390 4.657892 -0.003467 1642515518.310733
7989974.547476 -205098.537773 -1.984092 4.628537 -0.003642 1642515518.460610
7989974.267830 -205099.176242 -1.984801 4.628537 -0.003642 1642515518.611203
7989973.990646 -205099.809089 -1.985504 4.628537 -0.003642 1642515518.760470
7989973.761703 -205100.321951 -1.984172 4.916904 -0.004400 1642515518.860494
7989973.460027 -205101.002933 -1.984053 4.887549 -0.005116 1642515519.011256
7989973.167320 -205101.671082 -1.985096 4.887549 -0.005116 1642515519.160503
7989972.873342 -205102.342132 -1.986143 4.887549 -0.005116 1642515519.310398
7989972.637447 -205102.877097 -1.983866 5.146560 -0.005157 1642515519.410651
7989972.409261 -205103.399333 -1.983804 5.203543 -0.005167 1642515519.518591
7989972.113727 -205104.074545 -1.984868 5.203543 -0.005167 1642515519.660236
7989971.905104 -205104.551191 -1.985619 5.203543 -0.005167 1642515519.760226
7989971.665523 -205105.098787 -1.984016 5.405572 -0.005202 1642515519.860199
7989971.448707 -205105.594335 -1.984802 5.405572 -0.005202 1642515519.960263
7989971.231899 -205106.089862 -1.985588 5.405572 -0.005202 1642515520.060323
7989971.014968 -205106.585671 -1.986374 5.405572 -0.005202 1642515520.160440
7989970.752848 -205107.187357 -1.983835 5.635229 -0.005060 1642515520.260536
7989970.526721 -205107.704456 -1.984633 5.635229 -0.005060 1642515520.360688
7989970.283767 -205108.260813 -1.983834 5.721566 -0.005075 1642515520.460783
7989970.054244 -205108.785702 -1.984646 5.721566 -0.005075 1642515520.560909
7989969.818190 -205109.321262 -1.984026 5.607601 -0.005055 1642515520.660994
7989969.593294 -205109.835272 -1.984819 5.607601 -0.005055 1642515520.761047
7989969.330168 -205110.430176 -1.984332 5.951223 -0.005118 1642515520.861209
7989969.091287 -205110.975784 -1.985184 5.951223 -0.005118 1642515520.961291
7989968.859122 -205111.500203 -1.984562 5.778549 -0.005633 1642515521.061349
7989968.626988 -205112.030151 -1.985472 5.778549 -0.005633 1642515521.161471
7989968.366650 -205112.618100 -1.985251 5.980578 -0.007320 1642515521.261522
7989968.126219 -205113.166431 -1.986476 5.980578 -0.007320 1642515521.361634
7989967.882649 -205113.711639 -1.986532 5.835531 -0.008566 1642515521.461684
7989967.647461 -205114.246402 -1.987930 5.835531 -0.008566 1642515521.561794
7989967.403337 -205114.794083 -1.987410 5.835531 -0.008566 1642515521.661851
7989967.167952 -205115.328020 -1.988806 5.835531 -0.008566 1642515521.761845
7989966.925100 -205115.882746 -1.987758 5.835531 -0.008566 1642515521.861887
7989966.689473 -205116.416728 -1.989154 5.835531 -0.008566 1642515521.961905
7989966.454233 -205116.959941 -1.988693 5.807903 -0.011114 1642515522.061864
7989966.219487 -205117.491164 -1.990496 5.807903 -0.011114 1642515522.161862
7989965.983006 -205118.039372 -1.990128 5.750921 -0.014379 1642515522.261830
7989965.749485 -205118.564861 -1.992438 5.750921 -0.014379 1642515522.361821
7989965.515998 -205119.090272 -1.994747 5.750921 -0.014379 1642515522.461797
7989965.282433 -205119.615861 -1.997057 5.750921 -0.014379 1642515522.561807
7989965.043781 -205120.165775 -1.997497 5.721566 -0.018742 1642515522.661805
7989964.808636 -205120.687133 -2.000491 5.721566 -0.018742 1642515522.761766
7989964.560203 -205121.249586 -2.002031 5.894241 -0.020274 1642515522.861795
7989964.315869 -205121.785316 -2.005367 5.894241 -0.020274 1642515522.961692
7989964.074127 -205122.319746 -2.009259 5.807903 -0.026620 1642515523.061681
7989963.829979 -205122.846330 -2.013576 5.807903 -0.026620 1642515523.161619
7989963.568899 -205123.409318 -2.017290 5.894241 -0.027397 1642515523.261597
7989963.315675 -205123.941335 -2.021800 5.894241 -0.027397 1642515523.361560
7989963.062291 -205124.473686 -2.026313 5.894241 -0.027397 1642515523.461586
7989962.808984 -205125.005879 -2.030825 5.894241 -0.027397 1642515523.561582
7989962.510268 -205125.594446 -2.035724 6.066915 -0.027312 1642515523.661515
7989962.240730 -205126.138063 -2.040354 6.066915 -0.027312 1642515523.761528
7989961.936783 -205126.722891 -2.046097 6.325927 -0.026728 1642515523.861434
7989961.650057 -205127.286538 -2.050819 6.325927 -0.026728 1642515523.961401
7989961.357628 -205127.832764 -2.055514 6.296572 -0.024320 1642515524.061362
7989961.066739 -205128.390909 -2.059790 6.296572 -0.024320 1642515524.161321
7989960.761493 -205128.951775 -2.062518 6.296572 -0.017514 1642515524.261317
7989960.466022 -205129.507544 -2.065597 6.296572 -0.017514 1642515524.361281
7989960.151084 -205130.077095 -2.067780 6.382909 -0.012759 1642515524.461344
7989959.847794 -205130.639315 -2.070057 6.382909 -0.012759 1642515524.561425
7989959.529194 -205131.209294 -2.071970 6.469246 -0.009466 1642515524.661438
7989959.219114 -205131.777617 -2.073682 6.469246 -0.009466 1642515524.761513
7989958.898649 -205132.350730 -2.073759 6.527956 -0.003753 1642515524.861499
7989958.584362 -205132.922463 -2.074443 6.527956 -0.003753 1642515524.961442
7989958.270070 -205133.494204 -2.075127 6.527956 -0.003753 1642515525.061386
7989957.955852 -205134.065811 -2.075811 6.527956 -0.003753 1642515525.161307
7989957.625130 -205134.658063 -2.076204 6.584938 -0.003763 1642515525.261227
7989957.307053 -205135.233829 -2.076895 6.584938 -0.003763 1642515525.361119
7989956.981411 -205135.830271 -2.077051 6.641921 -0.004329 1642515525.461011
7989956.659825 -205136.410828 -2.077854 6.641921 -0.004329 1642515525.560933
7989956.338249 -205136.991366 -2.078656 6.641921 -0.004329 1642515525.660852
7989956.016569 -205137.572091 -2.079459 6.641921 -0.004329 1642515525.760803
7989955.672017 -205138.196136 -2.080014 6.785241 -0.004357 1642515525.860746
7989955.341900 -205138.788539 -2.080840 6.785241 -0.004357 1642515525.960694
7989955.002323 -205139.400228 -2.081701 6.842223 -0.004368 1642515526.060678
7989954.668537 -205139.996860 -2.082535 6.842223 -0.004368 1642515526.160595
7989954.319594 -205140.619018 -2.083768 6.900932 -0.004380 1642515526.260563
7989953.981716 -205141.220058 -2.084612 6.900932 -0.004380 1642515526.360477
7989953.626532 -205141.843232 -2.086255 6.987270 -0.004397 1642515526.460454
7989953.282661 -205142.451406 -2.087113 6.987270 -0.004397 1642515526.560444
7989952.922448 -205143.077222 -2.087816 6.987270 -0.001041 1642515526.660431
7989952.577034 -205143.684979 -2.088019 6.987270 -0.001041 1642515526.760478
7989952.203778 -205144.332203 -2.087155 7.073607 0.004176 1642515526.860509
7989951.854121 -205144.947491 -2.086329 7.073607 0.004176 1642515526.960557
7989951.504673 -205145.562410 -2.085504 7.073607 0.004176 1642515527.060545
7989951.155054 -205146.177631 -2.084678 7.073607 0.004176 1642515527.160582
7989950.760391 -205146.858394 -2.085519 7.216927 0.002860 1642515527.260648
7989950.404556 -205147.486705 -2.084942 7.216927 0.002860 1642515527.360701
7989950.028356 -205148.137231 -2.084809 7.273909 0.002857 1642515527.460664
7989949.670481 -205148.770186 -2.084228 7.273909 0.002857 1642515527.560627
7989949.295350 -205149.418639 -2.083777 7.303264 0.002667 1642515527.660671
7989948.936846 -205150.054290 -2.083233 7.303264 0.002667 1642515527.760596
7989948.555892 -205150.716301 -2.082129 7.417229 0.002660 1642515527.860674
7989948.192741 -205151.362667 -2.081579 7.417229 0.002660 1642515527.960630
7989947.814695 -205152.024216 -2.080455 7.475938 0.001150 1642515528.060669
7989947.450029 -205152.676308 -2.080215 7.475938 0.001150 1642515528.160607
7989947.070533 -205153.348788 -2.078269 7.591630 0.000761 1642515528.260561
7989946.701444 -205154.012311 -2.078107 7.591630 0.000761 1642515528.360575
7989946.343436 -205154.654059 -2.075637 7.503566 0.000582 1642515528.460538
7989945.980200 -205155.311186 -2.075515 7.503566 0.000582 1642515528.560602
7989945.616936 -205155.972951 -2.071696 7.475938 0.000585 1642515528.660592
7989945.257772 -205156.628897 -2.071574 7.475938 0.000585 1642515528.760625
7989944.899150 -205157.283855 -2.071452 7.475938 0.000585 1642515528.860507
7989944.540244 -205157.939330 -2.071330 7.475938 0.000585 1642515528.960468
7989944.190592 -205158.614180 -2.067474 7.475938 -0.005064 1642515529.060447
7989943.834634 -205159.272594 -2.068533 7.475938 -0.005064 1642515529.160565
7989943.486984 -205159.934190 -2.067262 7.446584 -0.008821 1642515529.260647
7989943.133304 -205160.589944 -2.069098 7.446584 -0.008821 1642515529.360700
7989942.771550 -205161.274389 -2.068525 7.619258 -0.010196 1642515529.460866
7989942.409130 -205161.944860 -2.070695 7.619258 -0.010196 1642515529.560896
7989942.046743 -205162.615271 -2.072866 7.619258 -0.010196 1642515529.660917
7989941.684223 -205163.285929 -2.075037 7.619258 -0.010196 1642515529.760975
7989941.340699 -205163.919776 -2.073030 7.619258 -0.010384 1642515529.861033
7989940.975167 -205164.588842 -2.075242 7.619258 -0.010384 1642515529.961096
7989940.618829 -205165.230887 -2.076037 7.532921 -0.010355 1642515530.061219
7989940.255744 -205165.890703 -2.078215 7.532921 -0.010355 1642515530.161196
7989939.885127 -205166.550453 -2.079204 7.591630 -0.010375 1642515530.261231
7989939.516647 -205167.215114 -2.081406 7.591630 -0.010375 1642515530.361337
7989939.146696 -205167.864194 -2.082418 7.591630 -0.010375 1642515530.461401
7989938.775990 -205168.527832 -2.084621 7.591630 -0.010375 1642515530.561532
7989938.405387 -205169.191285 -2.086823 7.591630 -0.010375 1642515530.661635
7989938.034769 -205169.854766 -2.089025 7.591630 -0.010375 1642515530.761742
7989937.647669 -205170.507486 -2.087266 7.619258 -0.010384 1642515530.861761
7989937.271845 -205171.170990 -2.089478 7.619258 -0.010384 1642515530.961843
7989936.896238 -205171.834111 -2.091689 7.619258 -0.010384 1642515531.061867
7989936.520488 -205172.497483 -2.093900 7.619258 -0.010384 1642515531.161929
7989936.133488 -205173.174514 -2.091828 7.705595 -0.010604 1642515531.261943
7989935.751148 -205173.844226 -2.094112 7.705595 -0.010604 1642515531.362022
7989935.368949 -205174.513693 -2.096395 7.705595 -0.010604 1642515531.462064
7989934.987048 -205175.182636 -2.098677 7.705595 -0.010604 1642515531.562028
7989934.604539 -205175.844406 -2.096243 7.734950 -0.010614 1642515531.662069
7989934.217910 -205176.514759 -2.098538 7.734950 -0.010614 1642515531.762116
7989933.833849 -205177.176454 -2.099621 7.734950 -0.013075 1642515531.862152
7989933.445363 -205177.845618 -2.102447 7.734950 -0.013075 1642515531.962186
7989933.052382 -205178.512303 -2.104428 7.705595 -0.015521 1642515532.062222
7989932.662311 -205179.177606 -2.107772 7.705595 -0.015521 1642515532.162308
7989932.260961 -205179.848586 -2.109439 7.734950 -0.015535 1642515532.262272
7989931.866152 -205180.514320 -2.112798 7.734950 -0.015535 1642515532.362337
7989931.460159 -205181.184839 -2.114450 7.821287 -0.015385 1642515532.462309
7989931.058163 -205181.855023 -2.117809 7.821287 -0.015385 1642515532.562229
7989930.648929 -205182.522819 -2.119516 7.878270 -0.015411 1642515532.662083
7989930.241167 -205183.194915 -2.122900 7.878270 -0.015411 1642515532.761866
7989929.833663 -205183.850826 -2.125248 7.791932 -0.017076 1642515532.861746
7989929.426531 -205184.513777 -2.128959 7.791932 -0.017076 1642515532.961591
7989929.008516 -205185.180064 -2.131580 7.791932 -0.018972 1642515533.062101
7989928.599491 -205185.837376 -2.135683 7.791932 -0.018972 1642515533.161458
7989928.171042 -205186.513000 -2.139257 7.878270 -0.022624 1642515533.261437
7989927.750272 -205187.178976 -2.144236 7.878270 -0.022624 1642515533.361429
7989927.329712 -205187.844619 -2.149212 7.878270 -0.022624 1642515533.461371
7989926.909434 -205188.509816 -2.154186 7.878270 -0.022624 1642515533.561246
7989926.500773 -205189.094324 -2.158342 7.648613 -0.026072 1642515533.661148
7989926.080614 -205189.732862 -2.163910 7.648613 -0.026072 1642515533.761084
7989925.665457 -205190.341783 -2.167911 7.446584 -0.026126 1642515533.860994
7989925.250051 -205190.959950 -2.173347 7.446584 -0.026126 1642515533.961010
7989924.820406 -205191.577739 -2.177516 7.446584 -0.026126 1642515534.060952
7989924.398664 -205192.192496 -2.182958 7.446584 -0.026126 1642515534.161067
7989923.974759 -205192.790443 -2.186959 7.417229 -0.026106 1642515534.261205
7989923.548958 -205193.398705 -2.192374 7.417229 -0.026106 1642515534.361308
7989923.132803 -205193.973202 -2.196301 7.273909 -0.026201 1642515534.461414
7989922.709667 -205194.565686 -2.201631 7.273909 -0.026201 1642515534.561507
7989922.296122 -205195.127308 -2.205395 7.159944 -0.026127 1642515534.661503
7989921.875061 -205195.705566 -2.210617 7.159944 -0.026127 1642515534.761408
7989921.460292 -205196.261308 -2.214306 7.044252 -0.026240 1642515534.861308
7989921.041053 -205196.826332 -2.219464 7.044252 -0.026240 1642515534.961187
7989920.632476 -205197.366672 -2.225335 6.957915 -0.032887 1642515535.061154
7989920.212538 -205197.921204 -2.231727 6.957915 -0.032887 1642515535.161126
7989919.796861 -205198.462310 -2.239093 6.957915 -0.039214 1642515535.261189
7989919.369718 -205199.011920 -2.246722 6.957915 -0.039214 1642515535.361230
7989918.959677 -205199.531038 -2.255766 6.957915 -0.047212 1642515535.461257
7989918.523934 -205200.074552 -2.264960 6.957915 -0.047212 1642515535.561376
7989918.132525 -205200.549127 -2.274346 6.614293 -0.050929 1642515535.661432
7989917.709404 -205201.057505 -2.283763 6.614293 -0.050929 1642515535.761431
7989917.286404 -205201.545943 -2.292202 6.555584 -0.046069 1642515535.861417
7989916.857634 -205202.041804 -2.300644 6.555584 -0.046069 1642515535.961413
7989916.440445 -205202.502927 -2.303782 6.527956 -0.027956 1642515536.061305
7989916.006433 -205202.989963 -2.308878 6.527956 -0.027956 1642515536.161238
7989915.604951 -205203.425650 -2.311570 6.296572 -0.018434 1642515536.261210
7989915.181581 -205203.891623 -2.314812 6.296572 -0.018434 1642515536.361198
7989914.782652 -205204.320509 -2.318256 6.153252 -0.015069 1642515536.461142
7989914.365742 -205204.772660 -2.320845 6.153252 -0.015069 1642515536.561093
7989913.972245 -205205.195179 -2.324835 6.039287 -0.015211 1642515536.661079
7989913.559957 -205205.636434 -2.327401 6.039287 -0.015211 1642515536.761073
7989913.147840 -205206.077508 -2.329966 6.039287 -0.015211 1642515536.861026
7989912.735644 -205206.518665 -2.332531 6.039287 -0.015211 1642515536.960998
7989912.198287 -205207.075064 -2.339099 5.750921 -0.014743 1642515537.110867
7989911.819858 -205207.465570 -2.343231 5.664584 -0.011438 1642515537.210808
7989911.425038 -205207.871495 -2.345040 5.664584 -0.011438 1642515537.310774
7989911.045731 -205208.255368 -2.348799 5.750921 -0.007998 1642515537.410745
7989910.642494 -205208.665140 -2.350083 5.750921 -0.007998 1642515537.510712
7989910.261459 -205209.043729 -2.353571 5.548892 -0.004499 1642515537.610666
7989909.833011 -205209.474730 -2.354335 5.548892 -0.004499 1642515537.720188
7989909.297095 -205210.003431 -2.357505 5.548892 -0.001773 1642515537.860435
7989908.904653 -205210.395061 -2.357779 5.548892 -0.001773 1642515537.960351
7989908.524488 -205210.765667 -2.360159 5.607601 0.000038 1642515538.060295
7989908.126427 -205211.160579 -2.360153 5.607601 0.000038 1642515538.160288
7989907.755133 -205211.516149 -2.362424 5.521264 0.003135 1642515538.260319
7989907.361936 -205211.904102 -2.361941 5.521264 0.003135 1642515538.360363
7989906.992422 -205212.256017 -2.361157 5.376217 0.014742 1642515538.460315
7989906.609127 -205212.633851 -2.358941 5.376217 0.014742 1642515538.560425
7989906.242910 -205212.986855 -2.357831 5.405572 0.018736 1642515538.660391
7989905.858722 -205213.367628 -2.354999 5.405572 0.018736 1642515538.760457
7989905.485492 -205213.734972 -2.353843 5.405572 0.018917 1642515538.860582
7989905.103112 -205214.116963 -2.350986 5.405572 0.018917 1642515538.960570
7989904.596481 -205214.628615 -2.347455 5.117206 0.021027 1642515539.110541
7989904.238427 -205214.993142 -2.345328 5.203543 0.021046 1642515539.210605
7989903.873891 -205215.364548 -2.342268 5.203543 0.021046 1642515539.310616
7989903.367765 -205215.885092 -2.338835 5.032595 0.021189 1642515539.460750
7989903.016660 -205216.246441 -2.335853 5.032595 0.021189 1642515539.560864
7989902.518566 -205216.765174 -2.332390 5.003241 0.021362 1642515539.711025
7989902.040531 -205217.265754 -2.329132 4.801212 0.021318 1642515539.861206
7989901.550838 -205217.781277 -2.325660 4.771857 0.022030 1642515540.011342
7989901.075903 -205218.284992 -2.321373 4.657892 0.027743 1642515540.161300
7989900.598955 -205218.794520 -2.315963 4.657892 0.027743 1642515540.311137
7989900.122428 -205219.311345 -2.309488 4.744229 0.034949 1642515540.461092
7989899.656527 -205219.822055 -2.301738 4.771857 0.045371 1642515540.610837
7989899.177194 -205220.353419 -2.292663 4.771857 0.045371 1642515540.760803
7989898.711888 -205220.885626 -2.280295 4.830566 0.056353 1642515540.910696
7989898.251492 -205221.423451 -2.269570 4.859921 0.056373 1642515541.060737
7989897.786077 -205221.977769 -2.258440 4.887549 0.057830 1642515541.211911
7989897.320876 -205222.539491 -2.246646 4.887549 0.057830 1642515541.361136
7989896.869823 -205223.107854 -2.234046 4.859921 0.061758 1642515541.511364
7989896.415980 -205223.678808 -2.221448 4.859921 0.061758 1642515541.661440
7989895.960045 -205224.252396 -2.208792 4.859921 0.061758 1642515541.812208
7989895.581057 -205224.803994 -2.193275 4.801212 0.069775 1642515541.961721
7989895.152226 -205225.384196 -2.179191 4.801212 0.069775 1642515542.111991
7989894.769656 -205225.957862 -2.163129 4.771857 0.077087 1642515542.261894
7989894.382032 -205226.536371 -2.147050 4.714874 0.082393 1642515542.411875
7989893.993732 -205227.126862 -2.130748 4.714874 0.082393 1642515542.561767
7989893.633222 -205227.710850 -2.112937 4.685520 0.087896 1642515542.711669
7989893.283919 -205228.297422 -2.095387 4.657892 0.089114 1642515542.861586
7989892.951236 -205228.876020 -2.078069 4.485218 0.091414 1642515543.011550
7989892.621222 -205229.461850 -2.060852 4.485218 0.091414 1642515543.161462
7989892.322454 -205230.033442 -2.041320 4.398880 0.099663 1642515543.311423
7989892.030244 -205230.616573 -2.022126 4.398880 0.100728 1642515543.461329
7989891.753832 -205231.192057 -2.003368 4.284915 0.100592 1642515543.611277
7989891.480810 -205231.774090 -1.985243 4.284915 0.100592 1642515543.761312
7989891.243764 -205232.325371 -1.967337 4.139869 0.101306 1642515543.911351
7989890.993805 -205232.893967 -1.949700 4.139869 0.101306 1642515544.061383
7989890.780033 -205233.478166 -1.929058 4.428235 0.105200 1642515544.211396
7989890.543086 -205234.098640 -1.909469 4.428235 0.105200 1642515544.361383
7989890.363341 -205234.627064 -1.891578 3.996549 0.106614 1642515544.511440
7989890.185775 -205235.171997 -1.873059 3.910212 0.108274 1642515544.661569
7989890.013913 -205235.730852 -1.852781 3.939566 0.116936 1642515544.811604
7989889.845306 -205236.299065 -1.833333 3.939566 0.116936 1642515544.962052
7989889.685748 -205236.918669 -1.808049 4.169223 0.127810 1642515545.111769
7989889.559745 -205237.466573 -1.783894 3.910212 0.139529 1642515545.261699
7989889.438719 -205238.039097 -1.759357 3.967194 0.142068 1642515545.412095
7989889.323191 -205238.619222 -1.735724 3.967194 0.142068 1642515545.561197
7989889.232425 -205239.212160 -1.710292 4.025904 0.141987 1642515545.711019
7989889.156983 -205239.793988 -1.685233 4.025904 0.142512 1642515545.860827
7989889.078428 -205240.392292 -1.661048 4.025904 0.142512 1642515546.010716
7989889.040015 -205240.991414 -1.631998 4.053532 0.153404 1642515546.161436
7989889.008607 -205241.583071 -1.603900 4.025904 0.158068 1642515546.310536
7989888.972506 -205242.185751 -1.577017 4.025904 0.158068 1642515546.460505
7989889.000064 -205242.776075 -1.547050 4.082886 0.158520 1642515546.610329
7989889.009139 -205243.390765 -1.519599 4.082886 0.158520 1642515546.760898
7989889.018140 -205244.000412 -1.492373 4.082886 0.158520 1642515546.910232
7989889.106244 -205244.574954 -1.462879 4.082886 0.158520 1642515547.060232
7989889.176716 -205245.162836 -1.434668 3.996549 0.156969 1642515547.210262
7989889.252793 -205245.757326 -1.408172 3.996549 0.156969 1642515547.360226
7989889.361236 -205246.352008 -1.381327 4.053532 0.150257 1642515547.510339
7989889.485975 -205246.954803 -1.354390 4.110514 0.145628 1642515547.660384
7989889.608439 -205247.560305 -1.329081 4.110514 0.145628 1642515547.810672
7989889.767361 -205248.130193 -1.304724 4.053532 0.137824 1642515547.960683
7989889.913437 -205248.720682 -1.281156 4.053532 0.137824 1642515548.110747
7989890.116837 -205249.314538 -1.265486 4.196851 0.091988 1642515548.260748
7989890.299547 -205249.916736 -1.249270 4.196851 0.091988 1642515548.410695
7989890.505801 -205250.505429 -1.239773 4.196851 0.065717 1642515548.561165
7989890.702964 -205251.101556 -1.228231 4.196851 0.065717 1642515548.710774
7989890.937934 -205251.711830 -1.214165 4.312543 0.063489 1642515548.860824
7989891.160838 -205252.298280 -1.201269 4.226206 0.063427 1642515549.010695
7989891.387587 -205252.890177 -1.190024 4.226206 0.063427 1642515549.160674
7989891.634686 -205253.489625 -1.177094 4.312543 0.061708 1642515549.310690
7989891.890961 -205254.092691 -1.165701 4.371252 0.054082 1642515549.460616
7989892.150534 -205254.687533 -1.154746 4.371252 0.049979 1642515549.610765
7989892.413269 -205255.287135 -1.145599 4.371252 0.049979 1642515549.760525
7989892.697474 -205255.899723 -1.134579 4.485218 0.049687 1642515549.910463
7989892.985955 -205256.505872 -1.123722 4.485218 0.048972 1642515550.060427
7989893.280069 -205257.109276 -1.112913 4.542200 0.048647 1642515550.210396
7989893.580954 -205257.724580 -1.103598 4.542200 0.048647 1642515550.361189
7989893.888882 -205258.320722 -1.093490 4.542200 0.046322 1642515550.510427
7989894.194988 -205258.901262 -1.083499 4.457590 0.046098 1642515550.660475
7989894.512216 -205259.490837 -1.073346 4.485218 0.046112 1642515550.810632
7989894.831953 -205260.083725 -1.064664 4.485218 0.046112 1642515550.960816
7989895.153112 -205260.650416 -1.054950 4.398880 0.045175 1642515551.111377
7989895.488066 -205261.231487 -1.046335 4.514572 0.039869 1642515551.260741
7989895.817696 -205261.793755 -1.038059 4.312543 0.036569 1642515551.411024
7989896.144491 -205262.350832 -1.031459 4.312543 0.036569 1642515551.560786
7989896.471536 -205262.887564 -1.023965 4.226206 0.035466 1642515551.710671
7989896.810946 -205263.437281 -1.016587 4.312543 0.033892 1642515551.860587
7989897.146108 -205263.972641 -1.009524 4.169223 0.032595 1642515552.011163
7989897.476419 -205264.500256 -1.003855 4.169223 0.032595 1642515552.160467
7989897.817169 -205265.027264 -0.996925 4.196851 0.032426 1642515552.310460
7989898.155035 -205265.543224 -0.990141 4.196851 0.032426 1642515552.460549
7989898.488020 -205266.045116 -0.983132 4.025904 0.033262 1642515552.610520
7989898.822752 -205266.547583 -0.977520 4.025904 0.033262 1642515552.760487
7989899.158207 -205267.039005 -0.970932 4.025904 0.033083 1642515552.910479
7989899.509543 -205267.547543 -0.964012 4.110514 0.033645 1642515553.060519
7989899.860114 -205268.054673 -0.958216 4.110514 0.033645 1642515553.210502
7989900.183399 -205268.507434 -0.951385 3.882584 0.035524 1642515553.360377
7989900.518443 -205268.983117 -0.945609 3.882584 0.035524 1642515553.510234
7989900.872580 -205269.454773 -0.934945 3.853229 0.048642 1642515553.660180
7989901.214395 -205269.920415 -0.927091 3.853229 0.048642 1642515553.810089
7989901.564087 -205270.377560 -0.915535 3.882584 0.058763 1642515553.960030
7989901.914202 -205270.825348 -0.903577 3.823875 0.066695 1642515554.110016
7989902.265756 -205271.278240 -0.892880 3.823875 0.066695 1642515554.259949
7989902.617327 -205271.731153 -0.882183 3.823875 0.066695 1642515554.409889
7989902.979905 -205272.130005 -0.861880 3.796247 0.091056 1642515554.559829
7989903.343852 -205272.567043 -0.847374 3.796247 0.091056 1642515554.709644
7989903.716176 -205272.952685 -0.820568 3.708183 0.133986 1642515554.859626
7989904.095131 -205273.352706 -0.797558 3.680555 0.147383 1642515555.009565
7989904.477612 -205273.750633 -0.774669 3.680555 0.147383 1642515555.159526
7989904.851790 -205274.099360 -0.749520 3.478526 0.161313 1642515555.309561
7989905.228104 -205274.460873 -0.725801 3.478526 0.161313 1642515555.459575
7989905.604422 -205274.822392 -0.702081 3.478526 0.161313 1642515555.609591
7989906.050036 -205275.138618 -0.663876 3.507880 0.197380 1642515555.759642
7989906.455203 -205275.443129 -0.630548 3.421543 0.218197 1642515555.909723
7989906.865787 -205275.735474 -0.596426 3.392189 0.231861 1642515556.059687
7989907.288282 -205276.012676 -0.560880 3.335206 0.244874 1642515556.209750
7989907.708662 -205276.283628 -0.525970 3.335206 0.244874 1642515556.359706
7989908.284605 -205276.596069 -0.475060 3.307578 0.261879 1642515556.559852
7989908.861231 -205276.920309 -0.425531 3.307578 0.261879 1642515556.759858
7989909.432702 -205277.123142 -0.375818 3.133177 0.268931 1642515556.959947
7989910.027451 -205277.344996 -0.326548 3.162532 0.267675 1642515557.159972
7989910.619067 -205277.569636 -0.278068 3.162532 0.267675 1642515557.360074
7989911.182144 -205277.682948 -0.233099 2.960503 0.267528 1642515557.560143
7989911.771114 -205277.817383 -0.186719 3.019212 0.266006 1642515557.760301
7989912.374190 -205277.915012 -0.139579 3.076194 0.265641 1642515557.960235
7989912.980070 -205278.021915 -0.092823 3.076194 0.265641 1642515558.160235
7989913.535643 -205278.035817 -0.049665 2.903520 0.265908 1642515558.360403
7989914.127401 -205278.055146 -0.004069 2.932875 0.265807 1642515558.560579
7989914.691394 -205278.047612 0.039413 2.846537 0.265947 1642515558.760579
7989915.265523 -205278.015861 0.083705 2.903520 0.265908 1642515558.960516
7989915.821750 -205277.959876 0.126876 2.846537 0.266444 1642515559.160361
7989916.365007 -205277.876678 0.170419 2.760200 0.270720 1642515559.360174
7989916.930247 -205277.775098 0.215114 2.903520 0.269385 1642515559.560172
7989917.456489 -205277.650366 0.256842 2.732572 0.267191 1642515559.760087
7989917.990877 -205277.501097 0.299188 2.732572 0.265040 1642515559.959937
7989918.492566 -205277.337670 0.340282 2.673863 0.267399 1642515560.159819
7989918.971518 -205277.159851 0.380917 2.616881 0.273714 1642515560.359788
7989919.517145 -205276.919026 0.432305 2.385497 0.288159 1642515560.609705
7989920.043263 -205276.664903 0.481165 2.357869 0.288104 1642515560.859622
7989920.561582 -205276.383752 0.530450 2.357869 0.288267 1642515561.110492
7989921.072914 -205276.070005 0.581457 2.444206 0.293495 1642515561.359641
7989921.489679 -205275.785734 0.628173 2.501189 0.313544 1642515561.559533
7989921.897078 -205275.477663 0.680362 2.587526 0.340628 1642515561.759499
7989922.300644 -205275.136437 0.737333 2.616881 0.361058 1642515561.959442
7989922.690316 -205274.766137 0.797334 2.673863 0.374492 1642515562.159479
7989923.080509 -205274.400212 0.856063 2.673863 0.374492 1642515562.359538
7989923.435992 -205273.911851 0.925722 2.875892 0.384575 1642515562.559713
7989923.785160 -205273.421783 0.995069 2.960503 0.389027 1642515562.759817
7989924.081651 -205272.937534 1.060714 2.846537 0.390964 1642515562.959871
7989924.347258 -205272.432994 1.126563 2.846537 0.390964 1642515563.159740
7989924.583837 -205271.901365 1.193698 2.903520 0.390843 1642515563.359649
7989924.788892 -205271.341043 1.262542 2.960503 0.390880 1642515563.559683
7989924.953277 -205270.772894 1.329392 2.932875 0.383832 1642515563.759766
7989925.075222 -205270.220373 1.388354 2.846537 0.361564 1642515563.959930
7989925.203738 -205269.665463 1.448526 2.846537 0.361564 1642515564.160032
7989925.229546 -205269.052476 1.501513 2.932875 0.327988 1642515564.359916
7989925.257637 -205268.464524 1.555275 2.932875 0.318493 1642515564.559837
7989925.253869 -205267.871771 1.609959 2.960503 0.318407 1642515564.759696
7989925.217999 -205267.288235 1.663893 2.903520 0.318414 1642515564.959595
7989925.150961 -205266.709373 1.718316 2.875892 0.321884 1642515565.159726
7989925.054357 -205266.146622 1.772958 2.846537 0.328231 1642515565.360267
7989924.962983 -205265.585286 1.827058 2.846537 0.328231 1642515565.560062
7989924.786684 -205265.111481 1.884361 2.644508 0.363016 1642515565.759881
7989924.616648 -205264.630051 1.943095 2.528817 0.384757 1642515565.960235
7989924.389195 -205264.067157 2.015334 2.444206 0.398626 1642515566.209703
7989924.166644 -205263.498103 2.087219 2.444206 0.398626 1642515566.459692
7989923.840753 -205263.076121 2.151637 2.242177 0.405821 1642515566.709741
7989923.513041 -205262.644238 2.215873 2.155840 0.402867 1642515566.959837
7989923.174179 -205262.213917 2.276158 2.155840 0.378844 1642515567.209721
7989922.816867 -205261.830124 2.317544 2.069503 0.270724 1642515567.459610
7989922.460207 -205261.461953 2.350675 2.012520 0.212270 1642515567.709633
7989922.094285 -205261.105613 2.373900 1.983165 0.157389 1642515567.959914
7989921.718782 -205260.754669 2.388995 2.012520 0.109532 1642515568.209663
7989921.278516 -205260.357931 2.396016 1.953811 0.043240 1642515568.509696
7989920.875390 -205259.986653 2.399150 1.839846 0.024545 1642515568.809648
7989920.481681 -205259.623144 2.401906 1.810491 0.023496 1642515569.109369
7989920.089255 -205259.266467 2.404859 1.782863 0.020701 1642515569.409322
7989919.669428 -205258.889999 2.404567 1.869200 -0.004265 1642515569.709323
7989919.254373 -205258.513443 2.403900 1.869200 -0.004265 1642515570.009138
7989918.825253 -205258.124775 2.396109 2.069503 -0.030840 1642515570.258739
7989918.447642 -205257.774710 2.389017 2.328514 -0.042094 1642515570.458407
7989918.008309 -205257.362144 2.381319 2.789555 -0.044016 1642515570.658262
7989917.565083 -205256.942075 2.373913 2.989857 -0.043926 1642515570.858166
7989917.095840 -205256.488869 2.365377 3.219514 -0.047904 1642515571.058087
7989916.600269 -205256.000176 2.354741 3.421543 -0.055767 1642515571.257981
7989916.237057 -205255.637842 2.346741 3.421543 -0.055767 1642515571.407925
7989915.875113 -205255.265142 2.335813 3.392189 -0.066838 1642515571.557880
7989915.519370 -205254.901580 2.326302 3.392189 -0.066838 1642515571.707829
7989915.176207 -205254.515936 2.310638 3.392189 -0.086690 1642515571.857890
7989914.831965 -205254.141917 2.298298 3.392189 -0.086690 1642515572.007741
7989914.411230 -205253.656484 2.279826 3.278223 -0.093416 1642515572.207629
7989914.014263 -205253.179531 2.258809 3.162532 -0.107798 1642515572.407433
7989913.635918 -205252.704237 2.238050 3.103822 -0.112265 1642515572.607300
7989913.242615 -205252.224572 2.218516 3.103822 -0.112265 1642515572.807149
7989912.915686 -205251.730753 2.197297 3.103822 -0.112265 1642515573.006988
7989912.574341 -205251.244615 2.177955 3.076194 -0.112235 1642515573.206934
7989912.213430 -205250.745984 2.158576 3.076194 -0.112235 1642515573.407032
7989911.944142 -205250.300234 2.141286 2.932875 -0.114691 1642515573.607177
7989911.644502 -205249.824425 2.121606 2.875892 -0.121053 1642515573.807400
7989911.354485 -205249.345996 2.100817 2.846537 -0.129681 1642515574.007493
7989911.078283 -205248.871498 2.079677 2.760200 -0.137012 1642515574.207546
7989910.796244 -205248.364101 2.056431 2.817183 -0.143117 1642515574.407503
7989910.525209 -205247.842801 2.033475 2.875892 -0.143191 1642515574.607556
7989910.259473 -205247.332439 2.010302 2.875892 -0.143191 1642515574.807633
7989910.052412 -205246.838954 1.990140 3.219514 -0.136207 1642515574.957684
7989909.856753 -205246.372933 1.973079 3.307578 -0.122425 1642515575.107719
7989909.656913 -205245.874554 1.956509 3.535508 -0.108393 1642515575.257514
7989909.454818 -205245.384409 1.940394 3.535508 -0.108393 1642515575.407471
7989909.253441 -205244.829078 1.927537 3.737537 -0.087202 1642515575.557547
7989909.054322 -205244.260121 1.916147 3.882584 -0.071465 1642515575.707381
7989908.850188 -205243.664508 1.905165 4.082886 -0.067038 1642515575.857325
7989908.646978 -205243.086732 1.893679 4.082886 -0.067038 1642515576.007334
7989908.437503 -205242.432776 1.879175 4.284915 -0.076454 1642515576.157599
7989908.227816 -205241.756881 1.861519 4.514572 -0.093764 1642515576.307504
7989908.021945 -205241.061909 1.840397 4.657892 -0.115436 1642515576.457664
7989907.830463 -205240.388799 1.817730 4.657892 -0.115436 1642515576.607907
7989907.656898 -205239.688390 1.790807 4.628537 -0.133417 1642515576.758823
7989907.502006 -205238.988434 1.761842 4.600909 -0.149380 1642515576.908334
7989907.357702 -205238.312805 1.732798 4.600909 -0.149380 1642515577.058493
7989907.213412 -205237.637243 1.703757 4.600909 -0.149380 1642515577.208637
7989907.189704 -205237.089986 1.677278 4.685520 -0.161318 1642515577.308744
7989907.116168 -205236.382296 1.645689 4.657892 -0.161255 1642515577.458901
7989907.056511 -205235.686178 1.613943 4.657892 -0.161255 1642515577.608898
7989907.031913 -205234.977951 1.582155 4.628537 -0.161365 1642515577.758924
7989907.026828 -205234.264945 1.549795 4.657892 -0.161255 1642515577.908921
7989907.046562 -205233.573585 1.517277 4.514572 -0.161461 1642515578.058968
7989907.075862 -205232.896527 1.486444 4.514572 -0.161461 1642515578.209080
7989907.148959 -205232.195052 1.452716 4.571555 -0.161412 1642515578.359451
7989907.241595 -205231.532959 1.420022 4.428235 -0.159526 1642515578.509559
7989907.334877 -205230.874939 1.390154 4.428235 -0.159526 1642515578.659641
7989907.428167 -205230.216863 1.360283 4.428235 -0.159526 1642515578.809736
7989907.589564 -205229.733398 1.338961 4.571555 -0.139827 1642515578.909741
7989907.767847 -205229.050589 1.309824 4.628537 -0.131653 1642515579.059793
7989907.941317 -205228.378018 1.284133 4.628537 -0.131653 1642515579.209858
7989908.115788 -205227.701565 1.258293 4.628537 -0.131653 1642515579.360789
7989908.319868 -205227.238363 1.239131 4.714874 -0.122086 1642515579.459754
7989908.544579 -205226.568328 1.214910 4.714874 -0.122086 1642515579.609644
7989908.735791 -205226.101171 1.196937 4.859921 -0.116131 1642515579.709558
7989909.020207 -205225.411770 1.171705 4.830566 -0.110395 1642515579.859412
7989909.318844 -205224.726726 1.146856 4.887549 -0.110133 1642515580.009311
7989909.620838 -205224.057572 1.124180 4.887549 -0.110133 1642515580.159518
7989909.921501 -205223.391367 1.101603 4.887549 -0.110133 1642515580.309063
7989910.318080 -205222.691506 1.074640 5.003241 -0.108186 1642515580.458873
7989910.669770 -205222.029879 1.051908 5.003241 -0.108186 1642515580.608634
7989910.939224 -205221.583317 1.035375 5.003241 -0.104619 1642515580.708603
7989911.188035 -205221.149516 1.020707 5.003241 -0.104619 1642515580.808556
7989911.476789 -205220.703000 1.004775 5.089578 -0.099396 1642515580.908565
7989911.743781 -205220.269319 0.990589 5.089578 -0.099396 1642515581.008628
7989912.010939 -205219.835369 0.976393 5.089578 -0.099396 1642515581.108753
7989912.278089 -205219.401432 0.962199 5.089578 -0.099396 1642515581.208875
7989912.656683 -205218.939165 0.946261 5.289880 -0.090378 1642515581.308840
7989912.960258 -205218.505877 0.932868 5.289880 -0.090378 1642515581.408852
7989913.286244 -205218.085557 0.917806 5.203543 -0.087382 1642515581.508953
7989913.597329 -205217.667950 0.905063 5.203543 -0.087382 1642515581.609027
7989913.959813 -205217.229136 0.891158 5.376217 -0.076821 1642515581.709043
7989914.292515 -205216.807531 0.879611 5.376217 -0.076821 1642515581.808940
7989914.649728 -205216.393117 0.869876 5.319235 -0.061607 1642515581.908907
7989914.988661 -205215.983924 0.860721 5.319235 -0.061607 1642515582.008796
7989915.387269 -205215.534157 0.852269 5.692212 -0.046022 1642515582.108802
7989915.758807 -205215.102951 0.844947 5.692212 -0.046022 1642515582.208797
7989916.103308 -205214.725428 0.837710 5.376217 -0.039430 1642515582.308786
7989916.461029 -205214.323412 0.831780 5.376217 -0.039430 1642515582.408880
7989916.871050 -205213.880394 0.823215 5.548892 -0.037194 1642515582.508907
7989917.246097 -205213.471141 0.817445 5.548892 -0.037194 1642515582.608947
7989917.644489 -205213.052848 0.810144 5.635229 -0.032528 1642515582.708937
7989918.030612 -205212.642943 0.805025 5.635229 -0.032528 1642515582.808867
7989918.438479 -205212.227793 0.797275 5.692212 -0.026740 1642515582.908832
7989918.835021 -205211.819987 0.793025 5.692212 -0.026740 1642515583.008761
7989919.231596 -205211.412147 0.788775 5.692212 -0.026740 1642515583.108698
7989919.628345 -205211.004128 0.784523 5.692212 -0.026740 1642515583.208679
7989920.034242 -205210.625435 0.782078 5.607601 -0.007602 1642515583.308587
7989920.431221 -205210.230144 0.780889 5.607601 -0.007602 1642515583.408491
7989920.837466 -205209.833600 0.777890 5.635229 -0.003058 1642515583.508420
7989921.238534 -205209.438129 0.777409 5.635229 -0.003058 1642515583.608372
7989921.640937 -205209.047319 0.773936 5.548892 -0.002682 1642515583.708335
7989922.037840 -205208.659089 0.773520 5.548892 -0.002682 1642515583.808392
7989922.475732 -205208.236165 0.770248 5.750921 -0.001252 1642515583.908480
7989922.888549 -205207.835509 0.770047 5.750921 -0.001252 1642515584.008512
7989923.318263 -205207.424869 0.766980 5.807903 -0.000346 1642515584.108613
7989923.737047 -205207.021189 0.766924 5.807903 -0.000346 1642515584.208764
7989924.173392 -205206.608754 0.763552 5.894241 -0.000355 1642515584.308659
7989924.599048 -205206.201254 0.763493 5.894241 -0.000355 1642515584.408633
7989925.056753 -205205.776150 0.759852 6.039287 -0.000371 1642515584.508578
7989925.494494 -205205.360170 0.759790 6.039287 -0.000371 1642515584.608568
7989925.947655 -205204.943556 0.757487 6.039287 0.004027 1642515584.708597
7989926.386810 -205204.528821 0.758167 6.039287 0.004027 1642515584.808615
7989926.847496 -205204.096545 0.757959 6.123898 0.008611 1642515584.908534
7989927.292514 -205203.676542 0.759431 6.123898 0.008611 1642515585.008457
7989927.765611 -205203.230474 0.758799 6.296572 0.009172 1642515585.108408
7989928.222985 -205202.798205 0.760412 6.296572 0.009172 1642515585.208355
7989928.705286 -205202.344206 0.759838 6.382909 0.009914 1642515585.308356
7989929.168484 -205201.905657 0.761604 6.382909 0.009914 1642515585.408290
7989929.621805 -205201.473635 0.763661 6.296572 0.016718 1642515585.508242
7989930.077909 -205201.039503 0.766602 6.296572 0.016718 1642515585.608246
7989930.547954 -205200.589432 0.768969 6.353555 0.021520 1642515585.708340
7989931.006536 -205200.149058 0.772792 6.353555 0.021520 1642515585.808408
7989931.478041 -205199.692681 0.775845 6.412264 0.025592 1642515585.908575
7989931.938143 -205199.245416 0.780433 6.412264 0.025592 1642515586.008644
7989932.399739 -205198.790327 0.783538 6.469246 0.026905 1642515586.108700
7989932.860411 -205198.335811 0.788403 6.469246 0.026905 1642515586.208735
7989933.322391 -205197.872717 0.791907 6.527956 0.028405 1642515586.308846
7989933.783492 -205197.410396 0.797089 6.527956 0.028405 1642515586.408871
7989934.222722 -205196.957184 0.800946 6.469246 0.029120 1642515586.508859
7989934.675393 -205196.495105 0.806209 6.469246 0.029120 1642515586.608849
7989935.114150 -205196.031852 0.811650 6.412264 0.034258 1642515586.708826
7989935.557710 -205195.570079 0.817780 6.412264 0.034258 1642515586.808681
7989936.004666 -205195.086571 0.825615 6.498601 0.042978 1642515586.908615
7989936.448185 -205194.613324 0.833406 6.498601 0.042978 1642515587.008420
7989936.861547 -205194.145351 0.843785 6.439892 0.053073 1642515587.108384
7989937.293660 -205193.668830 0.853330 6.439892 0.053073 1642515587.208272
7989937.717055 -205193.167125 0.860407 6.498601 0.046668 1642515587.308663
7989938.143169 -205192.680207 0.868847 6.498601 0.046668 1642515587.408229
7989938.550282 -205192.179677 0.874215 6.469246 0.040559 1642515587.508840
7989938.965811 -205191.690289 0.881493 6.469246 0.040559 1642515587.608079
7989939.376275 -205191.175160 0.887603 6.439892 0.040173 1642515587.708727
7989939.783451 -205190.682287 0.894781 6.439892 0.040173 1642515587.808000
7989940.195527 -205190.157374 0.900502 6.555584 0.040060 1642515587.908514
7989940.604375 -205189.649372 0.907803 6.555584 0.040060 1642515588.007985
7989940.998685 -205189.138612 0.912891 6.555584 0.040060 1642515588.107929
7989941.403129 -205188.623093 0.920227 6.555584 0.040060 1642515588.207880
7989941.807408 -205188.107784 0.927560 6.555584 0.040060 1642515588.307790
7989942.212172 -205187.591858 0.934902 6.555584 0.040060 1642515588.407820
7989942.611673 -205187.029085 0.939489 6.728258 0.046286 1642515588.507815
7989943.013665 -205186.489181 0.948198 6.728258 0.046286 1642515588.607859
7989943.390409 -205185.966645 0.957093 6.671275 0.053460 1642515588.707927
7989943.779999 -205185.425158 0.967064 6.671275 0.053460 1642515588.807919
7989944.169654 -205184.883580 0.977037 6.671275 0.053460 1642515588.907928
7989944.559435 -205184.341828 0.987012 6.671275 0.053460 1642515589.007969
7989944.897870 -205183.779689 0.995452 6.671275 0.054570 1642515589.108010
7989945.266334 -205183.224019 1.005625 6.671275 0.054570 1642515589.207951
7989945.614774 -205182.665681 1.015006 6.785241 0.053006 1642515589.307897
7989945.975526 -205182.091294 1.025058 6.785241 0.053006 1642515589.407861
7989946.336020 -205181.517321 1.035103 6.785241 0.053006 1642515589.507753
7989946.696550 -205180.943290 1.045149 6.785241 0.053006 1642515589.607655
7989946.986826 -205180.388142 1.052897 6.842223 0.049344 1642515589.707642
7989947.331114 -205179.796930 1.062335 6.842223 0.049344 1642515589.807632
7989947.635336 -205179.232535 1.070836 6.641921 0.043446 1642515589.907678
7989947.956106 -205178.650903 1.078901 6.641921 0.043446 1642515590.007682
7989948.276862 -205178.069297 1.086967 6.641921 0.043446 1642515590.107682
7989948.597272 -205177.488319 1.095024 6.641921 0.043446 1642515590.207574
7989948.887472 -205176.876194 1.097361 6.757613 0.029615 1642515590.308084
7989949.197260 -205176.279771 1.102923 6.757613 0.029615 1642515590.407539
7989949.477622 -205175.715527 1.108594 6.698903 0.029033 1642515590.507875
7989949.778768 -205175.119220 1.114014 6.698903 0.029033 1642515590.607598
7989950.078952 -205174.504617 1.119751 6.842223 0.028167 1642515590.708300
7989950.378578 -205173.894455 1.125100 6.842223 0.028167 1642515590.807648
7989950.682042 -205173.276473 1.130518 6.842223 0.028167 1642515590.908269
7989950.981698 -205172.666247 1.135868 6.842223 0.028167 1642515591.007627
7989951.226003 -205172.080336 1.141054 6.928560 0.022618 1642515591.107687
7989951.517423 -205171.451762 1.145432 6.928560 0.022618 1642515591.207685
7989951.812898 -205170.791293 1.149428 7.246281 0.017852 1642515591.308365
7989952.109405 -205170.136161 1.153015 7.246281 0.017852 1642515591.407603
7989952.410205 -205169.471544 1.156653 7.246281 0.017852 1642515591.508278
7989952.640740 -205168.926380 1.160277 7.073607 0.016130 1642515591.607450
7989952.924906 -205168.276329 1.163474 7.073607 0.016130 1642515591.707745
7989953.207037 -205167.630932 1.166648 7.073607 0.016130 1642515591.807322
7989953.477249 -205166.985573 1.170065 7.130589 0.012028 1642515591.908014
7989953.755189 -205166.333903 1.172446 7.130589 0.012028 1642515592.007370
7989954.035157 -205165.677477 1.174844 7.130589 0.012028 1642515592.107451
7989954.315136 -205165.021025 1.177241 7.130589 0.012028 1642515592.207536
7989954.589900 -205164.325075 1.180325 7.360246 0.007547 1642515592.307562
7989954.870866 -205163.643969 1.181878 7.360246 0.007547 1642515592.407665
7989955.146302 -205162.962959 1.182950 7.417229 0.000967 1642515592.507725
7989955.427232 -205162.275511 1.183151 7.417229 0.000967 1642515592.607848
7989955.703947 -205161.586495 1.183479 7.532921 -0.003381 1642515592.707937
7989955.988448 -205160.888343 1.182767 7.532921 -0.003381 1642515592.808017
7989956.269376 -205160.193768 1.182625 7.591630 -0.004525 1642515592.907948
7989956.556017 -205159.490873 1.181666 7.591630 -0.004525 1642515593.007939
7989956.836143 -205158.795666 1.182223 7.677967 -0.004544 1642515593.107960
7989957.126464 -205158.085521 1.181249 7.677967 -0.004544 1642515593.207882
7989957.416829 -205157.375270 1.180275 7.677967 -0.004544 1642515593.307819
7989957.707162 -205156.665097 1.179301 7.677967 -0.004544 1642515593.407745
7989957.995917 -205155.962418 1.179635 7.764304 -0.004563 1642515593.507733
7989958.290890 -205155.245167 1.178647 7.764304 -0.004563 1642515593.607618
7989958.578859 -205154.549670 1.178195 7.734950 -0.004556 1642515593.707604
7989958.874278 -205153.834276 1.177210 7.734950 -0.004556 1642515593.807668
7989959.169014 -205153.130265 1.176571 7.764304 -0.004563 1642515593.907737
7989959.467064 -205152.411799 1.175579 7.764304 -0.004563 1642515594.007918
7989959.762732 -205151.708725 1.174999 7.764304 -0.004752 1642515594.108029
7989960.061291 -205150.992132 1.173969 7.764304 -0.004752 1642515594.208012
7989960.360776 -205150.288496 1.172542 7.791932 -0.007981 1642515594.308020
7989960.662305 -205149.570079 1.170806 7.791932 -0.007981 1642515594.408012
7989960.969251 -205148.855325 1.168763 7.848915 -0.010085 1642515594.508040
7989961.275945 -205148.131794 1.166549 7.848915 -0.010085 1642515594.608162
7989961.579786 -205147.423892 1.165007 7.848915 -0.010654 1642515594.708209
7989961.888082 -205146.701665 1.162670 7.848915 -0.010654 1642515594.808258
7989962.191871 -205146.000204 1.159110 7.821287 -0.017470 1642515594.908287
7989962.501912 -205145.282681 1.155295 7.821287 -0.017470 1642515595.008225
7989962.802443 -205144.596402 1.152814 7.734950 -0.018752 1642515595.108097
7989963.114675 -205143.889571 1.148766 7.734950 -0.018752 1642515595.207997
7989963.413914 -205143.214414 1.145935 7.619258 -0.018691 1642515595.307978
7989963.724947 -205142.519574 1.141960 7.619258 -0.018691 1642515595.407893
7989964.028580 -205141.847110 1.139149 7.562275 -0.018662 1642515595.507865
7989964.342280 -205141.158943 1.135206 7.562275 -0.018662 1642515595.607874
7989964.642262 -205140.510429 1.131948 7.446584 -0.018791 1642515595.707915
7989964.956083 -205139.834979 1.128038 7.446584 -0.018791 1642515595.807933
7989965.263482 -205139.186979 1.124335 7.417229 -0.018776 1642515595.907928
7989965.581400 -205138.516161 1.120441 7.417229 -0.018776 1642515596.008011
7989965.881893 -205137.894058 1.117248 7.216927 -0.016803 1642515596.108023
7989966.196175 -205137.243710 1.113857 7.216927 -0.016803 1642515596.208108
7989966.511915 -205136.590347 1.110451 7.216927 -0.016803 1642515596.308657
7989966.824735 -205135.943026 1.107076 7.216927 -0.016803 1642515596.408276
7989967.112798 -205135.404310 1.106349 7.073607 -0.008897 1642515596.508812
7989967.426583 -205134.775220 1.104602 7.073607 -0.008897 1642515596.608196
7989967.735677 -205134.169108 1.102416 6.957915 -0.007745 1642515596.708649
7989968.047706 -205133.551200 1.100919 6.957915 -0.007745 1642515596.808136
7989968.345206 -205132.969426 1.098927 6.814595 -0.007707 1642515596.908778
7989968.652311 -205132.365435 1.097469 6.814595 -0.007707 1642515597.008209
7989968.957226 -205131.775738 1.095342 6.842223 -0.007714 1642515597.108147
7989969.269679 -205131.166647 1.093867 6.842223 -0.007714 1642515597.208196
7989969.569834 -205130.586588 1.092013 6.757613 -0.007692 1642515597.308620
7989969.878643 -205129.989528 1.090569 6.757613 -0.007692 1642515597.408092
7989970.177373 -205129.412378 1.088840 6.728258 -0.007685 1642515597.508257
7989970.487515 -205128.817390 1.087400 6.728258 -0.007685 1642515597.607981
7989970.787597 -205128.239688 1.085608 6.698903 -0.007677 1642515597.708136
7989971.098759 -205127.647434 1.084174 6.698903 -0.007677 1642515597.808006
7989971.409193 -205127.054158 1.082133 6.728258 -0.007685 1642515597.908455
7989971.723273 -205126.461345 1.080693 6.728258 -0.007685 1642515598.008165
7989972.036403 -205125.869671 1.078356 6.785241 -0.007514 1642515598.108182
7989972.356438 -205125.271132 1.076931 6.785241 -0.007514 1642515598.208212
7989972.676660 -205124.673062 1.074197 6.842223 -0.007714 1642515598.308679
7989973.000013 -205124.074240 1.072730 6.842223 -0.007714 1642515598.408142
7989973.324102 -205123.474982 1.069816 6.871578 -0.007723 1642515598.508606
7989973.651100 -205122.875692 1.068343 6.871578 -0.007723 1642515598.607957
7989973.983815 -205122.273747 1.065082 6.928560 -0.006620 1642515598.708515
7989974.316201 -205121.671667 1.063810 6.928560 -0.006620 1642515598.807776
7989974.651246 -205121.074882 1.062447 6.928560 0.000643 1642515598.908158
7989974.986816 -205120.472809 1.062571 6.928560 0.000643 1642515599.007641
7989975.319699 -205119.881197 1.062790 6.900932 0.007906 1642515599.107636
7989975.656254 -205119.278854 1.064314 6.900932 0.007906 1642515599.207621
7989975.996685 -205118.670188 1.063833 6.928560 0.008652 1642515599.308216
7989976.332669 -205118.067618 1.065501 6.928560 0.008652 1642515599.407791
7989976.671888 -205117.460368 1.064752 6.928560 0.008279 1642515599.508115
7989977.008505 -205116.855246 1.066353 6.928560 0.008279 1642515599.608056
7989977.342972 -205116.259538 1.065341 6.814595 0.007902 1642515599.708544
7989977.672999 -205115.665304 1.066842 6.814595 0.007902 1642515599.808290
7989978.012698 -205115.060518 1.065785 6.871578 0.006974 1642515599.908631
7989978.345021 -205114.461287 1.067120 6.871578 0.006974 1642515600.008348
7989978.681274 -205113.866396 1.065778 6.842223 0.005672 1642515600.108318
7989979.012786 -205113.268271 1.066861 6.842223 0.005672 1642515600.208264
7989979.346007 -205112.667063 1.067950 6.842223 0.005672 1642515600.308725
7989979.675585 -205112.072428 1.069027 6.842223 0.005672 1642515600.408088
7989980.009076 -205111.494617 1.065801 6.814595 0.004743 1642515600.508298
7989980.338030 -205110.900194 1.066701 6.814595 0.004743 1642515600.607992
7989980.669443 -205110.312078 1.066133 6.785241 0.003815 1642515600.708529
7989980.996058 -205109.721296 1.066852 6.785241 0.003815 1642515600.808018
7989981.328300 -205109.130913 1.066165 6.814595 0.001955 1642515600.908423
7989981.656928 -205108.536193 1.066536 6.814595 0.001955 1642515601.008132
7989981.984325 -205107.952616 1.066301 6.757613 0.001589 1642515601.108271
7989982.311393 -205107.360476 1.066601 6.757613 0.001589 1642515601.208375
7989982.638978 -205106.774681 1.066624 6.785241 0.001029 1642515601.308355
7989982.966817 -205106.180621 1.066819 6.785241 0.001029 1642515601.408354
7989983.296327 -205105.583531 1.067015 6.785241 0.001029 1642515601.508863
7989983.668247 -205104.909592 1.067236 6.785241 0.001029 1642515601.622308
7989983.929502 -205104.443915 1.066001 6.671275 -0.001925 1642515601.709052
7989984.249704 -205103.863671 1.065645 6.671275 -0.001925 1642515601.808393
7989984.566301 -205103.297230 1.065512 6.584938 -0.003393 1642515601.908453
7989984.885369 -205102.720019 1.064887 6.584938 -0.003393 1642515602.008610
7989985.195939 -205102.162773 1.064803 6.527956 -0.004123 1642515602.108573
7989985.512100 -205101.591692 1.064051 6.527956 -0.004123 1642515602.208567
7989985.831251 -205101.022307 1.063797 6.555584 -0.004682 1642515602.308485
7989986.149173 -205100.449335 1.062940 6.555584 -0.004682 1642515602.408440
7989986.468969 -205099.872988 1.062078 6.555584 -0.004682 1642515602.508984
7989986.785109 -205099.303228 1.061225 6.555584 -0.004682 1642515602.608379
7989987.084809 -205098.784329 1.061817 6.439892 -0.005029 1642515602.708388
7989987.398552 -205098.221486 1.060912 6.439892 -0.005029 1642515602.808449
7989987.711894 -205097.668352 1.060611 6.382909 -0.005386 1642515602.909316
7989988.020881 -205097.114939 1.059658 6.382909 -0.005386 1642515603.008617
7989988.332411 -205096.556972 1.058696 6.382909 -0.005386 1642515603.108735
7989988.643813 -205095.999234 1.057735 6.382909 -0.005386 1642515603.208812
7989988.940593 -205095.494146 1.057334 6.267217 -0.011984 1642515603.309279
7989989.246390 -205094.950525 1.055246 6.267217 -0.011984 1642515603.408801
7989989.555854 -205094.400383 1.053132 6.267217 -0.011984 1642515603.509517
7989989.860821 -205093.858238 1.051050 6.267217 -0.011984 1642515603.608769
7989990.152786 -205093.338771 1.048225 6.153252 -0.025895 1642515603.708683
7989990.457582 -205092.804111 1.043773 6.153252 -0.025895 1642515603.808701
7989990.762368 -205092.258334 1.039561 6.210235 -0.037859 1642515603.909526
7989991.072634 -205091.726236 1.033044 6.210235 -0.037859 1642515604.008709
7989991.369605 -205091.206389 1.027696 6.096270 -0.044179 1642515604.108732
7989991.682646 -205090.683378 1.020169 6.096270 -0.044179 1642515604.208717
7989991.997094 -205090.158016 1.012608 6.096270 -0.044179 1642515604.309152
7989992.308329 -205089.638023 1.005125 6.096270 -0.044179 1642515604.408560
7989992.625731 -205089.146749 0.993783 5.980578 -0.060327 1642515604.509165
7989992.947392 -205088.647015 0.983756 5.980578 -0.060327 1642515604.608538
7989993.276856 -205088.153565 0.971975 5.951223 -0.065944 1642515604.709119
7989993.608162 -205087.662230 0.961044 5.951223 -0.065944 1642515604.808695
7989993.942020 -205087.167111 0.950028 5.951223 -0.065944 1642515604.909038
7989994.273066 -205086.676160 0.939105 5.951223 -0.065944 1642515605.008536
7989994.630119 -205086.247387 0.926071 5.778549 -0.067553 1642515605.108539
7989994.974884 -205085.783621 0.915150 5.778549 -0.067553 1642515605.208543
7989995.321187 -205085.343995 0.903543 5.692212 -0.067630 1642515605.308525
7989995.670721 -205084.895358 0.892783 5.692212 -0.067630 1642515605.408438
7989996.019867 -205084.447220 0.882035 5.692212 -0.067630 1642515605.508240
7989996.369733 -205083.998157 0.871264 5.692212 -0.067630 1642515605.608248
7989996.743756 -205083.611097 0.858956 5.491909 -0.067575 1642515605.708209
7989997.100309 -205083.193454 0.848575 5.491909 -0.067575 1642515605.808200
7989997.469186 -205082.780967 0.837457 5.434927 -0.067510 1642515605.908837
7989997.828841 -205082.377579 0.827250 5.434927 -0.067510 1642515606.008275
7989998.190843 -205081.971558 0.816977 5.434927 -0.067510 1642515606.108362
7989998.552697 -205081.565703 0.806707 5.434927 -0.067510 1642515606.208408
7989998.947701 -205081.189837 0.797520 5.348590 -0.058929 1642515606.308377
7989999.318022 -205080.803677 0.788703 5.348590 -0.058929 1642515606.408409
7989999.711274 -205080.414671 0.780856 5.319235 -0.051136 1642515606.508328
7990000.086306 -205080.037340 0.773250 5.319235 -0.051136 1642515606.608343
7990000.483542 -205079.650714 0.765323 5.289880 -0.047860 1642515606.708316
7990000.862462 -205079.281521 0.758245 5.289880 -0.047860 1642515606.808326
7990001.271964 -205078.885920 0.750390 5.376217 -0.047390 1642515606.909063
7990001.659982 -205078.518923 0.743314 5.376217 -0.047390 1642515607.008405
7990002.030319 -205078.167609 0.735846 5.203543 -0.047430 1642515607.108448
7990002.413496 -205077.815799 0.728949 5.203543 -0.047430 1642515607.208416
7990002.824175 -205077.441399 0.720265 5.260526 -0.046031 1642515607.309462
7990003.213304 -205077.095186 0.713563 5.260526 -0.046031 1642515607.408473
7990003.611456 -205076.749833 0.705032 5.203543 -0.041657 1642515607.508955
7990004.003157 -205076.412391 0.699013 5.203543 -0.041657 1642515607.608312
7990004.402684 -205076.077550 0.691810 5.146560 -0.032598 1642515607.709024
7990004.794261 -205075.750044 0.687160 5.146560 -0.032598 1642515607.808213
7990005.193959 -205075.424231 0.681256 5.146560 -0.021049 1642515607.908557
7990005.590289 -205075.100911 0.678248 5.146560 -0.021049 1642515608.007940
7990006.177301 -205074.632324 0.672392 5.060223 -0.012900 1642515608.157894
7990006.570385 -205074.319485 0.666254 5.060223 -0.012900 1642515608.257960
7990006.967976 -205074.006321 0.664430 5.060223 -0.012900 1642515608.357978
7990007.548899 -205073.553173 0.657684 4.946258 -0.011247 1642515608.508060
7990008.133380 -205073.106938 0.650834 4.973886 -0.005851 1642515608.658027
7990008.727009 -205072.654495 0.649614 4.973886 -0.005851 1642515608.808089
7990009.291313 -205072.237150 0.646477 4.830566 0.005682 1642515608.957956
7990009.854151 -205071.819811 0.645599 4.801212 0.019161 1642515609.107882
7990010.430074 -205071.388293 0.649451 4.801212 0.019161 1642515609.257771
7990011.006781 -205070.956188 0.653309 4.801212 0.019161 1642515609.407864
7990011.507409 -205070.575487 0.661949 4.628537 0.062295 1642515609.557936
7990012.059459 -205070.152422 0.674067 4.628537 0.062295 1642515609.708203
7990012.545016 -205069.763990 0.688327 4.428235 0.109277 1642515609.857962
7990013.061007 -205069.345410 0.708689 4.428235 0.109277 1642515610.008004
7990013.550145 -205068.921541 0.732280 4.457590 0.137782 1642515610.158008
7990014.039952 -205068.477705 0.760236 4.485218 0.167352 1642515610.308109
7990014.537768 -205068.024008 0.792019 4.485218 0.167352 1642515610.458279
7990015.035338 -205067.570537 0.823786 4.485218 0.167352 1642515610.608374
7990015.381422 -205067.120933 0.864891 4.801212 0.233987 1642515610.708331
7990015.814233 -205066.603393 0.911796 4.571555 0.269527 1642515610.858325
7990016.243230 -205066.069228 0.964662 4.571555 0.269527 1642515611.008188
7990016.612996 -205065.499093 1.019913 4.542200 0.297264 1642515611.158116
7990016.944529 -205064.940597 1.074748 4.371252 0.310199 1642515611.308176
7990017.267733 -205064.370347 1.133438 4.371252 0.310199 1642515611.458127
7990017.590878 -205063.800200 1.192118 4.371252 0.310199 1642515611.608051
7990017.730539 -205063.211503 1.247491 4.169223 0.332013 1642515611.758050
7990017.919787 -205062.615417 1.307791 4.139869 0.346947 1642515611.907948
7990018.093745 -205062.019274 1.370511 4.139869 0.346947 1642515612.057954
7990018.267767 -205061.422909 1.433254 4.139869 0.346947 1642515612.208016
7990018.278758 -205060.740954 1.508269 4.196851 0.378478 1642515612.358063
7990018.309040 -205060.112145 1.576054 4.196851 0.378320 1642515612.508193
7990018.320415 -205059.482246 1.645999 4.196851 0.378320 1642515612.658306
7990018.255166 -205058.854752 1.713721 4.196851 0.378161 1642515612.808316
7990018.151990 -205058.232006 1.781703 4.196851 0.376895 1642515612.958323
7990018.014183 -205057.617149 1.848428 4.226206 0.367821 1642515613.108284
7990017.868439 -205057.000651 1.916618 4.226206 0.367821 1642515613.258180
7990017.625659 -205056.428594 1.979039 4.169223 0.360870 1642515613.408104
7990017.364752 -205055.861290 2.044237 4.169223 0.360870 1642515613.558184
7990017.070409 -205055.308992 2.109861 4.169223 0.360870 1642515613.708286
7990016.760886 -205054.764709 2.175868 4.169223 0.360870 1642515613.858467
7990016.399191 -205054.274729 2.239744 4.082886 0.360979 1642515614.008516
7990016.001239 -205053.794726 2.305295 4.139869 0.360904 1642515614.158509
7990015.588205 -205053.353278 2.368944 3.996549 0.361095 1642515614.309299
7990015.170769 -205052.928517 2.431768 3.996549 0.361095 1642515614.458314
7990014.706323 -205052.554534 2.494570 3.939566 0.360700 1642515614.608338
7990014.254935 -205052.167106 2.557246 3.939566 0.360700 1642515614.759333
7990013.722284 -205051.896044 2.616072 3.882584 0.336413 1642515614.909144
7990013.214717 -205051.613774 2.671940 3.882584 0.319207 1642515615.058745
7990012.699998 -205051.340831 2.725727 3.882584 0.319207 1642515615.208802
7990012.136273 -205051.122450 2.778240 3.967194 0.296181 1642515615.358842
7990011.581933 -205050.922512 2.827539 3.910212 0.285058 1642515615.508780
7990011.016908 -205050.752163 2.877480 3.910212 0.284394 1642515615.658710
7990010.453622 -205050.590140 2.925338 3.910212 0.284394 1642515615.808606
7990009.852553 -205050.476740 2.976682 3.967194 0.284244 1642515615.958503
7990009.250154 -205050.394609 3.028139 3.996549 0.284007 1642515616.108457
7990008.657685 -205050.307475 3.076966 3.996549 0.284007 1642515616.258297
7990008.065460 -205050.220377 3.125773 3.996549 0.284007 1642515616.408075
7990007.414771 -205050.317714 -3.106115 4.110514 0.265640 1642515616.557900
7990006.798351 -205050.320355 -3.059268 4.110514 0.265640 1642515616.707863
7990006.181735 -205050.322997 -3.012407 4.110514 0.265640 1642515616.857874
7990005.550618 -205050.502736 -2.971034 4.169223 0.237906 1642515617.008029
7990004.929887 -205050.582723 -2.928640 4.169223 0.237906 1642515617.158144
7990004.309952 -205050.776264 -2.887620 4.196851 0.218329 1642515617.308972
7990003.701302 -205050.925694 -2.848779 4.196851 0.218329 1642515617.458304
7990003.084252 -205051.128801 -2.807554 4.226206 0.217033 1642515617.608353
7990002.478016 -205051.313002 -2.768528 4.226206 0.217033 1642515617.758275
7990001.886642 -205051.611890 -2.723728 4.196851 0.214724 1642515617.908684
7990001.305233 -205051.879911 -2.683922 4.284915 0.210650 1642515618.058088
7990000.726743 -205052.172650 -2.644916 4.284915 0.204271 1642515618.208075
7990000.165410 -205052.485791 -2.607413 4.255561 0.197115 1642515618.358159
7989999.616240 -205052.821929 -2.570375 4.255561 0.192442 1642515618.508271
7989999.079249 -205053.178637 -2.534571 4.226206 0.183879 1642515618.658266
7989998.554292 -205053.553695 -2.500543 4.255561 0.176292 1642515618.808210
7989998.048923 -205053.940445 -2.468770 4.169223 0.164790 1642515618.958230
7989997.560950 -205054.339109 -2.438509 4.226206 0.158961 1642515619.108329
7989997.080462 -205054.757209 -2.409648 4.139869 0.148481 1642515619.258471
7989996.611648 -205055.190766 -2.382396 4.226206 0.138452 1642515619.408629
