7758563.662991 -368874.514040 -0.923761 -0.001015 0.006693 1547058134.986308
7758563.954890 -368874.932265 -0.885601 0.641491 0.322236 1547058138.781735
7758564.320801 -368875.308024 -0.819393 0.911486 0.451822 1547058139.330967
7758564.663350 -368875.693997 -0.730908 1.089114 0.459563 1547058139.830595
7758565.072584 -368876.077050 -0.646789 1.298208 0.463914 1547058140.229979
7758565.514445 -368876.394997 -0.539905 1.509332 0.496572 1547058140.629589
7758566.038691 -368876.662063 -0.443489 1.682900 0.499195 1547058140.929205
7758566.520363 -368876.886894 -0.345895 1.844288 0.499067 1547058141.228745
7758567.008885 -368877.040445 -0.262938 1.940714 0.496318 1547058141.478583
7758567.588296 -368877.153050 -0.148432 2.049321 0.492641 1547058141.728338
7758568.092501 -368877.240164 -0.058183 2.145748 0.492489 1547058141.978097
7758568.667292 -368877.227961 0.049594 2.204619 0.491237 1547058142.227767
7758569.240404 -368877.142388 0.147503 2.285821 0.472086 1547058142.477404
7758569.755688 -368877.046464 0.228004 2.360932 0.417207 1547058142.677368
7758570.346755 -368876.869870 0.303710 2.426908 0.333629 1547058142.927370
7758570.932347 -368876.677291 0.365993 2.501004 0.257348 1547058143.177316
7758571.419091 -368876.516414 0.411813 2.559875 0.233952 1547058143.377113
7758571.974582 -368876.305174 0.450642 2.629912 0.231115 1547058143.576881
7758572.433037 -368876.025951 0.494757 2.658332 0.218809 1547058143.776525
7758572.877564 -368875.787038 0.525649 2.694873 0.179237 1547058143.976209
7758573.320423 -368875.496315 0.561463 2.727353 0.171915 1547058144.175881
7758573.785843 -368875.226248 0.585316 2.732428 0.179297 1547058144.375568
7758574.252559 -368874.958062 0.629286 2.770999 0.191892 1547058144.575210
7758574.633874 -368874.629269 0.662048 2.776074 0.206700 1547058144.774713
7758575.136827 -368874.256639 0.704578 2.745624 0.216794 1547058144.974263
7758575.503284 -368873.893863 0.750049 2.755774 0.225579 1547058145.173702
7758575.882657 -368873.516645 0.787670 2.727353 0.243655 1547058145.373189
7758576.331547 -368873.083278 0.845411 2.674572 0.274427 1547058145.622790
7758576.676100 -368872.645402 0.899284 2.680663 0.300636 1547058145.822827
7758577.010463 -368872.265665 0.951141 2.663407 0.297582 1547058146.022805
7758577.383822 -368871.783663 1.005356 2.647167 0.283743 1547058146.272565
7758577.661631 -368871.323955 1.064314 2.625852 0.279607 1547058146.472267
7758577.914445 -368870.800536 1.117283 2.636002 0.318262 1547058146.671944
7758578.098219 -368870.316053 1.171190 2.642092 0.360584 1547058146.871450
7758578.307277 -368869.751755 1.263900 2.582206 0.411234 1547058147.121077
7758578.446782 -368869.256595 1.337918 2.577131 0.448882 1547058147.320871
7758578.546460 -368868.684140 1.432290 2.538560 0.467006 1547058147.570816
7758578.630397 -368868.171613 1.521925 2.528410 0.474471 1547058147.770555
7758578.638740 -368867.665648 1.608871 2.513185 0.511106 1547058147.970246
7758578.629618 -368867.088985 1.723172 2.538560 0.553888 1547058148.219775
7758578.581186 -368866.532456 1.863754 2.491869 0.559165 1547058148.519538
7758578.449170 -368866.020282 1.951924 2.518260 0.544141 1547058148.719435
7758578.224764 -368865.528027 2.079691 2.539575 0.515001 1547058148.968994
7758577.929436 -368864.956882 2.189793 2.599461 0.444439 1547058149.218746
7758577.621031 -368864.465884 2.262221 2.661377 0.357933 1547058149.419230
7758577.234786 -368863.997582 2.317823 2.725323 0.294432 1547058149.668442
7758576.779329 -368863.550199 2.389600 2.830885 0.243964 1547058149.868268
7758576.353279 -368863.170819 2.440360 2.889756 0.196438 1547058150.068212
7758575.925990 -368862.853610 2.469818 2.932387 0.153273 1547058150.268104
7758575.438953 -368862.473397 2.490498 2.997348 0.123412 1547058150.467998
7758574.924951 -368862.056532 2.525471 3.052159 0.073999 1547058150.667894
7758574.411877 -368861.731137 2.534224 3.121180 0.027229 1547058150.867950
7758573.938331 -368861.342456 2.533634 3.164826 0.005813 1547058151.017913
7758573.431474 -368860.997361 2.518115 3.196292 -0.011699 1547058151.218032
7758572.952777 -368860.624648 2.519205 3.278508 -0.010447 1547058151.417941
7758572.476339 -368860.336151 2.519100 3.283583 -0.009465 1547058151.567824
7758571.972888 -368859.980044 2.518177 3.320124 -0.001473 1547058151.767611
7758571.487229 -368859.601512 2.522990 3.331289 -0.004139 1547058151.967232
7758570.958413 -368859.195208 2.520052 3.320124 -0.017465 1547058152.166951
7758570.509593 -368858.877422 2.515182 3.294748 -0.031480 1547058152.316756
7758570.137022 -368858.538038 2.502994 3.290688 -0.039326 1547058152.466589
7758569.627608 -368858.177636 2.497037 3.279523 -0.036941 1547058152.666417
7758569.250732 -368857.819484 2.483316 3.234862 -0.035384 1547058152.866109
7758568.858756 -368857.495896 2.474690 3.238922 -0.032859 1547058153.015826
7758568.434333 -368857.147843 2.473493 3.224712 -0.030478 1547058153.165582
7758567.973514 -368856.762588 2.473343 3.193247 -0.022067 1547058153.365237
7758567.538660 -368856.465467 2.466638 3.213547 -0.014364 1547058153.515049
7758567.039800 -368856.121262 2.458577 3.174976 -0.016321 1547058153.714650
7758566.616137 -368855.791950 2.453523 3.158736 -0.010715 1547058153.914350
7758566.191964 -368855.437247 2.451361 3.159751 -0.005253 1547058154.114020
7758565.699918 -368854.987856 2.451264 3.143511 -0.005672 1547058154.313648
7758565.245916 -368854.636860 2.438978 3.143511 -0.007632 1547058154.463326
7758564.780188 -368854.252061 2.430987 3.121180 -0.010432 1547058154.662825
7758564.360683 -368853.879983 2.439610 3.099865 -0.008329 1547058154.862355
7758563.967558 -368853.513142 2.439329 3.089715 -0.002590 1547058155.061916
7758563.532373 -368853.108506 2.440064 3.079565 -0.000490 1547058155.261440
7758563.059711 -368852.752352 2.439806 3.024754 0.011261 1547058155.461120
7758562.690443 -368852.408944 2.444395 3.013588 0.025666 1547058155.610853
7758562.251031 -368852.054466 2.456193 2.980093 0.043404 1547058155.810470
7758561.832322 -368851.738269 2.469399 2.942537 0.064174 1547058156.010320
7758561.418533 -368851.387936 2.475305 2.933402 0.105896 1547058156.210196
7758560.957260 -368851.028390 2.510643 2.879606 0.135715 1547058156.409991
7758560.520835 -368850.678892 2.534273 2.842050 0.162484 1547058156.609693
7758560.024995 -368850.323681 2.579671 2.819720 0.218818 1547058156.859158
7758559.510406 -368850.022968 2.621332 2.786224 0.262739 1547058157.058895
7758559.026755 -368849.841129 2.673595 2.712128 0.275568 1547058157.258659
7758558.494099 -368849.562035 2.725369 2.760849 0.277253 1547058157.458620
7758557.975988 -368849.330932 2.781048 2.764909 0.273038 1547058157.658367
7758557.437844 -368849.070510 2.839043 2.792315 0.265002 1547058157.908025
7758556.844717 -368848.869392 2.894226 2.797390 0.263431 1547058158.107654
7758556.293369 -368848.775583 2.943406 2.830885 0.263855 1547058158.307315
7758555.714199 -368848.711326 2.992637 2.888741 0.266660 1547058158.507044
7758555.061023 -368848.605989 3.060432 2.921222 0.281860 1547058158.756980
7758554.546382 -368848.555475 3.106329 2.943552 0.297327 1547058158.906813
7758554.040693 -368848.545085 -3.123517 2.941522 0.316606 1547058159.106612
7758553.477346 -368848.591957 -3.068606 2.933402 0.340035 1547058159.306349
7758552.951847 -368848.651090 -2.999711 2.944567 0.377391 1547058159.506058
7758552.372306 -368848.737040 -2.921898 2.878591 0.429657 1547058159.705730
7758551.875702 -368848.857084 -2.835710 2.851186 0.468538 1547058159.905454
7758551.388807 -368849.021796 -2.754522 2.808555 0.492190 1547058160.055176
7758550.907338 -368849.197125 -2.637514 2.755774 0.522029 1547058160.304773
7758550.337617 -368849.503298 -2.531866 2.729383 0.536649 1547058160.504584
7758549.828466 -368849.891454 -2.411023 2.658332 0.542737 1547058160.754462
7758549.419979 -368850.276617 -2.285103 2.627882 0.548204 1547058161.004213
7758549.046171 -368850.805150 -2.165534 2.566981 0.550195 1547058161.253920
7758548.757177 -368851.269047 -2.044178 2.550740 0.547767 1547058161.503682
7758548.548141 -368851.754380 -1.925447 2.524350 0.547545 1547058161.753469
7758548.335025 -368852.349669 -1.804562 2.485779 0.547500 1547058162.003319
7758548.200796 -368852.902572 -1.688364 2.453299 0.540832 1547058162.254914
7758548.176089 -368853.506049 -1.574856 2.458374 0.533144 1547058162.506699
7758548.216585 -368854.153043 -1.432426 2.425893 0.488501 1547058162.808565
7758548.296548 -368854.764622 -1.331563 2.463449 0.427593 1547058163.060272
7758548.426088 -368855.306066 -1.264547 2.474614 0.383747 1547058163.261605
7758548.581870 -368855.821165 -1.182844 2.523335 0.342118 1547058163.513262
7758548.826530 -368856.348036 -1.135692 2.581191 0.317478 1547058163.714689
7758549.127264 -368856.916318 -1.054736 2.625852 0.310041 1547058163.966277
7758549.416041 -368857.485965 -0.998867 2.669497 0.308973 1547058164.167382
7758549.698748 -368857.901623 -0.947249 2.744609 0.288577 1547058164.368345
7758550.048465 -368858.377500 -0.895739 2.760849 0.245997 1547058164.569329
7758550.426056 -368858.810394 -0.856694 2.880621 0.204711 1547058164.770397
7758550.767718 -368859.200948 -0.822405 2.911072 0.148980 1547058164.971486
7758551.241695 -368859.685033 -0.786461 2.969943 0.101344 1547058165.172482
7758551.634438 -368860.122033 -0.776683 2.987198 0.068243 1547058165.373504
7758552.002265 -368860.463060 -0.758968 3.001408 0.060302 1547058165.524294
7758552.382936 -368860.825840 -0.747654 3.006483 0.052210 1547058165.725339
7758552.861972 -368861.300527 -0.737087 3.002423 0.043689 1547058165.926617
7758553.303769 -368861.733624 -0.737299 3.028814 0.029303 1547058166.127273
7758553.680120 -368862.116835 -0.737206 3.037949 0.010283 1547058166.328214
7758554.037530 -368862.477620 -0.745412 3.051144 -0.007906 1547058166.529107
7758554.517599 -368862.909697 -0.752250 3.057234 -0.030846 1547058166.730309
7758554.962219 -368863.414061 -0.771622 3.062309 -0.060058 1547058166.931512
7758555.354692 -368863.796933 -0.786656 3.067384 -0.089194 1547058167.132648
7758555.758989 -368864.196261 -0.800741 3.066369 -0.101570 1547058167.333623
7758556.130400 -368864.602235 -0.814410 3.066369 -0.092672 1547058167.484373
7758556.527243 -368865.027827 -0.829260 3.072459 -0.085578 1547058167.685159
7758556.887940 -368865.427678 -0.851005 3.084640 -0.077646 1547058167.885911
7758557.301289 -368865.989052 -0.866505 3.089715 -0.072909 1547058168.086648
7758557.645579 -368866.375800 -0.880691 3.078550 -0.077084 1547058168.287340
7758558.001689 -368866.844959 -0.898206 3.085655 -0.086842 1547058168.488117
7758558.362019 -368867.331624 -0.911831 3.084640 -0.096860 1547058168.689035
7758558.744721 -368867.774032 -0.929191 3.073475 -0.102133 1547058168.889955
7758559.097668 -368868.171982 -0.946015 3.073475 -0.098241 1547058169.090827
7758559.390452 -368868.578693 -0.965943 3.078550 -0.096577 1547058169.241370
7758559.794788 -368869.109787 -0.984297 3.078550 -0.095603 1547058169.442215
7758560.098243 -368869.529023 -0.988536 3.095805 -0.095609 1547058169.592895
7758560.451318 -368869.969586 -1.006671 3.083625 -0.098250 1547058169.793774
7758560.796557 -368870.381168 -1.025938 3.013588 -0.101939 1547058169.994550
7758561.118710 -368870.901016 -1.041441 2.825810 -0.091922 1547058170.195173
7758561.402762 -368871.395910 -1.056805 2.535515 -0.072573 1547058170.445860
7758561.690711 -368871.825335 -1.066777 2.086877 -0.044498 1547058170.696810
7758561.996622 -368872.271178 -1.071563 1.708275 0.036515 1547058171.048208
7758562.223530 -368872.777028 -1.052282 1.374334 0.149724 1547058171.449383
7758562.481314 -368873.230046 -1.014149 1.014003 0.249944 1547058172.051365
7758562.781446 -368873.632761 -0.965874 0.755173 0.299499 1547058172.703847
