1028.620972 991.136276 -0.026298 0.000000 0.000000 0 -0.026298 0.000000 0.000000 0.000000 0.000000 1769115915.796000
1028.674166 991.132737 -0.025595 0.252109 -0.000000 0 -0.025595 0.000000 0.000000 0.000000 0.000000 1769115943.008000
1028.724629 991.139732 -0.029208 0.348921 -0.000000 0 -0.029208 0.000000 0.000000 0.000000 0.000000 1769115943.169353
1028.783627 991.128306 -0.029486 0.398101 -0.000000 0 -0.029486 0.000000 0.000000 0.000000 0.000000 1769115943.326000
1028.852778 991.127787 -0.027668 0.399349 -0.000000 0 -0.027668 0.000000 0.000000 0.000000 0.000000 1769115943.482000
1028.912064 991.139444 -0.027957 0.399777 -0.000000 0 -0.027957 0.000000 0.000000 0.000000 0.000000 1769115943.641057
1028.972379 991.126505 -0.021224 0.399923 -0.000000 0 -0.021224 0.000000 0.000000 0.000000 0.000000 1769115943.799000
1029.048090 991.126873 -0.025719 0.399974 -0.000000 0 -0.025719 0.000000 0.000000 0.000000 0.000000 1769115943.960000
1029.103736 991.135149 -0.027710 0.399991 -0.000000 0 -0.027710 0.000000 0.000000 0.000000 0.000000 1769115944.116001
1029.166245 991.138999 -0.028587 0.399997 -0.000000 0 -0.028587 0.000000 0.000000 0.000000 0.000000 1769115944.272000
1029.223944 991.124180 -0.025929 0.399999 -0.000000 0 -0.025929 0.000000 0.000000 0.000000 0.000000 1769115944.428000
1029.298751 991.132296 -0.025935 0.400000 -0.000000 0 -0.025935 0.000000 0.000000 0.000000 0.000000 1769115944.584000
1029.377958 991.133799 -0.026531 0.400000 -0.000000 0 -0.026531 0.000000 0.000000 0.000000 0.000000 1769115944.792000
1029.433245 991.098310 -0.028845 0.400000 -0.000000 0 -0.028845 0.000000 0.000000 0.000000 0.000000 1769115944.948000
1029.496288 991.110897 -0.022726 0.400000 -0.000000 0 -0.022726 0.000000 0.000000 0.000000 0.000000 1769115945.111000
1029.575632 991.102280 -0.025567 0.400000 -0.000000 0 -0.025567 0.000000 0.000000 0.000000 0.000000 1769115945.269001
1029.645209 991.116517 -0.031632 0.400000 -0.000000 0 -0.031632 0.000000 0.000000 0.000000 0.000000 1769115945.480000
1029.732687 991.103642 -0.026363 0.400000 -0.000000 0 -0.026363 0.000000 0.000000 0.000000 0.000000 1769115945.694000
1029.796221 991.100283 -0.028370 0.400000 -0.000000 0 -0.028370 0.000000 0.000000 0.000000 0.000000 1769115945.852000
1029.861530 991.101179 -0.026873 0.400000 -0.000000 0 -0.026873 0.000000 0.000000 0.000000 0.000000 1769115946.008000
1029.928513 991.087002 -0.026773 0.400000 -0.000000 0 -0.026773 0.000000 0.000000 0.000000 0.000000 1769115946.164001
1029.986236 991.088906 -0.026400 0.400000 -0.000000 0 -0.026400 0.000000 0.000000 0.000000 0.000000 1769115946.321000
1030.056157 991.099678 -0.025569 0.400000 -0.000000 0 -0.025569 0.000000 0.000000 0.000000 0.000000 1769115946.477001
1030.110707 991.091870 -0.025515 0.400000 -0.000000 0 -0.025515 0.000000 0.000000 0.000000 0.000000 1769115946.639000
1030.178483 991.086959 -0.025941 0.400000 -0.000000 0 -0.025941 0.000000 0.000000 0.000000 0.000000 1769115946.796001
1030.233133 991.090294 -0.029670 0.400000 -0.000000 0 -0.029670 0.000000 0.000000 0.000000 0.000000 1769115946.953001
1030.299576 991.081336 -0.026767 0.400000 -0.000000 0 -0.026767 0.000000 0.000000 0.000000 0.000000 1769115947.110001
1030.367706 991.108049 -0.028072 0.400000 -0.000000 0 -0.028072 0.000000 0.000000 0.000000 0.000000 1769115947.268000
1030.427260 991.081141 -0.026312 0.400000 -0.000000 0 -0.026312 0.000000 0.000000 0.000000 0.000000 1769115947.430000
1030.491483 991.093017 -0.024784 0.400000 -0.000000 0 -0.024784 0.000000 0.000000 0.000000 0.000000 1769115947.588000
1030.545290 991.094503 -0.026849 0.400000 -0.000000 0 -0.026849 0.000000 0.000000 0.000000 0.000000 1769115947.693001
1030.596330 991.114473 -0.026822 0.400000 -0.000000 0 -0.026822 0.000000 0.000000 0.000000 0.000000 1769115947.850001
1030.662924 991.099588 -0.026658 0.400000 -0.000000 0 -0.026658 0.000000 0.000000 0.000000 0.000000 1769115948.007001
1030.711247 991.086538 -0.025256 0.400000 -0.000000 0 -0.025256 0.000000 0.000000 0.000000 0.000000 1769115948.116427
1030.772303 991.097162 -0.028969 0.400000 -0.000000 0 -0.028969 0.000000 0.000000 0.000000 0.000000 1769115948.273001
1030.828455 991.085457 -0.027060 0.400000 -0.000000 0 -0.027060 0.000000 0.000000 0.000000 0.000000 1769115948.431000
1030.895982 991.083428 -0.024325 0.400000 -0.000000 0 -0.024325 0.000000 0.000000 0.000000 0.000000 1769115948.588001
1030.953251 991.093686 -0.025977 0.400000 -0.000000 0 -0.025977 0.000000 0.000000 0.000000 0.000000 1769115948.744000
1031.023288 991.089823 -0.023420 0.400000 -0.000000 0 -0.023420 0.000000 0.000000 0.000000 0.000000 1769115948.900000
1031.096288 991.080816 -0.014149 0.400000 -0.000000 0 -0.014149 0.000000 0.000000 0.000000 0.000000 1769115949.113001
1031.175578 991.076440 -0.028976 0.400000 -0.000000 0 -0.028976 0.000000 0.000000 0.000000 0.000000 1769115949.270000
1031.230673 991.064642 -0.023999 0.400000 -0.000000 0 -0.023999 0.000000 0.000000 0.000000 0.000000 1769115949.426000
1031.295424 991.061067 -0.024932 0.400000 -0.000000 0 -0.024932 0.000000 0.000000 0.000000 0.000000 1769115949.584000
1031.353320 991.069797 -0.027623 0.400000 -0.000000 0 -0.027623 0.000000 0.000000 0.000000 0.000000 1769115949.742000
1031.418696 991.065950 -0.027645 0.400000 -0.000000 0 -0.027645 0.000000 0.000000 0.000000 0.000000 1769115949.903001
1031.487073 991.055762 -0.021303 0.400000 -0.000000 0 -0.021303 0.000000 0.000000 0.000000 0.000000 1769115950.112000
1031.540215 991.062554 -0.024659 0.400000 -0.000000 0 -0.024659 0.000000 0.000000 0.000000 0.000000 1769115950.216001
1031.611728 991.056447 -0.025408 0.400000 -0.000000 0 -0.025408 0.000000 0.000000 0.000000 0.000000 1769115950.373000
1031.669494 991.061981 -0.024765 0.400000 -0.000000 0 -0.024765 0.000000 0.000000 0.000000 0.000000 1769115950.530000
1031.735850 991.074269 -0.030827 0.400000 -0.000000 0 -0.030827 0.000000 0.000000 0.000000 0.000000 1769115950.687001
1031.811480 991.069920 -0.024491 0.400000 -0.000000 0 -0.024491 0.000000 0.000000 0.000000 0.000000 1769115950.901001
1031.862104 991.054991 -0.023914 0.400000 -0.000000 0 -0.023914 0.000000 0.000000 0.000000 0.000000 1769115951.007000
1031.924017 991.077178 -0.027697 0.400000 -0.000000 0 -0.027697 0.000000 0.000000 0.000000 0.000000 1769115951.165001
1031.984141 991.059617 -0.027157 0.400000 -0.000000 0 -0.027157 0.000000 0.000000 0.000000 0.000000 1769115951.322000
1032.055217 991.069684 -0.026886 0.400000 -0.000000 0 -0.026886 0.000000 0.000000 0.000000 0.000000 1769115951.482236
1032.110053 991.053754 -0.027036 0.400000 -0.000000 0 -0.027036 0.000000 0.000000 0.000000 0.000000 1769115951.640000
1032.176928 991.068298 -0.026740 0.400000 -0.000000 0 -0.026740 0.000000 0.000000 0.000000 0.000000 1769115951.797000
1032.233068 991.065073 -0.023768 0.400000 -0.000000 0 -0.023768 0.000000 0.000000 0.000000 0.000000 1769115951.953000
1032.300929 991.064380 -0.027021 0.400000 -0.000000 0 -0.027021 0.000000 0.000000 0.000000 0.000000 1769115952.109000
1032.371202 991.048102 -0.023970 0.400000 -0.000000 0 -0.023970 0.000000 0.000000 0.000000 0.000000 1769115952.265000
1032.431426 991.055537 -0.021765 0.400000 -0.000000 0 -0.021765 0.000000 0.000000 0.000000 0.000000 1769115952.426001
1032.490920 991.066498 -0.027117 0.400000 -0.000000 0 -0.027117 0.000000 0.000000 0.000000 0.000000 1769115952.584000
1032.564897 991.058851 -0.032279 0.400000 -0.125784 0 -0.032279 0.000000 0.000000 0.000000 0.000000 1769115952.794000
1032.613416 991.034844 -0.072967 0.400000 -0.450000 0 -0.072967 0.000000 0.000000 0.000000 0.000000 1769115952.898000
1032.688123 991.025448 -0.127494 0.400000 -0.000000 0 -0.127494 0.000000 0.000000 0.000000 0.000000 1769115953.108000
1032.742209 991.030435 -0.146059 0.400000 -0.194819 0 -0.146059 0.000000 0.000000 0.000000 0.000000 1769115953.216364
1032.815709 991.010638 -0.200145 0.400000 -0.196963 0 -0.200145 0.000000 0.000000 0.000000 0.000000 1769115953.373000
1032.891263 990.986202 -0.207274 0.400000 -0.000000 0 -0.207274 0.000000 0.000000 0.000000 0.000000 1769115953.581000
1032.959944 990.988803 -0.211656 0.400000 -0.000000 0 -0.211656 0.000000 0.000000 0.000000 0.000000 1769115953.737000
1033.012195 990.982104 -0.211312 0.400000 -0.090771 0 -0.211312 0.000000 0.000000 0.000000 0.000000 1769115953.893000
1033.059335 990.948157 -0.274328 0.400000 -0.373728 0 -0.274328 0.000000 0.000000 0.000000 0.000000 1769115954.049001
1033.132026 990.944748 -0.308018 0.400000 -0.213795 0 -0.308018 0.000000 0.000000 0.000000 0.000000 1769115954.211000
1033.186231 990.916595 -0.372261 0.400000 -0.292372 0 -0.372261 0.000000 0.000000 0.000000 0.000000 1769115954.367000
1033.254645 990.906071 -0.431747 0.400000 -0.450000 0 -0.431747 0.000000 0.000000 0.000000 0.000000 1769115954.523001
1033.328201 990.872104 -0.498053 0.400000 -0.157672 0 -0.498053 0.000000 0.000000 0.000000 0.000000 1769115954.732000
1033.392962 990.816917 -0.540045 0.400000 -0.446541 0 -0.540045 0.000000 0.000000 0.000000 0.000000 1769115954.890000
1033.451346 990.798793 -0.615226 0.400000 -0.000000 0 -0.615226 0.000000 0.000000 0.000000 0.000000 1769115955.098000
1033.477298 990.755332 -0.629920 0.400000 -0.282786 0 -0.629920 0.000000 0.000000 0.000000 0.000000 1769115955.207000
1033.552294 990.711296 -0.711347 0.400000 -0.373613 0 -0.711347 0.000000 0.000000 0.000000 0.000000 1769115955.363000
1033.594140 990.666517 -0.747279 0.400000 -0.210820 0 -0.747279 0.000000 0.000000 0.000000 0.000000 1769115955.572000
1033.629772 990.627467 -0.778169 0.400000 -0.196648 0 -0.778169 0.000000 0.000000 0.000000 0.000000 1769115955.730000
1033.682349 990.593437 -0.826026 0.400000 -0.447029 0 -0.826026 0.000000 0.000000 0.000000 0.000000 1769115955.887000
1033.731335 990.527346 -0.921732 0.400000 -0.450000 0 -0.921732 0.000000 0.000000 0.000000 0.000000 1769115956.047000
1033.766014 990.484902 -0.964004 0.400000 -0.000000 0 -0.964004 0.000000 0.000000 0.000000 0.000000 1769115956.204000
1033.790382 990.435777 -0.954428 0.400000 -0.000000 0 -0.954428 0.000000 0.000000 0.000000 0.000000 1769115956.308001
1033.822923 990.391435 -0.954659 0.400000 -0.000000 0 -0.954659 0.000000 0.000000 0.000000 0.000000 1769115956.465001
1033.856147 990.342548 -0.951342 0.400000 -0.000000 0 -0.951342 0.000000 0.000000 0.000000 0.000000 1769115956.621000
1033.872329 990.291449 -0.953855 0.400000 -0.000000 0 -0.953855 0.000000 0.000000 0.000000 0.000000 1769115956.778001
1033.935977 990.223205 -1.001653 0.400000 -0.339093 0 -1.001653 0.000000 0.000000 0.000000 0.000000 1769115956.939251
1033.973963 990.181881 -1.022881 0.400000 -0.000000 0 -1.022881 0.000000 0.000000 0.000000 0.000000 1769115957.096000
1034.006178 990.107718 -1.020513 0.400000 -0.000000 0 -1.020513 0.000000 0.000000 0.000000 0.000000 1769115957.304000
1034.033868 990.054321 -1.020942 0.400000 -0.000000 0 -1.020942 0.000000 0.000000 0.000000 0.000000 1769115957.460000
1034.071250 990.012974 -1.021402 0.400000 -0.000000 0 -1.021402 0.000000 0.000000 0.000000 0.000000 1769115957.617000
1034.098977 989.947682 -1.033727 0.400000 -0.176203 0 -1.033727 0.000000 0.000000 0.000000 0.000000 1769115957.774000
1034.123407 989.900785 -1.074960 0.400000 -0.450000 0 -1.074960 0.000000 0.000000 0.000000 0.000000 1769115957.878000
1034.183220 989.832296 -1.113337 0.400000 -0.000000 0 -1.113337 0.000000 0.000000 0.000000 0.000000 1769115958.092000
1034.181401 989.779785 -1.110911 0.400000 -0.000000 0 -1.110911 0.000000 0.000000 0.000000 0.000000 1769115958.251000
1034.218702 989.744155 -1.125218 0.400000 -0.000000 0 -1.125218 0.000000 0.000000 0.000000 0.000000 1769115958.356000
1034.220763 989.686188 -1.121965 0.400000 -0.000000 0 -1.121965 0.000000 0.000000 0.000000 0.000000 1769115958.512000
1034.254173 989.621597 -1.131584 0.400000 -0.198393 0 -1.131584 0.000000 0.000000 0.000000 0.000000 1769115958.673426
1034.299171 989.595970 -1.154716 0.400000 -0.017656 0 -1.154716 0.000000 0.000000 0.000000 0.000000 1769115958.779001
1034.305607 989.536871 -1.149624 0.400000 -0.000000 0 -1.149624 0.000000 0.000000 0.000000 0.000000 1769115958.936000
1034.328502 989.488106 -1.154665 0.400000 -0.090761 0 -1.154665 0.000000 0.000000 0.000000 0.000000 1769115959.040000
1034.341973 989.434025 -1.216133 0.400000 -0.450000 0 -1.216133 0.000000 0.000000 0.000000 0.000000 1769115959.196000
1034.381362 989.383626 -1.288172 0.400000 -0.171648 0 -1.288172 0.000000 0.000000 0.000000 0.000000 1769115959.352000
1034.392791 989.306917 -1.289887 0.400000 -0.000000 0 -1.289887 0.000000 0.000000 0.000000 0.000000 1769115959.508000
1034.428671 989.256321 -1.330485 0.400000 -0.441509 0 -1.330485 0.000000 0.000000 0.000000 0.000000 1769115959.669000
1034.423193 989.186977 -1.365010 0.400000 -0.000000 0 -1.365010 0.000000 0.000000 0.000000 0.000000 1769115959.826001
1034.418853 989.134606 -1.387200 0.400000 -0.349176 0 -1.387200 0.000000 0.000000 0.000000 0.000000 1769115959.982000
1034.450847 989.088845 -1.435615 0.400000 -0.292372 0 -1.435615 0.000000 0.000000 0.000000 0.000000 1769115960.086000
1034.448927 989.027508 -1.446280 0.400000 -0.000000 0 -1.446280 0.000000 0.000000 0.000000 0.000000 1769115960.242000
1034.449177 988.971091 -1.475995 0.400000 -0.349176 0 -1.475995 0.000000 0.000000 0.000000 0.000000 1769115960.398000
1034.456671 988.919594 -1.516870 0.400000 -0.045223 0 -1.516870 0.000000 0.000000 0.000000 0.000000 1769115960.555000
1034.452807 988.861243 -1.518205 0.400000 -0.000000 0 -1.518205 0.000000 0.000000 0.000000 0.000000 1769115960.663000
1034.465201 988.801829 -1.516903 0.400000 -0.000000 0 -1.516903 0.000000 0.000000 0.000000 0.000000 1769115960.820000
1034.462221 988.722568 -1.530739 0.400000 -0.000000 0 -1.530739 0.000000 0.000000 0.000000 0.000000 1769115960.976001
1034.464252 988.666514 -1.518479 0.400000 -0.000000 0 -1.518479 0.000000 0.000000 0.000000 0.000000 1769115961.133001
1034.472731 988.612981 -1.519368 0.400000 -0.000000 0 -1.519368 0.000000 0.000000 0.000000 0.000000 1769115961.289000
1034.485759 988.551183 -1.517934 0.400000 -0.000000 0 -1.517934 0.000000 0.000000 0.000000 0.000000 1769115961.446000
1034.485974 988.489081 -1.522697 0.400000 -0.000000 0 -1.522697 0.000000 0.000000 0.000000 0.000000 1769115961.606000
1034.487490 988.426822 -1.521346 0.400000 -0.000000 0 -1.521346 0.000000 0.000000 0.000000 0.000000 1769115961.762000
1034.493059 988.348313 -1.524059 0.400000 -0.000000 0 -1.524059 0.000000 0.000000 0.000000 0.000000 1769115961.971000
1034.491615 988.291393 -1.512472 0.400000 -0.000000 0 -1.512472 0.000000 0.000000 0.000000 0.000000 1769115962.076000
1034.495437 988.224258 -1.522921 0.400000 -0.000000 0 -1.522921 0.000000 0.000000 0.000000 0.000000 1769115962.232000
1034.495651 988.149432 -1.516616 0.400000 -0.000000 0 -1.516616 0.000000 0.000000 0.000000 0.000000 1769115962.440000
1034.497383 988.094847 -1.519854 0.400000 -0.000000 0 -1.519854 0.000000 0.000000 0.000000 0.000000 1769115962.544000
1034.486202 988.043748 -1.524857 0.400000 -0.000000 0 -1.524857 0.000000 0.000000 0.000000 0.000000 1769115962.706001
1034.502817 987.970369 -1.530525 0.400000 -0.000000 0 -1.530525 0.000000 0.000000 0.000000 0.000000 1769115962.863001
1034.507064 987.875897 -1.526281 0.400000 -0.000000 0 -1.526281 0.000000 0.000000 0.000000 0.000000 1769115963.072019
1034.531165 987.816528 -1.517802 0.400000 -0.000000 0 -1.517802 0.000000 0.000000 0.000000 0.000000 1769115963.280001
1034.530827 987.741483 -1.518943 0.400000 -0.000000 0 -1.518943 0.000000 0.000000 0.000000 0.000000 1769115963.442000
1034.533715 987.688790 -1.519277 0.400000 -0.000000 0 -1.519277 0.000000 0.000000 0.000000 0.000000 1769115963.546000
1034.534946 987.608300 -1.519909 0.400000 -0.000000 0 -1.519909 0.000000 0.000000 0.000000 0.000000 1769115963.754000
1034.530477 987.536288 -1.480556 0.400000 0.099365 0 -1.480556 0.000000 0.000000 0.000000 0.000000 1769115963.962001
1034.518448 987.480695 -1.475643 0.400000 0.072649 0 -1.475643 0.000000 0.000000 0.000000 0.000000 1769115964.119000
1034.540984 987.390106 -1.418962 0.400000 0.450000 0 -1.418962 0.000000 0.000000 0.000000 0.000000 1769115964.275000
1034.545745 987.336291 -1.379069 0.400000 -0.000000 0 -1.379069 0.000000 0.000000 0.000000 0.000000 1769115964.431000
1034.580067 987.279613 -1.324680 0.400000 0.373835 0 -1.324680 0.000000 0.000000 0.000000 0.000000 1769115964.593000
1034.572891 987.217238 -1.280682 0.400000 0.234741 0 -1.280682 0.000000 0.000000 0.000000 0.000000 1769115964.751000
1034.598350 987.158662 -1.206723 0.400000 0.373613 0 -1.206723 0.000000 0.000000 0.000000 0.000000 1769115964.909000
1034.623192 987.098619 -1.152091 0.400000 0.406621 0 -1.152091 0.000000 0.000000 0.000000 0.000000 1769115965.066000
1034.653272 987.048097 -1.059511 0.400000 0.450000 0 -1.059511 0.000000 0.000000 0.000000 0.000000 1769115965.228000
1034.692034 986.992564 -1.002972 0.400000 0.450000 0 -1.002972 0.000000 0.000000 0.000000 0.000000 1769115965.332000
1034.734270 986.961168 -0.911060 0.400000 0.450000 0 -0.911060 0.000000 0.000000 0.000000 0.000000 1769115965.489001
1034.741530 986.893256 -0.842281 0.400000 0.292373 0 -0.842281 0.000000 0.000000 0.000000 0.000000 1769115965.698000
1034.794016 986.863372 -0.788633 0.400000 0.450000 0 -0.788633 0.000000 0.000000 0.000000 0.000000 1769115965.803054
1034.842066 986.819749 -0.698251 0.400000 0.450000 0 -0.698251 0.000000 0.000000 0.000000 0.000000 1769115965.959000
1034.876065 986.778490 -0.648401 0.400000 0.450000 0 -0.648401 0.000000 0.000000 0.000000 0.000000 1769115966.122001
1034.964000 986.717745 -0.493662 0.400000 0.450000 0 -0.493662 0.000000 0.000000 0.000000 0.000000 1769115966.384000
1035.016655 986.731808 -0.463681 0.400000 0.450000 0 -0.463681 0.000000 0.000000 0.000000 0.000000 1769115966.436000
1035.080155 986.682324 -0.355338 0.400000 0.373613 0 -0.355338 0.000000 0.000000 0.000000 0.000000 1769115966.644000
1035.156096 986.658810 -0.327661 0.400000 -0.000000 0 -0.327661 0.000000 0.000000 0.000000 0.000000 1769115966.852001
1035.211414 986.650910 -0.328325 0.400000 -0.000000 0 -0.328325 0.000000 0.000000 0.000000 0.000000 1769115966.961000
1035.250136 986.609307 -0.322457 0.400000 0.180076 0 -0.322457 0.000000 0.000000 0.000000 0.000000 1769115967.276001
1035.330415 986.597897 -0.270789 0.400000 0.450000 0 -0.270789 0.000000 0.000000 0.000000 0.000000 1769115967.381000
1035.395898 986.580774 -0.225304 0.400000 0.289159 0 -0.225304 0.000000 0.000000 0.000000 0.000000 1769115967.486000
1035.449247 986.570370 -0.207924 0.400000 0.105414 0 -0.207924 0.000000 0.000000 0.000000 0.000000 1769115967.700223
1035.535356 986.538825 -0.127155 0.400000 -0.000000 0 -0.127155 0.000000 0.000000 0.000000 0.000000 1769115968.013000
1035.614856 986.536786 -0.113398 0.400000 0.190038 0 -0.113398 0.000000 0.000000 0.000000 0.000000 1769115968.118000
1035.664867 986.529221 -0.066524 0.400000 0.450000 0 -0.066524 0.000000 0.000000 0.000000 0.000000 1769115968.223000
1035.733444 986.534319 -0.023902 0.400000 0.206964 0 -0.023902 0.000000 0.000000 0.000000 0.000000 1769115968.327001
1035.824124 986.517667 -0.019075 0.400000 -0.000000 0 -0.019075 0.000000 0.000000 0.000000 0.000000 1769115968.588000
1035.873106 986.534575 -0.019309 0.400000 -0.000000 0 -0.019309 0.000000 0.000000 0.000000 0.000000 1769115968.696000
1035.923822 986.530612 -0.018035 0.400000 -0.000000 0 -0.018035 0.000000 0.000000 0.000000 0.000000 1769115968.904000
1035.981044 986.520436 -0.021744 0.400000 -0.000000 0 -0.021744 0.000000 0.000000 0.000000 0.000000 1769115968.956000
1036.056071 986.535611 -0.021807 0.400000 -0.000000 0 -0.021807 0.000000 0.000000 0.000000 0.000000 1769115969.269000
1036.130779 986.536831 -0.019510 0.400000 -0.000000 0 -0.019510 0.000000 0.000000 0.000000 0.000000 1769115969.321000
1036.186700 986.530687 -0.023901 0.400000 -0.000000 0 -0.023901 0.000000 0.000000 0.000000 0.000000 1769115969.487258
1036.254585 986.528734 -0.018377 0.400000 -0.000000 0 -0.018377 0.000000 0.000000 0.000000 0.000000 1769115969.644000
1036.340696 986.528062 -0.020217 0.400000 -0.000000 0 -0.020217 0.000000 0.000000 0.000000 0.000000 1769115969.853000
1036.391164 986.526779 -0.017922 0.400000 -0.000000 0 -0.017922 0.000000 0.000000 0.000000 0.000000 1769115970.009000
1036.453668 986.526587 -0.018470 0.400000 -0.000000 0 -0.018470 0.000000 0.000000 0.000000 0.000000 1769115970.114000
1036.510203 986.528639 -0.016712 0.400000 -0.000000 0 -0.016712 0.000000 0.000000 0.000000 0.000000 1769115970.276000
1036.587406 986.528397 -0.021398 0.400000 -0.000000 0 -0.021398 0.000000 0.000000 0.000000 0.000000 1769115970.434000
1036.653832 986.521877 -0.018131 0.400000 -0.000000 0 -0.018131 0.000000 0.000000 0.000000 0.000000 1769115970.591000
1036.704565 986.532083 -0.021244 0.400000 -0.000000 0 -0.021244 0.000000 0.000000 0.000000 0.000000 1769115970.749000
1036.763966 986.520236 -0.018106 0.400000 -0.000000 0 -0.018106 0.000000 0.000000 0.000000 0.000000 1769115970.906000
1036.819807 986.526285 -0.018162 0.400000 -0.000000 0 -0.018162 0.000000 0.000000 0.000000 0.000000 1769115971.010000
1036.894614 986.512313 -0.016411 0.400000 0.090761 0 -0.016411 0.000000 0.000000 0.000000 0.000000 1769115971.276000
1036.949565 986.506891 -0.009569 0.400000 -0.000000 0 -0.009569 0.000000 0.000000 0.000000 0.000000 1769115971.484000
1037.004775 986.505535 -0.010093 0.400000 -0.000000 0 -0.010093 0.000000 0.000000 0.000000 0.000000 1769115971.588001
1037.061925 986.504619 -0.010231 0.400000 -0.000000 0 -0.010231 0.000000 0.000000 0.000000 0.000000 1769115971.640000
1037.120516 986.497024 -0.009405 0.400000 -0.000000 0 -0.009405 0.000000 0.000000 0.000000 0.000000 1769115971.796000
1037.180472 986.504912 -0.010082 0.400000 -0.000000 0 -0.010082 0.000000 0.000000 0.000000 0.000000 1769115971.954000
1037.235671 986.507783 -0.004562 0.400000 0.180073 0 -0.004562 0.000000 0.000000 0.000000 0.000000 1769115972.114000
1037.297466 986.512408 0.002685 0.400000 -0.000000 0 0.002685 0.000000 0.000000 0.000000 0.000000 1769115972.272000
1037.374248 986.512280 0.000814 0.400000 -0.000000 0 0.000814 0.000000 0.000000 0.000000 0.000000 1769115972.428000
1037.437198 986.495689 -0.001050 0.400000 -0.000000 0 -0.001050 0.000000 0.000000 0.000000 0.000000 1769115972.584000
1037.501179 986.509086 0.000871 0.400000 -0.000000 0 0.000871 0.000000 0.000000 0.000000 0.000000 1769115972.740000
1037.563360 986.496151 0.002034 0.400000 -0.000000 0 0.002034 0.000000 0.000000 0.000000 0.000000 1769115972.896000
1037.623138 986.506673 0.001429 0.400000 -0.000000 0 0.001429 0.000000 0.000000 0.000000 0.000000 1769115973.109001
1037.685188 986.507155 0.000377 0.400000 -0.000000 0 0.000377 0.000000 0.000000 0.000000 0.000000 1769115973.268000
1037.762968 986.510480 -0.002874 0.400000 -0.000000 0 -0.002874 0.000000 0.000000 0.000000 0.000000 1769115973.426000
1037.829294 986.504834 0.000495 0.400000 -0.000000 0 0.000495 0.000000 0.000000 0.000000 0.000000 1769115973.582000
1037.886257 986.508156 -0.000941 0.400000 -0.000000 0 -0.000941 0.000000 0.000000 0.000000 0.000000 1769115973.744000
1037.947108 986.503751 0.002169 0.400000 -0.000000 0 0.002169 0.000000 0.000000 0.000000 0.000000 1769115973.900000
1038.025966 986.510542 0.002071 0.400000 -0.000000 0 0.002071 0.000000 0.000000 0.000000 0.000000 1769115974.056000
1038.081683 986.511005 0.001615 0.400000 -0.000000 0 0.001615 0.000000 0.000000 0.000000 0.000000 1769115974.160000
1038.141876 986.504044 -0.004635 0.400000 -0.000000 0 -0.004635 0.000000 0.000000 0.000000 0.000000 1769115974.369000
1038.219019 986.511035 0.003211 0.400000 -0.000000 0 0.003211 0.000000 0.000000 0.000000 0.000000 1769115974.580001
1038.303896 986.495705 0.001969 0.400000 -0.000000 0 0.001969 0.000000 0.000000 0.000000 0.000000 1769115974.689000
1038.363909 986.498362 0.004073 0.400000 -0.000000 0 0.004073 0.000000 0.000000 0.000000 0.000000 1769115974.898001
1038.426450 986.508779 0.001486 0.400000 -0.000000 0 0.001486 0.000000 0.000000 0.000000 0.000000 1769115975.055000
1038.482097 986.511818 0.001141 0.400000 -0.000000 0 0.001141 0.000000 0.000000 0.000000 0.000000 1769115975.211000
1038.541978 986.507533 0.000964 0.400000 -0.000000 0 0.000964 0.000000 0.000000 0.000000 0.000000 1769115975.420000
1038.614160 986.508255 -0.000611 0.400000 -0.000000 0 -0.000611 0.000000 0.000000 0.000000 0.000000 1769115975.524000
1038.677628 986.491255 0.001313 0.400000 -0.000000 0 0.001313 0.000000 0.000000 0.000000 0.000000 1769115975.684000
1038.725434 986.515385 0.005107 0.400000 -0.000000 0 0.005107 0.000000 0.000000 0.000000 0.000000 1769115975.788001
1038.779620 986.519770 0.005776 0.400000 -0.000000 0 0.005776 0.000000 0.000000 0.000000 0.000000 1769115975.892000
1038.852688 986.531711 -0.005416 0.400000 -0.000000 0 -0.005416 0.000000 0.000000 0.000000 0.000000 1769115976.101000
1038.929658 986.536709 -0.000777 0.400000 -0.000000 0 -0.000777 0.000000 0.000000 0.000000 0.000000 1769115976.309000
1038.983347 986.522018 -0.001427 0.400000 -0.000000 0 -0.001427 0.000000 0.000000 0.000000 0.000000 1769115976.465000
1039.038409 986.526517 0.002950 0.400000 -0.000000 0 0.002950 0.000000 0.000000 0.000000 0.000000 1769115976.625329
1039.093237 986.526127 0.002855 0.400000 -0.000000 0 0.002855 0.000000 0.000000 0.000000 0.000000 1769115976.730000
1039.160153 986.537281 0.006126 0.400000 -0.000000 0 0.006126 0.000000 0.000000 0.000000 0.000000 1769115976.888000
1039.219393 986.531811 0.001431 0.400000 -0.000000 0 0.001431 0.000000 0.000000 0.000000 0.000000 1769115977.045000
1039.315924 986.518426 0.003695 0.400000 -0.000000 0 0.003695 0.000000 0.000000 0.000000 0.000000 1769115977.201000
1039.383676 986.523299 0.003006 0.400000 -0.000000 0 0.003006 0.000000 0.000000 0.000000 0.000000 1769115977.409000
1039.436211 986.530443 0.004892 0.400000 -0.000000 0 0.004892 0.000000 0.000000 0.000000 0.000000 1769115977.569000
1039.488025 986.530009 -0.000368 0.400000 -0.000000 0 -0.000368 0.000000 0.000000 0.000000 0.000000 1769115977.725001
1039.543374 986.525658 0.000377 0.400000 -0.000000 0 0.000377 0.000000 0.000000 0.000000 0.000000 1769115977.830000
1039.614226 986.531973 -0.000068 0.400000 -0.000000 0 -0.000068 0.000000 0.000000 0.000000 0.000000 1769115978.038000
1039.685103 986.526375 0.002591 0.400000 -0.000000 0 0.002591 0.000000 0.000000 0.000000 0.000000 1769115978.194000
1039.740359 986.525590 -0.000456 0.400000 -0.000000 0 -0.000456 0.000000 0.000000 0.000000 0.000000 1769115978.350000
1039.839627 986.530340 0.003278 0.400000 -0.000000 0 0.003278 0.000000 0.000000 0.000000 0.000000 1769115978.506000
1039.898973 986.529557 0.001646 0.400000 -0.000000 0 0.001646 0.000000 0.000000 0.000000 0.000000 1769115978.770000
1039.951932 986.530136 0.001137 0.400000 -0.000000 0 0.001137 0.000000 0.000000 0.000000 0.000000 1769115978.927000
1040.029229 986.529506 0.001504 0.400000 -0.000000 0 0.001504 0.000000 0.000000 0.000000 0.000000 1769115979.031000
1040.098342 986.528217 0.003502 0.400000 -0.000000 0 0.003502 0.000000 0.000000 0.000000 0.000000 1769115979.239000
1040.171154 986.523136 0.002764 0.400000 -0.000000 0 0.002764 0.000000 0.000000 0.000000 0.000000 1769115979.395000
1040.226981 986.533401 0.002217 0.400000 -0.000000 0 0.002217 0.000000 0.000000 0.000000 0.000000 1769115979.552000
1040.290952 986.530438 0.001925 0.400000 -0.000000 0 0.001925 0.000000 0.000000 0.000000 0.000000 1769115979.712000
1040.343084 986.522933 0.003195 0.400000 -0.000000 0 0.003195 0.000000 0.000000 0.000000 0.000000 1769115979.816001
1040.401042 986.529925 0.001765 0.400000 -0.000000 0 0.001765 0.000000 0.000000 0.000000 0.000000 1769115980.024000
1040.465212 986.533025 -0.000744 0.400000 -0.000000 0 -0.000744 0.000000 0.000000 0.000000 0.000000 1769115980.181000
1040.529426 986.531773 0.000849 0.400000 -0.000000 0 0.000849 0.000000 0.000000 0.000000 0.000000 1769115980.337000
1040.579740 986.531461 0.001735 0.400000 -0.000000 0 0.001735 0.000000 0.000000 0.000000 0.000000 1769115980.441000
1040.639190 986.530166 0.001002 0.400000 -0.000000 0 0.001002 0.000000 0.000000 0.000000 0.000000 1769115980.545000
1040.693445 986.525407 0.004703 0.400000 -0.000000 0 0.004703 0.000000 0.000000 0.000000 0.000000 1769115980.705334
1040.757779 986.522720 0.003796 0.400000 -0.000000 0 0.003796 0.000000 0.000000 0.000000 0.000000 1769115980.916000
1040.808219 986.542481 0.002981 0.400000 -0.000000 0 0.002981 0.000000 0.000000 0.000000 0.000000 1769115981.072000
1040.869380 986.535042 0.000221 0.400000 -0.000000 0 0.000221 0.000000 0.000000 0.000000 0.000000 1769115981.177000
1040.940074 986.529552 0.000514 0.400000 -0.000000 0 0.000514 0.000000 0.000000 0.000000 0.000000 1769115981.333000
1040.990536 986.525377 0.006490 0.400000 -0.000000 0 0.006490 0.000000 0.000000 0.000000 0.000000 1769115981.489000
1041.043628 986.526728 0.003935 0.400000 -0.000000 0 0.003935 0.000000 0.000000 0.000000 0.000000 1769115981.598000
1041.094936 986.527584 -0.002362 0.400000 -0.000000 0 -0.002362 0.000000 0.000000 0.000000 0.000000 1769115981.756000
1041.175247 986.519573 -0.010110 0.400000 -0.000000 0 -0.010110 0.000000 0.000000 0.000000 0.000000 1769115981.964000
1041.252327 986.526880 0.005711 0.400000 -0.000000 0 0.005711 0.000000 0.000000 0.000000 0.000000 1769115982.120001
1041.332882 986.531747 0.003316 0.400000 -0.000000 0 0.003316 0.000000 0.000000 0.000000 0.000000 1769115982.328000
1041.418975 986.531832 -0.000283 0.400000 -0.000000 0 -0.000283 0.000000 0.000000 0.000000 0.000000 1769115982.536000
1041.499189 986.522860 0.004687 0.400000 -0.000000 0 0.004687 0.000000 0.000000 0.000000 0.000000 1769115982.698000
1041.552073 986.526544 0.002677 0.400000 -0.000000 0 0.002677 0.000000 0.000000 0.000000 0.000000 1769115982.856000
1041.619118 986.531725 0.001405 0.400000 -0.000000 0 0.001405 0.000000 0.000000 0.000000 0.000000 1769115983.012001
1041.700824 986.526348 0.004356 0.400000 -0.000000 0 0.004356 0.000000 0.000000 0.000000 0.000000 1769115983.220000
1041.754621 986.535637 0.000323 0.400000 -0.000000 0 0.000323 0.000000 0.000000 0.000000 0.000000 1769115983.376000
1041.816292 986.531123 -0.000441 0.400000 -0.000000 0 -0.000441 0.000000 0.000000 0.000000 0.000000 1769115983.536018
1041.874004 986.526494 0.003531 0.400000 -0.000000 0 0.003531 0.000000 0.000000 0.000000 0.000000 1769115983.695001
1041.946950 986.526038 0.003498 0.400000 -0.000000 0 0.003498 0.000000 0.000000 0.000000 0.000000 1769115983.853001
1042.023197 986.533952 0.001493 0.400000 -0.000000 0 0.001493 0.000000 0.000000 0.000000 0.000000 1769115984.010000
1042.091511 986.542689 -0.001044 0.400000 -0.000000 0 -0.001044 0.000000 0.000000 0.000000 0.000000 1769115984.224241
1042.175235 986.529721 0.001532 0.400000 -0.000000 0 0.001532 0.000000 0.000000 0.000000 0.000000 1769115984.382000
1042.232778 986.530210 0.002563 0.400000 -0.000000 0 0.002563 0.000000 0.000000 0.000000 0.000000 1769115984.538000
1042.286880 986.532234 0.001972 0.400000 -0.000000 0 0.001972 0.000000 0.000000 0.000000 0.000000 1769115984.746000
1042.354660 986.533264 0.000962 0.400000 -0.000000 0 0.000962 0.000000 0.000000 0.000000 0.000000 1769115984.850000
1042.408423 986.536442 -0.001012 0.400000 -0.000000 0 -0.001012 0.000000 0.000000 0.000000 0.000000 1769115985.006000
1042.470573 986.533214 -0.002095 0.400000 -0.000000 0 -0.002095 0.000000 0.000000 0.000000 0.000000 1769115985.220000
1042.551046 986.533089 -0.001726 0.400000 -0.000000 0 -0.001726 0.000000 0.000000 0.000000 0.000000 1769115985.376000
1042.616222 986.533496 -0.001201 0.400000 -0.000000 0 -0.001201 0.000000 0.000000 0.000000 0.000000 1769115985.532000
1042.668547 986.528806 -0.003967 0.400000 -0.000000 0 -0.003967 0.000000 0.000000 0.000000 0.000000 1769115985.688000
1042.736059 986.530490 0.004019 0.400000 -0.000000 0 0.004019 0.000000 0.000000 0.000000 0.000000 1769115985.792000
1042.798544 986.530088 0.003114 0.400000 -0.000000 0 0.003114 0.000000 0.000000 0.000000 0.000000 1769115986.000000
1042.865829 986.530515 0.003844 0.400000 -0.000000 0 0.003844 0.000000 0.000000 0.000000 0.000000 1769115986.156000
1042.917474 986.533790 -0.000933 0.400000 -0.000000 0 -0.000933 0.000000 0.000000 0.000000 0.000000 1769115986.264217
1042.981537 986.541471 -0.001754 0.400000 -0.000000 0 -0.001754 0.000000 0.000000 0.000000 0.000000 1769115986.420000
1043.055975 986.544097 -0.003964 0.400000 -0.000000 0 -0.003964 0.000000 0.000000 0.000000 0.000000 1769115986.629000
1043.119045 986.534056 0.001051 0.400000 -0.000000 0 0.001051 0.000000 0.000000 0.000000 0.000000 1769115986.787000
1043.178616 986.530542 0.002788 0.400000 -0.000000 0 0.002788 0.000000 0.000000 0.000000 0.000000 1769115986.891001
1043.256253 986.535886 0.001942 0.400000 -0.000000 0 0.001942 0.000000 0.000000 0.000000 0.000000 1769115987.100000
1043.313061 986.528720 0.003008 0.400000 -0.000000 0 0.003008 0.000000 0.000000 0.000000 0.000000 1769115987.260000
1043.371345 986.531641 0.002712 0.400000 -0.000000 0 0.002712 0.000000 0.000000 0.000000 0.000000 1769115987.416000
1043.451173 986.531090 0.002634 0.400000 -0.000000 0 0.002634 0.000000 0.000000 0.000000 0.000000 1769115987.624000
1043.519218 986.537503 -0.000456 0.400000 -0.000000 0 -0.000456 0.000000 0.000000 0.000000 0.000000 1769115987.782000
1043.574093 986.539096 -0.002441 0.400000 -0.000000 0 -0.002441 0.000000 0.000000 0.000000 0.000000 1769115987.939000
1043.667203 986.527721 0.002371 0.400000 -0.000000 0 0.002371 0.000000 0.000000 0.000000 0.000000 1769115988.100696
1043.727747 986.533868 0.005465 0.400000 -0.000000 0 0.005465 0.000000 0.000000 0.000000 0.000000 1769115988.310000
1043.778858 986.533673 0.003854 0.400000 -0.000000 0 0.003854 0.000000 0.000000 0.000000 0.000000 1769115988.414000
1043.834591 986.536889 -0.002181 0.400000 -0.000000 0 -0.002181 0.000000 0.000000 0.000000 0.000000 1769115988.572002
1043.908715 986.525676 0.001602 0.400000 -0.000000 0 0.001602 0.000000 0.000000 0.000000 0.000000 1769115988.780000
1043.962531 986.534712 0.001618 0.400000 -0.000000 0 0.001618 0.000000 0.000000 0.000000 0.000000 1769115988.885000
1044.017473 986.542353 -0.000641 0.400000 -0.000000 0 -0.000641 0.000000 0.000000 0.000000 0.000000 1769115988.994000
1044.091385 986.533509 0.003172 0.400000 -0.000000 0 0.003172 0.000000 0.000000 0.000000 0.000000 1769115989.202000
1044.169869 986.533718 0.002233 0.400000 -0.000000 0 0.002233 0.000000 0.000000 0.000000 0.000000 1769115989.411001
1044.225910 986.540804 -0.000174 0.400000 -0.000000 0 -0.000174 0.000000 0.000000 0.000000 0.000000 1769115989.570000
1044.294427 986.546439 -0.005458 0.400000 -0.000000 0 -0.005458 0.000000 0.000000 0.000000 0.000000 1769115989.732248
1044.354223 986.538058 -0.000582 0.400000 -0.000000 0 -0.000582 0.000000 0.000000 0.000000 0.000000 1769115989.888006
1044.406182 986.543649 0.000339 0.400000 -0.000000 0 0.000339 0.000000 0.000000 0.000000 0.000000 1769115989.992000
1044.464225 986.531207 0.007583 0.400000 -0.000000 0 0.007583 0.000000 0.000000 0.000000 0.000000 1769115990.148000
1044.530054 986.547972 -0.005050 0.400000 -0.000000 0 -0.005050 0.000000 0.000000 0.000000 0.000000 1769115990.305000
1044.585343 986.533255 0.003099 0.400000 -0.000000 0 0.003099 0.000000 0.000000 0.000000 0.000000 1769115990.464000
1044.637278 986.535956 0.002782 0.400000 -0.000000 0 0.002782 0.000000 0.000000 0.000000 0.000000 1769115990.625000
1044.695888 986.538429 -0.000297 0.400000 -0.000000 0 -0.000297 0.000000 0.000000 0.000000 0.000000 1769115990.731001
1044.773278 986.532097 0.002944 0.400000 -0.000000 0 0.002944 0.000000 0.000000 0.000000 0.000000 1769115990.889000
1044.826722 986.533855 0.004611 0.400000 -0.000000 0 0.004611 0.000000 0.000000 0.000000 0.000000 1769115991.046001
1044.914243 986.534676 0.003722 0.400000 -0.000000 0 0.003722 0.000000 0.000000 0.000000 0.000000 1769115991.204000
1044.991131 986.535223 0.003464 0.400000 -0.000000 0 0.003464 0.000000 0.000000 0.000000 0.000000 1769115991.364230
1045.048970 986.535797 0.001676 0.400000 -0.000000 0 0.001676 0.000000 0.000000 0.000000 0.000000 1769115991.574000
1045.104553 986.536778 0.003370 0.400000 -0.000000 0 0.003370 0.000000 0.000000 0.000000 0.000000 1769115991.730000
1045.158943 986.541442 0.000132 0.400000 -0.000000 0 0.000132 0.000000 0.000000 0.000000 0.000000 1769115991.888000
1045.234901 986.537057 0.002584 0.400000 -0.000000 0 0.002584 0.000000 0.000000 0.000000 0.000000 1769115992.044000
1045.326265 986.534484 0.002435 0.400000 -0.000000 0 0.002435 0.000000 0.000000 0.000000 0.000000 1769115992.308000
1045.376508 986.545501 -0.001645 0.400000 -0.000000 0 -0.001645 0.000000 0.000000 0.000000 0.000000 1769115992.412000
1045.427601 986.551249 0.010916 0.400000 -0.000000 0 0.010916 0.000000 0.000000 0.000000 0.000000 1769115992.568000
1045.517893 986.531974 0.001816 0.400000 -0.000000 0 0.001816 0.000000 0.000000 0.000000 0.000000 1769115992.724000
1045.576539 986.537714 0.001458 0.400000 -0.000000 0 0.001458 0.000000 0.000000 0.000000 0.000000 1769115992.932000
1045.630681 986.536260 -0.001002 0.400000 -0.000000 0 -0.001002 0.000000 0.000000 0.000000 0.000000 1769115993.088000
1045.692240 986.530165 0.002127 0.400000 -0.000000 0 0.002127 0.000000 0.000000 0.000000 0.000000 1769115993.192000
1045.745687 986.530325 0.002118 0.400000 -0.000000 0 0.002118 0.000000 0.000000 0.000000 0.000000 1769115993.296000
1045.819146 986.528754 0.002608 0.400000 -0.000000 0 0.002608 0.000000 0.000000 0.000000 0.000000 1769115993.510000
1045.898160 986.534330 0.001908 0.400000 -0.000000 0 0.001908 0.000000 0.000000 0.000000 0.000000 1769115993.720001
1045.971379 986.534861 0.001970 0.400000 -0.000000 0 0.001970 0.000000 0.000000 0.000000 0.000000 1769115993.928000
1046.042510 986.539223 0.002770 0.400000 -0.000000 0 0.002770 0.000000 0.000000 0.000000 0.000000 1769115994.084000
1046.104995 986.533008 0.002411 0.400000 -0.000000 0 0.002411 0.000000 0.000000 0.000000 0.000000 1769115994.240000
1046.209612 986.528381 0.000884 0.400000 -0.000000 0 0.000884 0.000000 0.000000 0.000000 0.000000 1769115994.504000
1046.269946 986.533059 0.002452 0.400000 -0.000000 0 0.002452 0.000000 0.000000 0.000000 0.000000 1769115994.660000
1046.322300 986.534320 0.002769 0.400000 -0.000000 0 0.002769 0.000000 0.000000 0.000000 0.000000 1769115994.712000
1046.380463 986.539780 0.002897 0.400000 -0.000000 0 0.002897 0.000000 0.000000 0.000000 0.000000 1769115994.921000
1046.447149 986.546777 -0.008303 0.400000 -0.000000 0 -0.008303 0.000000 0.000000 0.000000 0.000000 1769115995.131000
1046.522734 986.537147 0.002838 0.400000 -0.000000 0 0.002838 0.000000 0.000000 0.000000 0.000000 1769115995.291381
1046.597506 986.535038 0.002600 0.400000 -0.000000 0 0.002600 0.000000 0.000000 0.000000 0.000000 1769115995.453001
1046.685112 986.546938 0.001171 0.400000 -0.000000 0 0.001171 0.000000 0.000000 0.000000 0.000000 1769115995.716000
1046.742144 986.540691 0.002692 0.400000 -0.000000 0 0.002692 0.000000 0.000000 0.000000 0.000000 1769115995.820000
1046.795525 986.544458 -0.000185 0.400000 -0.000000 0 -0.000185 0.000000 0.000000 0.000000 0.000000 1769115995.980000
1046.848018 986.534583 0.004496 0.400000 -0.000000 0 0.004496 0.000000 0.000000 0.000000 0.000000 1769115996.032000
1046.924825 986.538815 0.002784 0.400000 -0.000000 0 0.002784 0.000000 0.000000 0.000000 0.000000 1769115996.346000
1046.975939 986.535525 0.003374 0.400000 -0.000000 0 0.003374 0.000000 0.000000 0.000000 0.000000 1769115996.398001
1047.028187 986.539272 0.002133 0.400000 -0.000000 0 0.002133 0.000000 0.000000 0.000000 0.000000 1769115996.555000
1047.086786 986.529776 0.002855 0.400000 -0.000000 0 0.002855 0.000000 0.000000 0.000000 0.000000 1769115996.711001
1047.148120 986.543821 0.004095 0.400000 -0.000000 0 0.004095 0.000000 0.000000 0.000000 0.000000 1769115996.867000
1047.211942 986.540058 0.003259 0.400000 -0.000000 0 0.003259 0.000000 0.000000 0.000000 0.000000 1769115997.028000
1047.268874 986.528203 -0.003358 0.400000 -0.000000 0 -0.003358 0.000000 0.000000 0.000000 0.000000 1769115997.236000
1047.318263 986.544027 0.003433 0.400000 -0.000000 0 0.003433 0.000000 0.000000 0.000000 0.000000 1769115997.288000
1047.371095 986.544706 0.004737 0.400000 -0.000000 0 0.004737 0.000000 0.000000 0.000000 0.000000 1769115997.392001
1047.427049 986.533345 0.002530 0.400000 -0.000000 0 0.002530 0.000000 0.000000 0.000000 0.000000 1769115997.550000
1047.495766 986.535995 0.004522 0.400000 -0.000000 0 0.004522 0.000000 0.000000 0.000000 0.000000 1769115997.707000
1047.545127 986.544042 0.004156 0.400000 -0.000000 0 0.004156 0.000000 0.000000 0.000000 0.000000 1769115997.867000
1047.597950 986.534349 0.003951 0.400000 -0.000000 0 0.003951 0.000000 0.000000 0.000000 0.000000 1769115998.024000
1047.660770 986.535707 0.001425 0.400000 -0.000000 0 0.001425 0.000000 0.000000 0.000000 0.000000 1769115998.128000
1047.712529 986.543949 0.001539 0.400000 -0.000000 0 0.001539 0.000000 0.000000 0.000000 0.000000 1769115998.286000
1047.768157 986.540675 0.003254 0.400000 -0.000000 0 0.003254 0.000000 0.000000 0.000000 0.000000 1769115998.390000
1047.822343 986.542539 0.001706 0.400000 -0.000000 0 0.001706 0.000000 0.000000 0.000000 0.000000 1769115998.546000
1047.896136 986.538923 0.002180 0.400000 -0.000000 0 0.002180 0.000000 0.000000 0.000000 0.000000 1769115998.702001
1047.952014 986.542299 0.002966 0.400000 -0.000000 0 0.002966 0.000000 0.000000 0.000000 0.000000 1769115998.916000
1048.020210 986.545605 0.002828 0.400000 -0.000000 0 0.002828 0.000000 0.000000 0.000000 0.000000 1769115999.072001
1048.071918 986.540725 0.002389 0.400000 -0.000000 0 0.002389 0.000000 0.000000 0.000000 0.000000 1769115999.176000
1048.141406 986.540595 0.001567 0.400000 -0.000000 0 0.001567 0.000000 0.000000 0.000000 0.000000 1769115999.386000
1048.213375 986.536670 0.002558 0.400000 -0.000000 0 0.002558 0.000000 0.000000 0.000000 0.000000 1769115999.490000
1048.271442 986.530234 0.003121 0.400000 -0.000000 0 0.003121 0.000000 0.000000 0.000000 0.000000 1769115999.698000
1048.325832 986.533682 0.001906 0.400000 -0.000000 0 0.001906 0.000000 0.000000 0.000000 0.000000 1769115999.806000
1048.380100 986.542751 0.003222 0.400000 -0.000000 0 0.003222 0.000000 0.000000 0.000000 0.000000 1769115999.965000
1048.435891 986.540523 0.001323 0.400000 -0.000000 0 0.001323 0.000000 0.000000 0.000000 0.000000 1769116000.122000
1048.492680 986.535867 0.004481 0.400000 -0.000000 0 0.004481 0.000000 0.000000 0.000000 0.000000 1769116000.226000
1048.557657 986.545147 0.002130 0.400000 -0.000000 0 0.002130 0.000000 0.000000 0.000000 0.000000 1769116000.382000
1048.629455 986.546753 0.002233 0.400000 -0.000000 0 0.002233 0.000000 0.000000 0.000000 0.000000 1769116000.539000
1048.683035 986.539485 0.002642 0.400000 -0.000000 0 0.002642 0.000000 0.000000 0.000000 0.000000 1769116000.701000
1048.734540 986.542306 0.001833 0.400000 -0.000000 0 0.001833 0.000000 0.000000 0.000000 0.000000 1769116000.858001
1048.790319 986.543935 0.002271 0.400000 -0.000000 0 0.002271 0.000000 0.000000 0.000000 0.000000 1769116000.962000
1048.853797 986.544077 0.002858 0.400000 -0.000000 0 0.002858 0.000000 0.000000 0.000000 0.000000 1769116001.118001
1048.906414 986.544057 0.002819 0.400000 -0.000000 0 0.002819 0.000000 0.000000 0.000000 0.000000 1769116001.274000
1048.975785 986.541466 0.002923 0.400000 -0.000000 0 0.002923 0.000000 0.000000 0.000000 0.000000 1769116001.432001
1049.052277 986.542904 0.003398 0.400000 -0.000000 0 0.003398 0.000000 0.000000 0.000000 0.000000 1769116001.593000
1049.124279 986.544351 0.001534 0.400000 -0.000000 0 0.001534 0.000000 0.000000 0.000000 0.000000 1769116001.802000
1049.185018 986.544335 0.001834 0.400000 -0.000000 0 0.001834 0.000000 0.000000 0.000000 0.000000 1769116001.959000
1049.249737 986.543966 0.003606 0.400000 -0.000000 0 0.003606 0.000000 0.000000 0.000000 0.000000 1769116002.116000
1049.305864 986.549346 0.003649 0.400000 -0.000000 0 0.003649 0.000000 0.000000 0.000000 0.000000 1769116002.272000
1049.358798 986.540483 0.002749 0.400000 -0.000000 0 0.002749 0.000000 0.000000 0.000000 0.000000 1769116002.432000
1049.423794 986.546510 0.002062 0.400000 -0.000000 0 0.002062 0.000000 0.000000 0.000000 0.000000 1769116002.539000
1049.483501 986.544867 0.001773 0.400000 -0.000000 0 0.001773 0.000000 0.000000 0.000000 0.000000 1769116002.695000
1049.535655 986.545177 0.002434 0.400000 -0.000000 0 0.002434 0.000000 0.000000 0.000000 0.000000 1769116002.851001
1049.607576 986.537055 0.004585 0.400000 -0.000000 0 0.004585 0.000000 0.000000 0.000000 0.000000 1769116003.008000
1049.664897 986.545964 0.005633 0.400000 -0.000000 0 0.005633 0.000000 0.000000 0.000000 0.000000 1769116003.166000
1049.733415 986.542458 0.002641 0.400000 -0.000000 0 0.002641 0.000000 0.000000 0.000000 0.000000 1769116003.329000
1049.818491 986.545755 -0.001001 0.400000 -0.000000 0 -0.001001 0.000000 0.000000 0.000000 0.000000 1769116003.539000
1049.884059 986.544674 0.002565 0.400000 -0.000000 0 0.002565 0.000000 0.000000 0.000000 0.000000 1769116003.696000
1049.939702 986.541205 -0.002454 0.400000 -0.000000 0 -0.002454 0.000000 0.000000 0.000000 0.000000 1769116003.853000
1050.021184 986.546431 -0.000378 0.400000 -0.000000 0 -0.000378 0.000000 0.000000 0.000000 0.000000 1769116004.066268
1050.103399 986.554049 -0.003417 0.400000 -0.000000 0 -0.003417 0.000000 0.000000 0.000000 0.000000 1769116004.222000
1050.157134 986.543263 0.002237 0.400000 -0.000000 0 0.002237 0.000000 0.000000 0.000000 0.000000 1769116004.380001
1050.220404 986.549363 0.002646 0.400000 -0.000000 0 0.002646 0.000000 0.000000 0.000000 0.000000 1769116004.536000
1050.271398 986.548312 -0.000239 0.400000 -0.000000 0 -0.000239 0.000000 0.000000 0.000000 0.000000 1769116004.640000
1050.333383 986.554450 -0.003100 0.400000 -0.000000 0 -0.003100 0.000000 0.000000 0.000000 0.000000 1769116004.796000
1050.383129 986.545134 -0.002103 0.400000 -0.000000 0 -0.002103 0.000000 0.000000 0.000000 0.000000 1769116004.957000
1050.454542 986.546208 0.003864 0.400000 -0.000000 0 0.003864 0.000000 0.000000 0.000000 0.000000 1769116005.113000
1050.516353 986.550837 0.002755 0.400000 -0.000000 0 0.002755 0.000000 0.000000 0.000000 0.000000 1769116005.270000
1050.591124 986.550477 0.004248 0.400000 -0.000000 0 0.004248 0.000000 0.000000 0.000000 0.000000 1769116005.481000
1050.660458 986.544661 0.001358 0.400000 -0.000000 0 0.001358 0.000000 0.000000 0.000000 0.000000 1769116005.637000
1050.724666 986.543216 0.002024 0.400000 -0.000000 0 0.002024 0.000000 0.000000 0.000000 0.000000 1769116005.797408
1050.778996 986.544279 -0.002846 0.400000 -0.000000 0 -0.002846 0.000000 0.000000 0.000000 0.000000 1769116005.902000
1050.837385 986.546843 0.000749 0.400000 -0.000000 0 0.000749 0.000000 0.000000 0.000000 0.000000 1769116006.058000
1050.902715 986.546685 0.000432 0.400000 -0.000000 0 0.000432 0.000000 0.000000 0.000000 0.000000 1769116006.214000
1050.975407 986.546508 0.001568 0.400000 -0.000000 0 0.001568 0.000000 0.000000 0.000000 0.000000 1769116006.424001
1051.036539 986.553212 0.003296 0.400000 -0.000000 0 0.003296 0.000000 0.000000 0.000000 0.000000 1769116006.582000
1051.087462 986.530689 0.001322 0.400000 -0.000000 0 0.001322 0.000000 0.000000 0.000000 0.000000 1769116006.690000
1051.139218 986.550781 0.001383 0.400000 -0.000000 0 0.001383 0.000000 0.000000 0.000000 0.000000 1769116006.847000
1051.192249 986.547683 0.004693 0.400000 -0.000000 0 0.004693 0.000000 0.000000 0.000000 0.000000 1769116006.953000
1051.252631 986.548537 0.000236 0.400000 -0.000000 0 0.000236 0.000000 0.000000 0.000000 0.000000 1769116007.110000
1051.325274 986.553157 -0.002538 0.400000 -0.000000 0 -0.002538 0.000000 0.000000 0.000000 0.000000 1769116007.320000
1051.388597 986.553972 0.003698 0.400000 -0.000000 0 0.003698 0.000000 0.000000 0.000000 0.000000 1769116007.482000
1051.447420 986.548480 0.002545 0.400000 -0.000000 0 0.002545 0.000000 0.000000 0.000000 0.000000 1769116007.587001
1051.514203 986.547564 0.002705 0.400000 -0.000000 0 0.002705 0.000000 0.000000 0.000000 0.000000 1769116007.744000
1051.586477 986.544671 -0.000613 0.400000 -0.000000 0 -0.000613 0.000000 0.000000 0.000000 0.000000 1769116007.901000
1051.647023 986.554551 0.000870 0.400000 -0.000000 0 0.000870 0.000000 0.000000 0.000000 0.000000 1769116008.059000
1051.705897 986.546221 0.000755 0.400000 -0.000000 0 0.000755 0.000000 0.000000 0.000000 0.000000 1769116008.215000
1051.756928 986.551869 0.000754 0.400000 -0.000000 0 0.000754 0.000000 0.000000 0.000000 0.000000 1769116008.375001
1051.820119 986.545469 0.003653 0.400000 -0.000000 0 0.003653 0.000000 0.000000 0.000000 0.000000 1769116008.531000
1051.880116 986.553392 -0.000404 0.400000 -0.000000 0 -0.000404 0.000000 0.000000 0.000000 0.000000 1769116008.637000
1051.938842 986.540411 0.003031 0.400000 -0.000000 0 0.003031 0.000000 0.000000 0.000000 0.000000 1769116008.794000
1051.995279 986.556127 0.001203 0.400000 -0.000000 0 0.001203 0.000000 0.000000 0.000000 0.000000 1769116008.951000
1052.059549 986.553618 -0.001315 0.400000 -0.000000 0 -0.001315 0.000000 0.000000 0.000000 0.000000 1769116009.107001
1052.128433 986.551537 0.001680 0.400000 -0.000000 0 0.001680 0.000000 0.000000 0.000000 0.000000 1769116009.269000
1052.180791 986.556219 -0.001730 0.400000 -0.000000 0 -0.001730 0.000000 0.000000 0.000000 0.000000 1769116009.425000
1052.263594 986.545423 -0.000681 0.400000 -0.000000 0 -0.000681 0.000000 0.000000 0.000000 0.000000 1769116009.634001
1052.341145 986.559439 -0.002195 0.400000 -0.000000 0 -0.002195 0.000000 0.000000 0.000000 0.000000 1769116009.792000
1052.394919 986.550906 0.001730 0.400000 -0.000000 0 0.001730 0.000000 0.000000 0.000000 0.000000 1769116009.954000
1052.443397 986.568332 0.001020 0.400000 -0.000000 0 0.001020 0.000000 0.000000 0.000000 0.000000 1769116010.060000
1052.500659 986.572485 0.000419 0.400000 -0.000000 0 0.000419 0.000000 0.000000 0.000000 0.000000 1769116010.165000
1052.559799 986.568079 0.002457 0.400000 -0.000000 0 0.002457 0.000000 0.000000 0.000000 0.000000 1769116010.323000
1052.621455 986.573888 0.002906 0.400000 -0.000000 0 0.002906 0.000000 0.000000 0.000000 0.000000 1769116010.532000
1052.674015 986.569655 0.000558 0.400000 -0.000000 0 0.000558 0.000000 0.000000 0.000000 0.000000 1769116010.636000
1052.727603 986.568577 0.000112 0.400000 -0.000000 0 0.000112 0.000000 0.000000 0.000000 0.000000 1769116010.744332
1052.804163 986.566313 -0.000391 0.400000 -0.000000 0 -0.000391 0.000000 0.000000 0.000000 0.000000 1769116010.954000
1052.858436 986.569666 0.001127 0.400000 -0.000000 0 0.001127 0.000000 0.000000 0.000000 0.000000 1769116011.112000
1052.917069 986.569102 -0.001992 0.400000 -0.000000 0 -0.001992 0.000000 0.000000 0.000000 0.000000 1769116011.217004
1052.986895 986.569693 -0.001495 0.400000 -0.000000 0 -0.001495 0.000000 0.000000 0.000000 0.000000 1769116011.373000
1053.070701 986.565395 -0.003356 0.400000 -0.000000 0 -0.003356 0.000000 0.000000 0.000000 0.000000 1769116011.587000
1053.124077 986.569602 -0.000324 0.400000 -0.000000 0 -0.000324 0.000000 0.000000 0.000000 0.000000 1769116011.743000
1053.204367 986.569465 -0.002580 0.400000 -0.000000 0 -0.002580 0.000000 0.000000 0.000000 0.000000 1769116011.900007
1053.257990 986.575545 -0.001194 0.400000 -0.000000 0 -0.001194 0.000000 0.000000 0.000000 0.000000 1769116012.109001
1053.316691 986.574739 -0.000110 0.400000 -0.000000 0 -0.000110 0.000000 0.000000 0.000000 0.000000 1769116012.213000
1053.377082 986.564999 -0.000451 0.400000 -0.000000 0 -0.000451 0.000000 0.000000 0.000000 0.000000 1769116012.265000
1053.431566 986.566460 -0.001853 0.400000 -0.000000 0 -0.001853 0.000000 0.000000 0.000000 0.000000 1769116012.478260
1053.483047 986.569386 -0.000633 0.400000 -0.000000 0 -0.000633 0.000000 0.000000 0.000000 0.000000 1769116012.583000
1053.548681 986.561186 0.003100 0.400000 -0.000000 0 0.003100 0.000000 0.000000 0.000000 0.000000 1769116012.791000
1053.617891 986.568580 -0.000131 0.400000 -0.000000 0 -0.000131 0.000000 0.000000 0.000000 0.000000 1769116012.948000
1053.703235 986.572997 0.000974 0.400000 -0.000000 0 0.000974 0.000000 0.000000 0.000000 0.000000 1769116013.159000
1053.755154 986.568641 0.001255 0.400000 -0.000000 0 0.001255 0.000000 0.000000 0.000000 0.000000 1769116013.320000
1053.822215 986.569628 -0.001419 0.400000 -0.000000 0 -0.001419 0.000000 0.000000 0.000000 0.000000 1769116013.478001
1053.901830 986.586018 0.000351 0.400000 -0.000000 0 0.000351 0.000000 0.000000 0.000000 0.000000 1769116013.689000
1053.967202 986.570055 0.000156 0.400000 -0.000000 0 0.000156 0.000000 0.000000 0.000000 0.000000 1769116013.845000
1054.018403 986.579540 0.001491 0.400000 -0.000000 0 0.001491 0.000000 0.000000 0.000000 0.000000 1769116014.008248
1054.079966 986.564154 0.003919 0.400000 -0.000000 0 0.003919 0.000000 0.000000 0.000000 0.000000 1769116014.115001
1054.137612 986.568094 0.000612 0.400000 -0.000000 0 0.000612 0.000000 0.000000 0.000000 0.000000 1769116014.273000
1054.202496 986.589246 -0.002274 0.400000 -0.000000 0 -0.002274 0.000000 0.000000 0.000000 0.000000 1769116014.429000
1054.271859 986.570248 -0.000375 0.400000 -0.000000 0 -0.000375 0.000000 0.000000 0.000000 0.000000 1769116014.587000
1054.327252 986.571920 -0.000717 0.400000 -0.000000 0 -0.000717 0.000000 0.000000 0.000000 0.000000 1769116014.750000
1054.383685 986.574881 -0.002410 0.400000 -0.000000 0 -0.002410 0.000000 0.000000 0.000000 0.000000 1769116014.856000
1054.457942 986.570465 -0.001609 0.400000 -0.008858 0 -0.001609 0.000000 0.000000 0.000000 0.000000 1769116015.067000
1054.517606 986.572015 -0.039342 0.400000 -0.324216 0 -0.039342 0.000000 0.000000 0.000000 0.000000 1769116015.225000
1054.581674 986.578877 -0.149292 0.400000 -0.450000 0 -0.149292 0.000000 0.000000 0.000000 0.000000 1769116015.439000
1054.632103 986.566443 -0.216097 0.400000 -0.450000 0 -0.216097 0.000000 0.000000 0.000000 0.000000 1769116015.545005
1054.679525 986.549638 -0.271621 0.400000 -0.450000 0 -0.271621 0.000000 0.000000 0.000000 0.000000 1769116015.649001
1054.745088 986.546310 -0.356286 0.400000 -0.450000 0 -0.356286 0.000000 0.000000 0.000000 0.000000 1769116015.806000
1054.784171 986.514733 -0.416658 0.400000 -0.450000 0 -0.416658 0.000000 0.000000 0.000000 0.000000 1769116015.910000
1054.838665 986.490203 -0.535448 0.400000 -0.450000 0 -0.535448 0.000000 0.000000 0.000000 0.000000 1769116016.119000
1054.883343 986.447482 -0.587769 0.400000 -0.450000 0 -0.587769 0.000000 0.000000 0.000000 0.000000 1769116016.227001
1054.941416 986.419565 -0.677863 0.400000 -0.450000 0 -0.677863 0.000000 0.000000 0.000000 0.000000 1769116016.384000
1054.979149 986.375494 -0.763355 0.400000 -0.450000 0 -0.763355 0.000000 0.000000 0.000000 0.000000 1769116016.540000
1055.015811 986.329547 -0.845984 0.400000 -0.419883 0 -0.845984 0.000000 0.000000 0.000000 0.000000 1769116016.696000
1055.058783 986.283099 -0.873987 0.400000 -0.000000 0 -0.873987 0.000000 0.000000 0.000000 0.000000 1769116016.852000
1055.102813 986.232094 -0.872764 0.400000 -0.000000 0 -0.872764 0.000000 0.000000 0.000000 0.000000 1769116017.009000
1055.139390 986.183515 -0.873185 0.400000 -0.000000 0 -0.873185 0.000000 0.000000 0.000000 0.000000 1769116017.170491
1055.188538 986.135662 -0.871537 0.400000 -0.000000 0 -0.871537 0.000000 0.000000 0.000000 0.000000 1769116017.328000
1055.233071 986.084344 -0.875203 0.400000 -0.000000 0 -0.875203 0.000000 0.000000 0.000000 0.000000 1769116017.537000
1055.291819 986.057204 -0.869322 0.400000 -0.000000 0 -0.869322 0.000000 0.000000 0.000000 0.000000 1769116017.641000
1055.299225 985.997137 -0.874845 0.400000 -0.000000 0 -0.874845 0.000000 0.000000 0.000000 0.000000 1769116017.799000
1055.341013 985.962411 -0.873840 0.400000 -0.000000 0 -0.873840 0.000000 0.000000 0.000000 0.000000 1769116017.956000
1055.373288 985.906413 -0.872729 0.400000 -0.000000 0 -0.872729 0.000000 0.000000 0.000000 0.000000 1769116018.064000
1055.420541 985.862408 -0.873465 0.400000 -0.000000 0 -0.873465 0.000000 0.000000 0.000000 0.000000 1769116018.221001
1055.460826 985.802410 -0.873933 0.400000 -0.000000 0 -0.873933 0.000000 0.000000 0.000000 0.000000 1769116018.432000
1055.502998 985.748691 -0.873780 0.400000 -0.000000 0 -0.873780 0.000000 0.000000 0.000000 0.000000 1769116018.588000
1055.544433 985.704870 -0.872962 0.400000 -0.000000 0 -0.872962 0.000000 0.000000 0.000000 0.000000 1769116018.744000
1055.579733 985.663207 -0.875237 0.400000 -0.000000 0 -0.875237 0.000000 0.000000 0.000000 0.000000 1769116018.906000
1055.611706 985.622996 -0.874156 0.400000 -0.000000 0 -0.874156 0.000000 0.000000 0.000000 0.000000 1769116019.010001
1055.652032 985.577076 -0.873682 0.400000 -0.000000 0 -0.873682 0.000000 0.000000 0.000000 0.000000 1769116019.167000
1055.686465 985.535648 -0.874625 0.400000 -0.000000 0 -0.874625 0.000000 0.000000 0.000000 0.000000 1769116019.324000
1055.737993 985.487033 -0.873017 0.400000 -0.000000 0 -0.873017 0.000000 0.000000 0.000000 0.000000 1769116019.482000
1055.769643 985.433211 -0.875333 0.400000 -0.000000 0 -0.875333 0.000000 0.000000 0.000000 0.000000 1769116019.644000
1055.813847 985.400276 -0.875559 0.400000 -0.000000 0 -0.875559 0.000000 0.000000 0.000000 0.000000 1769116019.748001
1055.841236 985.348821 -0.874157 0.400000 -0.000000 0 -0.874157 0.000000 0.000000 0.000000 0.000000 1769116019.905000
1055.893096 985.297582 -0.874342 0.400000 -0.000000 0 -0.874342 0.000000 0.000000 0.000000 0.000000 1769116020.114000
1055.944079 985.250899 -0.872187 0.400000 -0.000000 0 -0.872187 0.000000 0.000000 0.000000 0.000000 1769116020.271000
1055.973660 985.206165 -0.878749 0.400000 -0.062006 0 -0.878749 0.000000 0.000000 0.000000 0.000000 1769116020.428000
1056.023699 985.144429 -0.894369 0.400000 -0.157672 0 -0.894369 0.000000 0.000000 0.000000 0.000000 1769116020.536345
1056.062948 985.090926 -0.995907 0.400000 -0.450000 0 -0.995907 0.000000 0.000000 0.000000 0.000000 1769116020.799000
1056.099514 985.050346 -1.083590 0.400000 -0.450000 0 -1.083590 0.000000 0.000000 0.000000 0.000000 1769116020.957001
1056.107603 984.987936 -1.140972 0.400000 -0.450000 0 -1.140972 0.000000 0.000000 0.000000 0.000000 1769116021.063000
1056.151722 984.919555 -1.230085 0.400000 -0.450000 0 -1.230085 0.000000 0.000000 0.000000 0.000000 1769116021.220000
1056.163070 984.862942 -1.310569 0.400000 -0.352562 0 -1.310569 0.000000 0.000000 0.000000 0.000000 1769116021.382000
1056.175205 984.813262 -1.335595 0.400000 -0.189561 0 -1.335595 0.000000 0.000000 0.000000 0.000000 1769116021.486001
1056.192839 984.760385 -1.373707 0.400000 -0.193104 0 -1.373707 0.000000 0.000000 0.000000 0.000000 1769116021.644000
1056.177905 984.712036 -1.394516 0.400000 -0.193104 0 -1.394516 0.000000 0.000000 0.000000 0.000000 1769116021.748000
1056.205265 984.655740 -1.428973 0.400000 -0.193104 0 -1.428973 0.000000 0.000000 0.000000 0.000000 1769116021.904000
1056.209268 984.598459 -1.463533 0.400000 -0.189561 0 -1.463533 0.000000 0.000000 0.000000 0.000000 1769116022.066245
1056.199391 984.532300 -1.477166 0.400000 -0.000000 0 -1.477166 0.000000 0.000000 0.000000 0.000000 1769116022.222001
1056.228364 984.472234 -1.475158 0.400000 -0.000000 0 -1.475158 0.000000 0.000000 0.000000 0.000000 1769116022.380000
1056.228015 984.406385 -1.477552 0.400000 -0.000000 0 -1.477552 0.000000 0.000000 0.000000 0.000000 1769116022.537000
1056.219187 984.347782 -1.472470 0.400000 -0.000000 0 -1.472470 0.000000 0.000000 0.000000 0.000000 1769116022.642000
1056.241836 984.295121 -1.470167 0.400000 -0.000000 0 -1.470167 0.000000 0.000000 0.000000 0.000000 1769116022.857001
1056.263585 984.237091 -1.477225 0.400000 -0.000000 0 -1.477225 0.000000 0.000000 0.000000 0.000000 1769116022.962001
1056.258210 984.173495 -1.475531 0.400000 -0.000000 0 -1.475531 0.000000 0.000000 0.000000 0.000000 1769116023.120000
1056.252785 984.114025 -1.473117 0.400000 -0.000000 0 -1.473117 0.000000 0.000000 0.000000 0.000000 1769116023.279001
1056.272915 984.027946 -1.477290 0.400000 -0.000000 0 -1.477290 0.000000 0.000000 0.000000 0.000000 1769116023.494553
1056.270210 983.956619 -1.476106 0.400000 -0.000000 0 -1.476106 0.000000 0.000000 0.000000 0.000000 1769116023.652000
1056.293396 983.880505 -1.479113 0.400000 -0.000000 0 -1.479113 0.000000 0.000000 0.000000 0.000000 1769116023.861000
1056.290015 983.821127 -1.473586 0.400000 -0.000000 0 -1.473586 0.000000 0.000000 0.000000 0.000000 1769116024.017004
1056.292105 983.767860 -1.471656 0.400000 -0.000000 0 -1.471656 0.000000 0.000000 0.000000 0.000000 1769116024.176000
1056.295520 983.694248 -1.473950 0.400000 -0.000000 0 -1.473950 0.000000 0.000000 0.000000 0.000000 1769116024.338000
1056.310313 983.628590 -1.475314 0.400000 -0.000000 0 -1.475314 0.000000 0.000000 0.000000 0.000000 1769116024.494000
1056.300110 983.554586 -1.471717 0.400000 -0.000000 0 -1.471717 0.000000 0.000000 0.000000 0.000000 1769116024.651001
1056.332506 983.504935 -1.476617 0.400000 -0.000000 0 -1.476617 0.000000 0.000000 0.000000 0.000000 1769116024.808000
1056.315342 983.447153 -1.479467 0.400000 -0.000000 0 -1.479467 0.000000 0.000000 0.000000 0.000000 1769116024.966000
1056.328674 983.395638 -1.472371 0.400000 -0.000000 0 -1.472371 0.000000 0.000000 0.000000 0.000000 1769116025.070001
1056.330259 983.342254 -1.478279 0.400000 -0.000000 0 -1.478279 0.000000 0.000000 0.000000 0.000000 1769116025.231000
1056.345896 983.286011 -1.477585 0.400000 -0.000000 0 -1.477585 0.000000 0.000000 0.000000 0.000000 1769116025.387000
1056.343467 983.223018 -1.473827 0.400000 -0.000000 0 -1.473827 0.000000 0.000000 0.000000 0.000000 1769116025.491000
1056.346746 983.169713 -1.475114 0.400000 -0.000000 0 -1.475114 0.000000 0.000000 0.000000 0.000000 1769116025.700000
1056.343581 983.102933 -1.469986 0.400000 -0.000000 0 -1.469986 0.000000 0.000000 0.000000 0.000000 1769116025.752000
1056.377670 983.063430 -1.476513 0.400000 -0.000000 0 -1.476513 0.000000 0.000000 0.000000 0.000000 1769116025.910000
1056.359512 982.990674 -1.468032 0.400000 -0.000000 0 -1.468032 0.000000 0.000000 0.000000 0.000000 1769116026.072000
1056.375524 982.909445 -1.472917 0.400000 -0.000000 0 -1.472917 0.000000 0.000000 0.000000 0.000000 1769116026.280000
1056.379724 982.843833 -1.472719 0.400000 -0.000000 0 -1.472719 0.000000 0.000000 0.000000 0.000000 1769116026.488000
1056.387213 982.790702 -1.474681 0.400000 -0.000000 0 -1.474681 0.000000 0.000000 0.000000 0.000000 1769116026.593001
1056.375397 982.727551 -1.479106 0.400000 -0.000000 0 -1.479106 0.000000 0.000000 0.000000 0.000000 1769116026.750000
1056.413563 982.654972 -1.474904 0.400000 -0.000000 0 -1.474904 0.000000 0.000000 0.000000 0.000000 1769116026.911454
1056.413226 982.589628 -1.473273 0.400000 -0.000000 0 -1.473273 0.000000 0.000000 0.000000 0.000000 1769116027.068000
1056.419705 982.517167 -1.476328 0.400000 -0.000000 0 -1.476328 0.000000 0.000000 0.000000 0.000000 1769116027.276001
1056.420357 982.463486 -1.472642 0.400000 -0.000000 0 -1.472642 0.000000 0.000000 0.000000 0.000000 1769116027.432000
1056.419854 982.382625 -1.473949 0.400000 -0.000000 0 -1.473949 0.000000 0.000000 0.000000 0.000000 1769116027.589000
1056.433547 982.332971 -1.474376 0.400000 -0.000000 0 -1.474376 0.000000 0.000000 0.000000 0.000000 1769116027.745000
1056.448281 982.264256 -1.476469 0.400000 -0.000000 0 -1.476469 0.000000 0.000000 0.000000 0.000000 1769116027.959000
1056.455031 982.191202 -1.474187 0.400000 -0.000000 0 -1.474187 0.000000 0.000000 0.000000 0.000000 1769116028.116000
1056.460816 982.128069 -1.480337 0.400000 -0.000000 0 -1.480337 0.000000 0.000000 0.000000 0.000000 1769116028.274000
1056.468195 982.078421 -1.477354 0.400000 -0.000000 0 -1.477354 0.000000 0.000000 0.000000 0.000000 1769116028.378001
1056.460784 982.012137 -1.472250 0.400000 -0.000000 0 -1.472250 0.000000 0.000000 0.000000 0.000000 1769116028.536000
1056.462674 981.958847 -1.471931 0.400000 -0.000000 0 -1.471931 0.000000 0.000000 0.000000 0.000000 1769116028.696300
1056.465423 981.903780 -1.473715 0.400000 -0.000000 0 -1.473715 0.000000 0.000000 0.000000 0.000000 1769116028.801000
1056.482505 981.839845 -1.472645 0.400000 -0.000000 0 -1.472645 0.000000 0.000000 0.000000 0.000000 1769116029.009000
1056.491540 981.789582 -1.474266 0.400000 -0.000000 0 -1.474266 0.000000 0.000000 0.000000 0.000000 1769116029.167000
1056.490007 981.727617 -1.470983 0.400000 -0.000000 0 -1.470983 0.000000 0.000000 0.000000 0.000000 1769116029.271000
1056.482774 981.677508 -1.474014 0.400000 -0.000000 0 -1.474014 0.000000 0.000000 0.000000 0.000000 1769116029.375001
1056.498270 981.626265 -1.472724 0.400000 -0.000000 0 -1.472724 0.000000 0.000000 0.000000 0.000000 1769116029.532000
1056.505262 981.573430 -1.472683 0.400000 -0.000000 0 -1.472683 0.000000 0.000000 0.000000 0.000000 1769116029.640000
1056.516514 981.510705 -1.475755 0.400000 -0.000000 0 -1.475755 0.000000 0.000000 0.000000 0.000000 1769116029.798001
1056.523233 981.454258 -1.471764 0.400000 -0.000000 0 -1.471764 0.000000 0.000000 0.000000 0.000000 1769116030.009001
1056.528723 981.385487 -1.472652 0.400000 -0.000000 0 -1.472652 0.000000 0.000000 0.000000 0.000000 1769116030.114000
1056.536483 981.334176 -1.475814 0.400000 -0.000000 0 -1.475814 0.000000 0.000000 0.000000 0.000000 1769116030.271000
1056.540124 981.278190 -1.471818 0.400000 -0.000000 0 -1.471818 0.000000 0.000000 0.000000 0.000000 1769116030.379441
1056.531716 981.224593 -1.477116 0.400000 -0.000000 0 -1.477116 0.000000 0.000000 0.000000 0.000000 1769116030.537001
1056.539382 981.151912 -1.473098 0.400000 -0.000000 0 -1.473098 0.000000 0.000000 0.000000 0.000000 1769116030.693000
1056.558117 981.069350 -1.470394 0.400000 -0.000000 0 -1.470394 0.000000 0.000000 0.000000 0.000000 1769116030.902000
1056.571458 980.997292 -1.475789 0.400000 -0.000000 0 -1.475789 0.000000 0.000000 0.000000 0.000000 1769116031.112000
1056.570753 980.923680 -1.472789 0.400000 -0.000000 0 -1.472789 0.000000 0.000000 0.000000 0.000000 1769116031.273000
1056.590729 980.845257 -1.478087 0.400000 -0.000000 0 -1.478087 0.000000 0.000000 0.000000 0.000000 1769116031.483001
1056.585059 980.779170 -1.471309 0.400000 -0.000000 0 -1.471309 0.000000 0.000000 0.000000 0.000000 1769116031.640000
1056.596467 980.715415 -1.475934 0.400000 -0.000000 0 -1.475934 0.000000 0.000000 0.000000 0.000000 1769116031.798000
1056.608852 980.662190 -1.476723 0.400000 -0.000000 0 -1.476723 0.000000 0.000000 0.000000 0.000000 1769116031.954000
1056.607318 980.605588 -1.472812 0.400000 -0.000000 0 -1.472812 0.000000 0.000000 0.000000 0.000000 1769116032.116001
1056.616202 980.554756 -1.476184 0.400000 -0.000000 0 -1.476184 0.000000 0.000000 0.000000 0.000000 1769116032.220000
1056.621494 980.503209 -1.473994 0.400000 -0.000000 0 -1.473994 0.000000 0.000000 0.000000 0.000000 1769116032.324000
1056.618868 980.447515 -1.474324 0.400000 -0.000000 0 -1.474324 0.000000 0.000000 0.000000 0.000000 1769116032.532081
1056.622872 980.391541 -1.474030 0.400000 -0.000000 0 -1.474030 0.000000 0.000000 0.000000 0.000000 1769116032.636000
1056.629520 980.325041 -1.471166 0.400000 -0.000000 0 -1.471166 0.000000 0.000000 0.000000 0.000000 1769116032.794000
1056.650293 980.255770 -1.476484 0.400000 -0.000000 0 -1.476484 0.000000 0.000000 0.000000 0.000000 1769116032.956000
1056.641231 980.185146 -1.473066 0.400000 -0.000000 0 -1.473066 0.000000 0.000000 0.000000 0.000000 1769116033.114000
1056.650176 980.134008 -1.476940 0.400000 -0.000000 0 -1.476940 0.000000 0.000000 0.000000 0.000000 1769116033.272001
1056.656916 980.066342 -1.472737 0.400000 -0.000000 0 -1.472737 0.000000 0.000000 0.000000 0.000000 1769116033.429001
1056.654740 980.011657 -1.474481 0.400000 -0.000000 0 -1.474481 0.000000 0.000000 0.000000 0.000000 1769116033.586000
1056.668002 979.959339 -1.472728 0.400000 -0.000000 0 -1.472728 0.000000 0.000000 0.000000 0.000000 1769116033.694323
1056.667147 979.903832 -1.470591 0.196000 -0.000000 0 -1.470591 0.000000 0.000000 0.000000 0.000000 1769116033.853001
