7757030.127466 -363689.165940 2.995586 0.131474 0.000183 1561484114.924460
7757029.622650 -363689.094477 2.995711 0.902524 0.000932 1561484115.623920
7757029.052755 -363689.012277 2.995755 1.338464 0.000183 1561484116.023534
7757028.517138 -363688.932581 2.995779 1.674563 0.000933 1561484116.323456
7757028.006947 -363688.855173 2.995897 1.895004 0.000433 1561484116.573137
7757027.437479 -363688.766561 2.995877 2.142136 -0.000448 1561484116.822798
7757026.941958 -363688.687961 2.995906 2.311174 -0.000701 1561484117.022606
7757026.414148 -363688.607097 2.995728 2.501959 -0.002089 1561484117.222309
7757025.844517 -363688.520777 2.995587 2.705596 -0.001841 1561484117.422126
7757025.248984 -363688.431481 2.995763 2.856840 0.001190 1561484117.622025
7757024.624790 -363688.339751 2.997470 3.024890 0.007903 1561484117.821792
7757023.970869 -363688.246950 2.999618 3.181077 0.008040 1561484118.021718
7757023.457669 -363688.175534 3.001590 3.324413 0.010209 1561484118.171649
7757022.931739 -363688.104391 3.003828 3.416346 0.010854 1561484118.321588
7757022.393126 -363688.033356 3.005871 3.504325 0.009464 1561484118.471403
7757021.840764 -363687.963535 3.007833 3.592303 0.009474 1561484118.621217
7757021.272380 -363687.890682 3.009353 3.692145 0.007445 1561484118.770931
7757020.695309 -363687.815980 3.010842 3.749479 0.007194 1561484118.920687
7757020.102946 -363687.739996 3.012237 3.860194 0.006947 1561484119.070529
7757019.492196 -363687.663057 3.013569 3.975852 0.006189 1561484119.220256
7757018.870062 -363687.584858 3.013969 4.053945 0.002096 1561484119.370179
7757018.236290 -363687.503581 3.014166 4.133027 0.002354 1561484119.520123
7757017.589787 -363687.418768 3.014427 4.218040 0.001586 1561484119.670068
7757016.935532 -363687.332789 3.014711 4.279329 0.001844 1561484119.819985
7757016.267980 -363687.246656 3.015462 4.374228 0.004417 1561484119.969868
7757015.592357 -363687.160225 3.016652 4.432551 0.004806 1561484120.119735
7757014.912018 -363687.073133 3.017822 4.474069 0.004809 1561484120.269554
7757014.226635 -363686.987295 3.019018 4.512621 0.004682 1561484120.419421
7757013.534282 -363686.902200 3.019989 4.552162 0.003395 1561484120.569213
7757012.840141 -363686.818324 3.020906 4.567979 0.003911 1561484120.719015
7757012.138454 -363686.734174 3.022036 4.629267 0.004172 1561484120.868864
7757011.432305 -363686.649986 3.022972 4.673751 0.003787 1561484121.018840
7757010.721778 -363686.565553 3.023985 4.710326 0.003919 1561484121.168759
7757010.010085 -363686.481985 3.025029 4.711315 0.004177 1561484121.318798
7757009.304388 -363686.400170 3.026034 4.684625 0.004176 1561484121.468684
7757008.603384 -363686.319062 3.027731 4.665843 0.007015 1561484121.618618
7757007.904716 -363686.238715 3.029440 4.673751 0.006241 1561484121.768384
7757007.206614 -363686.160091 3.030291 4.668808 0.002497 1561484121.918201
7757006.511173 -363686.083730 3.029653 4.652992 -0.003184 1561484122.067955
7757005.818048 -363686.007329 3.027999 4.625313 -0.006409 1561484122.217727
7757005.126954 -363685.929348 3.025457 4.622348 -0.009376 1561484122.367543
7757004.435032 -363685.849981 3.022804 4.623336 -0.009377 1561484122.517380
7757003.743651 -363685.769163 3.020283 4.595657 -0.007566 1561484122.667297
7757003.057304 -363685.687626 3.018794 4.553151 -0.004598 1561484122.817261
7757002.371574 -363685.604482 3.016717 4.564025 -0.007563 1561484122.967200
7757001.683133 -363685.518278 3.014552 4.585772 -0.006663 1561484123.117128
7757000.994760 -363685.429260 3.012972 4.591703 -0.004600 1561484123.266977
7757000.308695 -363685.339601 3.011063 4.588738 -0.006147 1561484123.416849
7756999.622468 -363685.247693 3.009432 4.596646 -0.004601 1561484123.566599
7756998.934318 -363685.153938 3.008110 4.628279 -0.004345 1561484123.716400
7756998.247812 -363685.059851 3.006880 4.647061 -0.003829 1561484123.866250
7756997.562366 -363684.964119 3.005803 4.668808 -0.002927 1561484124.016047
7756996.879988 -363684.868331 3.005078 4.658923 -0.002409 1561484124.165832
7756996.209237 -363684.773221 3.004630 4.583795 -0.000730 1561484124.315636
7756995.549962 -363684.679799 3.005249 4.519541 0.002750 1561484124.465441
7756994.895711 -363684.587942 3.006159 4.504713 0.003264 1561484124.615269
7756994.253748 -363684.498800 3.006770 4.416734 0.001589 1561484124.765117
7756993.640843 -363684.415060 3.007222 4.248685 0.001586 1561484124.915043
7756993.065310 -363684.336256 3.007838 4.019347 0.002479 1561484125.064942
7756992.527344 -363684.263454 3.008729 3.782100 0.004388 1561484125.214789
7756992.027646 -363684.198257 3.009988 3.556717 0.005269 1561484125.364496
7756991.403901 -363684.117352 3.011499 3.299700 0.005256 1561484125.564240
7756990.823611 -363684.043194 3.012848 3.156364 0.005249 1561484125.764017
7756990.294885 -363683.976898 3.014121 2.842012 0.005110 1561484125.963892
7756989.707774 -363683.905254 3.015742 2.539523 0.008124 1561484126.213747
7756989.186418 -363683.838219 3.017825 2.266690 0.008360 1561484126.463579
7756988.628115 -363683.758751 3.020121 1.702242 0.008582 1561484126.813456
7756988.114926 -363683.682182 3.022805 1.065631 0.009435 1561484127.312860
7756987.607754 -363683.613033 3.025975 0.776981 0.008304 1561484128.012042
7756987.092196 -363683.552744 3.028076 0.819488 -0.001567 1561484128.661509
7756986.580037 -363683.499530 3.030266 0.940088 0.012056 1561484129.211092
7756986.049368 -363683.442916 3.034028 1.030044 0.022309 1561484129.710481
7756985.490888 -363683.381349 3.043650 1.239612 0.070278 1561484130.159822
7756984.958998 -363683.327382 3.062899 1.503548 0.114975 1561484130.509223
7756984.434842 -363683.282204 3.088863 1.690379 0.144131 1561484130.808867
7756983.865155 -363683.253148 3.120298 1.822842 0.151385 1561484131.108665
7756983.362760 -363683.244547 -3.132784 1.927626 0.171250 1561484131.358656
7756982.819706 -363683.255698 -3.092188 2.095675 0.217042 1561484131.608461
7756982.246837 -363683.294683 -3.038083 2.221218 0.262507 1561484131.858251
7756981.642272 -363683.371299 -2.974480 2.341818 0.285751 1561484132.108076
7756981.146447 -363683.464322 -2.916825 2.414969 0.309375 1561484132.308308
7756980.637945 -363683.592272 -2.852896 2.531615 0.326649 1561484132.507821
7756980.122412 -363683.760743 -2.785112 2.605755 0.330294 1561484132.707706
7756979.603723 -363683.970784 -2.713649 2.694722 0.338911 1561484132.907527
7756979.080442 -363684.225507 -2.637899 2.809391 0.340733 1561484133.107178
7756978.560704 -363684.528677 -2.558225 2.915163 0.349739 1561484133.306955
7756978.054762 -363684.885055 -2.474170 2.999188 0.352840 1561484133.506724
7756977.570283 -363685.294329 -2.390451 3.061465 0.338404 1561484133.706665
7756977.111000 -363685.750167 -2.308580 3.145490 0.326692 1561484133.906624
7756976.778236 -363686.126437 -2.247934 3.240388 0.314671 1561484134.056491
7756976.463585 -363686.528307 -2.186724 3.291792 0.313317 1561484134.206416
7756976.172141 -363686.954621 -2.125797 3.336275 0.304201 1561484134.356151
7756975.902709 -363687.406908 -2.069213 3.415357 0.274363 1561484134.505991
7756975.655842 -363687.880727 -2.017817 3.465772 0.247483 1561484134.655790
7756975.432115 -363688.367213 -1.969268 3.471703 0.236113 1561484134.805696
7756975.227284 -363688.875166 -1.922100 3.571544 0.224232 1561484134.955426
7756975.043262 -363689.405454 -1.876491 3.634810 0.210492 1561484135.105351
7756974.881711 -363689.953075 -1.836139 3.697087 0.180512 1561484135.255175
7756974.740073 -363690.515877 -1.802067 3.749479 0.153809 1561484135.405027
7756974.615476 -363691.091091 -1.774941 3.806814 0.120706 1561484135.555089
7756974.503601 -363691.681712 -1.751624 3.870079 0.102741 1561484135.705118
7756974.405007 -363692.276112 -1.728617 3.870079 0.102741 1561484135.855190
7756974.318109 -363692.872235 -1.705698 3.870079 0.102741 1561484136.005159
7756974.243536 -363693.469731 -1.682830 3.870079 0.102741 1561484136.155083
7756974.178384 -363694.086529 -1.667691 4.054934 0.047781 1561484136.305000
7756974.118133 -363694.719167 -1.659332 4.110291 0.032329 1561484136.454894
7756974.061566 -363695.357401 -1.653475 4.159717 0.022483 1561484136.604711
7756974.007444 -363696.004898 -1.649573 4.220017 0.015059 1561484136.754943
7756973.954903 -363696.653506 -1.645850 4.249673 0.015066 1561484136.904305
7756973.904390 -363697.312974 -1.641767 4.307008 0.015975 1561484137.054083
7756973.856556 -363697.977280 -1.636836 4.337652 0.019965 1561484137.203853
7756973.812660 -363698.649989 -1.630201 4.396964 0.025765 1561484137.353561
7756973.773767 -363699.329707 -1.624298 4.448367 0.021020 1561484137.503300
7756973.739135 -363700.014163 -1.618975 4.484942 0.020001 1561484137.653044
7756973.707988 -363700.708464 -1.613497 4.558093 0.020020 1561484137.802943
7756973.678497 -363701.411471 -1.609325 4.600600 0.013458 1561484137.952854
7756973.651450 -363702.117288 -1.606688 4.627290 0.008817 1561484138.102914
7756973.625168 -363702.833366 -1.604266 4.684625 0.008309 1561484138.252902
7756973.599452 -363703.556839 -1.602406 4.737017 0.004824 1561484138.402941
7756973.572243 -363704.287017 -1.601555 4.762718 0.001465 1561484138.552780
7756973.544175 -363705.022672 -1.601041 4.784466 0.000172 1561484138.702724
7756973.518153 -363705.763796 -1.600231 4.842789 0.000689 1561484138.852517
7756973.492171 -363706.511284 -1.599948 4.872445 -0.001771 1561484139.002274
7756973.474146 -363707.012521 -1.599785 4.867502 -0.001642 1561484139.102167
7756973.457150 -363707.515636 -1.599520 4.888261 -0.001643 1561484139.202002
7756973.441922 -363708.017404 -1.599331 4.934722 -0.002290 1561484139.301822
7756973.428231 -363708.522574 -1.599664 4.967343 -0.005275 1561484139.401696
7756973.416019 -363709.027819 -1.600794 4.974263 -0.008522 1561484139.501585
7756973.402201 -363709.531145 -1.602022 4.969320 -0.009166 1561484139.601507
7756973.386567 -363710.036932 -1.603313 4.999965 -0.009429 1561484139.701413
7756973.368779 -363710.550048 -1.604545 5.063230 -0.008920 1561484139.801384
7756973.350244 -363711.065704 -1.605641 5.094863 -0.008276 1561484139.901352
7756973.331469 -363711.581689 -1.606602 5.092886 -0.007496 1561484140.001299
7756973.313423 -363712.099423 -1.607365 5.113645 -0.006588 1561484140.101192
7756973.295852 -363712.620135 -1.607747 5.135393 -0.004641 1561484140.201046
7756973.278177 -363713.139747 -1.607210 5.130450 -0.000220 1561484140.300945
7756973.259813 -363713.659224 -1.606353 5.141324 0.002120 1561484140.400768
7756973.239830 -363714.185931 -1.605398 5.200635 0.001601 1561484140.500658
7756973.217398 -363714.713900 -1.604940 5.237211 -0.001133 1561484140.600524
7756973.193068 -363715.242673 -1.604654 5.238199 -0.001394 1561484140.700399
7756973.171841 -363715.773978 -1.603833 5.259947 0.000690 1561484140.800358
7756973.153521 -363716.307454 -1.602681 5.294545 0.001864 1561484140.900366
7756973.138771 -363716.843309 -1.601629 5.330132 0.001473 1561484141.000302
7756973.126374 -363717.380353 -1.600788 5.356822 0.001082 1561484141.100265
7756973.114849 -363717.920574 -1.599698 5.383513 0.002127 1561484141.200255
7756973.103552 -363718.464029 -1.598605 5.420088 0.002389 1561484141.300189
7756973.092431 -363719.011411 -1.597981 5.456664 0.000430 1561484141.400142
7756973.081250 -363719.562223 -1.597773 5.482365 -0.000878 1561484141.500098
7756973.069902 -363720.112884 -1.597951 5.493239 -0.002316 1561484141.599989
7756973.058296 -363720.664762 -1.597885 5.503124 -0.001402 1561484141.699951
7756973.046372 -363721.220711 -1.598038 5.539700 -0.002057 1561484141.799821
7756973.034022 -363721.781586 -1.598273 5.591103 -0.002059 1561484141.899704
7756973.021173 -363722.347206 -1.598812 5.635587 -0.003241 1561484141.999638
7756973.007777 -363722.914880 -1.599455 5.662277 -0.003635 1561484142.099446
7756972.993742 -363723.485206 -1.600173 5.683036 -0.003637 1561484142.199309
7756972.979056 -363724.057457 -1.600932 5.702806 -0.003639 1561484142.299147
7756972.963684 -363724.633714 -1.601434 5.740370 -0.002066 1561484142.399113
7756972.947794 -363725.216601 -1.601368 5.809567 0.000035 1561484142.498976
7756972.931633 -363725.802586 -1.601594 5.835269 -0.000886 1561484142.598867
7756972.915015 -363726.390028 -1.602556 5.856028 -0.003650 1561484142.698728
7756972.897662 -363726.979642 -1.603622 5.876787 -0.003915 1561484142.798657
7756972.879545 -363727.571987 -1.604381 5.908420 -0.002469 1561484142.898458
7756972.860762 -363728.168348 -1.604961 5.934122 -0.001811 1561484142.998447
7756972.841441 -363728.766018 -1.605759 5.961800 -0.002867 1561484143.098277
7756972.821246 -363729.369310 -1.606918 6.001341 -0.003793 1561484143.198251
7756972.800194 -363729.975481 -1.607934 6.030997 -0.003267 1561484143.298195
7756972.778798 -363730.586585 -1.608475 6.071527 0.000429 1561484143.398151
7756972.756219 -363731.196641 -1.608400 6.088332 0.000957 1561484143.498121
7756972.733825 -363731.809398 -1.608601 6.104148 0.000165 1561484143.597968
7756972.711338 -363732.425527 -1.608977 6.124907 0.001090 1561484143.697869
7756972.688110 -363733.040557 -1.608763 6.148632 0.001884 1561484143.797734
7756972.664843 -363733.662671 -1.608715 6.199047 0.001621 1561484143.897631
7756972.641309 -363734.289232 -1.608922 6.235622 0.000429 1561484143.997533
7756972.617378 -363734.918810 -1.609563 6.258358 -0.001294 1561484144.097459
7756972.593008 -363735.547023 -1.610224 6.254404 -0.000897 1561484144.197330
7756972.568334 -363736.175354 -1.610115 6.254404 0.001887 1561484144.297258
7756972.543443 -363736.809509 -1.609845 6.317670 0.002817 1561484144.397150
7756972.518367 -363737.452134 -1.609601 6.390821 0.002024 1561484144.497146
7756972.493110 -363738.097036 -1.610376 6.411580 -0.001831 1561484144.597134
7756972.467290 -363738.742081 -1.611318 6.415534 -0.002231 1561484144.697134
7756972.440846 -363739.387462 -1.612192 6.423442 -0.002098 1561484144.797075
7756972.413857 -363740.032735 -1.612871 6.424430 -0.001300 1561484144.897028
7756972.386137 -363740.682313 -1.613780 6.467926 -0.001834 1561484144.996933
7756972.357684 -363741.336902 -1.614297 6.516363 -0.000371 1561484145.096818
7756972.328909 -363741.992235 -1.614497 6.519329 0.000961 1561484145.196763
7756972.300138 -363742.646205 -1.614266 6.519329 0.002560 1561484145.296573
7756972.271421 -363743.303570 -1.613915 6.545031 0.002561 1561484145.396439
7756972.242620 -363743.966658 -1.613823 6.602365 0.001896 1561484145.496291
7756972.213611 -363744.634273 -1.614215 6.643883 -0.000239 1561484145.596155
7756972.184306 -363745.301015 -1.615013 6.643883 -0.001575 1561484145.696039
7756972.154724 -363745.963566 -1.615688 6.606319 -0.001306 1561484145.795897
7756972.124730 -363746.627562 -1.615878 6.610273 0.000695 1561484145.895792
7756972.094550 -363747.295025 -1.615592 6.654757 0.002298 1561484145.995639
7756972.064354 -363747.965260 -1.615558 6.676505 0.001364 1561484146.095573
7756972.034117 -363748.635682 -1.615674 6.670573 0.001096 1561484146.195553
7756972.004033 -363749.303971 -1.615182 6.658711 0.003234 1561484146.295478
7756971.974214 -363749.974854 -1.614446 6.679470 0.003902 1561484146.395447
7756971.944504 -363750.650052 -1.614435 6.721977 0.001364 1561484146.495389
7756971.914677 -363751.327878 -1.614698 6.753610 0.000161 1561484146.595370
7756971.884633 -363752.008045 -1.614581 6.768438 0.001901 1561484146.695336
7756971.854703 -363752.688529 -1.614149 6.773380 0.002972 1561484146.795286
7756971.825048 -363753.369635 -1.613576 6.786231 0.003776 1561484146.895259
7756971.795719 -363754.053214 -1.612894 6.811933 0.003777 1561484146.995220
7756971.766736 -363754.738214 -1.612591 6.826761 0.002036 1561484147.095155
7756971.737881 -363755.423277 -1.612582 6.821818 0.001366 1561484147.195155
7756971.709155 -363756.107959 -1.612118 6.825772 0.003243 1561484147.295137
7756971.680677 -363756.795673 -1.611492 6.861359 0.003245 1561484147.395071
7756971.652470 -363757.484517 -1.611336 6.869267 0.001904 1561484147.495065
7756971.624431 -363758.172874 -1.611109 6.865313 0.002305 1561484147.594990
7756971.596451 -363758.864488 -1.610826 6.890026 0.002306 1561484147.695069
7756971.568642 -363759.556654 -1.610613 6.910785 0.002038 1561484147.795048
7756971.540940 -363760.250242 -1.610327 6.930556 0.002308 1561484147.894898
7756971.513261 -363760.947558 -1.610144 6.957246 0.002040 1561484147.994834
7756971.485661 -363761.646624 -1.609959 6.978994 0.001907 1561484148.094793
7756971.458195 -363762.345323 -1.609919 6.979982 0.001100 1561484148.194656
7756971.430689 -363763.043984 -1.610323 6.975039 -0.000648 1561484148.294608
7756971.402792 -363763.743003 -1.611069 6.992833 -0.001589 1561484148.394501
7756971.374213 -363764.445070 -1.611925 7.026443 -0.001860 1561484148.494328
7756971.344906 -363765.150507 -1.612800 7.050167 -0.002265 1561484148.594199
7756971.314778 -363765.856850 -1.614128 7.068949 -0.003613 1561484148.694062
7756971.283561 -363766.564461 -1.615654 7.079823 -0.004287 1561484148.793935
7756971.251229 -363767.273009 -1.617072 7.085754 -0.004153 1561484148.893841
7756971.217831 -363767.982356 -1.618505 7.089708 -0.004153 1561484148.993773
7756971.183355 -363768.691869 -1.620116 7.100582 -0.004829 1561484149.093614
7756971.147587 -363769.403889 -1.621690 7.121341 -0.004561 1561484149.193486
7756971.110657 -363770.117285 -1.622971 7.147043 -0.003350 1561484149.293308
7756971.072821 -363770.832279 -1.623677 7.151986 -0.001596 1561484149.393212
7756971.034490 -363771.546876 -1.624175 7.149020 -0.000652 1561484149.493079
7756970.995793 -363772.262610 -1.624371 7.163848 0.000158 1561484149.592962
7756970.956733 -363772.981724 -1.624616 7.199435 0.000022 1561484149.692791
7756970.917461 -363773.701089 -1.624945 7.193504 -0.000248 1561484149.792693
7756970.878059 -363774.419083 -1.625135 7.182630 0.000158 1561484149.892609
7756970.838496 -363775.136945 -1.625374 7.188561 0.000023 1561484149.992450
7756970.798736 -363775.855365 -1.625565 7.191527 0.000158 1561484150.092316
7756970.758864 -363776.574338 -1.625566 7.194492 0.000967 1561484150.192195
7756970.719083 -363777.293378 -1.625095 7.199435 0.003264 1561484150.292062
7756970.679729 -363778.013721 -1.624245 7.216240 0.003670 1561484150.391871
7756970.641050 -363778.732195 -1.623653 7.200423 0.002859 1561484150.491662
7756970.602757 -363779.450884 -1.623367 7.195481 0.001643 1561484150.591525
7756970.564766 -363780.167868 -1.623114 7.183618 0.001643 1561484150.691361
7756970.527070 -363780.883551 -1.622636 7.163848 0.002587 1561484150.791216
7756970.489735 -363781.599032 -1.622191 7.157917 0.002316 1561484150.891128
7756970.452699 -363782.314541 -1.621889 7.161871 0.001642 1561484150.991032
7756970.415729 -363783.032378 -1.621690 7.183618 0.001373 1561484151.091024
7756970.378794 -363783.751279 -1.621633 7.195481 0.000967 1561484151.190967
7756970.341947 -363784.469750 -1.621422 7.178676 0.001643 1561484151.291006
7756970.305514 -363785.183807 -1.621171 7.146054 0.001372 1561484151.390989
7756970.269283 -363785.895564 -1.621118 7.125295 0.000967 1561484151.490896
7756970.233160 -363786.607216 -1.620895 7.116399 0.001371 1561484151.590902
7756970.197273 -363787.317193 -1.620795 7.116399 0.000697 1561484151.690769
7756970.161387 -363788.027725 -1.620889 7.114422 0.000158 1561484151.790701
7756970.125589 -363788.735647 -1.620978 7.088720 0.000158 1561484151.890561
7756970.089815 -363789.443087 -1.620951 7.083777 0.000428 1561484151.990406
7756970.054019 -363790.151437 -1.620885 7.098605 0.000697 1561484152.090241
7756970.018166 -363790.861351 -1.620997 7.104536 0.000158 1561484152.190217
7756969.982421 -363791.569007 -1.620996 7.105525 0.000428 1561484152.289991
7756969.946752 -363792.276206 -1.620921 7.093663 0.000697 1561484152.389904
7756969.911255 -363792.982700 -1.620661 7.081800 0.001371 1561484152.489770
7756969.876010 -363793.688129 -1.620401 7.076858 0.001371 1561484152.589612
7756969.841110 -363794.392179 -1.619941 7.069938 0.002583 1561484152.689516
7756969.806575 -363795.096648 -1.619301 7.059064 0.002582 1561484152.789488
7756969.772704 -363795.797311 -1.618775 7.013592 0.002311 1561484152.889424
7756969.739312 -363796.495467 -1.618214 7.001730 0.002310 1561484152.989331
7756969.706593 -363797.189578 -1.617844 6.964166 0.002040 1561484153.089259
7756969.674129 -363797.882591 -1.617255 6.956257 0.002578 1561484153.189089
7756969.642265 -363798.572806 -1.616802 6.928579 0.002039 1561484153.289034
7756969.610970 -363799.260648 -1.616453 6.925613 0.002039 1561484153.388914
7756969.579697 -363799.949810 -1.615912 6.914739 0.002307 1561484153.488808
7756969.549149 -363800.633696 -1.615479 6.865313 0.002038 1561484153.588770
7756969.519066 -363801.312549 -1.615492 6.820829 0.000160 1561484153.688708
7756969.488959 -363801.990481 -1.615720 6.806002 -0.000242 1561484153.788691
7756969.458808 -363802.666650 -1.615574 6.788208 0.001366 1561484153.888662
7756969.428936 -363803.337746 -1.615520 6.745701 0.000695 1561484153.988611
7756969.399236 -363804.004165 -1.615505 6.701218 0.000695 1561484154.088562
7756969.369677 -363804.667441 -1.615359 6.661677 0.001364 1561484154.188496
7756969.340614 -363805.322230 -1.615119 6.562824 0.001362 1561484154.288458
7756969.312112 -363805.965514 -1.615153 6.451121 0.000694 1561484154.388394
7756969.284006 -363806.599326 -1.615092 6.370062 0.000960 1561484154.488284
7756969.256272 -363807.225430 -1.614972 6.286037 0.001092 1561484154.588253
7756969.229076 -363807.840684 -1.614905 6.184219 0.000693 1561484154.688095
7756969.202222 -363808.445539 -1.615225 6.076469 -0.000364 1561484154.788003
7756969.175559 -363809.040768 -1.615481 5.984536 0.000033 1561484154.887896
7756969.149161 -363809.625685 -1.615614 5.882718 0.000166 1561484154.987738
7756969.123029 -363810.201154 -1.615684 5.782877 0.000430 1561484155.087607
7756969.097364 -363810.765166 -1.615896 5.677105 -0.000227 1561484155.187448
7756969.072112 -363811.319226 -1.615850 5.565401 0.000953 1561484155.287363
7756969.047518 -363811.861905 -1.615614 5.460618 0.001607 1561484155.387128
7756969.023441 -363812.396194 -1.615667 5.378570 0.000430 1561484155.486949
7756968.999825 -363812.921823 -1.615799 5.293557 0.000039 1561484155.586771
7756968.976611 -363813.439141 -1.615973 5.220406 0.000040 1561484155.686533
7756968.953768 -363813.948578 -1.616085 5.132427 0.000170 1561484155.786366
7756968.920632 -363814.688373 -1.616296 4.948561 0.000041 1561484155.936065
7756968.888240 -363815.411643 -1.616534 4.847732 0.000689 1561484156.085871
7756968.856931 -363816.118107 -1.615409 4.733062 0.005989 1561484156.235686
7756968.827691 -363816.804330 -1.613273 4.591703 0.010623 1561484156.385491
7756968.801377 -363817.470410 -1.609259 4.461218 0.018716 1561484156.535368
7756968.779205 -363818.117834 -1.602166 4.333698 0.032689 1561484156.685248
7756968.763105 -363818.743711 -1.591182 4.192339 0.051081 1561484156.835089
7756968.755001 -363819.346915 -1.576909 4.031209 0.065662 1561484156.985045
7756968.755635 -363819.931710 -1.562134 3.924448 0.068124 1561484157.134982
7756968.764787 -363820.508775 -1.546846 3.886884 0.072669 1561484157.284881
7756968.783168 -363821.087802 -1.529573 3.913574 0.080438 1561484157.434804
7756968.811697 -363821.667122 -1.511094 3.908632 0.086169 1561484157.584741
7756968.850828 -363822.242344 -1.491272 3.886884 0.093639 1561484157.734685
7756968.900966 -363822.807135 -1.468491 3.806814 0.108630 1561484157.884602
7756968.963462 -363823.362273 -1.442176 3.787043 0.127994 1561484158.034470
7756969.042594 -363823.925879 -1.411974 3.849320 0.140312 1561484158.184335
7756969.138077 -363824.482670 -1.379872 3.796928 0.150558 1561484158.334178
7756969.250010 -363825.028052 -1.345793 3.749479 0.161452 1561484158.483978
7756969.378572 -363825.560207 -1.309289 3.697087 0.175545 1561484158.633842
7756969.526650 -363826.086268 -1.270145 3.702030 0.188199 1561484158.783758
7756969.695260 -363826.605259 -1.229733 3.691156 0.192652 1561484158.933594
7756969.883829 -363827.114003 -1.189388 3.666443 0.192473 1561484159.083404
7756970.088786 -363827.605692 -1.150267 3.587361 0.189471 1561484159.233146
7756970.310735 -363828.085628 -1.113285 3.570556 0.180752 1561484159.382989
7756970.548307 -363828.554257 -1.078549 3.532003 0.170142 1561484159.532837
7756970.800243 -363829.012208 -1.045270 3.525084 0.167125 1561484159.682749
7756971.068694 -363829.463987 -1.010913 3.530026 0.173613 1561484159.832743
7756971.351129 -363829.904201 -0.976443 3.509267 0.170337 1561484159.982759
7756971.647833 -363830.334372 -0.944451 3.515198 0.158268 1561484160.132628
7756971.957927 -363830.755365 -0.914176 3.504325 0.150400 1561484160.282533
7756972.276178 -363831.162038 -0.886057 3.461818 0.142086 1561484160.432363
7756972.605444 -363831.559903 -0.859547 3.465772 0.133327 1561484160.582199
7756972.948943 -363831.954120 -0.835129 3.503336 0.121832 1561484160.731989
7756973.301866 -363832.340508 -0.812760 3.507290 0.111646 1561484160.881781
7756973.661685 -363832.717861 -0.792234 3.498394 0.102561 1561484161.031557
7756974.028814 -363833.088259 -0.774799 3.503336 0.085008 1561484161.181363
7756974.403800 -363833.454810 -0.761560 3.524095 0.063362 1561484161.331272
7756974.785813 -363833.819645 -0.752567 3.544854 0.043565 1561484161.481194
7756975.172260 -363834.182488 -0.744517 3.555728 0.041917 1561484161.631147
7756975.561308 -363834.541854 -0.736250 3.545843 0.042167 1561484161.781109
7756975.953679 -363834.898387 -0.728639 3.547820 0.037210 1561484161.931033
7756976.346621 -363835.250394 -0.722746 3.530026 0.029318 1561484162.080784
7756976.740342 -363835.599014 -0.717611 3.530026 0.025756 1561484162.230626
7756977.136443 -363835.946092 -0.712660 3.524095 0.025500 1561484162.380473
7756977.532445 -363836.289649 -0.708502 3.508279 0.020153 1561484162.530327
7756977.929826 -363836.631532 -0.704949 3.523107 0.018248 1561484162.680145
7756978.330570 -363836.973594 -0.701111 3.533980 0.019904 1561484162.829937
7756978.732358 -363837.313484 -0.696198 3.529038 0.026010 1561484162.979775
7756979.135969 -363837.650763 -0.688791 3.521130 0.038851 1561484163.129522
7756979.541690 -363837.983794 -0.678311 3.527061 0.054353 1561484163.279364
7756979.955806 -363838.315444 -0.664174 3.555728 0.072390 1561484163.429224
7756980.375798 -363838.641061 -0.646281 3.555728 0.089991 1561484163.579103
7756980.801795 -363838.958132 -0.624342 3.549797 0.110060 1561484163.729015
7756981.232625 -363839.263368 -0.598877 3.531015 0.128653 1561484163.878819
7756981.670526 -363839.556184 -0.569490 3.521130 0.149179 1561484164.028651
7756982.114347 -363839.833298 -0.534992 3.498394 0.177265 1561484164.178592
7756982.565352 -363840.092416 -0.494695 3.479612 0.205604 1561484164.328375
7756983.025175 -363840.331361 -0.449450 3.452921 0.229016 1561484164.478242
7756983.489547 -363840.545761 -0.400444 3.402506 0.248282 1561484164.628191
7756983.958291 -363840.734423 -0.348260 3.371862 0.270298 1561484164.778047
7756984.431682 -363840.895860 -0.290884 3.330344 0.297240 1561484164.927967
7756985.066440 -363841.064855 -0.210485 3.282895 0.314340 1561484165.127686
7756985.705815 -363841.180215 -0.126386 3.245331 0.331531 1561484165.327515
7756986.342820 -363841.240289 -0.041967 3.187996 0.332612 1561484165.527356
7756986.979224 -363841.246936 0.039894 3.182065 0.321937 1561484165.727291
7756987.610472 -363841.203581 0.113618 3.151421 0.288922 1561484165.927182
7756988.230478 -363841.116882 0.178826 3.118800 0.263283 1561484166.127257
7756988.847786 -363840.989905 0.241717 3.145490 0.255928 1561484166.327323
7756989.453746 -363840.825423 0.302791 3.125719 0.247822 1561484166.527260
7756990.049049 -363840.625159 0.359419 3.136593 0.225973 1561484166.727150
7756990.639614 -363840.390726 0.406899 3.177123 0.184696 1561484166.926985
7756991.232833 -363840.123982 0.446147 3.256205 0.143513 1561484167.126864
7756991.830146 -363839.829692 0.475145 3.328367 0.103882 1561484167.326849
7756992.280574 -363839.594543 0.492084 3.380759 0.083626 1561484167.476878
7756992.739077 -363839.345900 0.505989 3.466761 0.069018 1561484167.626874
7756993.203847 -363839.085619 0.518773 3.544854 0.061981 1561484167.776758
7756993.673523 -363838.814913 0.530411 3.598235 0.056302 1561484167.926744
7756994.146734 -363838.534854 0.541942 3.646672 0.055061 1561484168.076628
7756994.626810 -363838.243517 0.552308 3.729709 0.046838 1561484168.226553
7756995.115070 -363837.940793 0.561076 3.807802 0.039614 1561484168.376450
7756995.609610 -363837.628538 0.568806 3.879965 0.034158 1561484168.526312
7756996.112477 -363837.306001 0.575463 3.959047 0.028950 1561484168.676099
7756996.621984 -363836.974772 0.580976 4.028243 0.021297 1561484168.825976
7756997.138208 -363836.635805 0.584307 4.090521 0.012090 1561484168.975760
7756997.665429 -363836.287707 0.586180 4.185419 0.007101 1561484169.125602
7756998.207246 -363835.928922 0.587145 4.302065 0.003771 1561484169.275469
7756998.756622 -363835.564525 0.588122 4.359400 0.003773 1561484169.425263
7756999.319018 -363835.190632 0.589115 4.475057 0.003392 1561484169.575111
7756999.892894 -363834.807880 0.589959 4.559082 0.002752 1561484169.724880
7757000.476257 -363834.417783 0.590614 4.638164 0.002367 1561484169.874740
7757001.069555 -363834.020018 0.591691 4.715269 0.003919 1561484170.024589
7757001.672651 -363833.614369 0.592941 4.807202 0.003923 1561484170.174462
7757002.283414 -363833.202212 0.594134 4.863548 0.003926 1561484170.324186
7757002.903621 -363832.782333 0.595106 4.951527 0.003023 1561484170.474022
7757003.327003 -363832.494694 0.595766 5.020724 0.003026 1561484170.573866
7757003.746484 -363832.209838 0.596371 5.047414 0.003027 1561484170.673718
7757004.177354 -363831.915910 0.597163 5.131438 0.003420 1561484170.773586
7757004.607127 -363831.623144 0.597796 5.188773 0.003032 1561484170.873403
7757005.046014 -363831.323405 0.598289 5.245119 0.002514 1561484170.973258
7757005.486218 -363831.022446 0.598875 5.255993 0.002774 1561484171.073142
7757005.928709 -363830.719626 0.599456 5.296522 0.003037 1561484171.172933
7757006.377200 -363830.412367 0.600142 5.362754 0.003301 1561484171.272788
7757006.830881 -363830.101211 0.600722 5.424042 0.003042 1561484171.372608
7757007.290396 -363829.785691 0.601383 5.492250 0.003045 1561484171.472542
7757007.754234 -363829.466892 0.601660 5.560459 0.001084 1561484171.572340
7757008.221267 -363829.145906 0.601402 5.595057 -0.000880 1561484171.672295
7757008.690600 -363828.823533 0.601405 5.613839 0.000430 1561484171.772128
7757009.164484 -363828.498090 0.601531 5.669197 0.000691 1561484171.872033
7757009.643706 -363828.169075 0.601284 5.740370 -0.000753 1561484171.971869
7757010.127811 -363827.836939 0.601005 5.789797 -0.001148 1561484172.071797
7757010.615394 -363827.502748 0.600518 5.828349 -0.001806 1561484172.171699
7757011.106520 -363827.166590 0.599838 5.876787 -0.002862 1561484172.271525
7757011.602264 -363826.827875 0.599006 5.924236 -0.003259 1561484172.371383
7757012.101437 -363826.487418 0.598454 5.970697 -0.002076 1561484172.471257
7757012.605166 -363826.144263 0.598142 6.019135 -0.001155 1561484172.571171
7757013.114643 -363825.797515 0.597586 6.077458 -0.002478 1561484172.671104
7757013.627795 -363825.448816 0.596709 6.129850 -0.003406 1561484172.770947
7757014.143395 -363825.099092 0.596111 6.143689 -0.002084 1561484172.870855
7757014.661431 -363824.748209 0.595627 6.170379 -0.001821 1561484172.970760
7757015.181004 -363824.396687 0.595337 6.202012 -0.001160 1561484173.070632
7757015.705677 -363824.042019 0.595054 6.255393 -0.001162 1561484173.170477
7757016.235101 -363823.684441 0.594778 6.313716 -0.001164 1561484173.270286
7757016.768375 -363823.324502 0.594755 6.359188 -0.000235 1561484173.370132
7757017.305431 -363822.962126 0.594794 6.405648 0.000030 1561484173.469983
7757017.847068 -363822.596718 0.594849 6.427396 0.000030 1561484173.570183
7757018.385374 -363822.233615 0.594939 6.444201 0.000163 1561484173.669687
7757018.926839 -363821.868402 0.595065 6.455075 0.000163 1561484173.769529
7757019.471952 -363821.500726 0.595214 6.490662 0.000162 1561484173.869421
7757020.019030 -363821.131715 0.595387 6.538111 0.000162 1561484173.969221
7757020.573652 -363820.758453 0.595662 6.577652 0.000162 1561484174.069068
7757021.122880 -363820.387057 0.595834 6.594457 0.000429 1561484174.168920
7757021.677176 -363820.012958 0.596229 6.603354 0.000429 1561484174.268805
7757022.231430 -363819.638771 0.596490 6.614227 0.000162 1561484174.368620
7757022.788724 -363819.262378 0.596839 6.638941 0.000028 1561484174.468511
7757023.348283 -363818.884469 0.596531 6.663654 -0.002511 1561484174.568398
7757023.910208 -363818.505601 0.595192 6.684413 -0.006387 1561484174.668320
7757024.474903 -363818.126039 0.593802 6.706160 -0.006658 1561484174.768268
7757025.040650 -363817.746780 0.592626 6.720988 -0.006392 1561484174.868215
7757025.605836 -363817.364787 0.591440 6.722965 -0.006393 1561484174.968226
7757026.171578 -363816.983334 0.590502 6.737793 -0.005191 1561484175.068167
7757026.740521 -363816.600523 0.589908 6.773380 -0.003722 1561484175.168036
7757027.309886 -363816.217861 0.589933 6.778323 -0.001848 1561484175.267925
7757027.878008 -363815.836245 0.589712 6.767449 -0.002249 1561484175.367844
7757028.446373 -363815.454476 0.589503 6.785242 -0.002116 1561484175.467700
7757029.015899 -363815.071375 0.589224 6.810944 -0.002252 1561484175.567502
7757029.586389 -363814.687558 0.588972 6.820829 -0.001850 1561484175.667426
7757030.155863 -363814.304767 0.588993 6.814898 -0.000644 1561484175.767313
7757030.723384 -363813.923458 0.589570 6.794139 0.001634 1561484175.867174
7757031.290046 -363813.542378 0.590479 6.793151 0.002973 1561484175.967007
7757031.858095 -363813.159677 0.591116 6.812921 0.001634 1561484176.066916
7757032.425474 -363812.777119 0.591480 6.806002 0.001366 1561484176.166709
7757032.991117 -363812.395648 0.592339 6.775357 0.003241 1561484176.266602
7757033.553462 -363812.015906 0.593209 6.754598 0.002837 1561484176.366439
7757034.114402 -363811.636647 0.593596 6.754598 0.001097 1561484176.466255
7757034.675328 -363811.257403 0.593748 6.754598 0.000695 1561484176.566163
7757035.233959 -363810.879265 0.593764 6.744713 0.000161 1561484176.665993
7757035.789541 -363810.503171 0.593382 6.722965 -0.001310 1561484176.765801
7757036.343241 -363810.128506 0.593047 6.711103 -0.001176 1561484176.865702
7757036.895458 -363809.755545 0.592596 6.705172 -0.001845 1561484176.965528
7757037.450117 -363809.381946 0.591962 6.721977 -0.002113 1561484177.065420
7757038.007033 -363809.007564 0.591600 6.727908 -0.001310 1561484177.165352
7757038.562081 -363808.635262 0.591487 6.695287 0.000027 1561484177.265339
7757039.113902 -363808.265878 0.591852 6.669585 0.001363 1561484177.365287
7757039.665950 -363807.895960 0.592360 6.675516 0.001631 1561484177.465217
7757040.220143 -363807.524176 0.592481 6.681447 0.000429 1561484177.565125
7757040.771295 -363807.153857 0.592513 6.643883 0.000161 1561484177.665065
7757041.320726 -363806.784301 0.592924 6.616205 0.001363 1561484177.764952
7757041.870945 -363806.413597 0.593845 6.617193 0.003498 1561484177.864904
7757042.420503 -363806.042953 0.594672 6.612250 0.002964 1561484177.964756
7757042.969153 -363805.671663 0.595467 6.601377 0.002963 1561484178.064631
7757043.515550 -363805.300653 0.596132 6.576663 0.002562 1561484178.164479
7757044.061353 -363804.930137 0.596807 6.568755 0.002562 1561484178.264326
7757044.605788 -363804.560426 0.597556 6.569744 0.002828 1561484178.364167
7757045.149492 -363804.190773 0.598362 6.552939 0.002961 1561484178.464082
7757045.690249 -363803.822199 0.599087 6.533168 0.002560 1561484178.563996
7757046.226439 -363803.456379 0.599666 6.475834 0.001893 1561484178.663983
7757046.755145 -363803.095142 0.600129 6.400706 0.001891 1561484178.763912
7757047.278280 -363802.737738 0.600727 6.342383 0.002287 1561484178.863824
7757047.795037 -363802.384377 0.601365 6.295922 0.002285 1561484178.963783
7757048.304074 -363802.035959 0.602014 6.223760 0.002283 1561484179.063713
7757048.807554 -363801.690845 0.602501 6.147643 0.001355 1561484179.163679
7757049.304508 -363801.349267 0.602760 6.097228 0.000693 1561484179.263653
7757049.793246 -363801.012289 0.603150 6.005295 0.001089 1561484179.363558
7757050.274014 -363800.680669 0.603483 5.908420 0.000956 1561484179.463528
7757050.746988 -363800.353994 0.603716 5.828349 0.000692 1561484179.563479
7757051.214905 -363800.030822 0.603856 5.767061 0.000167 1561484179.663367
7757051.676656 -363799.711663 0.603887 5.709726 -0.000227 1561484179.763248
7757052.132057 -363799.396537 0.603991 5.635587 0.000168 1561484179.863215
7757052.580617 -363799.086055 0.604207 5.555516 0.000691 1561484179.963090
7757053.020326 -363798.781276 0.604133 5.461606 -0.000485 1561484180.062978
7757053.454958 -363798.480123 0.603990 5.381536 -0.000876 1561484180.162859
7757053.884069 -363798.182856 0.603834 5.325190 -0.000875 1561484180.262695
7757054.310344 -363797.887388 0.603754 5.271809 -0.000222 1561484180.362640
7757054.729418 -363797.597402 0.603803 5.205578 0.000170 1561484180.462495
7757055.143532 -363797.310665 0.603965 5.137370 0.000690 1561484180.562375
7757055.756347 -363796.885430 0.604283 5.063230 0.001599 1561484180.712173
7757056.355505 -363796.469253 0.604349 4.952515 0.000041 1561484180.861950
7757056.945060 -363796.060779 0.603880 4.879364 -0.000865 1561484181.011799
7757057.520269 -363795.663325 0.603684 4.763707 -0.000216 1561484181.161655
7757058.083574 -363795.273562 0.603205 4.678694 -0.001636 1561484181.311447
7757058.636064 -363794.890273 0.602324 4.595657 -0.002278 1561484181.461260
7757059.175608 -363794.517047 0.601475 4.490874 -0.002274 1561484181.611040
7757059.697538 -363794.158644 0.600594 4.332709 -0.002397 1561484181.760890
7757060.204263 -363793.810577 0.599676 4.212109 -0.002264 1561484181.910820
7757060.696572 -363793.472374 0.598829 4.101394 -0.002260 1561484182.060663
7757061.175799 -363793.143155 0.597701 3.984748 -0.002895 1561484182.210605
7757061.635414 -363792.828507 0.597061 3.828561 -0.000207 1561484182.360499
7757062.080817 -363792.524860 0.596998 3.707961 0.002089 1561484182.510412
7757062.509405 -363792.232144 0.597817 3.570556 0.008326 1561484182.660226
7757062.927661 -363791.944357 0.600000 3.496416 0.015063 1561484182.810068
7757063.465353 -363791.573141 0.603885 3.355057 0.018978 1561484183.009799
7757063.982123 -363791.215742 0.609887 3.223583 0.031639 1561484183.209433
7757064.482268 -363790.864418 0.619554 3.136593 0.048952 1561484183.409220
7757064.962518 -363790.518457 0.635204 3.025878 0.078310 1561484183.609068
7757065.421745 -363790.175786 0.655355 2.911209 0.098983 1561484183.808932
7757065.851765 -363789.839925 0.678236 2.783689 0.111006 1561484184.008823
7757066.254038 -363789.511256 0.700146 2.652215 0.108128 1561484184.208709
7757066.634573 -363789.186161 0.720940 2.567202 0.111415 1561484184.408469
7757067.079759 -363788.783704 0.753443 2.442648 0.156221 1561484184.658176
7757067.490975 -363788.383369 0.794706 2.346761 0.193033 1561484184.907662
7757067.867030 -363787.986523 0.841494 2.237034 0.223430 1561484185.157321
7757068.207742 -363787.590610 0.887868 2.132251 0.225196 1561484185.407052
7757068.576124 -363787.121944 0.941653 2.011650 0.235599 1561484185.707083
7757068.904996 -363786.653825 1.000481 1.944431 0.271715 1561484186.006848
7757069.199882 -363786.177501 1.060711 1.885119 0.273252 1561484186.306494
7757069.465597 -363785.686508 1.123014 1.874245 0.289895 1561484186.606062
7757069.694046 -363785.196028 1.186565 1.790221 0.310875 1561484186.905585
7757069.885115 -363784.697390 1.253530 1.765507 0.325197 1561484187.205132
7757070.041139 -363784.192874 1.320763 1.744748 0.322640 1561484187.504989
7757070.164769 -363783.680593 1.388244 1.758588 0.333519 1561484187.804739
7757070.256458 -363783.146272 1.459018 1.801094 0.336217 1561484188.104462
7757070.306792 -363782.586483 1.532339 1.864360 0.335410 1561484188.404333
7757070.314417 -363782.008120 1.606414 1.911809 0.320779 1561484188.704150
7757070.280218 -363781.413775 1.674965 1.990891 0.287382 1561484189.003766
7757070.219298 -363780.906876 1.728283 2.032409 0.258978 1561484189.253567
7757070.128076 -363780.390444 1.777059 2.084801 0.236300 1561484189.503423
7757070.008189 -363779.875112 1.823969 2.089744 0.225494 1561484189.753093
7757069.870134 -363779.376197 1.866841 2.027467 0.214074 1561484190.002907
7757069.716416 -363778.889393 1.908792 2.011650 0.215018 1561484190.252796
7757069.539748 -363778.406812 1.950651 2.004731 0.214888 1561484190.502571
7757069.339688 -363777.927674 1.992370 1.994845 0.214874 1561484190.752214
7757069.114995 -363777.443544 2.034355 2.062065 0.212550 1561484191.001866
7757068.863137 -363776.957322 2.080281 2.111492 0.232977 1561484191.251704
7757068.581251 -363776.470536 2.135051 2.166849 0.273759 1561484191.501468
7757068.265692 -363775.992925 2.199049 2.211333 0.300791 1561484191.751405
7757067.914639 -363775.533867 2.268766 2.242965 0.321103 1561484192.001194
7757067.521949 -363775.094063 2.345739 2.331933 0.346456 1561484192.250926
7757067.079578 -363774.672665 2.430613 2.379382 0.362864 1561484192.500491
7757066.596192 -363774.282077 2.520555 2.426831 0.374531 1561484192.750240
7757066.177930 -363773.996025 2.594377 2.473292 0.374217 1561484192.950171
7757065.730608 -363773.736821 2.670777 2.525684 0.380381 1561484193.150056
7757065.259811 -363773.509413 2.749501 2.547432 0.384146 1561484193.349959
7757064.763715 -363773.316020 2.829626 2.603777 0.383211 1561484193.549781
7757064.246352 -363773.162112 2.910645 2.616628 0.383283 1561484193.749523
7757063.712007 -363773.050035 2.991611 2.660123 0.376340 1561484193.949272
7757063.161935 -363772.978734 3.071406 2.708561 0.365518 1561484194.149152
7757062.603891 -363772.950946 -3.132005 2.734263 0.363118 1561484194.349133
7757062.034175 -363772.969520 -3.052822 2.799506 0.346188 1561484194.549181
7757061.461794 -363773.034469 -2.980604 2.833116 0.308107 1561484194.749119
7757060.892915 -363773.138753 -2.917335 2.835093 0.272939 1561484194.949019
7757060.319808 -363773.279560 -2.857669 2.904289 0.258097 1561484195.148945
7757059.739036 -363773.461076 -2.799257 2.981394 0.244963 1561484195.348855
7757059.162430 -363773.682579 -2.742938 3.010062 0.232480 1561484195.548627
7757058.589103 -363773.941407 -2.692094 3.089144 0.199524 1561484195.748388
7757058.014203 -363774.236146 -2.650718 3.156364 0.153841 1561484195.948400
7757057.439254 -363774.560723 -2.617068 3.257193 0.124986 1561484196.148422
7757057.001542 -363774.824231 -2.595974 3.340229 0.102751 1561484196.298530
7757056.564709 -363775.099667 -2.579664 3.380759 0.077811 1561484196.448539
7757056.126957 -363775.383368 -2.567067 3.430185 0.059870 1561484196.598562
7757055.681597 -363775.678517 -2.556935 3.496416 0.047095 1561484196.748530
7757055.230950 -363775.982907 -2.548614 3.564625 0.038231 1561484196.898528
7757054.770089 -363776.296930 -2.541807 3.618005 0.031128 1561484197.048351
7757054.303972 -363776.619058 -2.535998 3.665454 0.025792 1561484197.198192
7757053.828887 -363776.949949 -2.531368 3.744536 0.020588 1561484197.348052
7757053.347669 -363777.287050 -2.527689 3.808791 0.015497 1561484197.497912
7757052.858723 -363777.631313 -2.525500 3.855251 0.008096 1561484197.647809
7757052.368383 -363777.978798 -2.525015 3.890838 0.000686 1561484197.797581
7757051.866978 -363778.334805 -2.525377 3.975852 -0.002128 1561484197.947519
7757051.365629 -363778.692965 -2.525786 3.990679 -0.002513 1561484198.097363
7757050.854635 -363779.057188 -2.526224 4.053945 -0.002131 1561484198.247153
7757050.337195 -363779.425528 -2.526695 4.095463 -0.002132 1561484198.396923
7757049.816770 -363779.794293 -2.527139 4.142912 -0.001877 1561484198.546715
7757049.294468 -363780.164730 -2.527588 4.195304 -0.001365 1561484198.696414
7757048.762564 -363780.538761 -2.528051 4.268455 -0.002138 1561484198.846284
7757048.224373 -363780.915629 -2.528613 4.305031 -0.002268 1561484198.995986
7757047.679383 -363781.293473 -2.529095 4.348526 -0.002141 1561484199.145801
7757047.124222 -363781.675210 -2.528904 4.412780 0.000431 1561484199.295647
7757046.560998 -363782.059183 -2.528522 4.461218 -0.000213 1561484199.445362
7757045.991524 -363782.446483 -2.528269 4.508667 -0.001373 1561484199.595187
7757045.416974 -363782.841759 -2.527740 4.549197 -0.000859 1561484199.744892
7757044.842114 -363783.247665 -2.527079 4.571933 -0.000472 1561484199.894689
7757044.267112 -363783.663229 -2.526297 4.622348 0.000688 1561484200.044370
7757043.682108 -363784.082091 -2.525568 4.702418 0.000172 1561484200.194051
7757043.093451 -363784.504118 -2.525421 4.718235 -0.001379 1561484200.343735
7757042.502046 -363784.928339 -2.525415 4.748879 -0.001768 1561484200.493514
7757041.905472 -363785.356287 -2.525662 4.789408 -0.002028 1561484200.643160
7757041.304342 -363785.787358 -2.526000 4.816099 -0.002028 1561484200.792873
7757040.699097 -363786.216475 -2.526399 4.816099 -0.002028 1561484200.942700
7757040.085936 -363786.650748 -2.526520 4.932745 -0.000477 1561484201.092439
7757039.672102 -363786.943305 -2.526356 4.937687 0.000431 1561484201.192366
7757039.259552 -363787.235701 -2.526075 4.941641 0.001078 1561484201.292308
7757038.843164 -363787.529978 -2.525794 4.978217 0.000949 1561484201.392252
7757038.423299 -363787.827124 -2.525523 5.026655 0.000949 1561484201.492239
7757038.002161 -363788.125033 -2.525234 5.042471 0.001079 1561484201.592239
7757037.581052 -363788.425626 -2.524773 5.079047 0.002119 1561484201.692255
7757037.155546 -363788.729106 -2.524349 5.130450 0.001470 1561484201.792219
7757036.728181 -363789.033158 -2.524390 5.146266 -0.000871 1561484201.892217
7757036.301812 -363789.336249 -2.524580 5.146266 -0.000871 1561484201.992118
7757035.874234 -363789.640427 -2.524731 5.181853 -0.000871 1561484202.092016
7757035.442929 -363789.946673 -2.524965 5.213486 -0.001133 1561484202.191908
7757035.010981 -363790.253428 -2.524962 5.218429 0.000040 1561484202.291812
7757034.577215 -363790.561992 -2.525047 5.245119 -0.000482 1561484202.391616
7757034.142551 -363790.870765 -2.525237 5.251050 -0.000743 1561484202.491571
7757033.706028 -363791.180446 -2.525356 5.261924 -0.000482 1561484202.591501
7757033.266748 -363791.491811 -2.525348 5.304431 0.000039 1561484202.691415
7757032.825378 -363791.804672 -2.525476 5.329144 -0.000483 1561484202.791310
7757032.383376 -363792.117821 -2.525581 5.337052 -0.000222 1561484202.891248
7757031.940579 -363792.431550 -2.525477 5.339029 0.000690 1561484202.991172
7757031.495711 -363792.746348 -2.525157 5.371650 0.001866 1561484203.091061
7757031.047896 -363793.063227 -2.525005 5.403283 0.000952 1561484203.190851
7757030.598578 -363793.380979 -2.525179 5.426019 -0.000746 1561484203.290689
7757030.147870 -363793.701257 -2.525093 5.457652 0.000691 1561484203.390584
7757029.695875 -363794.022366 -2.524880 5.485331 0.000952 1561484203.490505
7757029.242300 -363794.345270 -2.524792 5.505101 0.000691 1561484203.590392
7757028.789475 -363794.668229 -2.524671 5.498182 0.000952 1561484203.690384
7757028.336020 -363794.992737 -2.524448 5.517952 0.001607 1561484203.790290
7757027.881681 -363795.318352 -2.524076 5.544642 0.002393 1561484203.890235
7757027.424445 -363795.645072 -2.523913 5.571333 0.001870 1561484203.990221
7757026.966145 -363795.971437 -2.523653 5.588137 0.002395 1561484204.090155
7757026.507528 -363796.297883 -2.523177 5.589126 0.003049 1561484204.190074
7757026.049397 -363796.624305 -2.522748 5.584183 0.003049 1561484204.290011
7757025.590268 -363796.951713 -2.522352 5.602965 0.003050 1561484204.389902
7757025.128800 -363797.281102 -2.521832 5.639541 0.003445 1561484204.489775
7757024.667951 -363797.610373 -2.521334 5.639541 0.003444 1561484204.589631
7757024.208294 -363797.939083 -2.520997 5.619770 0.002788 1561484204.689520
7757023.746547 -363798.269492 -2.520649 5.639541 0.002789 1561484204.789358
7757023.283026 -363798.601387 -2.520246 5.671174 0.003052 1561484204.889149
7757022.818696 -363798.934096 -2.519873 5.677105 0.002790 1561484204.989023
7757022.352999 -363799.267995 -2.519447 5.698852 0.003316 1561484205.088857
7757021.884823 -363799.603934 -2.518990 5.720600 0.003317 1561484205.188771
7757021.416555 -363799.940217 -2.518534 5.724554 0.003318 1561484205.288678
7757020.948686 -363800.276484 -2.518282 5.726531 0.002005 1561484205.388650
7757020.480610 -363800.613007 -2.518231 5.725543 0.001480 1561484205.488561
7757020.011016 -363800.950632 -2.518180 5.735428 0.001480 1561484205.588576
7757019.540898 -363801.288646 -2.518072 5.745313 0.001874 1561484205.688578
7757019.071295 -363801.626397 -2.517764 5.740370 0.002400 1561484205.788557
7757018.600790 -363801.964925 -2.517599 5.751244 0.002006 1561484205.888555
7757018.128806 -363802.304644 -2.517257 5.776946 0.002794 1561484205.988547
7757017.655069 -363802.645841 -2.516781 5.791774 0.003321 1561484206.088500
7757017.179978 -363802.988307 -2.516286 5.814510 0.003453 1561484206.188378
7757016.704033 -363803.331696 -2.515757 5.829338 0.003718 1561484206.288300
7757016.228173 -363803.675367 -2.515137 5.829338 0.004244 1561484206.388178
7757015.752038 -363804.019679 -2.514351 5.833292 0.004638 1561484206.488084
7757015.274726 -363804.365283 -2.513936 5.848120 0.002797 1561484206.588011
7757014.797420 -363804.710994 -2.514074 5.854051 0.000692 1561484206.687814
7757014.320356 -363805.056316 -2.514570 5.843177 -0.000887 1561484206.787704
7757013.841844 -363805.402275 -2.515205 5.856028 -0.001676 1561484206.887632
7757013.361313 -363805.749213 -2.515834 5.879753 -0.001809 1561484206.987552
7757012.881029 -363806.095482 -2.516571 5.879753 -0.002335 1561484207.087444
7757012.401381 -363806.440729 -2.517343 5.862948 -0.002466 1561484207.187429
7757011.921130 -363806.785845 -2.518226 5.863936 -0.003256 1561484207.287290
7757011.439236 -363807.131450 -2.519248 5.883707 -0.003652 1561484207.387163
7757010.957353 -363807.476303 -2.520274 5.886672 -0.003916 1561484207.487009
7757010.474028 -363807.821447 -2.521294 5.897546 -0.003785 1561484207.586881
7757009.987860 -363808.167896 -2.522309 5.919294 -0.003786 1561484207.686889
7757009.500992 -363808.514090 -2.523408 5.930167 -0.004183 1561484207.786759
7757009.013673 -363808.859867 -2.524332 5.930167 -0.003655 1561484207.886609
7757008.527524 -363809.204146 -2.525186 5.903477 -0.003259 1561484207.986609
7757008.044434 -363809.545685 -2.525849 5.865913 -0.002466 1561484208.086547
7757007.561625 -363809.886562 -2.526342 5.875799 -0.001677 1561484208.186296
7757007.075134 -363810.229725 -2.526682 5.908420 -0.001152 1561484208.286280
7757006.589057 -363810.572284 -2.527249 5.902489 -0.002073 1561484208.386056
7757006.104565 -363810.913282 -2.527983 5.881730 -0.002731 1561484208.485906
7757005.621761 -363811.252612 -2.528499 5.859982 -0.001808 1561484208.585736
7757005.137828 -363811.592398 -2.528832 5.852074 -0.001150 1561484208.685947
7757004.657883 -363811.929144 -2.529256 5.838235 -0.001807 1561484208.785625
7757004.173608 -363812.268610 -2.529807 5.863936 -0.002335 1561484208.885531
7757003.688639 -363812.608173 -2.530321 5.874810 -0.002071 1561484208.985505
7757003.205423 -363812.946137 -2.530853 5.852074 -0.002334 1561484209.085505
7757002.724930 -363813.281804 -2.531375 5.821430 -0.002069 1561484209.185425
7757002.244677 -363813.616961 -2.531712 5.807590 -0.001149 1561484209.285351
7757001.764200 -363813.952098 -2.531838 5.808579 -0.000491 1561484209.385301
7757001.284202 -363814.286819 -2.531868 5.804625 0.000035 1561484209.485232
7757000.805522 -363814.620620 -2.531833 5.792762 0.000167 1561484209.585075
7757000.328406 -363814.953360 -2.531831 5.771015 -0.000228 1561484209.684927
7756999.852096 -363815.285511 -2.532038 5.756187 -0.001148 1561484209.784916
7756999.377280 -363815.616474 -2.532265 5.752233 -0.001147 1561484209.884792
7756998.901918 -363815.947682 -2.532429 5.751244 -0.000884 1561484209.984720
7756998.426047 -363816.279072 -2.532870 5.756187 -0.002066 1561484210.084656
7756997.950745 -363816.609841 -2.533074 5.744325 -0.001147 1561484210.184519
7756997.477304 -363816.939169 -2.533271 5.723566 -0.001146 1561484210.284395
7756997.006645 -363817.266432 -2.533458 5.696875 -0.001146 1561484210.384267
7756996.536836 -363817.592989 -2.533566 5.685013 -0.000752 1561484210.484110
7756996.066226 -363817.920055 -2.533470 5.682047 0.000167 1561484210.584070
7756995.598033 -363818.245497 -2.533351 5.661288 0.000167 1561484210.683833
7756995.130269 -363818.570696 -2.533253 5.656346 0.000036 1561484210.783675
7756994.663592 -363818.895029 -2.533145 5.656346 0.000036 1561484210.883548
7756994.200061 -363819.216769 -2.533107 5.615816 -0.000488 1561484210.983419
7756993.740244 -363819.535479 -2.533311 5.591103 -0.001797 1561484211.083350
7756993.281102 -363819.852952 -2.533778 5.579241 -0.002714 1561484211.183223
7756992.822848 -363820.169175 -2.534126 5.578252 -0.002452 1561484211.283107
7756992.366089 -363820.482958 -2.534272 5.567378 -0.001665 1561484211.382933
7756991.912253 -363820.793085 -2.533698 5.534757 0.000953 1561484211.482852
7756991.462109 -363821.100724 -2.533264 5.504113 0.000168 1561484211.582733
7756991.015359 -363821.407433 -2.532802 5.476434 0.000038 1561484211.682628
7756990.574733 -363821.712781 -2.532276 5.427996 0.000169 1561484211.782578
7756990.144324 -363822.015446 -2.531694 5.355834 0.000430 1561484211.882432
7756989.720579 -363822.317717 -2.531212 5.279717 0.000170 1561484211.982548
7756989.310603 -363822.609873 -2.530700 5.161094 0.000950 1561484212.082424
7756988.717148 -363823.030261 -2.530085 4.926814 0.000042 1561484212.232399
7756988.143596 -363823.434603 -2.530363 4.811156 -0.002675 1561484212.382287
7756987.586230 -363823.826238 -2.530644 4.656946 -0.001765 1561484212.532166
7756987.049251 -363824.201344 -2.530854 4.511633 -0.002275 1561484212.681975
7756986.534542 -363824.560233 -2.530813 4.295145 -0.001111 1561484212.831856
7756986.039983 -363824.904370 -2.530690 4.154775 -0.001108 1561484212.981725
7756985.564846 -363825.238723 -2.530782 4.005507 -0.003153 1561484213.131799
7756985.108198 -363825.563815 -2.531362 3.886884 -0.004299 1561484213.281399
7756984.670713 -363825.873603 -2.531988 3.704007 -0.004290 1561484213.431187
7756984.245741 -363826.166965 -2.532776 3.593292 -0.005683 1561484213.581014
7756983.695204 -363826.532364 -2.534468 3.407449 -0.010627 1561484213.780819
7756983.176031 -363826.879435 -2.539135 3.219629 -0.027093 1561484213.980770
7756982.684386 -363827.208496 -2.548823 3.071350 -0.052355 1561484214.180640
7756982.216896 -363827.515098 -2.565728 2.904289 -0.090677 1561484214.380599
7756981.775896 -363827.794153 -2.586949 2.724378 -0.106314 1561484214.580525
7756981.250890 -363828.109925 -2.615225 2.569179 -0.127616 1561484214.830380
7756980.737583 -363828.398086 -2.652856 2.425843 -0.181642 1561484215.080089
7756980.245305 -363828.651035 -2.701981 2.288438 -0.247480 1561484215.329832
7756979.758524 -363828.869891 -2.760640 2.200459 -0.287170 1561484215.579537
7756979.270025 -363829.053828 -2.822947 2.131262 -0.304990 1561484215.829155
7756978.777158 -363829.203648 -2.888194 2.081836 -0.328976 1561484216.078918
7756978.279237 -363829.320523 -2.956444 2.068985 -0.337837 1561484216.328740
7756977.779708 -363829.403580 -3.022915 2.022524 -0.336039 1561484216.578707
7756977.275921 -363829.456572 -3.088240 2.011650 -0.332116 1561484216.828485
7756976.772161 -363829.480314 3.129475 2.000777 -0.341994 1561484217.078023
7756976.266099 -363829.469884 3.060253 2.016593 -0.350979 1561484217.327680
7756975.675729 -363829.408385 2.976992 1.959259 -0.357260 1561484217.627367
7756975.101956 -363829.301372 2.897646 1.942454 -0.345722 1561484217.927258
7756974.535511 -363829.151025 2.815012 1.953327 -0.365205 1561484218.227163
7756973.985437 -363828.950807 2.728778 1.953327 -0.370883 1561484218.526984
7756973.448316 -363828.705441 2.639451 1.991880 -0.382735 1561484218.826635
7756972.928886 -363828.409977 2.544746 2.010662 -0.398273 1561484219.126297
7756972.441861 -363828.064506 2.445428 1.980018 -0.415945 1561484219.425892
7756972.060892 -363827.736110 2.362223 2.016593 -0.405718 1561484219.675616
7756971.704467 -363827.373760 2.280781 2.032409 -0.397464 1561484219.925289
7756971.372447 -363826.978030 2.200743 2.071950 -0.377943 1561484220.175133
7756971.056755 -363826.543256 2.119474 2.133239 -0.383319 1561484220.425023
7756970.759932 -363826.071716 2.033270 2.248897 -0.380937 1561484220.674883
7756970.490132 -363825.564581 1.945042 2.330944 -0.375132 1561484220.924690
7756970.269982 -363825.000133 1.856792 2.452533 -0.347140 1561484221.174409
7756970.147101 -363824.483954 1.789226 2.531615 -0.324610 1561484221.374047
7756970.040926 -363823.930993 1.726339 2.635410 -0.287741 1561484221.573650
7756969.964800 -363823.365886 1.673297 2.735251 -0.218450 1561484221.773319
7756969.920229 -363822.799539 1.632881 2.752056 -0.165377 1561484221.972961
7756969.899448 -363822.222264 1.604421 2.840035 -0.108174 1561484222.172652
7756969.890709 -363821.614245 1.584120 2.941853 -0.074734 1561484222.372508
7756969.889792 -363820.987896 1.570066 3.041695 -0.050823 1561484222.572213
7756969.900908 -363820.332629 1.558207 3.198870 -0.043305 1561484222.772091
7756969.913606 -363819.829142 1.549468 3.262136 -0.042573 1561484222.922098
7756969.930323 -363819.309250 1.541449 3.371862 -0.037165 1561484223.072117
7756969.948902 -363818.773326 1.535028 3.497405 -0.028699 1561484223.222113
7756969.972693 -363818.214921 1.530181 3.660512 -0.017286 1561484223.372029
7756969.999543 -363817.649378 1.528299 3.713892 -0.001610 1561484223.521924
7756970.027625 -363817.071004 1.528333 3.823619 0.002091 1561484223.671779
7756970.056461 -363816.473819 1.527435 3.939276 -0.003149 1561484223.821652
7756970.086438 -363815.861323 1.526192 4.033186 -0.003410 1561484223.971592
7756970.117707 -363815.234904 1.524192 4.120176 -0.008413 1561484224.121606
7756970.150892 -363814.593680 1.521690 4.226937 -0.008938 1561484224.271482
7756970.186184 -363813.936034 1.519713 4.320847 -0.006894 1561484224.421386
7756970.223136 -363813.265484 1.518305 4.406849 -0.004716 1561484224.571290
7756970.261348 -363812.585358 1.516947 4.474069 -0.004721 1561484224.721131
7756970.301141 -363811.889714 1.515600 4.578852 -0.004728 1561484224.870951
7756970.342413 -363811.180983 1.514267 4.662877 -0.004735 1561484225.020788
7756970.385196 -363810.459065 1.512944 4.753822 -0.004740 1561484225.170664
7756970.429307 -363809.726880 1.511976 4.810168 -0.002675 1561484225.320432
7756970.474257 -363808.984380 1.511897 4.887273 -0.000736 1561484225.470274
7756970.504583 -363808.483143 1.511628 4.924837 -0.001644 1561484225.570183
7756970.535154 -363807.978955 1.511318 4.962401 -0.001775 1561484225.670014
7756970.566089 -363807.469219 1.511284 5.019735 -0.000478 1561484225.769843
7756970.597551 -363806.949944 1.511207 5.103760 -0.000870 1561484225.869750
7756970.629271 -363806.426780 1.510971 5.140335 -0.001391 1561484225.969679
7756970.661148 -363805.901907 1.510818 5.157140 -0.001131 1561484226.069660
7756970.693367 -363805.370971 1.511043 5.225348 0.001081 1561484226.169543
7756970.725738 -363804.833532 1.511696 5.289603 0.002776 1561484226.269491
7756970.757931 -363804.292813 1.512225 5.316293 0.001603 1561484226.369437
7756970.790114 -363803.748682 1.512125 5.341995 -0.001136 1561484226.469419
7756970.822411 -363803.203578 1.511829 5.357811 -0.001788 1561484226.569378
7756970.854983 -363802.655788 1.511601 5.395375 -0.001399 1561484226.669332
7756970.888189 -363802.098624 1.511410 5.478411 -0.001401 1561484226.769305
7756970.921944 -363801.533864 1.511108 5.555516 -0.001796 1561484226.869182
7756970.956050 -363800.964911 1.511069 5.602965 -0.000488 1561484226.969045
7756970.990158 -363800.394682 1.511494 5.613839 0.001609 1561484227.068935
7756971.024044 -363799.823777 1.511961 5.624713 0.001478 1561484227.168842
7756971.058107 -363799.246241 1.512024 5.687979 -0.000227 1561484227.268727
7756971.092544 -363798.661059 1.512087 5.776946 0.000035 1561484227.368572
7756971.127191 -363798.070453 1.512309 5.808579 0.000430 1561484227.468439
7756971.161517 -363797.481734 1.512821 5.803636 0.001876 1561484227.568214
7756971.195519 -363796.891721 1.513725 5.824395 0.003717 1561484227.668090
7756971.229302 -363796.295798 1.514577 5.876787 0.002930 1561484227.767902
7756971.263069 -363795.693074 1.514873 5.939064 0.000956 1561484227.867730
7756971.296881 -363795.086774 1.514793 5.982559 -0.000890 1561484227.967540
7756971.331093 -363794.474987 1.514465 6.023089 -0.001814 1561484228.067475
7756971.365644 -363793.860093 1.514347 6.064607 -0.000364 1561484228.167400
7756971.400286 -363793.242071 1.515037 6.097228 0.002543 1561484228.267335
7756971.434688 -363792.620910 1.515726 6.128861 0.002280 1561484228.367287
7756971.469077 -363791.994148 1.515891 6.185207 0.000164 1561484228.467250
7756971.503819 -363791.361039 1.515663 6.243530 -0.001294 1561484228.567228
7756971.538989 -363790.723994 1.515159 6.283071 -0.002224 1561484228.667138
7756971.574357 -363790.088429 1.514753 6.272197 -0.002090 1561484228.767060
7756971.609641 -363789.455967 1.515086 6.249461 0.001091 1561484228.866946
7756971.644794 -363788.820000 1.515957 6.290979 0.002949 1561484228.966777
7756971.679834 -363788.177002 1.516691 6.358199 0.002553 1561484229.066637
7756971.714721 -363787.528893 1.517140 6.403671 0.001359 1561484229.166480
7756971.749450 -363786.879322 1.517422 6.426408 0.000960 1561484229.266309
7756971.784032 -363786.228828 1.517737 6.432339 0.000960 1561484229.366156
7756971.818574 -363785.575398 1.518068 6.463972 0.000961 1561484229.466029
7756971.853192 -363784.918874 1.517823 6.497581 -0.001302 1561484229.565931
7756971.888325 -363784.256679 1.517190 6.556893 -0.002904 1561484229.665862
7756971.924347 -363783.586734 1.516312 6.633009 -0.003844 1561484229.765810
7756971.961205 -363782.912890 1.515408 6.673539 -0.003848 1561484229.865777
7756971.998774 -363782.238424 1.514232 6.667608 -0.005049 1561484229.965842
7756972.037007 -363781.568200 1.512828 6.642895 -0.005581 1561484230.065781
7756972.076101 -363780.897255 1.512015 6.654757 -0.003712 1561484230.165710
7756972.115861 -363780.223116 1.511640 6.685401 -0.002245 1561484230.265643
7756972.156194 -363779.546288 1.510976 6.717034 -0.002781 1561484230.365497
7756972.196893 -363778.868740 1.510947 6.722965 -0.000241 1561484230.465407
7756972.237332 -363778.193592 1.511929 6.709126 0.003770 1561484230.565284
7756972.277197 -363777.517506 1.512848 6.716046 0.002969 1561484230.665180
7756972.316720 -363776.837984 1.513486 6.752621 0.002033 1561484230.765144
7756972.355848 -363776.158008 1.514145 6.764483 0.002302 1561484230.864977
7756972.394525 -363775.477509 1.515069 6.763495 0.003507 1561484230.964907
7756972.432408 -363774.797289 1.516497 6.764483 0.004712 1561484231.064803
7756972.469557 -363774.115103 1.517452 6.780300 0.003240 1561484231.164697
7756972.506163 -363773.431791 1.518225 6.785242 0.002570 1561484231.264652
7756972.542144 -363772.750280 1.518896 6.781288 0.001901 1561484231.364628
7756972.577630 -363772.070213 1.519348 6.769426 0.001097 1561484231.464632
7756972.612922 -363771.388336 1.519721 6.774369 0.000963 1561484231.564628
7756972.648008 -363770.705411 1.519944 6.790185 0.000160 1561484231.664683
7756972.682933 -363770.022576 1.520120 6.790185 0.000026 1561484231.764702
7756972.717710 -363769.340505 1.520215 6.777334 -0.000241 1561484231.864686
7756972.752209 -363768.662206 1.520487 6.751633 0.000695 1561484231.964663
7756972.786324 -363767.985744 1.521160 6.743724 0.001900 1561484232.064647
7756972.820005 -363767.308015 1.522146 6.746690 0.003238 1561484232.164636
7756972.852961 -363766.630851 1.523259 6.744713 0.003506 1561484232.264523
7756972.885182 -363765.953657 1.524479 6.742736 0.004174 1561484232.364440
7756972.916409 -363765.277597 1.526080 6.733839 0.005244 1561484232.464336
7756972.946613 -363764.601729 1.527394 6.730874 0.004173 1561484232.564249
7756972.976122 -363763.926651 1.527564 6.727908 0.000027 1561484232.664110
7756973.005544 -363763.251317 1.527482 6.721977 -0.000642 1561484232.764049
7756973.034762 -363762.577319 1.527883 6.717034 0.000429 1561484232.863917
7756973.063735 -363761.904095 1.528135 6.711103 0.000161 1561484232.963812
7756973.092606 -363761.232485 1.527640 6.691332 -0.002913 1561484233.063698
7756973.121743 -363760.561790 1.526944 6.686390 -0.003715 1561484233.163564
7756973.151249 -363759.891984 1.526389 6.685401 -0.002913 1561484233.263328
7756973.181048 -363759.220793 1.526206 6.687378 -0.001577 1561484233.363204
7756973.210871 -363758.550127 1.526263 6.683424 -0.000641 1561484233.463113
7756973.240377 -363757.883020 1.526641 6.668596 0.000695 1561484233.562761
7756973.269515 -363757.215808 1.527371 6.658711 0.002032 1561484233.662598
7756973.297890 -363756.550999 1.528366 6.643883 0.002565 1561484233.762386
7756973.325648 -363755.887008 1.528798 6.629055 0.000695 1561484233.862236
7756973.353070 -363755.223652 1.529224 6.612250 0.001363 1561484233.962132
7756973.380027 -363754.561728 1.529958 6.606319 0.002296 1561484234.061944
7756973.406467 -363753.899932 1.530467 6.603354 0.000962 1561484234.161914
7756973.432525 -363753.240527 1.530614 6.576663 0.000028 1561484234.261813
7756973.458357 -363752.582731 1.530818 6.545031 0.000162 1561484234.361820
7756973.483908 -363751.927804 1.530995 6.534157 0.000029 1561484234.461751
7756973.509344 -363751.272614 1.531010 6.539099 -0.000771 1561484234.561669
7756973.534860 -363750.616701 1.530497 6.546019 -0.002903 1561484234.661571
7756973.560754 -363749.962470 1.529561 6.528226 -0.003836 1561484234.761461
7756973.587083 -363749.310623 1.528748 6.496593 -0.003700 1561484234.861343
7756973.613721 -363748.664747 1.527684 6.450132 -0.005026 1561484234.961236
7756973.641047 -363748.021627 1.526176 6.423442 -0.006219 1561484235.061130
7756973.669320 -363747.376936 1.525204 6.428385 -0.003827 1561484235.161169
7756973.698102 -363746.734230 1.524353 6.413557 -0.003826 1561484235.261051
7756973.727378 -363746.092884 1.523783 6.400706 -0.001831 1561484235.361003
7756973.756649 -363745.454532 1.524334 6.383901 0.002023 1561484235.460907
7756973.785665 -363744.816517 1.524581 6.372039 0.000960 1561484235.560774
7756973.814675 -363744.178437 1.524011 6.376981 -0.002494 1561484235.660639
7756973.844156 -363743.540216 1.523188 6.376981 -0.002892 1561484235.760502
7756973.873956 -363742.903970 1.523096 6.344360 0.000429 1561484235.860456
7756973.903345 -363742.276176 1.523423 6.276152 0.001092 1561484235.960402
7756973.932682 -363741.650685 1.522808 6.255393 -0.002222 1561484236.060337
7756973.962608 -363741.021424 1.522215 6.284060 -0.001825 1561484236.160328
7756973.992952 -363740.391262 1.521690 6.288014 -0.002092 1561484236.260326
7756974.023505 -363739.765248 1.521022 6.245507 -0.002488 1561484236.360337
7756974.054101 -363739.146172 1.520729 6.194104 -0.000896 1561484236.460279
7756974.084835 -363738.528546 1.520479 6.177299 -0.000895 1561484236.560247
7756974.115780 -363737.911057 1.520099 6.176310 -0.001291 1561484236.660158
7756974.146897 -363737.295392 1.519779 6.166425 -0.000895 1561484236.760018
7756974.178100 -363736.682346 1.519488 6.135781 -0.000894 1561484236.859961
7756974.209394 -363736.071689 1.519209 6.114033 -0.000761 1561484236.959767
7756974.240850 -363735.461032 1.518990 6.110079 -0.001158 1561484237.059699
7756974.272508 -363734.851744 1.518278 6.102171 -0.002876 1561484237.159517
7756974.304702 -363734.242524 1.517445 6.099205 -0.002743 1561484237.259388
7756974.337219 -363733.635720 1.517134 6.070538 -0.000364 1561484237.359248
7756974.369523 -363733.034526 1.517568 6.025066 0.002409 1561484237.459088
7756974.401394 -363732.437029 1.518149 5.993433 0.002803 1561484237.558944
7756974.432989 -363731.839200 1.518644 5.993433 0.002407 1561484237.658770
7756974.464374 -363731.240834 1.519022 5.990468 0.002012 1561484237.758693
7756974.495490 -363730.644460 1.519101 5.973663 0.000430 1561484237.858547
7756974.526529 -363730.049510 1.519066 5.959823 0.000166 1561484237.958471
7756974.557578 -363729.454966 1.518959 5.953892 -0.000494 1561484238.058399
7756974.588691 -363728.861285 1.518693 5.943018 -0.000889 1561484238.158377
7756974.619889 -363728.268809 1.518566 5.921271 -0.000230 1561484238.258474
7756974.651087 -363727.678381 1.518311 5.909408 -0.000888 1561484238.358440
7756974.682357 -363727.088654 1.518344 5.912374 0.000166 1561484238.458368
7756974.713693 -363726.498012 1.518426 5.912374 0.000692 1561484238.558372
7756974.744835 -363725.909664 1.518765 5.899523 0.001615 1561484238.658207
7756974.775634 -363725.324217 1.519155 5.877776 0.001614 1561484238.758076
7756974.806231 -363724.739097 1.519475 5.860971 0.001614 1561484238.858037
7756974.836504 -363724.156287 1.519905 5.839223 0.001877 1561484238.957982
7756974.866485 -363723.577063 1.519684 5.808579 -0.000886 1561484239.057868
7756974.896678 -363722.997274 1.518918 5.810556 -0.003646 1561484239.157862
7756974.927355 -363722.418148 1.517972 5.813521 -0.003910 1561484239.257743
7756974.958459 -363721.840083 1.517397 5.786831 -0.002331 1561484239.357748
7756974.989518 -363721.267361 1.517529 5.750256 0.000692 1561484239.457675
7756975.020336 -363720.696299 1.518169 5.736416 0.002400 1561484239.557586
7756975.050894 -363720.124888 1.518631 5.740370 0.001874 1561484239.657470
7756975.081240 -363719.553083 1.519091 5.739382 0.001874 1561484239.757377
7756975.111393 -363718.980470 1.519634 5.749267 0.002400 1561484239.857317
7756975.140972 -363718.408509 1.520235 5.744325 0.002530 1561484239.957196
7756975.170483 -363717.841569 1.520719 5.707749 0.001611 1561484240.057037
7756975.199452 -363717.276178 1.521220 5.682047 0.001873 1561484240.156951
7756975.228122 -363716.711904 1.521732 5.675128 0.001873 1561484240.256892
7756975.256541 -363716.147453 1.522232 5.673151 0.001610 1561484240.356864
7756975.284638 -363715.584237 1.522772 5.663265 0.001872 1561484240.456812
7756975.312412 -363715.021710 1.523356 5.656346 0.001872 1561484240.556780
7756975.339854 -363714.460301 1.523869 5.641518 0.001610 1561484240.656798
7756975.366944 -363713.900542 1.524397 5.635587 0.001609 1561484240.756700
7756975.393707 -363713.341254 1.524941 5.619770 0.001609 1561484240.856658
7756975.420066 -363712.783680 1.525500 5.609885 0.001609 1561484240.956680
7756975.446070 -363712.226227 1.526044 5.618782 0.001609 1561484241.056557
7756975.471705 -363711.668090 1.526942 5.618782 0.003313 1561484241.156484
7756975.496678 -363711.111314 1.528004 5.603954 0.003705 1561484241.256351
7756975.520858 -363710.558541 1.528934 5.576275 0.002786 1561484241.356231
7756975.544472 -363710.007703 1.529612 5.554528 0.002001 1561484241.456132
7756975.567679 -363709.456502 1.530410 5.553539 0.002394 1561484241.556034
7756975.590423 -363708.906216 1.530986 5.544642 0.000953 1561484241.655947
7756975.612812 -363708.357697 1.531337 5.530803 0.000168 1561484241.755818
7756975.634947 -363707.810767 1.531700 5.526849 0.000168 1561484241.855638
7756975.656813 -363707.265449 1.532129 5.505101 0.000430 1561484241.955546
7756975.678314 -363706.723044 1.532720 5.477423 0.001083 1561484242.055456
7756975.699467 -363706.182380 1.533104 5.461606 0.000038 1561484242.155293
7756975.720454 -363705.641666 1.533243 5.458641 -0.001401 1561484242.255176
7756975.741362 -363705.104238 1.532800 5.425031 -0.004143 1561484242.355092
7756975.762324 -363704.574340 1.531824 5.359788 -0.006879 1561484242.454947
7756975.783693 -363704.049710 1.530520 5.313327 -0.008306 1561484242.554805
7756975.805530 -363703.530467 1.529290 5.242153 -0.008297 1561484242.654792
7756975.827495 -363703.022434 1.528533 5.127484 -0.005943 1561484242.754595
7756975.860168 -363702.279784 1.528107 4.962401 -0.004109 1561484242.904377
7756975.892077 -363701.565340 1.526899 4.806213 -0.007850 1561484243.054120
7756975.923972 -363700.874646 1.524637 4.643107 -0.011702 1561484243.203957
7756975.956421 -363700.206633 1.521409 4.479011 -0.016309 1561484243.353833
7756975.989719 -363699.564939 1.517464 4.300088 -0.020122 1561484243.503756
7756976.024494 -363698.944376 1.512673 4.170591 -0.023678 1561484243.653744
7756976.060824 -363698.346096 1.507848 4.006496 -0.024523 1561484243.803735
7756976.098518 -363697.771861 1.502243 3.854263 -0.030605 1561484243.953688
7756976.137870 -363697.222491 1.495104 3.702030 -0.039467 1561484244.103567
7756976.179608 -363696.697320 1.486182 3.532992 -0.049176 1561484244.253430
7756976.238643 -363696.044630 1.473040 3.278941 -0.056641 1561484244.453140
7756976.301201 -363695.437207 1.461040 3.061465 -0.055508 1561484244.652830
7756976.365808 -363694.871721 1.449497 2.848932 -0.059054 1561484244.852538
7756976.432545 -363694.340310 1.435911 2.694722 -0.076832 1561484245.052395
7756976.503188 -363693.837726 1.415735 2.538535 -0.117751 1561484245.252345
7756976.598589 -363693.260193 1.382675 2.330944 -0.162861 1561484245.502331
7756976.706010 -363692.724163 1.342665 2.163883 -0.204314 1561484245.752158
7756976.825052 -363692.231869 1.299592 2.032409 -0.224180 1561484246.001985
7756976.987362 -363691.671158 1.248264 1.953327 -0.233070 1561484246.301708
7756977.170180 -363691.137756 1.197003 1.906867 -0.236235 1561484246.601326
7756977.378981 -363690.614921 1.141651 1.900935 -0.270656 1561484246.900863
7756977.620466 -363690.101119 1.071565 1.938499 -0.333106 1561484247.200500
7756977.898251 -363689.607782 0.994642 1.900935 -0.335536 1561484247.500341
7756978.216951 -363689.132239 0.915213 1.969144 -0.356045 1561484247.799986
7756978.587466 -363688.669070 0.827859 2.021536 -0.371610 1561484248.099527
7756978.939200 -363688.297569 0.751126 2.095675 -0.371120 1561484248.349284
7756979.330923 -363687.944046 0.672857 2.157952 -0.365016 1561484248.598974
7756979.771380 -363687.606354 0.592686 2.269656 -0.359461 1561484248.848630
7756980.250052 -363687.298366 0.512201 2.326002 -0.345705 1561484249.098212
7756980.780298 -363687.018511 0.426020 2.457476 -0.364687 1561484249.347782
7756981.352585 -363686.781419 0.333675 2.515799 -0.368780 1561484249.597641
7756981.836501 -363686.628573 0.258025 2.580053 -0.368745 1561484249.797536
7756982.345292 -363686.510628 0.183686 2.652215 -0.344651 1561484249.997502
7756982.873371 -363686.428860 0.116300 2.694722 -0.304302 1561484250.197307
7756983.416450 -363686.381244 0.058312 2.782701 -0.255157 1561484250.397089
7756983.987965 -363686.363426 0.009585 2.894404 -0.196583 1561484250.596817
7756984.569717 -363686.371228 -0.025365 2.925048 -0.151895 1561484250.796383
7756985.152179 -363686.399941 -0.059329 2.925048 -0.151895 1561484250.995997
7756985.733831 -363686.449259 -0.093175 2.925048 -0.151895 1561484251.195662
7756986.346279 -363686.520922 -0.112043 3.262136 -0.015306 1561484251.395448
7756987.004158 -363686.602382 -0.115756 3.345172 -0.018622 1561484251.595297
7756987.507263 -363686.665781 -0.119038 3.397564 -0.019394 1561484251.745229
7756988.018867 -363686.731383 -0.122316 3.454898 -0.019406 1561484251.895202
7756988.537524 -363686.799153 -0.125941 3.497405 -0.021069 1561484252.045190
7756989.059382 -363686.868709 -0.129110 3.524095 -0.018274 1561484252.195180
7756989.591282 -363686.940640 -0.131199 3.618005 -0.011288 1561484252.345163
7756990.133900 -363687.014481 -0.132425 3.654581 -0.009256 1561484252.495070
7756990.678468 -363687.089297 -0.134386 3.676328 -0.014101 1561484252.645042
7756991.235885 -363687.167157 -0.136514 3.759364 -0.011563 1561484252.795015
7756991.800022 -363687.246897 -0.136776 3.796928 -0.003653 1561484252.944901
7756992.376877 -363687.328391 -0.136892 3.885896 -0.004808 1561484253.094785
7756992.960958 -363687.410583 -0.136976 3.916540 -0.004171 1561484253.244776
7756993.548575 -363687.492959 -0.137199 3.949161 -0.005196 1561484253.394796
7756994.144404 -363687.576236 -0.137330 4.006496 -0.004177 1561484253.544607
7756994.748799 -363687.660215 -0.136315 4.061853 0.001840 1561484253.694522
7756995.359182 -363687.743729 -0.134075 4.116222 0.005172 1561484253.844292
7756995.980042 -363687.826950 -0.131683 4.188385 0.006203 1561484253.994102
7756996.611484 -363687.909695 -0.129132 4.253627 0.006464 1561484254.143976
7756997.247086 -363687.991112 -0.127107 4.274386 0.003770 1561484254.293917
7756997.882173 -363688.070997 -0.125776 4.275375 0.001458 1561484254.443835
7756998.514244 -363688.149339 -0.124405 4.259559 0.002485 1561484254.593666
7756999.143202 -363688.225949 -0.122284 4.235834 0.005823 1561484254.743483
7756999.759864 -363688.299273 -0.119751 4.140935 0.006714 1561484254.893250
7757000.358812 -363688.368755 -0.117936 4.014404 0.003760 1561484255.043073
7757000.941438 -363688.435095 -0.116860 3.908632 0.001454 1561484255.192888
7757001.503490 -363688.498101 -0.115716 3.755410 0.001835 1561484255.342814
7757002.040308 -363688.557281 -0.114462 3.591315 0.002852 1561484255.492673
7757002.551664 -363688.612610 -0.113108 3.419311 0.003739 1561484255.642612
7757003.196186 -363688.680730 -0.111384 3.209744 0.003858 1561484255.842571
7757003.795137 -363688.742160 -0.109441 2.987326 0.004357 1561484256.042474
7757004.352964 -363688.797650 -0.108072 2.792586 0.003465 1561484256.242178
7757004.878578 -363688.848492 -0.106862 2.640353 0.003461 1561484256.441928
7757005.495537 -363688.906303 -0.105809 2.476258 0.000684 1561484256.691531
7757006.070670 -363688.959254 -0.107175 2.306231 -0.009891 1561484256.941311
7757006.608643 -363689.009664 -0.107692 2.137193 -0.002334 1561484257.191149
7757007.198029 -363689.065246 -0.108338 1.943442 -0.003335 1561484257.490860
7757007.722188 -363689.114985 -0.109061 1.707184 -0.002703 1561484257.790735
7757008.274995 -363689.168011 -0.109548 1.553963 -0.001572 1561484258.140215
7757008.780188 -363689.217179 -0.110201 1.450168 -0.001822 1561484258.489748
7757009.339501 -363689.272892 -0.110577 1.429409 0.001559 1561484258.889399
7757009.837846 -363689.323575 -0.110060 1.460053 0.006069 1561484259.239189
7757010.394384 -363689.380806 -0.110318 1.396787 0.000057 1561484259.638612
7757010.925162 -363689.436284 -0.110917 1.338464 -0.000443 1561484260.038136
7757011.425330 -363689.489513 -0.111721 1.234669 -0.000443 1561484260.437926
7757011.937351 -363689.545088 -0.112690 1.114069 -0.001193 1561484260.887593
7757012.463945 -363689.603591 -0.114039 1.055746 -0.002318 1561484261.387269
7757013.018034 -363689.666806 -0.115517 1.166461 -0.003195 1561484261.886672
7757013.568607 -363689.731340 -0.118219 1.255428 -0.011079 1561484262.336052
7757014.073789 -363689.792551 -0.121220 1.260371 -0.011580 1561484262.735863
7757014.599074 -363689.858228 -0.124351 1.328579 -0.011709 1561484263.135767
7757015.145100 -363689.928520 -0.127386 1.381959 -0.009208 1561484263.535542
7757015.644207 -363689.994169 -0.128986 1.455110 -0.005078 1561484263.885020
7757016.163610 -363690.063542 -0.130515 1.501571 -0.004328 1561484264.234740
7757016.698740 -363690.135883 -0.131440 1.532215 -0.001196 1561484264.584626
7757017.247782 -363690.210733 -0.132281 1.586584 -0.001823 1561484264.934361
7757017.809763 -363690.288027 -0.133853 1.612286 -0.006837 1561484265.283857
7757018.383991 -363690.367814 -0.134098 1.659735 0.003943 1561484265.633410
7757018.888412 -363690.437821 -0.133495 1.691368 0.007453 1561484265.932889
7757019.404366 -363690.509041 -0.132441 1.727943 0.006954 1561484266.232530
7757019.927848 -363690.580777 -0.131075 1.752657 0.008835 1561484266.532401
7757020.456114 -363690.652418 -0.129905 1.765507 0.004697 1561484266.832076
7757020.990376 -363690.724577 -0.129536 1.786266 0.002941 1561484267.131675
7757021.527475 -363690.796979 -0.128900 1.796152 0.004698 1561484267.431406
7757022.066899 -363690.869443 -0.128045 1.801094 0.006078 1561484267.731223
7757022.604150 -363690.941215 -0.127377 1.795163 0.000056 1561484268.031060
7757023.140370 -363691.013168 -0.128409 1.791209 -0.004586 1561484268.330704
7757023.678830 -363691.086363 -0.129483 1.795163 -0.005088 1561484268.630326
7757024.217460 -363691.160058 -0.130383 1.796152 -0.003708 1561484268.929814
7757024.749457 -363691.230467 -0.131074 1.791209 -0.003708 1561484269.229400
7757025.286116 -363691.296771 -0.131621 1.807026 -0.002328 1561484269.529214
7757025.817434 -363691.358359 -0.132618 1.808014 -0.004587 1561484269.829080
7757026.342382 -363691.413815 -0.133684 1.807026 -0.002453 1561484270.128741
7757026.862529 -363691.480234 -0.134630 1.816911 -0.002077 1561484270.428290
7757027.418948 -363691.571491 -0.135316 1.816911 -0.001826 1561484270.728139
7757027.966058 -363691.658736 -0.135514 1.833716 -0.000948 1561484271.027926
