7805686.424584 -389374.015878 0.558106 -0.000972 0.007818 1651843030.494370
7805686.892860 -389373.757626 0.561457 0.842890 0.030375 1651843047.977843
7805687.374645 -389373.472009 0.564674 1.231766 0.046030 1651843048.477359
7805687.844500 -389373.146024 0.571536 1.459259 0.046072 1651843048.876837
7805688.329140 -389372.841025 0.577345 1.447592 0.046070 1651843049.226621
7805688.788930 -389372.518964 0.582012 1.398983 0.046181 1651843049.626423
7805689.265997 -389372.190489 0.587947 1.391205 0.046059 1651843050.026105
7805689.675760 -389371.852118 0.587569 1.426204 0.046066 1651843050.375772
7805690.077661 -389371.524466 0.587720 1.470925 0.046196 1651843050.675515
7805690.460524 -389371.181234 0.583631 1.418427 0.046064 1651843050.975149
7805690.929912 -389370.866485 0.583894 1.432037 0.046067 1651843051.324991
7805691.350358 -389370.532726 0.580911 1.457314 0.046072 1651843051.624688
7805691.747455 -389370.184293 0.570543 1.439815 0.046068 1651843051.874382
7805692.137168 -389369.854790 0.562963 1.509813 0.048140 1651843052.124256
7805692.615102 -389369.539907 0.561278 1.675085 0.058214 1651843052.424143
7805693.023079 -389369.249184 0.561993 1.815081 0.072969 1651843052.673903
7805693.527918 -389368.921016 0.566173 1.966742 0.083009 1651843052.973507
7805694.040197 -389368.580129 0.569353 2.011463 0.083031 1651843053.223133
7805694.458360 -389368.258614 0.569334 2.015352 0.083033 1651843053.472981
7805694.902842 -389367.920177 0.570504 1.958965 0.083005 1651843053.722903
7805695.347562 -389367.588969 0.575472 2.145626 0.082980 1651843053.972684
7805695.735123 -389367.247133 0.584911 2.063961 0.083057 1651843054.222385
7805696.171414 -389366.901672 0.597757 2.147570 0.083101 1651843054.522141
7805696.585086 -389366.585288 0.609359 2.244789 0.083034 1651843054.771910
7805697.029584 -389366.254647 0.621624 2.291454 0.083060 1651843055.021785
7805697.503627 -389365.929377 0.632816 2.359508 0.083099 1651843055.271693
7805697.994363 -389365.576355 0.644640 2.390618 0.082395 1651843055.521551
7805698.419187 -389365.210565 0.657319 2.400340 0.075894 1651843055.771426
7805698.852746 -389364.952530 0.665999 2.410061 0.069981 1651843055.971251
7805699.335161 -389364.582429 0.678480 2.378951 0.062341 1651843056.220934
7805699.779610 -389364.185696 0.683997 2.396451 0.057256 1651843056.470730
7805700.263681 -389363.809636 0.688039 2.419783 0.052895 1651843056.720355
7805700.626299 -389363.456963 0.694795 2.413950 0.052771 1651843056.920122
7805701.015167 -389363.115778 0.702615 2.520891 0.052691 1651843057.119871
7805701.494070 -389362.779358 0.711388 2.555890 0.046619 1651843057.369608
7805701.922340 -389362.489971 0.717371 2.633665 0.035057 1651843057.569472
7805702.327768 -389362.171887 0.722404 2.690052 0.022843 1651843057.769354
7805702.722465 -389361.789258 0.726636 2.738662 0.015503 1651843057.969239
7805703.117946 -389361.324990 0.731580 2.773661 0.006682 1651843058.219066
7805703.513387 -389360.860761 0.731835 2.820326 0.003864 1651843058.468930
7805703.881383 -389360.519401 0.729326 2.853381 0.001902 1651843058.668783
7805704.289512 -389360.141706 0.727375 2.880602 -0.006443 1651843058.868689
7805704.808168 -389359.739501 0.725553 2.913656 -0.014913 1651843059.068444
7805705.192823 -389359.406665 0.722326 2.886435 -0.020183 1651843059.218291
7805705.605919 -389359.111639 0.716961 2.777550 -0.023349 1651843059.368099
7805706.074919 -389358.735479 0.713137 2.831992 -0.025075 1651843059.567856
7805706.702250 -389358.502885 0.699790 2.841714 -0.028017 1651843059.717737
7805707.245336 -389358.180008 0.693816 2.851436 -0.035608 1651843059.917562
7805707.704071 -389357.722584 0.686568 2.892268 -0.040025 1651843060.117295
7805708.175735 -389357.356716 0.678844 2.855325 -0.044045 1651843060.317101
7805708.586804 -389356.957991 0.674707 2.938933 -0.048353 1651843060.516777
7805709.006779 -389356.586701 0.669484 2.958377 -0.052634 1651843060.716477
7805709.416797 -389356.149726 0.663885 3.022542 -0.058643 1651843060.916337
7805709.613874 -389355.534847 0.660173 3.020597 -0.065219 1651843061.066180
7805709.925602 -389355.122804 0.653615 3.053652 -0.070468 1651843061.216011
7805710.304055 -389354.649151 0.644183 3.071151 -0.076308 1651843061.415803
7805710.701722 -389354.121584 0.631714 3.110039 -0.081064 1651843061.615575
7805711.097903 -389353.479636 0.627091 3.135316 -0.084715 1651843061.765444
7805711.328868 -389352.931668 0.619666 3.156704 -0.087756 1651843061.915287
7805711.625007 -389352.490228 0.610722 3.178092 -0.090432 1651843062.065159
7805711.943020 -389352.014877 0.593745 3.205314 -0.093715 1651843062.264883
7805712.211923 -389351.534020 0.563624 3.248090 -0.094356 1651843062.564492
7805712.364485 -389350.917477 0.545287 3.253923 -0.094362 1651843062.764286
7805712.633802 -389350.481619 0.531234 3.273367 -0.094379 1651843062.914070
7805712.981716 -389349.887676 0.519114 3.298644 -0.094402 1651843063.063886
7805713.317313 -389349.440880 0.507024 3.310310 -0.094413 1651843063.213719
7805713.604741 -389348.895378 0.495384 3.306422 -0.094410 1651843063.363528
7805713.961550 -389348.342064 0.495660 3.339476 -0.094440 1651843063.513332
7805714.298359 -389347.822685 0.485156 3.351142 -0.094451 1651843063.663182
7805714.694009 -389347.447898 0.473720 3.345309 -0.094325 1651843063.812962
7805715.113503 -389347.140721 0.461203 3.347254 -0.094327 1651843063.962958
7805715.591278 -389346.784878 0.446552 3.380308 -0.090004 1651843064.162722
7805716.085560 -389346.458202 0.437317 3.393919 -0.078003 1651843064.362507
7805716.595327 -389346.240872 0.430740 3.417251 -0.069006 1651843064.562257
7805717.214712 -389346.081176 0.416929 3.417251 -0.065465 1651843064.761961
7805717.842958 -389345.867873 0.407561 3.448361 -0.061085 1651843064.961731
7805718.440138 -389345.625581 0.397652 3.454195 -0.056314 1651843065.161587
7805719.029591 -389345.342615 0.389543 3.452250 -0.054597 1651843065.361473
7805719.551815 -389345.160349 0.382951 3.461972 -0.054603 1651843065.561399
7805720.062027 -389344.881550 0.387143 3.491138 -0.052779 1651843065.811125
7805720.691358 -389344.644994 0.387614 3.516415 -0.045917 1651843066.010883
7805721.145675 -389344.430751 0.391149 3.528081 -0.037436 1651843066.160734
7805721.636640 -389344.164385 0.392047 3.530026 -0.027212 1651843066.360641
7805722.154456 -389344.001727 0.391178 3.547525 -0.017965 1651843066.560530
7805722.690990 -389343.842900 0.392646 3.547525 -0.009941 1651843066.760365
7805723.250990 -389343.477299 0.398141 3.557247 -0.005373 1651843066.960097
7805723.767034 -389343.144049 0.404234 3.565024 0.000309 1651843067.159961
7805724.226458 -389342.752498 0.412047 3.580579 0.001915 1651843067.359619
7805724.708988 -389342.448010 0.416621 3.582524 0.001915 1651843067.509418
7805725.245935 -389342.013852 0.424822 3.578635 0.001915 1651843067.659312
7805725.759195 -389341.727186 0.428811 3.580579 0.001915 1651843067.809217
7805726.288402 -389341.448211 0.433048 3.615578 0.001916 1651843067.959212
7805726.807162 -389341.149348 0.435222 3.617523 0.001916 1651843068.109069
7805727.326595 -389340.874367 0.434765 3.611690 0.001916 1651843068.258982
7805727.835700 -389340.589742 0.434997 3.623356 0.002039 1651843068.408820
7805728.420797 -389340.234067 0.434345 3.629189 0.002040 1651843068.558779
7805728.979487 -389339.875503 0.433889 3.615578 0.001916 1651843068.708470
7805729.542172 -389339.585182 0.432091 3.611690 0.001916 1651843068.858334
7805730.118399 -389339.251669 0.427939 3.640855 0.001916 1651843069.008134
7805730.599535 -389338.982581 0.424482 3.640855 0.001916 1651843069.157978
7805731.115238 -389338.753101 0.423122 3.650577 0.001916 1651843069.307838
7805731.617216 -389338.486932 0.424680 3.664188 0.001793 1651843069.457739
7805732.124292 -389338.077983 0.422951 3.679743 0.001793 1651843069.657626
7805732.575269 -389337.830181 0.421064 3.660299 0.001793 1651843069.807559
7805733.181612 -389337.529607 0.420780 3.685576 0.001793 1651843070.007288
7805733.676511 -389337.191074 0.416491 3.683632 0.001793 1651843070.207013
7805734.143812 -389336.829134 0.410347 3.689465 0.001794 1651843070.456861
7805734.517148 -389336.483810 0.410715 3.679743 0.001793 1651843070.656618
7805734.985668 -389336.069169 0.408360 3.679743 0.001793 1651843070.856667
7805735.454377 -389335.698677 0.416774 3.646688 0.001793 1651843071.056409
7805735.882468 -389335.285055 0.424891 3.636967 0.001792 1651843071.206260
7805736.331976 -389334.812225 0.431831 3.644744 0.001793 1651843071.356056
7805736.663147 -389334.397013 0.441728 3.633078 0.001792 1651843071.505871
7805737.014624 -389333.898848 0.447377 3.613634 0.001792 1651843071.655743
7805737.321434 -389333.468409 0.452229 3.580579 0.001791 1651843071.755651
7805737.716636 -389332.984137 0.460223 3.592246 0.001792 1651843071.905440
7805738.111745 -389332.570983 0.465556 3.576691 0.001791 1651843072.055300
7805738.443665 -389332.151892 0.466299 3.565024 0.001791 1651843072.205159
7805738.869964 -389331.785389 0.466688 3.549469 0.001791 1651843072.355003
7805739.304149 -389331.472813 0.465292 3.547525 0.001791 1651843072.504890
7805739.737445 -389331.169240 0.461571 3.539747 0.001791 1651843072.654855
7805740.186833 -389330.928655 0.461510 3.518359 0.001790 1651843072.804762
7805740.626605 -389330.652005 0.465346 3.493082 0.001790 1651843072.954644
7805741.209186 -389330.307683 0.465807 3.485305 0.001790 1651843073.154407
7805741.698778 -389330.023205 0.467901 3.481416 0.001790 1651843073.354208
7805742.165230 -389329.757604 0.470187 3.469750 0.001789 1651843073.554141
7805742.704953 -389329.459136 0.470503 3.444473 0.001295 1651843073.803908
7805743.270284 -389329.156408 0.470862 3.405585 -0.001172 1651843074.003694
7805743.854787 -389328.871012 0.471387 3.393919 -0.003638 1651843074.203424
7805744.360368 -389328.595994 0.471181 3.390030 -0.006473 1651843074.353233
7805744.930636 -389328.271442 0.470856 3.382252 -0.009062 1651843074.503028
7805745.518585 -389327.939863 0.469694 3.372531 -0.009307 1651843074.652869
7805746.094714 -389327.624238 0.468416 3.353087 -0.009306 1651843074.802788
7805746.588883 -389327.347202 0.467598 3.353087 -0.009306 1651843074.952768
7805747.052017 -389327.106232 0.466450 3.339476 -0.009304 1651843075.102721
7805747.628969 -389326.832107 0.467078 3.327810 -0.009303 1651843075.302618
7805748.199798 -389326.561751 0.467257 3.321977 -0.009303 1651843075.502432
7805748.693520 -389326.337023 0.466330 3.292811 -0.010285 1651843075.702307
7805749.248749 -389326.056028 0.465751 3.310310 -0.011888 1651843075.852032
7805749.722387 -389325.825485 0.464630 3.310310 -0.016445 1651843076.001845
7805750.312545 -389325.562292 0.464924 3.333643 -0.027158 1651843076.201699
7805750.784422 -389325.335619 0.462489 3.356976 -0.031471 1651843076.351546
7805751.258093 -389325.124594 0.461567 3.360864 -0.034300 1651843076.501395
7805751.802267 -389324.855958 0.456221 3.397808 -0.038247 1651843076.701157
7805752.272334 -389324.632852 0.452159 3.401696 -0.039969 1651843076.850969
7805752.736554 -389324.437790 0.449699 3.423085 -0.044523 1651843077.000768
7805753.288641 -389324.213167 0.444513 3.438640 -0.051525 1651843077.200769
7805753.839718 -389323.985204 0.439275 3.481416 -0.052038 1651843077.400686
7805754.422980 -389323.704175 0.429663 3.510582 -0.051931 1651843077.600512
7805755.022694 -389323.448363 0.422359 3.524192 -0.051938 1651843077.800363
7805755.616599 -389323.182529 0.415742 3.535859 -0.051945 1651843078.000117
7805756.121551 -389322.996455 0.403912 3.565024 -0.051961 1651843078.249829
7805756.701762 -389322.786397 0.392651 3.574746 -0.051966 1651843078.499635
7805757.303216 -389322.576800 0.386661 3.598079 -0.051733 1651843078.699521
7805757.860163 -389322.335975 0.382874 3.592246 -0.049642 1651843078.849435
7805758.515329 -389322.071872 0.380308 3.592246 -0.043001 1651843078.999231
7805759.155515 -389321.809944 0.377509 3.580579 -0.034500 1651843079.149042
7805759.755053 -389321.566300 0.375096 3.586413 -0.033517 1651843079.298834
7805760.334111 -389321.327954 0.371750 3.549469 -0.033504 1651843079.448614
7805760.869662 -389321.114706 0.368006 3.580579 -0.033515 1651843079.598517
7805761.389733 -389320.918380 0.363373 3.590301 -0.033518 1651843079.748414
7805761.908328 -389320.718015 0.359767 3.594190 -0.033519 1651843079.898403
7805762.393546 -389320.543376 0.355738 3.598079 -0.033521 1651843080.048332
7805762.890959 -389320.364477 0.351794 3.613634 -0.033526 1651843080.198225
7805763.401817 -389320.195890 0.347342 3.592246 -0.033519 1651843080.348047
7805763.902517 -389320.017124 0.343784 3.603912 -0.033523 1651843080.497876
7805764.410895 -389319.848456 0.340191 3.625300 -0.033531 1651843080.647665
7805764.905379 -389319.678188 0.336783 3.646688 -0.030331 1651843080.797443
7805765.404144 -389319.513880 0.333678 3.656410 -0.024533 1651843080.947236
7805765.932867 -389319.328058 0.330049 3.656410 -0.020334 1651843081.097091
7805766.440842 -389319.165180 0.327100 3.666132 -0.016134 1651843081.246797
7805766.970093 -389318.983440 0.324026 3.644744 -0.010570 1651843081.396682
7805767.505906 -389318.792290 0.322004 3.660299 -0.005873 1651843081.546475
7805768.033126 -389318.620576 0.320115 3.656410 -0.000927 1651843081.696269
7805768.551597 -389318.459699 0.320599 3.635022 0.003894 1651843081.846081
7805769.084294 -389318.285449 0.320448 3.654466 0.005873 1651843081.996027
7805769.593516 -389318.120872 0.321296 3.662243 0.005873 1651843082.145877
7805770.114625 -389317.947859 0.322689 3.656410 0.005873 1651843082.295816
7805770.646641 -389317.786396 0.323386 3.658355 0.005873 1651843082.445812
7805771.148513 -389317.616578 0.325020 3.660299 0.005873 1651843082.595751
7805771.649070 -389317.462528 0.326326 3.642800 0.006738 1651843082.745702
7805772.146570 -389317.310403 0.329636 3.646688 0.008716 1651843082.895512
7805772.637056 -389317.154667 0.331666 3.642800 0.011311 1651843083.045392
7805773.136931 -389316.989835 0.334281 3.629189 0.013163 1651843083.195151
7805773.644791 -389316.825544 0.337076 3.646688 0.014895 1651843083.345010
7805774.151319 -389316.680017 0.341243 3.646688 0.015143 1651843083.494779
7805774.661800 -389316.523319 0.344296 3.654466 0.016380 1651843083.644725
7805775.162878 -389316.355334 0.347550 3.675854 0.017743 1651843083.794722
7805775.677179 -389316.171501 0.350397 3.652522 0.020580 1651843083.944717
7805776.173574 -389315.980233 0.353876 3.658355 0.023792 1651843084.094669
7805776.673414 -389315.771674 0.357154 3.658355 0.026879 1651843084.244608
7805777.158249 -389315.610179 0.360611 3.640855 0.027615 1651843084.394516
7805777.659836 -389315.407843 0.364856 3.635022 0.027613 1651843084.544403
7805778.166492 -389315.222258 0.369763 3.658355 0.027620 1651843084.694223
7805778.671867 -389315.030987 0.374077 3.625300 0.027610 1651843084.844029
7805779.185368 -389314.818371 0.378479 3.640855 0.026504 1651843084.993831
7805779.662519 -389314.626650 0.382143 3.652522 0.023544 1651843085.143646
7805780.181129 -389314.415511 0.385571 3.629189 0.023168 1651843085.293395
7805780.692578 -389314.204990 0.389279 3.646688 0.023172 1651843085.443207
7805781.204318 -389313.989437 0.391993 3.615578 0.023164 1651843085.592979
7805781.718827 -389313.769499 0.395283 3.594190 0.023159 1651843085.742775
7805782.207261 -389313.572105 0.398795 3.586413 0.023157 1651843085.892533
7805782.692069 -389313.358873 0.401261 3.594190 0.023159 1651843086.042410
7805783.171162 -389313.148546 0.404503 3.582524 0.023156 1651843086.192337
7805783.643782 -389312.951651 0.406655 3.594190 0.023159 1651843086.342041
7805784.130189 -389312.723872 0.409277 3.594190 0.023159 1651843086.491850
7805784.635878 -389312.503997 0.412475 3.578635 0.021798 1651843086.641664
7805785.130541 -389312.282626 0.414485 3.549469 0.016855 1651843086.791509
7805785.638910 -389312.049002 0.417173 3.545581 0.014015 1651843086.941367
7805786.133479 -389311.817167 0.420010 3.555302 0.013646 1651843087.091355
7805786.608950 -389311.598520 0.421948 3.565024 0.013524 1651843087.241309
7805787.123007 -389311.360040 0.423777 3.541692 0.013521 1651843087.391161
7805787.642855 -389311.122453 0.425301 3.547525 0.013522 1651843087.541034
7805788.176696 -389310.867947 0.427854 3.526137 0.013519 1651843087.690825
7805788.657504 -389310.642005 0.429884 3.498915 0.013515 1651843087.840623
7805789.236553 -389310.366533 0.432424 3.508637 0.009567 1651843088.040526
7805789.736715 -389310.128088 0.434075 3.506693 0.003765 1651843088.190523
7805790.229580 -389309.883313 0.435296 3.514470 0.003395 1651843088.340465
7805790.694808 -389309.663769 0.435923 3.522248 0.003395 1651843088.490466
7805791.264304 -389309.396083 0.436672 3.512526 0.001667 1651843088.690272
7805791.747768 -389309.164880 0.437409 3.518359 -0.002901 1651843088.840155
7805792.207179 -389308.935940 0.436875 3.504749 -0.004012 1651843088.989921
7805792.766958 -389308.667293 0.437061 3.516415 -0.004136 1651843089.189678
7805793.249131 -389308.446568 0.437844 3.502804 -0.003889 1651843089.339567
7805793.727243 -389308.213513 0.437456 3.496971 -0.002654 1651843089.489617
7805794.329874 -389307.928761 0.437271 3.514470 -0.002531 1651843089.689581
7805794.886184 -389307.664386 0.437481 3.504749 -0.002531 1651843089.889539
7805795.513864 -389307.388977 0.438408 3.504749 -0.002531 1651843090.089211
7805795.999151 -389307.155880 0.438377 3.504749 -0.002531 1651843090.239085
7805796.488242 -389306.940422 0.439337 3.491138 -0.001296 1651843090.388893
7805797.082347 -389306.656881 0.440359 3.498915 0.002284 1651843090.588669
7805797.549253 -389306.438935 0.441025 3.495027 0.002654 1651843090.738511
7805798.046600 -389306.204303 0.441488 3.481416 0.003394 1651843090.888336
7805798.508338 -389305.991998 0.442015 3.475583 0.005368 1651843091.038143
7805799.006605 -389305.749911 0.443486 3.479472 0.007466 1651843091.188035
7805799.467652 -389305.519761 0.444938 3.487249 0.009812 1651843091.337832
7805799.934496 -389305.304531 0.446042 3.489193 0.010923 1651843091.487555
7805800.410968 -389305.077166 0.447850 3.489193 0.010923 1651843091.637446
7805801.011780 -389304.791745 0.450638 3.481416 0.010922 1651843091.837297
7805801.591736 -389304.503782 0.452944 3.487249 0.010922 1651843092.037160
7805802.178802 -389304.223005 0.454841 3.487249 0.010922 1651843092.237161
7805802.632667 -389303.999062 0.456534 3.487249 0.010922 1651843092.387053
7805803.140253 -389303.749797 0.458993 3.489193 0.010676 1651843092.536952
7805803.730847 -389303.461993 0.461454 3.489193 0.007591 1651843092.686797
7805804.253467 -389303.196852 0.462909 3.469750 0.006232 1651843092.836605
7805804.816618 -389302.913307 0.465205 3.460028 0.006231 1651843092.986504
7805805.465905 -389302.595696 0.469178 3.485305 0.006233 1651843093.136361
7805806.141656 -389302.278106 0.473865 3.491138 0.006233 1651843093.286177
7805806.758705 -389301.967656 0.476651 3.477527 0.006232 1651843093.435982
7805807.343580 -389301.699273 0.479097 3.487249 0.006233 1651843093.585830
7805807.920712 -389301.405915 0.481871 3.481416 0.006233 1651843093.735698
7805808.398227 -389301.140823 0.482564 3.460028 0.006231 1651843093.885508
7805808.860877 -389300.915560 0.484989 3.446417 0.006230 1651843094.035381
7805809.367012 -389300.681115 0.489308 3.452250 0.006231 1651843094.185394
7805809.886740 -389300.401460 0.492700 3.442528 0.006230 1651843094.335242
7805810.418179 -389300.123953 0.494809 3.436695 0.006230 1651843094.485139
7805810.865950 -389299.858137 0.496199 3.426973 0.006229 1651843094.635026
7805811.315227 -389299.614391 0.497201 3.399752 0.006351 1651843094.784842
7805811.792265 -389299.367824 0.499633 3.395863 0.006350 1651843094.934702
7805812.243652 -389299.138649 0.502747 3.397808 0.006227 1651843095.084505
7805812.828807 -389298.824560 0.504673 3.362809 0.006348 1651843095.284355
7805813.328774 -389298.551021 0.507795 3.333643 0.006963 1651843095.484137
7805813.917938 -389298.240996 0.511617 3.327810 0.007085 1651843095.683869
7805814.443426 -389297.936232 0.515829 3.302533 0.008562 1651843095.883698
7805814.894697 -389297.678829 0.517403 3.327810 0.012137 1651843096.033595
7805815.440945 -389297.379484 0.519607 3.285033 0.014348 1651843096.233532
7805815.880951 -389297.107073 0.518122 3.283089 0.014348 1651843096.383409
7805816.309132 -389296.845217 0.519868 3.288922 0.014349 1651843096.533372
7805816.845135 -389296.537342 0.522529 3.265590 0.012129 1651843096.733283
7805817.346188 -389296.261218 0.524054 3.250035 0.007326 1651843096.933062
7805817.827361 -389295.971282 0.526695 3.222813 0.003139 1651843097.182822
7805818.263959 -389295.711764 0.529421 3.207258 0.003139 1651843097.482518
7805818.782475 -389295.440330 0.531735 3.176148 0.000185 1651843097.832135
7805819.271408 -389295.163279 0.528886 3.133372 -0.002645 1651843098.181700
7805819.752334 -389294.894678 0.531177 3.121705 -0.002521 1651843098.381521
7805820.248428 -389294.606601 0.532183 3.092540 -0.001168 1651843098.581321
7805820.756852 -389294.311841 0.532669 3.075040 0.000061 1651843098.781119
7805821.310911 -389293.977344 0.532818 3.057541 0.000061 1651843098.980974
7805821.828914 -389293.677298 0.533383 3.030319 0.000061 1651843099.180874
7805822.337545 -389293.356767 0.534241 3.018653 0.000061 1651843099.380713
7805822.849272 -389293.059027 0.535313 2.975877 0.000061 1651843099.580518
7805823.368909 -389292.753628 0.536061 2.981710 0.000061 1651843099.780288
7805823.871380 -389292.455636 0.537096 2.938933 0.000061 1651843099.980179
7805824.378247 -389292.155886 0.537893 2.915601 -0.000307 1651843100.180072
7805824.876652 -389291.870120 0.538219 2.907823 -0.001289 1651843100.380155
7805825.379219 -389291.567094 0.538923 2.892268 -0.002393 1651843100.579907
7805825.877296 -389291.276654 0.538654 2.865047 -0.002393 1651843100.779674
7805826.349174 -389290.995558 0.539432 2.830048 -0.002392 1651843100.979444
7805826.843641 -389290.700025 0.538984 2.802827 -0.002392 1651843101.179132
7805827.299006 -389290.424290 0.539954 2.781438 -0.001165 1651843101.378900
7805827.767671 -389290.133583 0.540733 2.783383 0.000061 1651843101.578706
7805828.227498 -389289.859535 0.540913 2.715329 -0.000061 1651843101.778414
7805828.678365 -389289.585467 0.541063 2.721163 0.000061 1651843101.978224
7805829.162817 -389289.291709 0.541524 2.691997 0.000429 1651843102.178001
7805829.641409 -389288.997328 0.542511 2.699774 0.002022 1651843102.377736
7805830.117106 -389288.715662 0.543355 2.678386 0.002022 1651843102.577530
7805830.650972 -389288.395938 0.543267 2.672553 -0.004104 1651843102.827353
7805831.126901 -389288.111359 0.543258 2.660887 -0.005329 1651843103.027277
7805831.592932 -389287.837543 0.542795 2.647276 -0.005328 1651843103.227125
7805832.032989 -389287.573139 0.542410 2.594778 -0.005326 1651843103.426849
7805832.471657 -389287.304479 0.542997 2.588945 -0.005326 1651843103.626601
7805832.997504 -389286.976522 0.543703 2.588945 -0.005326 1651843103.876314
7805833.436230 -389286.716001 0.543725 2.594778 -0.005326 1651843104.076086
7805833.884655 -389286.439188 0.543481 2.561723 -0.005202 1651843104.275824
7805834.317339 -389286.171973 0.544288 2.567556 -0.005203 1651843104.475698
7805834.837729 -389285.850335 0.545001 2.561723 -0.005202 1651843104.725600
7805835.288386 -389285.584938 0.545465 2.555890 -0.005814 1651843104.925476
7805835.714259 -389285.319138 0.544711 2.550057 -0.008261 1651843105.125257
7805836.258999 -389284.991070 0.544249 2.542279 -0.012788 1651843105.375029
7805836.778340 -389284.679460 0.543600 2.526724 -0.014377 1651843105.624804
7805837.283857 -389284.360551 0.543634 2.524780 -0.014377 1651843105.874490
7805837.813087 -389284.025150 0.542440 2.513114 -0.014009 1651843106.124193
7805838.345837 -389283.653118 0.540025 2.501447 -0.014007 1651843106.373986
7805838.827773 -389283.303761 0.537396 2.497559 -0.014007 1651843106.623609
7805839.361824 -389283.005253 0.536302 2.487837 -0.014006 1651843106.873279
7805839.816033 -389282.757035 0.535559 2.472282 -0.012537 1651843107.073151
7805840.340826 -389282.428478 0.532903 2.470337 -0.012170 1651843107.323073
7805840.763522 -389282.153728 0.531081 2.460615 -0.010824 1651843107.523042
7805841.187076 -389281.849723 0.528532 2.458671 -0.007767 1651843107.722877
7805841.631868 -389281.559672 0.527176 2.476170 -0.005199 1651843107.922686
7805842.053496 -389281.251951 0.525231 2.478115 -0.004343 1651843108.122431
7805842.498402 -389280.918485 0.522041 2.462560 -0.002508 1651843108.322268
7805842.938464 -389280.619622 0.518996 2.466449 -0.000550 1651843108.522027
7805843.383216 -389280.343710 0.517177 2.431450 0.000550 1651843108.721698
7805843.823260 -389280.072653 0.516884 2.423672 0.002262 1651843108.921609
7805844.268719 -389279.699849 0.512051 2.392562 0.005563 1651843109.121491
7805844.693165 -389279.397291 0.510108 2.301176 0.006659 1651843109.321434
7805845.132094 -389279.105587 0.507731 2.277844 0.006657 1651843109.521346
7805845.653285 -389278.825430 0.506883 2.285621 0.006658 1651843109.771097
7805846.126629 -389278.532930 0.504987 2.196179 0.006654 1651843110.020813
7805846.596675 -389278.213478 0.502630 2.114515 0.006650 1651843110.270455
7805847.036848 -389277.954158 0.500544 2.027018 0.006647 1651843110.520085
7805847.508744 -389277.622757 0.494953 1.925910 0.006643 1651843110.769785
7805847.965327 -389277.213357 0.486534 1.865635 0.006641 1651843111.019535
7805848.439405 -389276.857328 0.478298 1.793692 0.006638 1651843111.269390
7805848.912460 -389276.564972 0.468987 1.776193 0.006637 1651843111.469212
7805849.344534 -389276.222705 0.457138 1.729528 0.006636 1651843111.718899
7805849.810102 -389275.997619 0.447066 1.696473 0.006635 1651843111.968530
7805850.290038 -389275.725857 0.437030 1.618698 0.006632 1651843112.218346
7805850.770925 -389275.365128 0.425071 1.486480 0.006628 1651843112.518261
7805851.196972 -389275.044808 0.416926 1.389261 0.006625 1651843112.818192
7805851.607102 -389274.745636 0.409832 1.190934 0.006620 1651843113.167887
7805852.067934 -389274.504186 0.407457 0.817613 0.006613 1651843113.617321
7805852.533182 -389274.241841 0.407194 0.767059 0.006612 1651843114.366452
7805853.018680 -389274.040322 0.408498 0.737893 0.006611 1651843115.065819
7805853.470129 -389273.795858 0.408485 0.802058 0.006612 1651843115.715140
7805853.938463 -389273.602587 0.409112 0.947886 0.006615 1651843116.314699
7805854.400021 -389273.375949 0.410440 1.136491 0.006376 1651843116.864286
7805854.913771 -389273.164914 0.411224 1.369817 -0.005409 1651843117.313754
7805855.401772 -389272.958343 0.413783 1.511757 -0.005412 1651843117.663350
7805855.931080 -389272.729689 0.413327 1.575922 -0.005414 1651843118.012967
7805856.381371 -389272.487600 0.409326 1.488424 -0.004804 1651843118.362851
7805856.847570 -389272.254237 0.408854 1.640086 0.003225 1651843118.712735
7805857.291308 -389272.012745 0.407804 1.579810 0.003224 1651843119.062447
7805857.763440 -389271.772517 0.407070 1.760638 0.007611 1651843119.362125
7805858.268390 -389271.530829 0.407067 1.863690 0.012731 1651843119.611852
7805858.698710 -389271.267382 0.404871 1.972576 0.012739 1651843119.861540
7805859.193027 -389271.028223 0.406263 2.151459 0.012753 1651843120.111249
7805859.658097 -389270.835452 0.410573 2.281732 0.011543 1651843120.310949
7805860.126917 -389270.609542 0.413120 2.404228 0.006663 1651843120.510758
7805860.610786 -389270.395536 0.413841 2.466449 0.002630 1651843120.710539
7805861.193047 -389270.151473 0.413334 2.544224 0.000551 1651843120.960230
7805861.731968 -389269.855008 0.411095 2.443116 -0.005320 1651843121.209803
7805862.193958 -389269.647263 0.409025 2.520891 -0.005323 1651843121.409621
7805862.763238 -389269.399763 0.408215 2.497559 -0.005322 1651843121.659448
7805863.230313 -389269.210481 0.406853 2.583111 -0.005326 1651843121.859468
7805863.699952 -389269.010259 0.407635 2.507281 -0.005322 1651843122.059382
7805864.243819 -389268.733118 0.404169 2.581167 -0.005325 1651843122.309217
7805864.744191 -389268.460400 0.404277 2.655054 -0.005329 1651843122.509077
7805865.283881 -389268.190801 0.404773 2.754217 -0.005333 1651843122.708885
7805865.864979 -389267.955812 0.405182 2.831992 -0.005336 1651843122.908557
7805866.415545 -389267.678677 0.402318 2.925323 -0.005340 1651843123.108343
7805866.977696 -389267.396874 0.399588 2.987543 -0.005343 1651843123.308194
7805867.542950 -389267.149563 0.397603 2.940878 -0.005341 1651843123.508101
7805868.075714 -389266.910200 0.395807 3.088651 -0.005348 1651843123.708013
7805868.568134 -389266.672627 0.394449 2.913656 -0.005340 1651843123.907840
7805869.058831 -389266.451593 0.391926 2.931156 -0.005341 1651843124.107617
7805869.547587 -389266.224516 0.389014 2.979765 -0.005343 1651843124.307503
7805870.067755 -389265.892666 0.384683 2.964210 -0.005342 1651843124.507520
7805870.538166 -389265.507702 0.373489 3.057541 -0.005347 1651843124.757339
7805871.075529 -389265.195359 0.368137 3.143094 -0.005966 1651843124.957153
7805871.665415 -389264.944553 0.365622 3.238368 -0.016187 1651843125.156864
7805872.264994 -389264.775538 0.366542 3.302533 -0.028503 1651843125.356581
7805872.809714 -389264.565218 0.367253 3.339476 -0.032818 1651843125.506388
7805873.356098 -389264.283622 0.365105 3.417251 -0.032843 1651843125.656240
7805873.807487 -389264.032733 0.367343 3.448361 -0.030268 1651843125.756138
7805874.368749 -389263.705371 0.366460 3.496971 -0.023382 1651843125.905939
7805874.940512 -389263.381403 0.366459 3.504749 -0.019191 1651843126.055684
7805875.570833 -389263.051936 0.365577 3.553358 -0.019201 1651843126.205545
7805876.080798 -389262.820493 0.362692 3.588357 -0.019084 1651843126.355505
7805876.664389 -389262.584944 0.359195 3.598079 -0.019086 1651843126.505455
7805877.139479 -389262.419270 0.355561 3.588357 -0.018467 1651843126.655356
7805877.695649 -389262.208266 0.353039 3.613634 -0.012419 1651843126.855226
7805878.309697 -389262.210536 0.354197 3.594190 -0.011058 1651843127.154944
7805878.880722 -389262.130649 0.352483 3.594190 -0.011058 1651843127.404711
7805879.387004 -389261.967182 0.350049 3.568913 -0.011055 1651843127.604496
7805879.882634 -389261.804087 0.348411 3.574746 -0.010068 1651843127.804219
7805880.514286 -389261.631243 0.348521 3.580579 -0.006980 1651843128.003972
7805881.125181 -389261.416741 0.346609 3.572802 -0.006980 1651843128.203691
7805881.594122 -389261.230319 0.344572 3.578635 -0.006980 1651843128.353496
7805882.136974 -389261.042281 0.340859 3.559191 -0.006979 1651843128.553209
7805882.621536 -389260.888555 0.338704 3.547525 -0.006978 1651843128.703076
7805883.092222 -389260.693459 0.336579 3.559191 -0.006979 1651843128.852969
7805883.662102 -389260.334668 0.334344 3.557247 -0.006978 1651843129.052905
7805884.210303 -389260.042667 0.332098 3.559191 -0.006979 1651843129.202852
7805884.739692 -389259.734320 0.329720 3.539747 -0.006977 1651843129.352762
7805885.226052 -389259.471213 0.328391 3.528081 -0.007100 1651843129.502552
7805885.835542 -389259.192625 0.321804 3.528081 -0.006976 1651843129.702315
7805886.361342 -389258.958452 0.311609 3.539747 -0.006977 1651843129.852114
7805886.969020 -389258.827015 0.304514 3.533914 -0.002161 1651843130.051926
7805887.509267 -389258.493839 0.294785 3.533914 0.000432 1651843130.251732
7805888.023326 -389258.036926 0.288689 3.526137 0.000432 1651843130.351586
7805888.514599 -389257.717528 0.283861 3.547525 0.000432 1651843130.501410
7805888.930440 -389257.405716 0.281740 3.566969 0.000432 1651843130.651158
7805889.371052 -389256.946476 0.284066 3.568913 0.000432 1651843130.850960
7805889.844134 -389256.532671 0.284024 3.547525 0.000432 1651843131.050863
7805890.287509 -389256.176638 0.285031 3.557247 0.000432 1651843131.200796
7805890.644647 -389255.738124 0.289417 3.547525 0.000432 1651843131.350823
7805891.067291 -389255.222172 0.293671 3.524192 0.000432 1651843131.500646
7805891.432139 -389254.826676 0.295847 3.531970 0.000432 1651843131.650455
7805891.722007 -389254.289843 0.300411 3.551414 0.000432 1651843131.850232
7805892.154093 -389253.810313 0.300727 3.535859 0.000432 1651843132.000060
7805892.633697 -389253.380161 0.302059 3.471694 0.000432 1651843132.149921
7805893.024161 -389252.995849 0.306032 3.481416 0.000432 1651843132.349810
7805893.527188 -389252.647388 0.311156 3.493082 0.000432 1651843132.549682
7805894.011431 -389252.360244 0.314350 3.481416 -0.000926 1651843132.699559
7805894.390302 -389252.033177 0.316004 3.479472 -0.006973 1651843132.849311
7805894.984385 -389251.516409 0.307068 3.469750 -0.009070 1651843132.999166
7805895.513700 -389251.072537 0.305704 3.440584 -0.009067 1651843133.199052
7805896.213245 -389250.749847 0.302144 3.440584 -0.009067 1651843133.298887
7805896.738428 -389250.450644 0.305995 3.426973 -0.009066 1651843133.448735
7805897.266786 -389250.180457 0.307996 3.423085 -0.009065 1651843133.548651
7805897.691563 -389249.897393 0.309976 3.417251 -0.009065 1651843133.648599
7805898.173244 -389249.515798 0.311175 3.409474 -0.009064 1651843133.798633
7805898.674189 -389249.175453 0.314850 3.380308 -0.009185 1651843133.948557
7805899.147323 -389248.810088 0.318062 3.393919 -0.009063 1651843134.098590
7805899.704808 -389248.510402 0.320447 3.360864 -0.009060 1651843134.298461
7805900.234169 -389248.238084 0.325942 3.356976 -0.008813 1651843134.498302
7805900.819003 -389247.972009 0.332495 3.351142 -0.005238 1651843134.698117
7805901.392525 -389247.746734 0.340856 3.327810 0.002773 1651843134.897903
7805901.928918 -389247.441241 0.354005 3.316144 0.014106 1651843135.097585
7805902.323786 -389247.120318 0.366951 3.286978 0.028745 1651843135.297302
7805902.742490 -389246.841891 0.381000 3.273367 0.042127 1651843135.496914
7805903.285829 -389246.542935 0.397611 3.255868 0.052656 1651843135.746537
7805903.702707 -389246.152802 0.415030 3.255868 0.054491 1651843135.946429
7805904.127765 -389245.658303 0.433247 3.244201 0.054485 1651843136.146371
7805904.473143 -389245.201766 0.450804 3.218924 0.055205 1651843136.346280
7805904.885805 -389244.720813 0.469509 3.205314 0.059962 1651843136.546162
7805905.211091 -389244.314942 0.485039 3.236424 0.067300 1651843136.695958
7805905.659914 -389243.937391 0.517599 3.215036 0.083325 1651843136.945618
7805906.025465 -389243.553655 0.543011 3.216980 0.095173 1651843137.145313
7805906.335499 -389242.934205 0.572961 3.240313 0.106502 1651843137.345042
7805906.412209 -389242.306795 0.611620 3.263645 0.128006 1651843137.644817
7805906.650963 -389241.740993 0.641301 3.273367 0.141369 1651843137.794756
7805906.855820 -389241.268318 0.666478 3.263645 0.152258 1651843137.944744
7805907.054517 -389240.782160 0.705451 3.261701 0.170007 1651843138.144682
7805907.442735 -389240.300104 0.746817 3.271423 0.197259 1651843138.394635
7805907.869066 -389239.889137 0.782117 3.273367 0.221857 1651843138.594529
7805908.235229 -389239.543924 0.813211 3.263645 0.237856 1651843138.744375
7805908.637111 -389239.093157 0.856852 3.248090 0.253979 1651843138.944191
7805909.004741 -389238.614302 0.903457 3.259756 0.270483 1651843139.144010
7805909.422946 -389238.100512 0.952118 3.251979 0.283027 1651843139.343746
7805909.787656 -389237.574739 1.003545 3.257812 0.293689 1651843139.543465
7805910.052321 -389237.139699 1.042773 3.263645 0.301910 1651843139.693295
7805910.340576 -389236.591586 1.096666 3.250035 0.305837 1651843139.892985
7805910.599036 -389236.028946 1.150496 3.269478 0.305795 1651843140.092641
7805910.796548 -389235.556681 1.189351 3.261701 0.304683 1651843140.242503
7805910.978909 -389235.085466 1.228873 3.209202 0.302647 1651843140.392308
7805911.201311 -389234.472268 1.281503 3.195592 0.300620 1651843140.592167
7805911.371122 -389233.836723 1.331568 3.193647 0.296720 1651843140.792011
7805911.495318 -389233.202278 1.381917 3.162537 0.296734 1651843140.991815
7805911.625828 -389232.573698 1.432915 3.129483 0.296743 1651843141.191679
7805911.682653 -389231.975164 1.483996 3.102261 0.297368 1651843141.391425
7805911.737310 -389231.338040 1.534536 3.076985 0.301978 1651843141.591176
7805911.740004 -389230.719428 1.585021 3.045874 0.316218 1651843141.790982
7805911.727474 -389230.113337 1.635822 3.034208 0.333606 1651843141.990745
7805911.694585 -389229.509624 1.692968 3.008931 0.348443 1651843142.190498
7805911.652936 -389228.913846 1.772275 2.997265 0.361146 1651843142.440208
7805911.686516 -389228.382762 1.836634 2.975877 0.373264 1651843142.639919
7805911.670540 -389227.794259 1.899786 2.948655 0.384484 1651843142.839638
7805911.458998 -389227.249086 1.961555 2.958377 0.385548 1651843143.039507
7805911.137763 -389226.751602 2.022008 2.933100 0.394906 1651843143.239327
7805910.806593 -389226.248464 2.083050 2.981710 0.399606 1651843143.439131
7805910.750177 -389225.582852 2.146187 2.995320 0.404228 1651843143.638941
7805910.545901 -389225.032593 2.210870 2.935045 0.404841 1651843143.838789
7805910.174659 -389224.570874 2.275811 2.911712 0.404924 1651843144.038595
7805909.881873 -389224.055291 2.345360 2.905879 0.404986 1651843144.238418
7805909.517915 -389223.469663 2.424033 2.933100 0.404999 1651843144.488259
7805909.211804 -389223.025165 2.486608 2.882546 0.404740 1651843144.688144
7805908.860305 -389222.654329 2.550735 2.830048 0.403156 1651843144.887944
7805908.419005 -389222.339952 2.614129 2.793105 0.399545 1651843145.087762
7805907.923127 -389222.068680 2.673849 2.804771 0.397580 1651843145.287590
7805907.484071 -389221.789588 2.731901 2.787272 0.393660 1651843145.487404
7805907.038326 -389221.555716 2.791414 2.773661 0.387851 1651843145.687265
7805906.567047 -389221.362947 2.847987 2.769772 0.379674 1651843145.887157
7805906.102212 -389221.167226 2.903626 2.760050 0.374158 1651843146.087103
7805905.559530 -389220.973464 2.977041 2.744495 0.362073 1651843146.336945
7805905.013327 -389220.755402 3.060544 2.721163 0.338899 1651843146.636971
7805904.490079 -389220.613973 -3.139847 2.721163 0.325330 1651843146.936909
7805903.914120 -389220.637592 -3.077969 2.732829 0.324216 1651843147.186702
7805903.296901 -389220.665790 -3.016165 2.707552 0.324532 1651843147.436472
7805902.719082 -389220.663105 -2.947551 2.717274 0.325605 1651843147.686280
7805902.147545 -389220.724654 -2.878600 2.711441 0.318022 1651843147.935984
7805901.569731 -389220.827335 -2.803152 2.715329 0.296478 1651843148.235751
7805901.069862 -389221.014070 -2.762874 2.732829 0.272728 1651843148.435449
7805900.566448 -389221.224388 -2.726529 2.738662 0.245948 1651843148.635290
7805900.037134 -389221.463620 -2.693170 2.765883 0.219210 1651843148.835006
7805899.466035 -389221.723668 -2.660596 2.769772 0.195591 1651843149.034811
7805898.965207 -389221.941256 -2.635549 2.793105 0.174220 1651843149.234692
7805898.391378 -389222.183477 -2.615896 2.814493 0.150480 1651843149.434605
7805897.814949 -389222.422701 -2.611655 2.793105 0.131007 1651843149.584604
7805897.332868 -389222.633314 -2.603466 2.791160 0.113233 1651843149.734410
7805896.767817 -389222.910185 -2.591694 2.783383 0.091321 1651843149.934343
7805896.204287 -389223.217841 -2.581488 2.760050 0.079368 1651843150.134287
7805895.665501 -389223.501620 -2.573020 2.711441 0.072443 1651843150.334185
7805895.209697 -389223.714556 -2.571028 2.699774 0.063221 1651843150.484094
7805894.742559 -389223.921294 -2.572453 2.695886 0.049595 1651843150.633919
7805894.175507 -389224.171978 -2.571511 2.666720 0.031522 1651843150.833692
7805893.642495 -389224.428311 -2.571690 2.616166 0.015733 1651843151.033553
7805893.169881 -389224.592898 -2.576011 2.592833 0.000429 1651843151.183439
7805892.617599 -389224.760128 -2.583546 2.561723 -0.015360 1651843151.333256
7805892.092859 -389224.970565 -2.589687 2.544224 -0.026239 1651843151.533034
7805891.643660 -389225.202610 -2.594135 2.493670 -0.027084 1651843151.732868
7805891.172190 -389225.493964 -2.596770 2.482004 -0.027082 1651843151.932689
7805890.652517 -389225.789941 -2.599704 2.454782 -0.026955 1651843152.182419
7805890.102890 -389226.071152 -2.602169 2.425617 -0.027071 1651843152.432145
7805889.626475 -389226.387184 -2.605170 2.398395 -0.025967 1651843152.681833
7805889.130619 -389226.689134 -2.609173 2.382840 -0.023401 1651843152.931471
7805888.652795 -389227.017459 -2.613315 2.375063 -0.018026 1651843153.181038
7805888.201673 -389227.381606 -2.614795 2.353674 -0.010449 1651843153.430627
7805887.736395 -389227.655123 -2.619558 2.342008 -0.008493 1651843153.630185
7805887.255301 -389227.887560 -2.626475 2.345897 -0.006538 1651843153.829728
7805886.753559 -389228.163913 -2.629381 2.318676 -0.005315 1651843154.079245
7805886.292325 -389228.403681 -2.634652 2.266177 -0.005313 1651843154.278991
7805885.756420 -389228.703947 -2.640975 2.213679 -0.005312 1651843154.528549
7805885.345674 -389229.023436 -2.645653 2.165069 -0.004822 1651843154.778132
7805884.889378 -389229.321236 -2.652551 2.133959 -0.000183 1651843155.027833
7805884.298094 -389229.493239 -2.659827 2.048406 0.000061 1651843155.277762
7805883.674490 -389229.482897 -2.656682 2.015352 0.000183 1651843155.427735
7805883.065507 -389229.579636 -2.654395 1.945354 0.000183 1651843155.627693
7805882.601822 -389229.797672 -2.660346 1.883134 -0.000670 1651843155.877530
7805882.102064 -389230.044530 -2.657711 1.785915 -0.005298 1651843156.177181
7805881.619072 -389230.275888 -2.658475 1.667308 -0.005295 1651843156.476876
7805881.092954 -389230.508396 -2.655239 1.556478 -0.005292 1651843156.826552
7805880.638677 -389230.772023 -2.653683 1.418427 -0.005289 1651843157.176164
7805880.152462 -389230.995886 -2.645754 1.383428 -0.005288 1651843157.625795
7805879.671008 -389231.261567 -2.639502 1.237599 -0.005285 1651843158.075269
7805879.171606 -389231.399698 -2.630600 1.012051 -0.005281 1651843158.724817
7805878.721317 -389231.715535 -2.623947 0.924554 -0.005280 1651843159.274147
7805878.343709 -389232.068056 -2.615699 0.811779 -0.005278 1651843159.723886
7805877.997186 -389232.452780 -2.612774 0.683450 -0.005276 1651843160.173523
7805877.722469 -389232.881169 -2.618002 0.650396 -0.005397 1651843160.772861
7805877.492877 -389233.330331 -2.627219 0.572620 -0.005275 1651843161.422126
7805877.066368 -389233.635394 -2.629237 0.407348 0.035792 1651843177.008162
7805876.624458 -389233.959858 -2.624380 0.901221 0.081077 1651843177.507674
7805876.151265 -389234.272048 -2.617150 1.175379 0.104713 1651843177.857344
7805875.650733 -389234.586859 -2.603807 1.566200 0.119057 1651843178.206935
7805875.231572 -389234.859808 -2.590842 1.807303 0.124379 1651843178.456609
7805874.764661 -389235.184491 -2.576681 1.863690 0.124300 1651843178.706313
7805874.301904 -389235.526173 -2.561826 1.871468 0.124306 1651843178.956129
7805873.948330 -389235.966451 -2.550478 1.964798 0.124254 1651843179.206082
7805874.130106 -389236.561800 -2.557050 1.960909 0.124252 1651843179.406082
7805873.864992 -389237.023169 -2.551258 1.953132 0.124246 1651843179.656062
7805873.396617 -389237.413564 -2.539644 2.085350 0.124227 1651843179.905874
7805872.917414 -389237.725484 -2.524803 2.258400 0.124249 1651843180.155772
7805872.529162 -389238.088491 -2.497142 2.474226 0.119710 1651843180.405663
7805872.204167 -389238.494362 -2.465788 2.639499 0.103199 1651843180.655631
7805871.952449 -389238.976843 -2.448559 2.594778 0.094184 1651843180.905409
7805871.722117 -389239.452349 -2.435348 2.631721 0.093731 1651843181.105249
7805871.362018 -389239.844343 -2.423446 2.608388 0.093594 1651843181.305160
7805870.892326 -389240.238268 -2.410588 2.625888 0.093607 1651843181.554986
7805870.443574 -389240.572343 -2.399380 2.655054 0.093628 1651843181.754809
7805870.044722 -389240.946567 -2.376409 2.775605 0.090713 1651843182.004700
7805869.748077 -389241.454650 -2.341910 2.880602 0.082591 1651843182.204414
7805869.440541 -389241.948098 -2.314252 3.028375 0.071910 1651843182.404276
7805869.163447 -389242.435096 -2.292509 3.110039 0.065394 1651843182.554061
7805868.850418 -389242.906010 -2.272158 3.205314 0.060207 1651843182.703926
7805868.570916 -389243.390707 -2.251705 3.331699 0.053674 1651843182.853794
7805868.314667 -389243.962519 -2.230305 3.475583 0.046266 1651843183.053579
7805867.993345 -389244.515997 -2.215207 3.592246 0.042386 1651843183.203459
7805867.613947 -389245.116154 -2.202590 3.652522 0.037362 1651843183.353327
7805867.280115 -389245.545684 -2.194474 3.712797 0.035907 1651843183.453287
7805866.978573 -389246.007505 -2.184406 3.765296 0.035804 1651843183.553275
7805866.747527 -389246.549261 -2.173368 3.776962 0.035808 1651843183.653222
7805866.392012 -389247.156445 -2.162294 3.804183 0.035696 1651843183.803166
7805865.969811 -389247.731172 -2.152891 3.765296 0.034322 1651843183.953067
7805865.949027 -389248.259012 -2.154429 3.765296 0.032223 1651843184.052971
7805866.031092 -389248.762258 -2.159732 3.771129 0.029878 1651843184.153019
7805865.859790 -389249.341623 -2.163524 3.736130 0.023194 1651843184.352720
7805865.574010 -389249.838764 -2.162943 3.749741 0.017510 1651843184.552486
7805865.296994 -389250.361742 -2.161392 3.736130 0.014044 1651843184.752299
7805864.976625 -389250.760521 -2.159357 3.708909 0.009958 1651843184.902227
7805864.687522 -389251.177916 -2.157964 3.775018 0.004890 1651843185.052127
7805864.382825 -389251.676851 -2.160765 3.804183 0.001053 1651843185.251888
7805864.106153 -389252.124686 -2.161209 3.856682 -0.002664 1651843185.401743
7805863.789561 -389252.591496 -2.160184 3.903347 -0.009360 1651843185.551593
7805863.516890 -389253.059619 -2.160718 3.932513 -0.014819 1651843185.701444
7805863.244881 -389253.488685 -2.163538 3.994733 -0.019295 1651843185.851335
7805862.931740 -389253.931131 -2.167878 4.031676 -0.020792 1651843186.001243
7805862.570403 -389254.407876 -2.172091 4.072508 -0.021795 1651843186.151103
7805862.264930 -389254.883520 -2.175107 4.097785 -0.022919 1651843186.301040
7805861.863770 -389255.340793 -2.179081 4.121118 -0.024167 1651843186.450937
7805861.437115 -389255.811141 -2.183546 4.140561 -0.024421 1651843186.600888
7805861.085397 -389256.317979 -2.186788 4.161950 -0.025048 1651843186.750795
7805860.736979 -389256.845083 -2.189215 4.179449 -0.029896 1651843186.900681
7805860.389500 -389257.409506 -2.190938 4.191115 -0.037718 1651843187.050767
7805860.007865 -389257.961342 -2.195097 4.169727 -0.043781 1651843187.200583
7805859.667552 -389258.518513 -2.198176 4.214448 -0.050491 1651843187.350534
7805859.279871 -389259.057247 -2.203678 4.216392 -0.052225 1651843187.500417
7805858.890608 -389259.543750 -2.211705 4.224170 -0.052230 1651843187.650387
7805858.543562 -389259.932355 -2.223407 4.247502 -0.052245 1651843187.800267
7805858.055946 -389260.347616 -2.241351 4.247502 -0.052245 1651843188.000164
7805857.609691 -389260.798065 -2.259791 4.284446 -0.052269 1651843188.200128
7805857.328268 -389261.211711 -2.275176 4.272779 -0.052261 1651843188.350040
7805856.977302 -389261.776958 -2.295265 4.284446 -0.052269 1651843188.549797
7805856.617873 -389262.252556 -2.316103 4.327222 -0.053164 1651843188.749621
7805856.361337 -389262.699349 -2.333385 4.325278 -0.059473 1651843188.899426
7805855.970783 -389263.191470 -2.356999 4.305834 -0.065511 1651843189.099278
7805855.600990 -389263.675620 -2.378964 4.340833 -0.065787 1651843189.299150
7805855.135871 -389264.148275 -2.399286 4.356388 -0.065800 1651843189.499061
7805854.743881 -389264.480846 -2.415621 4.373887 -0.065814 1651843189.649025
7805854.334199 -389264.838734 -2.430535 4.366110 -0.065808 1651843189.799013
7805853.899807 -389265.214047 -2.445037 4.371943 -0.065813 1651843189.948905
7805853.431925 -389265.602866 -2.456324 4.360277 -0.065803 1651843190.098752
7805852.931144 -389266.036950 -2.465508 4.385554 -0.065824 1651843190.248575
7805852.409877 -389266.501601 -2.471816 4.366110 -0.065808 1651843190.398394
7805852.008040 -389266.824817 -2.475440 4.422497 -0.065855 1651843190.498209
7805851.387527 -389267.307851 -2.479132 4.385554 -0.065824 1651843190.647894
7805850.964562 -389267.638842 -2.480891 4.420552 -0.065854 1651843190.747706
7805850.307476 -389268.034248 -2.485607 4.397220 -0.065834 1651843190.897430
7805849.664395 -389268.364520 -2.493121 4.438052 -0.065868 1651843191.047183
7805849.111154 -389268.738183 -2.501731 4.416664 -0.065850 1651843191.196891
7805848.547929 -389269.162455 -2.509938 4.428330 -0.065860 1651843191.346701
7805848.146328 -389269.512361 -2.512705 4.438052 -0.065868 1651843191.446557
7805847.655418 -389270.003591 -2.505679 4.438052 -0.065868 1651843191.546500
7805847.277015 -389270.361211 -2.508865 4.424441 -0.065857 1651843191.646365
7805846.874879 -389270.693174 -2.511818 4.449718 -0.065878 1651843191.746311
7805846.471431 -389271.002109 -2.515043 4.463329 -0.065890 1651843191.846214
7805846.034542 -389271.357697 -2.516311 4.420552 -0.065854 1651843191.946109
7805845.608468 -389271.712808 -2.519375 4.443885 -0.065873 1651843192.046071
7805845.180111 -389272.053946 -2.522598 4.467218 -0.065770 1651843192.146018
7805844.759615 -389272.494731 -2.522868 4.455551 -0.065142 1651843192.245951
7805844.340916 -389272.932757 -2.522291 4.451663 -0.061674 1651843192.345937
7805843.903694 -389273.288067 -2.522526 4.509994 -0.056143 1651843192.445896
7805843.466045 -389273.621568 -2.525067 4.521660 -0.050068 1651843192.545927
7805843.015791 -389273.923167 -2.528244 4.521660 -0.044474 1651843192.645844
7805842.416205 -389274.329083 -2.535441 4.531382 -0.040871 1651843192.795795
7805841.843258 -389274.725476 -2.542490 4.585825 -0.040900 1651843192.945742
7805841.265858 -389275.117962 -2.550035 4.605269 -0.039789 1651843193.095685
7805840.679085 -389275.503117 -2.556059 4.632490 -0.038432 1651843193.245629
7805840.113832 -389275.869649 -2.562543 4.638323 -0.034942 1651843193.395435
7805839.544900 -389276.235227 -2.568128 4.667489 -0.028961 1651843193.545341
7805838.774878 -389276.719156 -2.575403 4.690822 -0.027220 1651843193.745019
7805838.197356 -389277.086968 -2.579908 4.725820 -0.027108 1651843193.894850
7805837.622988 -389277.463331 -2.585898 4.766652 -0.025872 1651843194.044759
7805837.047528 -389277.846812 -2.590714 4.764708 -0.024869 1651843194.194657
7805836.431905 -389278.232192 -2.595216 4.809429 -0.022881 1651843194.344558
7805835.814663 -389278.558621 -2.600551 4.815262 -0.020752 1651843194.494365
7805835.222085 -389278.946469 -2.603762 4.803596 -0.020498 1651843194.644166
7805834.625998 -389279.302473 -2.607525 4.846372 -0.016373 1651843194.794063
7805834.014216 -389279.660257 -2.610556 4.838595 -0.010351 1651843194.943967
7805833.391462 -389280.030212 -2.612081 4.871649 -0.003703 1651843195.093916
7805832.754635 -389280.398442 -2.612438 4.856094 0.002824 1651843195.243812
7805832.118281 -389280.757868 -2.612135 4.861927 0.003326 1651843195.393603
7805831.488143 -389281.125863 -2.611444 4.893037 0.003453 1651843195.543471
7805830.874190 -389281.487096 -2.611655 4.902759 0.003328 1651843195.693446
7805830.252161 -389281.837367 -2.611733 4.889149 0.002197 1651843195.843238
7805829.638356 -389282.216125 -2.612097 4.891093 0.001570 1651843195.993083
7805829.035968 -389282.553223 -2.611680 4.869705 0.001569 1651843196.142835
7805828.597698 -389282.808198 -2.612534 4.904704 0.001570 1651843196.242780
7805828.011315 -389283.149716 -2.612869 4.858038 0.001569 1651843196.392642
7805827.413217 -389283.504270 -2.612541 4.869705 0.001569 1651843196.542614
7805826.976482 -389283.750517 -2.612145 4.902759 0.001570 1651843196.642668
7805826.357253 -389284.099495 -2.611269 4.873593 0.001569 1651843196.792672
7805825.751374 -389284.440678 -2.609991 4.898870 0.001570 1651843196.942701
7805825.096349 -389284.810822 -2.608135 4.910537 0.001570 1651843197.092649
7805824.646965 -389285.060078 -2.606884 4.871649 0.001569 1651843197.192641
7805824.192043 -389285.331196 -2.606220 4.902759 0.001570 1651843197.292646
7805823.727040 -389285.593840 -2.603582 4.898870 0.001570 1651843197.392645
7805823.063232 -389285.970659 -2.600170 4.908592 0.001570 1651843197.542619
7805822.602489 -389286.252284 -2.598379 4.926092 0.001570 1651843197.642650
7805821.977897 -389286.587804 -2.593324 4.910537 0.001570 1651843197.792648
7805821.531737 -389286.853275 -2.591463 4.935814 0.001571 1651843197.892652
7805820.958208 -389287.196489 -2.588846 4.912481 0.001570 1651843198.042675
7805820.387162 -389287.510613 -2.584339 4.941647 0.001571 1651843198.242749
7805819.802519 -389287.858217 -2.579729 4.943591 0.001571 1651843198.392720
7805819.338665 -389288.099606 -2.565391 4.939702 -0.000188 1651843198.592559
7805818.707045 -389288.447902 -2.556630 4.945536 -0.000942 1651843198.742504
7805818.033266 -389288.820733 -2.549367 4.945536 -0.000942 1651843198.892451
7805817.607770 -389289.085046 -2.542932 4.941647 -0.000942 1651843198.992442
7805817.142539 -389289.382728 -2.536850 4.957202 -0.000943 1651843199.092344
7805816.638376 -389289.691517 -2.526681 4.933869 -0.000942 1651843199.192200
7805816.203264 -389289.991510 -2.520525 4.943591 -0.000942 1651843199.292061
7805815.559454 -389290.411852 -2.514570 4.933869 -0.000942 1651843199.441815
7805815.110506 -389290.735511 -2.512663 4.922203 -0.000691 1651843199.541692
7805814.620760 -389291.065349 -2.511009 4.943591 0.000063 1651843199.641525
7805814.124790 -389291.405658 -2.509449 4.947480 0.000063 1651843199.741370
7805813.686248 -389291.743835 -2.509311 4.949424 0.000063 1651843199.841292
7805813.248573 -389292.061335 -2.508817 4.916370 0.000063 1651843199.941222
7805812.818376 -389292.377178 -2.507320 4.929981 0.000063 1651843200.041198
7805812.286899 -389292.773621 -2.505807 4.891093 0.000063 1651843200.191048
7805811.746850 -389293.185461 -2.506788 4.902759 0.000063 1651843200.340986
7805811.279342 -389293.376850 -2.526306 4.928036 0.000063 1651843200.490798
7805810.697332 -389293.656452 -2.534693 4.904704 0.000063 1651843200.640702
7805810.207458 -389293.972639 -2.541658 4.859983 0.000063 1651843200.790609
7805809.578258 -389294.318526 -2.550386 4.815262 0.000063 1651843200.940500
7805808.897721 -389294.572934 -2.562380 4.846372 0.000063 1651843201.090315
7805808.370234 -389294.844790 -2.567871 4.846372 0.000063 1651843201.190158
7805807.861512 -389295.119956 -2.573991 4.858038 0.000063 1651843201.290040
7805807.382685 -389295.345327 -2.582134 4.832761 0.000063 1651843201.389877
7805806.808547 -389295.654854 -2.594502 4.813318 -0.001317 1651843201.539692
7805806.230074 -389296.017138 -2.602858 4.789985 -0.001818 1651843201.689623
7805805.625406 -389296.403632 -2.606948 4.762764 -0.002319 1651843201.839564
7805805.035941 -389296.767497 -2.608703 4.749153 -0.002318 1651843201.989397
7805804.461286 -389297.108874 -2.608972 4.760819 -0.002444 1651843202.139147
7805803.863470 -389297.472171 -2.608859 4.749153 -0.004073 1651843202.288786
7805803.293904 -389297.797493 -2.608395 4.729709 -0.005826 1651843202.438489
7805802.673038 -389298.159181 -2.608438 4.721932 -0.005825 1651843202.588141
7805802.089748 -389298.511945 -2.608039 4.731654 -0.005826 1651843202.737944
7805801.519642 -389298.848372 -2.608453 4.679155 -0.007950 1651843202.887774
7805800.962375 -389299.170070 -2.609048 4.659711 -0.013078 1651843203.037353
7805800.341179 -389299.519005 -2.610206 4.665545 -0.014831 1651843203.186950
7805799.743207 -389299.858777 -2.611466 4.653878 -0.014828 1651843203.336652
7805799.123424 -389300.212708 -2.614034 4.653878 -0.014828 1651843203.486307
7805798.500419 -389300.571097 -2.616905 4.649990 -0.014828 1651843203.636025
7805797.944845 -389300.887510 -2.617719 4.638323 -0.014825 1651843203.785880
7805797.381588 -389301.223870 -2.618262 4.649990 -0.014702 1651843203.935669
7805796.804240 -389301.563688 -2.618507 4.605269 -0.014694 1651843204.085602
7805796.202735 -389301.921786 -2.619286 4.614991 -0.014821 1651843204.235478
7805795.584493 -389302.267726 -2.620880 4.613046 -0.014820 1651843204.385372
7805795.030902 -389302.593565 -2.622319 4.605269 -0.014819 1651843204.535267
7805794.449460 -389302.943517 -2.624431 4.603324 -0.014818 1651843204.685080
7805793.837826 -389303.299566 -2.626733 4.614991 -0.014821 1651843204.834930
7805793.217722 -389303.642851 -2.628596 4.614991 -0.014821 1651843204.984778
7805792.629605 -389303.979495 -2.630019 4.576103 -0.014813 1651843205.134644
7805792.019664 -389304.311706 -2.630257 4.572214 -0.014812 1651843205.284493
7805791.389489 -389304.671187 -2.631461 4.568326 -0.014811 1651843205.434342
7805790.800063 -389305.016349 -2.632966 4.605269 -0.014819 1651843205.584246
7805790.178458 -389305.364564 -2.633175 4.539160 -0.014806 1651843205.734097
7805789.593157 -389305.682912 -2.634511 4.564437 -0.014811 1651843205.883918
7805788.985357 -389306.016276 -2.636190 4.579992 -0.014689 1651843206.033710
7805788.404256 -389306.341491 -2.637537 4.574159 -0.011813 1651843206.183567
7805787.823068 -389306.675405 -2.639371 4.566381 -0.011812 1651843206.333363
7805787.240615 -389307.000277 -2.641984 4.579992 -0.011814 1651843206.483265
7805786.643699 -389307.324963 -2.643302 4.578047 -0.011439 1651843206.633118
7805786.006910 -389307.666710 -2.645292 4.572214 -0.010438 1651843206.783023
7805785.355802 -389308.019284 -2.645816 4.558604 -0.008937 1651843206.932924
7805784.755268 -389308.331534 -2.646236 4.595547 -0.008941 1651843207.082768
7805784.185560 -389308.651703 -2.646375 4.546937 -0.008935 1651843207.232632
7805783.599501 -389308.970726 -2.646009 4.587769 -0.008940 1651843207.382523
7805783.037500 -389309.285383 -2.647563 4.576103 -0.008939 1651843207.532465
7805782.444807 -389309.607487 -2.649573 4.607213 -0.008942 1651843207.682327
7805781.868168 -389309.932627 -2.651755 4.603324 -0.008942 1651843207.832086
7805781.300230 -389310.256675 -2.652907 4.583881 -0.008940 1651843207.981929
7805780.701569 -389310.559551 -2.655002 4.579992 -0.008939 1651843208.131795
7805780.107941 -389310.845221 -2.656697 4.568326 -0.008938 1651843208.281727
7805779.494531 -389311.146894 -2.658887 4.599436 -0.008941 1651843208.431572
7805778.900139 -389311.433540 -2.659673 4.583881 -0.008940 1651843208.581443
7805778.282868 -389311.747619 -2.660512 4.585825 -0.008940 1651843208.731339
7805777.681303 -389312.053022 -2.661421 4.578047 -0.007939 1651843208.881220
7805777.082346 -389312.365783 -2.662908 4.581936 -0.005564 1651843209.031047
7805776.512121 -389312.668546 -2.663903 4.564437 -0.001938 1651843209.180813
7805775.907045 -389312.981329 -2.663558 4.519716 0.001687 1651843209.330672
7805775.284421 -389313.281015 -2.662884 4.515827 0.001686 1651843209.480433
7805774.683921 -389313.580205 -2.661606 4.519716 0.001687 1651843209.630231
7805774.082974 -389313.886565 -2.661861 4.506105 0.001686 1651843209.780136
7805773.472662 -389314.203988 -2.659815 4.473051 0.001686 1651843209.930069
7805772.877623 -389314.503228 -2.658921 4.480828 0.000187 1651843210.080081
7805772.282593 -389314.813380 -2.658673 4.473051 -0.001810 1651843210.230056
7805771.684648 -389315.126557 -2.658691 4.455551 -0.002933 1651843210.380007
7805771.096608 -389315.425935 -2.658556 4.490550 -0.003060 1651843210.529852
7805770.498078 -389315.732039 -2.658700 4.467218 -0.003059 1651843210.679688
7805769.923264 -389316.034105 -2.660133 4.482773 -0.003059 1651843210.829477
7805769.338505 -389316.338177 -2.659430 4.474995 -0.003059 1651843210.979240
7805768.755824 -389316.645558 -2.659789 4.471106 -0.003059 1651843211.129041
7805768.182875 -389316.927384 -2.661239 4.474995 -0.003059 1651843211.278813
7805767.576696 -389317.245972 -2.662469 4.482773 -0.003059 1651843211.428598
7805766.978220 -389317.559459 -2.663984 4.461384 -0.002060 1651843211.578365
7805766.382913 -389317.859935 -2.665667 4.504161 0.000937 1651843211.728148
7805765.746168 -389318.202685 -2.666028 4.494439 0.001561 1651843211.877961
7805765.152376 -389318.526453 -2.666072 4.502217 0.001561 1651843212.027840
7805764.493067 -389318.853071 -2.665195 4.521660 0.001687 1651843212.177657
7805763.889395 -389319.180155 -2.664612 4.513883 0.001562 1651843212.327545
7805763.242621 -389319.527181 -2.664292 4.527493 0.001687 1651843212.477505
7805762.775063 -389319.774154 -2.664947 4.537215 0.001687 1651843212.577485
7805762.214187 -389320.084903 -2.668047 4.484717 0.001686 1651843212.677479
7805761.645937 -389320.383109 -2.669877 4.525549 0.001687 1651843212.777419
7805761.153236 -389320.646447 -2.671190 4.529438 0.001687 1651843212.877428
7805760.636718 -389320.905431 -2.673396 4.508050 0.001686 1651843212.977365
7805760.043228 -389321.208258 -2.678721 4.525549 0.001687 1651843213.077371
7805759.414785 -389321.536005 -2.681138 4.543049 0.001687 1651843213.177384
7805758.913436 -389321.798605 -2.680738 4.527493 0.001687 1651843213.277300
7805758.453866 -389322.036099 -2.679396 4.519716 0.001687 1651843213.377249
7805757.994629 -389322.272225 -2.677990 4.517772 0.001687 1651843213.477235
7805757.545148 -389322.492167 -2.678200 4.537215 0.001687 1651843213.577190
7805756.925041 -389322.787889 -2.679775 4.531382 0.001687 1651843213.727118
7805756.338144 -389323.054055 -2.681319 4.509994 0.001686 1651843213.876906
7805755.699783 -389323.352053 -2.682535 4.511938 0.001686 1651843214.026754
7805755.146575 -389323.643407 -2.683143 4.496383 0.000062 1651843214.176564
7805754.581933 -389323.919506 -2.683316 4.490550 -0.005557 1651843214.326460
7805754.087097 -389324.152366 -2.685459 4.492495 -0.007555 1651843214.426417
7805753.468065 -389324.458758 -2.685121 4.461384 -0.007552 1651843214.576346
7805752.830887 -389324.779009 -2.685205 4.439996 -0.007550 1651843214.726168
7805752.237873 -389325.045964 -2.684046 4.418608 -0.007548 1651843214.875967
7805751.677660 -389325.336771 -2.683817 4.404997 -0.007547 1651843215.025780
7805751.202349 -389325.571911 -2.684094 4.369999 -0.007543 1651843215.175642
7805750.719288 -389325.809358 -2.684499 4.366110 -0.005798 1651843215.375477
7805750.199071 -389326.067548 -2.687609 4.307778 -0.004174 1651843215.575289
7805749.761382 -389326.395537 -2.683280 4.208615 -0.005537 1651843215.874993
7805749.339227 -389326.666582 -2.682903 4.154172 -0.011377 1651843216.124751
7805748.840042 -389326.889955 -2.686632 4.082230 -0.011740 1651843216.324502
7805748.361606 -389327.106240 -2.689316 4.055009 -0.011736 1651843216.474407
7805747.900575 -389327.307375 -2.693555 4.027787 -0.011732 1651843216.624252
7805747.236012 -389327.565584 -2.699015 3.973345 -0.011725 1651843216.824100
7805746.649502 -389327.824091 -2.703061 3.959734 -0.011723 1651843216.973923
7805746.112930 -389328.039455 -2.706543 3.977233 -0.011725 1651843217.123755
7805745.530053 -389328.299290 -2.708781 3.938346 -0.011720 1651843217.273618
7805744.995499 -389328.557222 -2.709866 3.934457 -0.012092 1651843217.423477
7805744.487160 -389328.776487 -2.710489 3.901402 -0.013079 1651843217.573287
7805743.935053 -389329.022505 -2.710767 3.850849 -0.013195 1651843217.723085
7805743.336591 -389329.317199 -2.709483 3.951956 -0.013210 1651843217.872997
7805742.821061 -389329.601829 -2.708722 3.922791 -0.013206 1651843218.022749
7805742.242757 -389329.859965 -2.708489 3.959734 -0.013211 1651843218.172601
7805741.674830 -389330.172746 -2.705321 3.988900 -0.013216 1651843218.322508
7805741.220370 -389330.618542 -2.698006 4.021954 -0.013221 1651843218.472459
7805740.772088 -389331.010719 -2.691761 4.060842 -0.013227 1651843218.622431
7805740.315820 -389331.450742 -2.685981 4.097785 -0.013233 1651843218.772384
7805739.928686 -389331.869763 -2.679650 4.119173 -0.013236 1651843218.922280
7805739.401516 -389332.216370 -2.673071 4.148339 -0.013241 1651843219.072198
7805738.821741 -389332.631853 -2.667251 4.175560 -0.013245 1651843219.222138
7805738.192008 -389332.952569 -2.663645 4.191115 -0.013248 1651843219.371931
7805737.559309 -389333.282983 -2.660667 4.208615 -0.013251 1651843219.521755
7805737.115425 -389333.517776 -2.658646 4.261113 -0.013259 1651843219.621656
7805736.646190 -389333.723682 -2.656579 4.241669 -0.013878 1651843219.721510
7805736.199076 -389333.996186 -2.654148 4.241669 -0.015496 1651843219.821406
7805735.539785 -389334.311775 -2.650467 4.231947 -0.016862 1651843219.971258
7805734.876384 -389334.643622 -2.649176 4.253336 -0.016867 1651843220.121059
7805734.433277 -389334.881548 -2.648952 4.286390 -0.016874 1651843220.220970
7805733.792876 -389335.173897 -2.647138 4.323333 -0.016882 1651843220.370767
7805733.195969 -389335.449779 -2.645000 4.313611 -0.016880 1651843220.520633
7805732.612822 -389335.757342 -2.645975 4.276668 -0.016872 1651843220.670439
7805731.988953 -389336.089070 -2.645112 4.319445 -0.016881 1651843220.820331
7805731.370695 -389336.429933 -2.644622 4.352499 -0.016888 1651843220.970272
7805730.737158 -389336.749450 -2.644538 4.340833 -0.016885 1651843221.120266
7805730.097070 -389337.103399 -2.643381 4.342777 -0.016761 1651843221.270196
7805729.461193 -389337.412462 -2.640025 4.336944 -0.015016 1651843221.420211
7805728.817683 -389337.751051 -2.637641 4.369999 -0.011533 1651843221.570056
7805728.180090 -389338.085856 -2.635138 4.373887 -0.010785 1651843221.719918
7805727.557735 -389338.395053 -2.632752 4.364165 -0.010659 1651843221.869707
7805726.969596 -389338.699360 -2.631288 4.401109 -0.010664 1651843222.019438
7805726.506460 -389338.949952 -2.630001 4.387498 -0.010662 1651843222.119294
7805725.898741 -389339.270965 -2.626622 4.401109 -0.010664 1651843222.269104
7805725.264635 -389339.578624 -2.624336 4.399164 -0.010664 1651843222.418946
7805724.777217 -389339.773767 -2.620704 4.428330 -0.010668 1651843222.518858
7805724.305001 -389339.979329 -2.613826 4.406942 -0.010665 1651843222.618805
7805723.679090 -389340.206302 -2.603921 4.441941 -0.010670 1651843222.768721
7805723.225548 -389340.470610 -2.602572 4.422497 -0.010667 1651843222.868611
7805722.693352 -389340.774042 -2.602069 4.418608 -0.010667 1651843222.968556
7805722.223585 -389341.059033 -2.599959 4.447774 -0.010671 1651843223.068465
7805721.543210 -389341.341237 -2.594749 4.449718 -0.010671 1651843223.218395
7805720.913821 -389341.581494 -2.584477 4.463329 -0.011047 1651843223.368162
7805720.309972 -389341.963953 -2.581522 4.455551 -0.011171 1651843223.517874
7805719.726850 -389342.325621 -2.578828 4.453607 -0.011171 1651843223.667739
7805719.116585 -389342.646482 -2.578404 4.443885 -0.011169 1651843223.817541
7805718.582258 -389342.939697 -2.579106 4.445829 -0.011169 1651843223.967294
7805718.071052 -389343.268558 -2.578450 4.457496 -0.011171 1651843224.117148
7805717.532684 -389343.601321 -2.579387 4.473051 -0.011049 1651843224.267001
7805717.072487 -389343.879031 -2.577060 4.494439 -0.009678 1651843224.416847
7805716.628714 -389344.183261 -2.574047 4.515827 -0.007308 1651843224.566697
7805716.123670 -389344.486161 -2.571514 4.494439 -0.007056 1651843224.716569
7805715.541538 -389344.812899 -2.570875 4.508050 -0.007182 1651843224.866481
7805715.026857 -389345.087436 -2.567844 4.508050 -0.007057 1651843225.016366
7805714.590482 -389345.383550 -2.565310 4.529438 -0.007184 1651843225.166224
7805714.055512 -389345.703627 -2.564441 4.496383 -0.007056 1651843225.316126
7805713.419255 -389346.056569 -2.565543 4.486661 -0.004058 1651843225.465959
7805712.810303 -389346.442158 -2.565123 4.498328 0.000187 1651843225.615913
7805712.253310 -389346.786022 -2.565162 4.527493 -0.000312 1651843225.765765
7805711.748930 -389347.149121 -2.564146 4.515827 -0.001936 1651843225.915660
7805711.177137 -389347.529620 -2.561547 4.511938 -0.002311 1651843226.065569
7805710.616855 -389347.881993 -2.558184 4.515827 -0.002311 1651843226.215415
7805710.104153 -389348.238881 -2.552968 4.517772 -0.002311 1651843226.365320
7805709.655785 -389348.702284 -2.545276 4.523605 -0.002311 1651843226.515233
7805709.137009 -389349.128583 -2.542146 4.490550 -0.002310 1651843226.665179
7805708.649712 -389349.498408 -2.537101 4.496383 -0.002310 1651843226.815169
7805708.096017 -389349.868268 -2.534402 4.496383 -0.002310 1651843226.964871
7805707.698931 -389350.175499 -2.533903 4.519716 -0.002311 1651843227.064745
7805707.294213 -389350.469943 -2.534031 4.519716 -0.002311 1651843227.164690
7805706.651015 -389350.865716 -2.532933 4.515827 -0.001686 1651843227.314443
7805705.986283 -389351.223188 -2.531314 4.504161 -0.000562 1651843227.464300
7805705.453900 -389351.536861 -2.529024 4.509994 -0.000562 1651843227.564235
7805704.821697 -389351.974103 -2.528446 4.494439 -0.000312 1651843227.714196
7805704.229399 -389352.419663 -2.530969 4.523605 0.001812 1651843227.864136
7805703.882320 -389352.820008 -2.537425 4.517772 0.002561 1651843227.964170
7805703.497040 -389353.338161 -2.542571 4.504161 0.002561 1651843228.114038
7805702.987800 -389353.796108 -2.544712 4.486661 0.003434 1651843228.263878
7805702.578905 -389354.110216 -2.544151 4.469162 0.004182 1651843228.363804
7805702.024016 -389354.515204 -2.542672 4.519716 0.004185 1651843228.513727
7805701.519960 -389354.914430 -2.541629 4.498328 0.004184 1651843228.663621
7805700.985082 -389355.274069 -2.540433 4.508050 0.004184 1651843228.813504
7805700.562461 -389355.576123 -2.540299 4.488606 0.004183 1651843228.913422
7805700.160880 -389355.925260 -2.540818 4.494439 0.004184 1651843229.013339
7805699.619255 -389356.376008 -2.539581 4.484717 0.004183 1651843229.163164
7805698.948047 -389356.865967 -2.539250 4.515827 0.004185 1651843229.363011
7805698.418081 -389357.187440 -2.538760 4.500272 0.003809 1651843229.512887
7805697.833048 -389357.532300 -2.538828 4.484717 0.003809 1651843229.662748
7805697.266324 -389357.901530 -2.538779 4.504161 0.003810 1651843229.812591
7805696.706325 -389358.275214 -2.537401 4.496383 0.003809 1651843229.962477
7805696.100992 -389358.695878 -2.537940 4.484717 0.003309 1651843230.112355
7805695.624734 -389359.015517 -2.536419 4.473051 0.003059 1651843230.262197
7805695.165132 -389359.366414 -2.534675 4.476940 0.003059 1651843230.412068
7805694.652326 -389359.718576 -2.533299 4.469162 0.003059 1651843230.561905
7805694.009496 -389360.100505 -2.537401 4.484717 0.003059 1651843230.711798
7805693.526620 -389360.331219 -2.551568 4.490550 0.003060 1651843230.811648
7805692.926644 -389360.703469 -2.557409 4.474995 0.003059 1651843230.961526
7805692.348905 -389361.094789 -2.558055 4.463329 0.003059 1651843231.111368
7805691.780349 -389361.492892 -2.558440 4.469162 0.003059 1651843231.261212
7805691.234186 -389361.848447 -2.558113 4.478884 0.003059 1651843231.411079
7805690.648769 -389362.263524 -2.557712 4.486661 0.003059 1651843231.560902
7805690.064754 -389362.695187 -2.556519 4.484717 0.003059 1651843231.710903
7805689.650262 -389362.975922 -2.558173 4.467218 0.003059 1651843231.810724
7805689.114652 -389363.335431 -2.558003 4.465273 0.002310 1651843231.960636
7805688.544172 -389363.722954 -2.558596 4.467218 0.000936 1651843232.110531
7805688.029942 -389364.047681 -2.556823 4.490550 0.000437 1651843232.260364
7805687.508742 -389364.414040 -2.544848 4.463329 0.000437 1651843232.460048
7805687.048513 -389364.826615 -2.536649 4.463329 0.000437 1651843232.609919
7805686.484863 -389365.181150 -2.534571 4.478884 0.000437 1651843232.759752
7805686.018894 -389365.580891 -2.527875 4.474995 0.000437 1651843232.909598
7805685.631574 -389366.088531 -2.516830 4.492495 0.000437 1651843233.059459
7805685.141962 -389366.498985 -2.512851 4.504161 0.000437 1651843233.209407
7805684.583305 -389366.876436 -2.511363 4.494439 0.000437 1651843233.359422
7805684.028863 -389367.279159 -2.510632 4.515827 0.000312 1651843233.509427
7805683.489389 -389367.673368 -2.510607 4.504161 -0.002810 1651843233.659482
7805682.986541 -389368.029538 -2.509353 4.517772 -0.006933 1651843233.809463
7805682.425317 -389368.453578 -2.512492 4.506105 -0.011053 1651843233.959454
7805681.876513 -389368.861697 -2.514010 4.496383 -0.014922 1651843234.109511
7805681.335509 -389369.254587 -2.516587 4.494439 -0.017917 1651843234.259440
7805680.790037 -389369.657655 -2.519469 4.478884 -0.018163 1651843234.409441
7805680.251148 -389370.055603 -2.521809 4.500272 -0.018168 1651843234.559394
7805679.676405 -389370.463136 -2.524597 4.506105 -0.017046 1651843234.709276
7805679.131697 -389370.853267 -2.526730 4.496383 -0.014173 1651843234.859215
7805678.580651 -389371.231896 -2.528201 4.500272 -0.012301 1651843235.008974
7805678.025689 -389371.628297 -2.530016 4.508050 -0.012302 1651843235.158712
7805677.472562 -389372.020465 -2.531200 4.519716 -0.012304 1651843235.308531
7805676.920826 -389372.409946 -2.532566 4.529438 -0.012306 1651843235.458183
7805676.363685 -389372.795022 -2.533896 4.523605 -0.012305 1651843235.607938
7805675.808846 -389373.188351 -2.535191 4.529438 -0.011931 1651843235.757659
7805675.251749 -389373.578341 -2.536798 4.529438 -0.011681 1651843235.907388
7805674.695720 -389373.956807 -2.538151 4.533327 -0.011682 1651843236.057124
7805674.130697 -389374.339096 -2.539666 4.527493 -0.011681 1651843236.206917
7805673.567353 -389374.726750 -2.540987 4.533327 -0.011682 1651843236.356722
7805673.227502 -389375.098628 -2.539135 4.529438 -0.011681 1651843236.456636
7805672.937315 -389375.644154 -2.533290 4.560548 -0.011686 1651843236.556510
7805672.666473 -389376.362519 -2.525879 4.560548 -0.011186 1651843236.656381
7805672.354632 -389377.064617 -2.523860 4.533327 -0.010433 1651843236.756305
7805672.010530 -389377.504483 -2.524821 4.562492 -0.008812 1651843236.856168
7805671.546500 -389378.053562 -2.527094 4.531382 -0.006060 1651843237.006010
7805671.172614 -389378.592346 -2.522544 4.535271 -0.002062 1651843237.155882
7805670.868032 -389379.215962 -2.516203 4.531382 0.002062 1651843237.305812
7805670.480774 -389379.695490 -2.517191 4.541104 0.003561 1651843237.405766
7805670.140854 -389380.218612 -2.511341 4.506105 0.004184 1651843237.555622
7805669.858078 -389380.669635 -2.505232 4.486661 0.006181 1651843237.705481
7805669.402645 -389381.189392 -2.503595 4.508050 0.008431 1651843237.855318
7805668.973870 -389381.685282 -2.500941 4.525549 0.009557 1651843238.005124
7805668.587644 -389382.004229 -2.499940 4.496383 0.009554 1651843238.104974
7805668.163685 -389382.322968 -2.499092 4.515827 0.009681 1651843238.204933
7805667.618813 -389382.770101 -2.497228 4.498328 0.009554 1651843238.354748
7805667.105331 -389383.159103 -2.495450 4.502217 0.009679 1651843238.504730
7805666.553440 -389383.547882 -2.495051 4.432219 0.009670 1651843238.654633
7805666.044361 -389383.955407 -2.494743 4.439996 0.009671 1651843238.804631
7805665.505796 -389384.321728 -2.493821 4.418608 0.009669 1651843238.954562
7805664.963995 -389384.674821 -2.493329 4.418608 0.009669 1651843239.104538
7805664.443158 -389385.030994 -2.491731 4.424441 0.009919 1651843239.254544
7805663.915284 -389385.347273 -2.491534 4.406942 0.011413 1651843239.404404
7805663.397090 -389385.660925 -2.491284 4.397220 0.011412 1651843239.554211
7805662.868391 -389386.007010 -2.490701 4.397220 0.011412 1651843239.704118
7805662.357549 -389386.382542 -2.489202 4.377776 0.011409 1651843239.854069
7805661.828942 -389386.708525 -2.489322 4.366110 0.010909 1651843240.003995
7805661.355042 -389387.084678 -2.491182 4.350555 0.008289 1651843240.153877
7805660.944854 -389387.593232 -2.494175 4.331111 0.005421 1651843240.303702
7805660.455111 -389388.043279 -2.495028 4.323333 -0.000685 1651843240.453615
7805659.950070 -389388.386317 -2.496848 4.319445 -0.009656 1651843240.603512
7805659.406221 -389388.703098 -2.500101 4.301945 -0.017873 1651843240.753490
7805658.900094 -389388.975078 -2.503797 4.272779 -0.024460 1651843240.903507
7805658.384626 -389389.233423 -2.508580 4.257224 -0.027688 1651843241.053406
7805657.860450 -389389.481598 -2.513142 4.231947 -0.028922 1651843241.203431
7805657.298130 -389389.781684 -2.517306 4.208615 -0.029535 1651843241.353450
7805656.768824 -389390.087311 -2.521690 4.187227 -0.028533 1651843241.503363
7805656.235850 -389390.400563 -2.525194 4.173616 -0.022194 1651843241.653128
7805655.709897 -389390.765334 -2.526388 4.165838 -0.012374 1651843241.802883
7805655.186539 -389391.088287 -2.526779 4.175560 -0.001306 1651843241.952674
7805654.677396 -389391.416150 -2.526228 4.128895 0.008267 1651843242.102539
7805654.162211 -389391.746361 -2.522751 4.088063 0.015839 1651843242.252406
7805653.629677 -389392.109272 -2.518278 4.078341 0.017700 1651843242.402212
7805653.139767 -389392.468823 -2.515138 4.082230 0.017701 1651843242.552115
7805652.669607 -389392.833403 -2.511850 4.072508 0.017947 1651843242.701958
7805652.180082 -389393.187652 -2.507455 4.051120 0.021913 1651843242.851805
7805651.702667 -389393.526981 -2.503953 4.058897 0.029481 1651843243.001732
7805651.233557 -389393.842745 -2.499527 4.035565 0.039009 1651843243.151644
7805650.737617 -389394.206599 -2.493395 4.020010 0.049139 1651843243.301417
7805650.250443 -389394.582634 -2.484804 4.000566 0.060347 1651843243.451307
7805649.744315 -389394.932843 -2.475347 3.988900 0.072872 1651843243.601129
7805649.280961 -389395.309486 -2.464087 3.971400 0.087290 1651843243.751047
7805648.841955 -389395.657909 -2.451114 3.959734 0.103807 1651843243.900829
7805648.453710 -389396.009266 -2.435335 3.944179 0.120309 1651843244.050682
7805648.002728 -389396.345701 -2.417594 3.922791 0.136529 1651843244.200305
7805647.530036 -389396.721045 -2.395940 3.901402 0.151638 1651843244.349967
7805647.092405 -389397.139079 -2.372142 3.866404 0.167256 1651843244.499694
7805646.649156 -389397.546687 -2.344616 3.835293 0.184176 1651843244.649525
7805646.203520 -389397.962118 -2.313883 3.811961 0.204134 1651843244.799103
7805645.745180 -389398.416241 -2.280967 3.788628 0.224705 1651843244.948703
7805645.353064 -389398.829437 -2.246617 3.753629 0.246201 1651843245.098508
7805644.994384 -389399.305883 -2.207194 3.718631 0.267367 1651843245.248232
7805644.654167 -389399.789995 -2.165676 3.703076 0.287921 1651843245.398079
7805644.330510 -389400.236463 -2.121379 3.685576 0.307300 1651843245.548005
7805644.031440 -389400.705146 -2.075832 3.671965 0.322178 1651843245.697884
7805643.805636 -389401.186595 -2.030500 3.635022 0.332634 1651843245.847807
7805643.566699 -389401.656740 -1.982531 3.613634 0.339765 1651843245.997606
7805643.381383 -389402.141127 -1.937151 3.596135 0.342053 1651843246.147416
7805643.186425 -389402.624718 -1.888053 3.570858 0.342431 1651843246.297319
7805642.994507 -389403.137154 -1.837275 3.553358 0.346200 1651843246.447097
7805642.861759 -389403.671217 -1.789573 3.547525 0.347296 1651843246.596985
7805642.710764 -389404.190441 -1.741198 3.545581 0.348218 1651843246.746804
7805642.587015 -389404.820629 -1.679297 3.530026 0.353796 1651843246.946609
7805642.469210 -389405.339237 -1.628672 3.539747 0.358865 1651843247.096500
7805642.349727 -389405.884320 -1.575959 3.541692 0.361146 1651843247.246347
7805642.342545 -389406.416679 -1.525721 3.539747 0.361139 1651843247.396280
7805642.366922 -389407.088289 -1.458266 3.547525 0.361168 1651843247.596103
7805642.413583 -389407.604082 -1.408229 3.547525 0.361168 1651843247.746003
7805642.504799 -389408.120764 -1.354826 3.547525 0.361168 1651843247.895858
7805642.621748 -389408.661710 -1.302821 3.539747 0.359048 1651843248.045740
7805642.726136 -389409.188933 -1.250604 3.514470 0.349681 1651843248.195580
7805642.902538 -389409.715920 -1.201742 3.504749 0.338812 1651843248.345412
7805643.082676 -389410.195149 -1.155556 3.512526 0.333443 1651843248.495222
7805643.272462 -389410.676810 -1.109218 3.514470 0.330686 1651843248.645048
7805643.497461 -389411.151902 -1.063554 3.493082 0.330708 1651843248.794884
7805643.747277 -389411.590389 -1.017165 3.493082 0.330708 1651843248.944788
7805644.008786 -389412.030532 -0.972876 3.460028 0.327438 1651843249.094635
7805644.320120 -389412.477711 -0.926316 3.481416 0.323660 1651843249.244508
7805644.614709 -389412.900230 -0.882565 3.471694 0.321306 1651843249.394456
7805644.943834 -389413.288315 -0.838176 3.491138 0.320498 1651843249.544373
7805645.401106 -389413.775553 -0.779875 3.456139 0.317758 1651843249.744195
7805645.799277 -389414.249582 -0.720790 3.440584 0.317805 1651843249.944082
7805646.291431 -389414.664006 -0.664102 3.440584 0.317805 1651843250.143987
7805646.723906 -389414.973986 -0.620750 3.428918 0.317865 1651843250.293806
7805647.132167 -389415.279104 -0.577396 3.415307 0.317822 1651843250.443669
7805647.547738 -389415.590292 -0.532572 3.388086 0.317735 1651843250.593407
7805647.983296 -389415.865710 -0.488884 3.370586 0.317777 1651843250.743260
7805648.418105 -389416.115665 -0.444870 3.337532 0.317867 1651843250.893160
7805648.911894 -389416.314927 -0.400877 3.316144 0.317898 1651843251.043058
7805649.529683 -389416.513682 -0.344027 3.283089 0.317893 1651843251.242867
7805650.081428 -389416.702500 -0.291025 3.228646 0.317823 1651843251.442625
7805650.586354 -389416.794510 -0.250435 3.228646 0.317920 1651843251.592508
7805651.195644 -389416.938185 -0.195247 3.193647 0.319365 1651843251.792270
7805651.814355 -389417.025664 -0.140343 3.178092 0.328350 1651843251.991997
7805652.434134 -389417.070891 -0.085263 3.139205 0.338069 1651843252.191814
7805653.038606 -389417.124286 -0.026483 3.106150 0.343940 1651843252.391582
7805653.631732 -389417.182464 0.033437 3.018653 0.355244 1651843252.591384
7805654.195847 -389417.155377 0.092216 3.008931 0.369754 1651843252.791106
7805654.717410 -389417.122832 0.155742 2.940878 0.370417 1651843252.990865
7805655.238472 -389417.050284 0.213498 2.847547 0.354353 1651843253.190575
7805655.800909 -389416.871157 0.260048 2.779494 0.321180 1651843253.390494
7805656.324828 -389416.774427 0.309391 2.795049 0.286536 1651843253.590415
7805656.855215 -389416.548062 0.348161 2.763939 0.258043 1651843253.790173
7805657.370489 -389416.343003 0.385070 2.715329 0.242918 1651843253.990100
7805657.844077 -389416.123610 0.427646 2.668664 0.242080 1651843254.189915
7805658.351258 -389415.842695 0.472003 2.612277 0.242080 1651843254.439722
7805658.785647 -389415.537328 0.506349 2.536446 0.241086 1651843254.639491
7805659.285070 -389415.209808 0.547716 2.478115 0.230783 1651843254.889166
7805659.799149 -389414.869103 0.583500 2.322564 0.212889 1651843255.138913
7805660.281781 -389414.526966 0.618665 2.283677 0.197447 1651843255.388859
7805660.725269 -389414.155557 0.652950 2.254511 0.182026 1651843255.638660
7805661.078993 -389413.777355 0.689535 2.167014 0.166114 1651843255.888490
7805661.364879 -389413.341545 0.721269 2.118404 0.150641 1651843256.138080
7805661.618000 -389412.844782 0.759138 2.077572 0.134780 1651843256.437602
7805661.906833 -389412.357712 0.797393 2.028963 0.116401 1651843256.787226
7805662.142944 -389411.870691 0.822194 1.993964 0.105713 1651843257.087118
7805662.384002 -389411.422525 0.840150 1.970631 0.104035 1651843257.386918
7805662.687102 -389410.965021 0.858920 1.951187 0.101049 1651843257.686720
7805662.984614 -389410.543852 0.880417 1.931744 0.071451 1651843258.036404
7805663.279411 -389410.084465 0.897874 1.935632 0.040601 1651843258.336060
7805663.616639 -389409.597853 0.908019 1.935632 0.015539 1651843258.635705
7805663.903590 -389409.178924 0.913550 1.927855 -0.004205 1651843258.885453
7805664.203067 -389408.738094 0.914929 1.916188 -0.025400 1651843259.185284
7805664.514419 -389408.292175 0.911264 1.873412 -0.044227 1651843259.485055
7805664.851434 -389407.825914 0.903496 1.824803 -0.057655 1651843259.784685
7805665.207904 -389407.411809 0.894664 1.811192 -0.058014 1651843260.084431
7805665.540791 -389407.025759 0.886729 1.797581 -0.058009 1651843260.384148
7805665.891335 -389406.634322 0.879490 1.785915 -0.058006 1651843260.633802
7805666.229311 -389406.235495 0.869868 1.774249 -0.058002 1651843260.933550
7805666.585851 -389405.826532 0.858090 1.752860 -0.057996 1651843261.233271
7805666.898415 -389405.360910 0.840349 1.739250 -0.065715 1651843261.582872
7805667.153432 -389404.902025 0.820857 1.735361 -0.079185 1651843261.932528
7805667.370082 -389404.403296 0.796320 1.581755 -0.079245 1651843262.332081
7805667.610266 -389403.915380 0.779446 1.554533 -0.079235 1651843262.681795
7805667.896949 -389403.409415 0.752970 1.447592 -0.075840 1651843263.081287
7805668.141804 -389402.951627 0.729390 1.270654 -0.050146 1651843263.530732
7805668.380897 -389402.493661 0.713437 1.091770 -0.036816 1651843263.880377
7805668.596077 -389402.024070 0.692926 0.572620 -0.036768 1651843264.429862
7805668.229880 -389401.678010 0.655703 -0.000972 -0.036871 1651843266.477714
7805667.690336 -389401.903349 0.648639 -0.000972 -0.036871 1651843267.976387
7805667.251155 -389402.163302 0.648693 -0.000972 -0.036871 1651843268.176186
7805666.745265 -389402.306489 0.638821 -0.000972 -0.036871 1651843269.075653
7805666.246890 -389402.664947 0.644512 -0.000972 -0.036871 1651843269.425370
7805665.769022 -389402.827762 0.636024 -0.000972 -0.036871 1651843270.374353
