7471929.043297 -681345.446424 -1.623262 -0.000843 -0.002953 1629745114.679576
7471929.015324 -681344.946711 -1.616689 -0.415754 -0.035388 1629745140.629434
7471929.065239 -681344.405937 -1.607918 -0.473100 -0.035390 1629745141.729480
7471929.051719 -681343.901694 -1.603809 -0.513579 -0.035392 1629745142.679221
7471929.063318 -681343.374994 -1.598055 -0.522012 -0.035484 1629745143.778911
7471929.083999 -681342.852231 -1.586864 -0.611403 -0.025407 1629745144.629055
7471929.093239 -681342.345848 -1.585305 -0.700795 -0.007320 1629745145.379213
7471929.103574 -681341.838883 -1.583653 -0.700795 -0.001955 1629745146.079131
7471929.113182 -681341.313982 -1.583635 -0.570924 0.008591 1629745146.879352
7471929.069735 -681340.761562 -1.591044 -0.513579 0.016861 1629745147.929488
7471929.139792 -681340.242509 -1.593708 -0.473100 0.019041 1629745148.929542
7471929.092678 -681339.727716 -1.602033 -0.570924 0.019044 1629745149.929538
7471929.110439 -681339.186419 -1.602803 -0.554058 0.018953 1629745150.829304
7471929.134649 -681338.675743 -1.611082 -0.619837 0.017592 1629745151.879113
7471929.155738 -681338.160016 -1.613849 -0.636703 0.005319 1629745152.579218
7471929.182898 -681337.629987 -1.614716 -0.660316 -0.009138 1629745153.428899
7471929.197602 -681337.110755 -1.613175 -0.651882 -0.009047 1629745154.228844
7471929.209067 -681336.601909 -1.612768 -0.619837 -0.009137 1629745154.878719
7471929.229884 -681336.100129 -1.611975 -0.628270 -0.009138 1629745155.728740
7471929.223521 -681335.596226 -1.611176 -0.586104 -0.009137 1629745156.579032
7471929.258567 -681335.088881 -1.611318 -0.538878 -0.001864 1629745157.428962
7471929.235749 -681334.557464 -1.615886 -0.602970 0.014864 1629745158.329364
7471929.292453 -681334.023206 -1.610614 -0.651882 0.014866 1629745159.229479
7471929.303710 -681333.517519 -1.620522 -0.602970 0.010046 1629745160.129204
7471929.334277 -681332.997835 -1.620816 -0.594537 0.008319 1629745160.979202
7471929.338260 -681332.476879 -1.628676 -0.636703 0.006865 1629745161.879126
7471929.357181 -681331.932762 -1.632672 -0.570924 0.004773 1629745162.729105
7471929.384271 -681331.429128 -1.631188 -0.579357 0.004773 1629745163.528981
7471929.427618 -681330.900751 -1.633779 -0.545625 0.004773 1629745164.479025
7471929.448249 -681330.399664 -1.632020 -0.594537 0.004228 1629745165.328931
7471929.488006 -681329.899386 -1.635781 -0.602970 0.004228 1629745166.129382
7471929.516038 -681329.376286 -1.633157 -0.570924 0.004227 1629745167.029293
7471929.544744 -681328.845321 -1.634738 -0.456233 0.004227 1629745167.929305
7471929.559668 -681328.343113 -1.640904 -0.464667 0.003863 1629745169.129164
7471929.595341 -681327.836893 -1.643892 -0.358409 0.003863 1629745170.329371
7471929.640702 -681327.322878 -1.647783 -0.390455 0.003863 1629745171.729544
7471929.645108 -681326.791950 -1.644693 -0.456233 0.003863 1629745172.929745
7471929.719294 -681326.266806 -1.650546 -0.513579 0.003773 1629745174.079872
7471929.757636 -681325.762061 -1.651234 -0.505146 0.003863 1629745174.930120
7471929.793614 -681325.249039 -1.651941 -0.441054 0.002136 1629745176.180126
7471929.815911 -681324.745076 -1.652448 -0.464667 -0.002045 1629745177.130420
7471929.845572 -681324.202869 -1.654597 -0.530445 -0.002318 1629745178.230065
7471929.877602 -681323.686920 -1.651390 -0.530445 -0.007045 1629745179.229843
7471929.922033 -681323.186871 -1.650934 -0.488279 -0.007681 1629745180.079514
7471929.971725 -681322.605852 -1.651574 -0.513579 -0.009772 1629745181.229496
7471930.013692 -681322.104891 -1.649647 -0.554058 -0.014227 1629745182.379427
7471930.046955 -681321.603105 -1.647484 -0.545625 -0.018498 1629745183.129222
7471930.071628 -681321.103543 -1.642139 -0.522012 -0.022495 1629745184.029577
7471930.098472 -681320.567181 -1.639514 -0.513579 -0.022495 1629745184.979755
7471930.145853 -681320.056276 -1.637829 -0.579357 -0.022407 1629745185.979399
7471930.178110 -681319.533978 -1.636919 -0.602970 -0.022499 1629745186.779451
7471930.177125 -681319.032666 -1.635090 -0.538878 -0.022496 1629745187.679675
7471930.202330 -681318.518941 -1.630827 -0.538878 -0.022405 1629745188.729146
7471930.222145 -681318.011318 -1.626323 -0.611403 -0.023953 1629745189.579302
7471930.282075 -681317.500696 -1.623325 -0.651882 -0.024772 1629745190.379383
7471930.320195 -681316.989584 -1.622184 -0.651882 -0.028679 1629745191.179733
7471930.295553 -681316.459020 -1.616387 -0.692362 -0.028773 1629745191.929539
7471930.315925 -681315.957612 -1.610837 -0.668749 -0.028680 1629745192.629666
7471930.344224 -681315.412897 -1.608255 -0.602970 -0.025315 1629745193.479661
7471930.370754 -681314.899793 -1.606984 -0.554058 -0.025404 1629745194.279651
7471930.380333 -681314.383900 -1.599435 -0.505146 -0.017134 1629745195.429607
7471930.405835 -681313.850232 -1.595270 -0.424187 -0.010225 1629745196.629727
7471930.417722 -681313.338348 -1.595104 -0.488279 -0.010226 1629745197.679632
7471930.426703 -681312.808137 -1.595533 -0.554058 -0.003409 1629745198.679615
7471930.429007 -681312.295423 -1.596088 -0.464667 0.008135 1629745199.729459
7471930.439679 -681311.777173 -1.596777 -0.473100 0.008226 1629745200.729662
7471930.441471 -681311.239502 -1.605581 -0.579357 0.007682 1629745201.779981
7471930.443266 -681310.738686 -1.610540 -0.554058 0.006773 1629745202.679982
7471930.454766 -681310.227210 -1.611124 -0.545625 0.005682 1629745203.529904
7471930.473129 -681309.724983 -1.611234 -0.586104 0.005682 1629745204.430156
7471930.496878 -681309.206878 -1.611668 -0.594537 0.002500 1629745205.279879
7471930.516392 -681308.682649 -1.611343 -0.579357 0.002046 1629745206.179680
7471930.538303 -681308.160611 -1.611178 -0.496713 0.002045 1629745207.179601
7471930.561491 -681307.619555 -1.611253 -0.424187 -0.000227 1629745208.329771
7471930.582865 -681307.114874 -1.611047 -0.505146 -0.011499 1629745209.479562
7471930.597940 -681306.601226 -1.611329 -0.496713 -0.017861 1629745210.530023
7471930.622647 -681306.067116 -1.611075 -0.530445 -0.020951 1629745211.580112
7471930.644567 -681305.540147 -1.610852 -0.586104 -0.021044 1629745212.430249
7471930.669462 -681305.038178 -1.598022 -0.651882 -0.020229 1629745213.230175
7471930.685001 -681304.536101 -1.598312 -0.683928 -0.016230 1629745213.979949
7471930.675619 -681304.031051 -1.594125 -0.668749 -0.015775 1629745214.779763
7471930.707085 -681303.513440 -1.591598 -0.726094 -0.015322 1629745215.479757
7471930.714318 -681302.986680 -1.584265 -0.692362 -0.008502 1629745216.229600
7471930.721560 -681302.440041 -1.584269 -0.734527 -0.002410 1629745216.979785
7471930.731270 -681301.886677 -1.584279 -0.741274 -0.002410 1629745217.729793
7471930.737250 -681301.374215 -1.583952 -0.700795 -0.002410 1629745218.479649
7471930.664240 -681300.803305 -1.591327 -0.643449 -0.002410 1629745219.279721
7471930.675362 -681300.293401 -1.591140 -0.683928 -0.002410 1629745220.029866
7471930.690152 -681299.791523 -1.591003 -0.683928 -0.002410 1629745220.829755
7471930.698559 -681299.233100 -1.590913 -0.651882 -0.002410 1629745221.579741
7471930.708112 -681298.711901 -1.590780 -0.692362 -0.002410 1629745222.429607
7471930.720031 -681298.206463 -1.590949 -0.717661 -0.002410 1629745223.079443
7471930.725395 -681297.697401 -1.591323 -0.734527 -0.002410 1629745223.829642
7471930.725619 -681297.157357 -1.588750 -0.758140 -0.002410 1629745224.529433
7471930.739493 -681296.644259 -1.584285 -0.717661 -0.009685 1629745225.179540
7471930.748633 -681296.088370 -1.587081 -0.709228 -0.009594 1629745225.979653
7471930.744508 -681295.584550 -1.584148 -0.717661 -0.009685 1629745226.679477
7471930.752924 -681295.030555 -1.584096 -0.798619 -0.009596 1629745227.379915
7471930.762097 -681294.475825 -1.584287 -0.872831 -0.009688 1629745228.029898
7471930.770270 -681293.972285 -1.584265 -0.904877 -0.009689 1629745228.629855
7471930.683507 -681293.443988 -1.571164 -0.798619 -0.009687 1629745229.229965
7471930.587311 -681292.951472 -1.575461 -0.717661 -0.009503 1629745229.830040
7471930.543709 -681292.435730 -1.567112 -0.619837 -0.009683 1629745230.779984
7471930.585996 -681291.915040 -1.574973 -0.481533 -0.006136 1629745231.730188
7471930.541931 -681291.412638 -1.573410 -0.441054 -0.001409 1629745232.679671
7471930.519255 -681290.895919 -1.569422 -0.522012 0.006863 1629745233.779903
7471930.559764 -681290.381011 -1.574875 -0.530445 0.006863 1629745234.779844
7471930.581773 -681289.876083 -1.575528 -0.505146 0.006863 1629745235.730074
7471930.563681 -681289.366069 -1.577107 -0.398888 0.006862 1629745236.879874
7471930.594462 -681288.865834 -1.581192 -0.481533 0.006863 1629745237.930172
7471930.634998 -681288.341092 -1.584106 -0.545625 0.006864 1629745238.980161
7471930.608552 -681287.828262 -1.587316 -0.562491 -0.000045 1629745239.830181
7471930.643151 -681287.326581 -1.584465 -0.594537 -0.004137 1629745240.780132
7471930.638904 -681286.806823 -1.586453 -0.651882 -0.004228 1629745241.630420
7471930.639794 -681286.283061 -1.588467 -0.594537 -0.004137 1629745242.530140
7471930.646134 -681285.735278 -1.592577 -0.505146 -0.004136 1629745243.430090
7471930.657899 -681285.224424 -1.584293 -0.415754 -0.019131 1629745244.630404
7471930.643167 -681284.715529 -1.586620 -0.366842 -0.019129 1629745246.130779
7471930.624684 -681284.205860 -1.580592 -0.285884 -0.012314 1629745247.880787
7471930.588109 -681283.704129 -1.579000 -0.366842 -0.012406 1629745249.580658
7471930.634216 -681283.200887 -1.575622 -0.441054 -0.012316 1629745250.730467
7471930.620306 -681282.657953 -1.576517 -0.538878 -0.012408 1629745251.730213
7471930.591046 -681282.146596 -1.574092 -0.496713 -0.012317 1629745252.830114
7471930.559214 -681281.632787 -1.573079 -0.464667 -0.012407 1629745253.680656
7471930.602131 -681281.091952 -1.569288 -0.398888 -0.077956 1629745255.230487
7471930.608781 -681280.591903 -1.556337 -0.228538 -0.075505 1629745257.330599
7471930.584289 -681280.080596 -1.539447 -0.162760 -0.146076 1629745261.030768
7471930.558806 -681279.573335 -1.512426 -0.277451 -0.158240 1629745263.030612
7471930.528266 -681279.048260 -1.479641 -0.375275 -0.200866 1629745264.530955
7471930.509066 -681278.541813 -1.434644 -0.171193 -0.235581 1629745266.731022
7471930.418152 -681278.040327 -1.381265 -0.301063 -0.256498 1629745268.730462
7471930.327369 -681277.544581 -1.319705 -0.285884 -0.326849 1629745270.531058
7471930.150988 -681277.066890 -1.241824 -0.349976 -0.364446 1629745272.131058
7471929.994782 -681276.569473 -1.161804 -0.415754 -0.372350 1629745273.481002
7471929.797447 -681276.075474 -1.075372 -0.456233 -0.390920 1629745274.680871
7471929.526148 -681275.654764 -0.982599 -0.349976 -0.416799 1629745275.931007
7471929.235282 -681275.241645 -0.887255 -0.301063 -0.419121 1629745277.681101
7471928.914539 -681274.846250 -0.796900 -0.309497 -0.429490 1629745278.980989
7471928.549348 -681274.502821 -0.702043 -0.049756 -0.426811 1629745282.881751
7471928.944208 -681274.825917 -0.624717 0.277451 0.404988 1629745291.432057
7471929.396152 -681275.044933 -0.526241 0.398888 0.403738 1629745292.881549
7471929.844233 -681275.275619 -0.428352 0.473100 0.404236 1629745294.031575
7471930.324861 -681275.476859 -0.327115 0.602970 0.404245 1629745294.981264
7471930.823005 -681275.612504 -0.222736 0.685615 0.403314 1629745295.781270
7471931.317645 -681275.696039 -0.120549 0.726094 0.390178 1629745296.530916
7471931.851526 -681275.715882 -0.044362 0.749707 0.318444 1629745297.131073
7471932.378730 -681275.709147 0.025369 0.758140 0.238603 1629745297.831246
7471932.883100 -681275.653820 0.076346 0.864398 0.190210 1629745298.431367
7471933.398350 -681275.614007 0.121037 0.953789 0.138430 1629745298.981609
7471933.898248 -681275.551554 0.143399 1.051614 0.075172 1629745299.431508
7471934.397753 -681275.447355 0.159394 1.166305 0.007967 1629745299.881385
7471934.928483 -681275.372094 0.154049 1.230397 -0.046460 1629745300.281271
7471935.432771 -681275.289611 0.142233 1.451345 -0.069573 1629745300.681206
7471935.975890 -681275.220014 0.127457 1.419299 -0.077629 1629745301.081483
7471936.543583 -681275.152090 0.108254 1.557603 -0.087186 1629745301.481648
7471937.082696 -681275.096210 0.087810 1.662174 -0.087230 1629745301.781472
7471937.616999 -681275.048466 0.069776 1.736386 -0.087263 1629745302.081400
7471938.214536 -681275.020720 0.050366 1.857823 -0.086595 1629745302.381571
7471938.724429 -681274.985022 0.028194 1.964081 -0.082201 1629745302.681233
7471939.245983 -681274.956862 0.015917 2.046726 -0.065967 1629745302.931186
7471939.804108 -681274.933955 0.000120 2.151297 -0.050419 1629745303.181222
7471940.349805 -681274.987212 -0.008406 2.257554 -0.042414 1629745303.431378
7471940.925617 -681274.970214 -0.016404 2.355379 -0.037045 1629745303.681445
7471941.484452 -681274.975751 -0.024016 2.412724 -0.021583 1629745303.931182
7471942.039641 -681274.989207 -0.025403 2.495369 -0.007475 1629745304.131088
7471942.561258 -681274.989353 -0.025296 2.576327 -0.002065 1629745304.331020
7471943.102584 -681274.978051 -0.025272 2.616806 -0.002157 1629745304.531131
7471943.629225 -681274.996798 -0.024660 2.648852 -0.001974 1629745304.731246
7471944.148162 -681274.989261 -0.023389 2.657286 -0.001974 1629745304.881750
7471944.650793 -681274.985738 -0.022346 2.599940 -0.001974 1629745305.081314
7471945.245394 -681274.983427 -0.020824 2.608373 -0.002341 1629745305.281287
7471945.803143 -681275.044884 -0.017049 2.412724 -0.003712 1629745305.531142
7471946.408423 -681275.072627 -0.015881 2.355379 -0.005360 1629745305.781034
7471946.998347 -681275.068841 -0.016518 2.372245 -0.005361 1629745306.031119
7471947.598059 -681275.025645 -0.019542 2.389111 -0.005361 1629745306.281197
7471948.154243 -681275.016816 -0.021246 2.404291 -0.005454 1629745306.481190
7471948.699306 -681275.033288 -0.020395 2.340199 -0.005359 1629745306.731220
7471949.233170 -681275.040392 -0.021155 2.291287 -0.005358 1629745306.931283
7471949.803816 -681275.058970 -0.016443 2.144550 -0.005444 1629745307.181430
7471950.382452 -681275.083027 -0.014482 1.915168 -0.005345 1629745307.481475
7471950.930178 -681275.086487 -0.013732 1.712773 -0.005430 1629745307.781446
7471951.483084 -681275.087630 -0.013793 1.523870 -0.005334 1629745308.131434
7471952.059628 -681275.102382 -0.014711 1.402433 -0.007519 1629745308.531363
7471952.575222 -681275.105181 -0.012456 1.166305 -0.014158 1629745308.981925
7471953.111896 -681275.111206 -0.014045 0.692362 -0.014139 1629745309.581797
