7756501.672464 -365249.199092 -0.358506 11.645138 -0.008891 1542362168.437546
7756502.360598 -365249.482691 -0.362016 11.645138 -0.008891 1542362168.487440
7756502.875584 -365249.700660 -0.362936 11.633205 -0.008890 1542362168.537400
7756503.383737 -365249.913470 -0.364310 11.621271 -0.008745 1542362168.587360
7756504.004338 -365250.170217 -0.364283 11.619282 -0.008319 1542362168.637323
7756504.521930 -365250.383462 -0.365871 11.614310 -0.007894 1542362168.687210
7756505.105837 -365250.619196 -0.364709 11.602376 -0.007610 1542362168.737170
7756506.253936 -365251.105687 -0.366803 11.607349 -0.007186 1542362168.837019
7756506.783422 -365251.323991 -0.365651 11.607349 -0.007185 1542362168.886948
7756507.793980 -365251.754066 -0.366307 11.594421 -0.007183 1542362168.986843
7756508.382318 -365252.004059 -0.365517 11.585471 -0.007180 1542362169.036783
7756508.917618 -365252.230617 -0.366005 11.585471 -0.007181 1542362169.086732
7756509.448188 -365252.466305 -0.366088 11.565581 -0.007181 1542362169.136642
7756510.030044 -365252.710672 -0.367345 11.550665 -0.007174 1542362169.186628
7756510.550352 -365252.935202 -0.367149 11.544698 -0.007173 1542362169.236569
7756511.059817 -365253.148851 -0.368216 11.534753 -0.007170 1542362169.286496
7756511.714796 -365253.428239 -0.370676 11.527792 -0.007169 1542362169.336512
7756512.257498 -365253.646661 -0.371491 11.517847 -0.007450 1542362169.386409
7756512.807717 -365253.878522 -0.371696 11.500941 -0.007448 1542362169.436334
7756513.308578 -365254.095791 -0.372220 11.490002 -0.007443 1542362169.486290
7756513.846296 -365254.309999 -0.373977 11.474091 -0.007440 1542362169.536181
7756514.392031 -365254.537659 -0.373944 11.464146 -0.007437 1542362169.586098
7756514.914991 -365254.765075 -0.375525 11.464146 -0.007436 1542362169.636013
7756515.468427 -365254.990981 -0.378633 11.459174 -0.007436 1542362169.685949
7756515.936330 -365255.187317 -0.380066 11.443263 -0.007151 1542362169.735848
7756516.427351 -365255.390638 -0.381539 11.432324 -0.007149 1542362169.785836
7756516.973244 -365255.622282 -0.382945 11.415418 -0.007145 1542362169.835692
7756517.495433 -365255.826481 -0.385785 11.409451 -0.007143 1542362169.885641
7756518.046301 -365256.057343 -0.387340 11.409451 -0.007143 1542362169.935616
7756518.588075 -365256.275833 -0.387997 11.409451 -0.007002 1542362169.985532
7756519.140385 -365256.509233 -0.388103 11.411440 -0.006581 1542362170.035480
7756520.122669 -365256.935587 -0.394739 11.392545 -0.006157 1542362170.135315
7756520.616223 -365257.138185 -0.395846 11.381606 -0.005874 1542362170.185283
7756521.077586 -365257.336058 -0.396179 11.365695 -0.005029 1542362170.235223
7756521.597141 -365257.578078 -0.397697 11.358734 -0.004186 1542362170.285210
7756522.155182 -365257.814810 -0.396158 11.336855 -0.003623 1542362170.335111
7756522.711831 -365258.033524 -0.395679 11.325916 -0.003482 1542362170.385030
7756523.328592 -365258.287531 -0.397416 11.310005 -0.003760 1542362170.434995
7756524.288611 -365258.704450 -0.399739 11.288127 -0.003757 1542362170.534829
7756524.825315 -365258.952971 -0.401888 11.287132 -0.003896 1542362170.584711
7756525.393433 -365259.196789 -0.400968 11.281166 -0.004317 1542362170.634626
7756526.321800 -365259.571704 -0.403184 11.250337 -0.005013 1542362170.734529
7756526.863480 -365259.813530 -0.404129 11.236415 -0.005011 1542362170.784433
7756527.829774 -365260.220522 -0.407460 11.200614 -0.005004 1542362170.884279
7756528.329788 -365260.454961 -0.409285 11.189675 -0.005841 1542362170.934225
7756528.898128 -365260.724798 -0.408462 11.178736 -0.006537 1542362170.984177
7756529.906951 -365261.173779 -0.410067 11.164814 -0.008349 1542362171.084053
7756530.436033 -365261.385123 -0.413550 11.154869 -0.008903 1542362171.133933
7756530.907881 -365261.597301 -0.414463 11.126030 -0.008899 1542362171.183776
7756531.831653 -365262.023826 -0.417279 11.112107 -0.008476 1542362171.283631
7756532.400551 -365262.293301 -0.417956 11.102163 -0.008474 1542362171.333573
7756533.407347 -365262.740721 -0.423273 11.088240 -0.008470 1542362171.433351
7756534.321653 -365263.137723 -0.427135 11.056417 -0.008462 1542362171.533232
7756534.835530 -365263.368111 -0.427791 11.029567 -0.008457 1542362171.583134
7756535.366433 -365263.609746 -0.428645 11.002717 -0.008450 1542362171.633101
7756535.879772 -365263.858362 -0.430520 10.982827 -0.008307 1542362171.683050
7756536.350779 -365264.075720 -0.433175 10.963933 -0.007608 1542362171.732951
7756536.885995 -365264.333786 -0.434829 10.951999 -0.006773 1542362171.782878
7756537.393673 -365264.583304 -0.435142 10.945038 -0.005801 1542362171.832863
7756537.854733 -365264.795458 -0.434827 10.924154 -0.004411 1542362171.882794
7756538.787504 -365265.265767 -0.436826 10.902276 -0.003302 1542362171.982654
7756539.306674 -365265.504048 -0.439380 10.891337 -0.003023 1542362172.032586
7756539.840975 -365265.759640 -0.437738 10.876420 -0.003022 1542362172.082549
7756540.712804 -365266.200446 -0.438588 10.853547 -0.003296 1542362172.182424
7756541.273784 -365266.474075 -0.438353 10.852553 -0.003295 1542362172.232365
7756542.241829 -365266.939064 -0.441898 10.840619 -0.003295 1542362172.332287
7756542.730889 -365267.181372 -0.442494 10.816752 -0.003294 1542362172.382160
7756543.245314 -365267.418050 -0.441599 10.802830 -0.003291 1542362172.432105
7756544.217261 -365267.892958 -0.443667 10.776974 -0.003150 1542362172.532083
7756545.192559 -365268.368048 -0.443475 10.768024 -0.003149 1542362172.631942
7756545.689066 -365268.613532 -0.445021 10.746146 -0.003148 1542362172.681834
7756546.516667 -365269.016749 -0.445519 10.713328 -0.002594 1542362172.781687
7756547.035017 -365269.274588 -0.445534 10.703384 -0.002456 1542362172.831576
7756547.487072 -365269.489203 -0.443876 10.682500 -0.001767 1542362172.881508
7756548.089146 -365269.783589 -0.445619 10.694434 -0.000252 1542362172.931473
7756548.995858 -365270.216959 -0.444882 10.682500 0.000436 1542362173.031295
7756549.963430 -365270.677238 -0.445165 10.644711 0.000436 1542362173.131155
7756550.821396 -365271.094312 -0.443643 10.605927 0.000435 1542362173.230999
7756551.364629 -365271.356356 -0.444449 10.575098 0.000435 1542362173.280901
7756552.279569 -365271.821637 -0.443870 10.563165 0.000571 1542362173.380787
7756553.268321 -365272.311144 -0.443416 10.555209 0.000845 1542362173.480668
7756553.790650 -365272.594444 -0.444669 10.548248 0.000982 1542362173.530579
7756554.252615 -365272.817806 -0.443533 10.529353 0.001667 1542362173.580535
7756554.992260 -365273.190252 -0.443564 10.491564 0.002350 1542362173.680353
7756555.563917 -365273.459670 -0.442569 10.477641 0.002622 1542362173.730317
7756556.534455 -365273.918810 -0.440381 10.460735 0.002621 1542362173.830094
7756557.402621 -365274.314137 -0.437205 10.445818 0.002756 1542362173.929847
7756558.338615 -365274.737469 -0.436080 10.418968 0.002755 1542362174.029577
7756558.857631 -365274.978170 -0.433368 10.396095 0.003025 1542362174.079514
7756559.719254 -365275.387584 -0.434655 10.379189 0.003160 1542362174.179346
7756560.261438 -365275.638605 -0.434746 10.375212 0.003570 1542362174.229301
7756560.713527 -365275.861322 -0.433349 10.359300 0.005205 1542362174.279251
7756561.182252 -365276.070621 -0.434035 10.337422 0.006430 1542362174.329195
7756561.658779 -365276.308947 -0.432177 10.327477 0.007789 1542362174.379079
7756562.250410 -365276.591661 -0.429046 10.305599 0.008604 1542362174.429068
7756563.103024 -365277.016974 -0.431255 10.272782 0.009956 1542362174.529013
7756563.935851 -365277.416108 -0.428106 10.271788 0.011040 1542362174.628822
7756564.819551 -365277.850647 -0.426907 10.269799 0.012672 1542362174.728640
7756565.297424 -365278.053313 -0.421294 10.263832 0.013488 1542362174.778566
7756566.208561 -365278.494570 -0.417759 10.208142 0.015370 1542362174.878415
7756567.198517 -365278.896376 -0.407334 10.151458 0.017111 1542362174.978274
7756567.731962 -365279.135565 -0.403070 10.127591 0.017775 1542362175.028230
7756568.574685 -365279.497583 -0.397987 10.099746 0.018710 1542362175.128110
7756569.090855 -365279.714042 -0.391720 10.093779 0.018431 1542362175.178054
7756569.976599 -365280.095892 -0.387638 10.091790 0.016670 1542362175.277847
7756570.441706 -365280.314209 -0.385922 10.092785 0.015587 1542362175.327776
7756571.373561 -365280.719774 -0.380967 10.062951 0.013823 1542362175.427683
7756572.266359 -365281.103440 -0.375093 10.014222 0.011374 1542362175.527642
7756573.155580 -365281.469054 -0.375662 9.948588 0.008251 1542362175.627505
7756574.040920 -365281.855935 -0.373265 9.874998 0.003658 1542362175.727414
7756574.966420 -365282.205726 -0.371038 9.805385 0.000559 1542362175.827406
7756575.774979 -365282.544235 -0.371856 9.714890 -0.001187 1542362175.927347
7756576.259274 -365282.726936 -0.373079 9.678094 -0.001318 1542362175.977314
7756577.108624 -365283.084261 -0.372910 9.573676 -0.003052 1542362176.077224
7756577.887605 -365283.390546 -0.376138 9.473235 -0.006107 1542362176.177175
7756578.381039 -365283.595757 -0.376390 9.409590 -0.007829 1542362176.227144
7756579.190592 -365283.902861 -0.378800 9.324066 -0.011396 1542362176.326956
7756580.022422 -365284.265356 -0.382684 9.229593 -0.012421 1542362176.426826
7756580.870611 -365284.631131 -0.388268 9.113241 -0.012388 1542362176.526716
7756581.670417 -365284.972575 -0.390690 9.013795 -0.012359 1542362176.626544
7756582.513675 -365285.309838 -0.393350 8.911365 -0.012324 1542362176.726389
7756583.283370 -365285.657245 -0.398646 8.808936 -0.012426 1542362176.826178
7756584.027384 -365286.000283 -0.401276 8.718440 -0.012397 1542362176.925998
7756584.829218 -365286.340130 -0.404567 8.621977 -0.012367 1542362177.025848
7756585.575960 -365286.658765 -0.408206 8.528498 -0.013252 1542362177.125571
7756586.305459 -365286.959646 -0.415225 8.446952 -0.015432 1542362177.225470
7756587.090386 -365287.326783 -0.418128 8.358445 -0.016957 1542362177.325325
7756587.842503 -365287.627564 -0.418734 8.264965 -0.017050 1542362177.425132
7756588.575560 -365287.970107 -0.425541 8.175464 -0.016753 1542362177.525047
7756589.260833 -365288.296766 -0.434359 8.094913 -0.016592 1542362177.624876
7756589.976826 -365288.638543 -0.435669 8.020328 -0.016308 1542362177.724775
7756590.702303 -365288.985698 -0.441116 7.956682 -0.015254 1542362177.824638
7756591.386227 -365289.320142 -0.446071 7.903976 -0.013956 1542362177.924577
7756592.030683 -365289.611657 -0.449591 7.851270 -0.013301 1542362178.024371
7756592.728153 -365289.975241 -0.454063 7.797569 -0.012642 1542362178.124302
7756593.437968 -365290.324706 -0.455880 7.743868 -0.011353 1542362178.224197
7756594.141388 -365290.661426 -0.456605 7.683206 -0.009552 1542362178.324018
7756594.859042 -365291.020131 -0.460914 7.644422 -0.007629 1542362178.423908
7756595.502809 -365291.347472 -0.461798 7.645416 -0.006099 1542362178.523806
7756596.207773 -365291.702103 -0.463765 7.612599 -0.004951 1542362178.623586
7756596.852559 -365292.040844 -0.465189 7.550942 -0.005198 1542362178.723518
7756597.585549 -365292.450002 -0.464485 7.497241 -0.005445 1542362178.823373
7756598.207567 -365292.755237 -0.469007 7.477352 -0.005190 1542362178.923247
7756598.856477 -365293.086226 -0.469615 7.418679 -0.005184 1542362179.023056
7756599.425363 -365293.397038 -0.474544 7.360006 -0.005304 1542362179.122855
7756600.034475 -365293.715238 -0.475247 7.311277 -0.005298 1542362179.222621
7756600.663048 -365294.039691 -0.474971 7.243654 -0.006049 1542362179.322446
7756601.238896 -365294.343590 -0.476472 7.182992 -0.006168 1542362179.422282
7756601.756846 -365294.620816 -0.483191 7.089512 -0.005400 1542362179.522149
7756602.278743 -365294.892884 -0.490010 7.028850 -0.005268 1542362179.622009
7756602.938796 -365295.244355 -0.491886 6.990066 -0.005389 1542362179.721833
7756603.514471 -365295.557260 -0.493878 6.911504 -0.006135 1542362179.821681
7756604.178124 -365295.915016 -0.494261 6.845870 -0.004748 1542362179.921463
7756604.754444 -365296.244666 -0.493477 6.814047 -0.004869 1542362180.021264
7756605.360360 -365296.558056 -0.491400 6.744435 -0.004862 1542362180.121124
7756605.919518 -365296.854157 -0.491025 6.657916 -0.004855 1542362180.221047
7756606.452883 -365297.152759 -0.490838 6.613166 -0.004976 1542362180.320921
7756607.057473 -365297.511729 -0.493272 6.517697 -0.004344 1542362180.420703
7756607.590491 -365297.807035 -0.493090 6.416262 -0.003217 1542362180.520511
7756608.103809 -365298.100381 -0.493284 6.360573 -0.002840 1542362180.620358
7756608.669263 -365298.410244 -0.490927 6.328750 -0.002838 1542362180.720225
7756609.153689 -365298.682409 -0.494593 6.254165 -0.002587 1542362180.820086
7756609.635966 -365298.966641 -0.494007 6.138808 -0.001592 1542362180.919966
7756610.310594 -365299.322332 -0.492500 6.027428 -0.000355 1542362181.019766
7756610.856901 -365299.617671 -0.490949 5.925993 0.000509 1542362181.119609
7756611.344105 -365299.900777 -0.490960 5.795719 0.000876 1542362181.219644
7756611.826747 -365300.138195 -0.490771 5.675389 0.000506 1542362181.319525
7756612.453513 -365300.482525 -0.490627 5.510308 0.000504 1542362181.469449
7756612.965410 -365300.772907 -0.490248 5.393956 0.000503 1542362181.569377
7756613.411189 -365301.022544 -0.490220 5.273627 0.000502 1542362181.669270
7756614.025321 -365301.344578 -0.489632 5.114513 0.000502 1542362181.819110
7756614.634122 -365301.667806 -0.492453 5.002139 0.000500 1542362181.968881
7756615.215650 -365301.966606 -0.487910 4.869876 0.000499 1542362182.118705
7756615.669014 -365302.228386 -0.489652 4.801258 0.000499 1542362182.218518
7756616.149932 -365302.503593 -0.488723 4.710762 -0.001798 1542362182.368353
7756616.755422 -365302.831762 -0.493224 4.580487 -0.003243 1542362182.518187
7756617.344635 -365303.136576 -0.491479 4.468113 -0.002756 1542362182.667961
7756617.890329 -365303.454870 -0.492610 4.371651 -0.002752 1542362182.817823
7756618.541650 -365303.816938 -0.490077 4.244360 -0.002868 1542362182.967561
7756619.026819 -365304.095163 -0.490914 4.047456 -0.002862 1542362183.117358
7756619.558236 -365304.356360 -0.492796 3.895304 -0.002856 1542362183.267175
7756620.009949 -365304.625457 -0.492981 3.738179 -0.002850 1542362183.416946
7756620.519080 -365304.911427 -0.491659 3.487575 -0.002843 1542362183.616647
7756621.075935 -365305.193502 -0.490825 3.228020 -0.002836 1542362183.816295
7756621.589466 -365305.479623 -0.494298 3.002278 -0.002829 1542362184.016040
7756622.105158 -365305.779527 -0.493434 2.678083 -0.002822 1542362184.265599
7756622.635268 -365306.049116 -0.492953 2.473225 -0.002817 1542362184.515265
7756623.100877 -365306.320747 -0.494138 2.234554 -0.002812 1542362184.814906
7756623.565587 -365306.549658 -0.495839 2.007817 -0.001397 1542362185.064684
7756624.040861 -365306.804785 -0.496425 1.848703 0.004005 1542362185.314167
7756624.512606 -365307.060221 -0.494071 1.585171 0.003413 1542362185.663600
7756624.993099 -365307.322396 -0.492886 1.356445 0.003409 1542362186.063031
7756625.455484 -365307.589183 -0.489798 1.103852 0.001300 1542362186.462471
7756625.895136 -365307.829179 -0.490101 -0.000994 0.001297 1542362189.508996
7756626.360249 -365308.056405 -0.492198 0.617560 0.001298 1542362195.251637
7756626.834398 -365308.287791 -0.497693 0.728940 0.001298 1542362195.900474
7756627.251831 -365308.567956 -0.502716 0.908937 0.001299 1542362196.449778
7756627.720176 -365308.839060 -0.495936 0.998439 0.001299 1542362196.899231
7756628.211256 -365309.100562 -0.492608 1.035234 0.001300 1542362197.348630
7756628.654276 -365309.348587 -0.490214 0.929821 0.001299 1542362197.897906
7756629.088405 -365309.611402 -0.491007 0.734907 0.001298 1542362198.547132
7756629.547066 -365309.867275 -0.487199 0.333144 0.000947 1542362211.581054
7756630.002151 -365310.082115 -0.486472 0.339111 0.000596 1542362215.326604
7756630.459948 -365310.303999 -0.488968 0.776674 0.000597 1542362216.125790
7756630.909024 -365310.569952 -0.486874 1.003411 0.000597 1542362216.575285
7756631.390671 -365310.832892 -0.490095 1.225176 0.000598 1542362217.024743
7756631.893562 -365311.075021 -0.488519 1.384290 0.000598 1542362217.424294
7756632.418416 -365311.356095 -0.488728 1.558320 0.000599 1542362217.773872
7756632.881003 -365311.636324 -0.485639 1.728373 0.000599 1542362218.073539
7756633.356085 -365311.899095 -0.486096 1.886493 0.000600 1542362218.323236
7756633.884114 -365312.199502 -0.482697 2.103285 0.000365 1542362218.622900
7756634.388595 -365312.476656 -0.485035 2.213670 -0.000104 1542362218.872620
7756634.887606 -365312.747204 -0.485834 2.350906 -0.000104 1542362219.122224
7756635.383949 -365312.977676 -0.482923 2.419524 -0.000340 1542362219.321903
7756635.926369 -365313.291088 -0.485082 2.499080 -0.002817 1542362219.571590
7756636.477226 -365313.575786 -0.484701 2.652227 -0.002466 1542362219.821337
7756636.982708 -365313.865132 -0.485820 2.693995 -0.002231 1542362220.021135
7756637.544176 -365314.174430 -0.485714 2.747696 -0.002231 1542362220.220971
7756637.995208 -365314.413878 -0.486830 2.789463 -0.001997 1542362220.420854
7756638.508997 -365314.705624 -0.486234 2.841175 -0.001642 1542362220.620795
7756638.977635 -365314.962704 -0.489323 2.878965 -0.001288 1542362220.820654
7756639.419338 -365315.225027 -0.488441 2.909793 -0.001289 1542362220.970491
7756639.886961 -365315.480894 -0.489934 2.968466 -0.001289 1542362221.120305
7756640.463026 -365315.781415 -0.488572 3.022167 -0.001290 1542362221.320036
7756641.001477 -365316.063583 -0.489019 3.090785 -0.001290 1542362221.519625
7756641.452905 -365316.336050 -0.490235 3.144486 -0.001173 1542362221.669381
7756641.943494 -365316.614904 -0.489006 3.176308 0.000132 1542362221.869073
7756642.513892 -365316.911883 -0.487072 3.196198 0.000606 1542362222.068746
7756643.007796 -365317.181708 -0.488355 3.237965 0.000606 1542362222.218597
7756643.540527 -365317.476103 -0.487820 3.274760 0.001438 1542362222.418401
7756644.074857 -365317.755800 -0.487712 3.284705 0.001675 1542362222.618079
7756644.553483 -365318.017210 -0.489707 3.291666 0.003101 1542362222.767941
7756645.028491 -365318.288796 -0.489299 3.301611 0.004051 1542362222.917795
7756645.484520 -365318.536051 -0.486906 3.296638 0.005120 1542362223.067471
7756646.087097 -365318.805845 -0.482775 3.296638 0.010464 1542362223.267275
7756646.578234 -365319.099605 -0.481924 3.307577 0.013078 1542362223.467038
7756647.189284 -365319.448907 -0.477249 3.314539 0.010822 1542362223.666830
7756647.688748 -365319.696121 -0.474632 3.315533 0.010822 1542362223.816594
7756648.159533 -365319.958165 -0.471281 3.308572 0.010109 1542362223.966463
7756648.617691 -365320.179324 -0.467985 3.312550 0.009872 1542362224.116348
7756649.186239 -365320.496359 -0.466512 3.290671 0.009870 1542362224.316082
7756649.653685 -365320.755807 -0.466668 3.288683 0.009870 1542362224.515931
7756650.157982 -365320.997024 -0.461722 3.265810 0.010105 1542362224.665699
7756650.603469 -365321.231706 -0.458056 3.242937 0.010103 1542362224.815539
7756651.107775 -365321.503814 -0.459406 3.168353 0.010334 1542362225.015302
7756651.581397 -365321.745813 -0.457302 3.033106 0.013756 1542362225.215059
7756652.088587 -365321.994088 -0.451755 2.948577 0.018713 1542362225.414771
7756652.613709 -365322.256480 -0.447876 2.880954 0.019884 1542362225.614524
7756653.109900 -365322.501729 -0.443379 2.871009 0.020355 1542362225.814278
7756653.725441 -365322.795181 -0.438328 2.837197 0.023067 1542362226.063926
7756654.208366 -365323.006946 -0.431574 2.784491 0.023177 1542362226.263680
7756654.684662 -365323.236261 -0.427866 2.768579 0.023999 1542362226.463426
7756655.229091 -365323.496859 -0.423020 2.744712 0.025530 1542362226.663224
7756655.720696 -365323.727379 -0.418209 2.708912 0.028826 1542362226.862975
7756656.213561 -365323.938878 -0.408897 2.659189 0.031294 1542362227.112529
7756656.731480 -365324.144824 -0.399222 2.552781 0.036690 1542362227.312300
7756657.205664 -365324.393197 -0.392409 2.514992 0.043268 1542362227.512016
7756657.742099 -365324.615738 -0.384300 2.451346 0.049013 1542362227.761811
7756658.259969 -365324.837469 -0.366723 2.360850 0.055909 1542362228.011363
7756658.820681 -365325.036977 -0.357952 2.325050 0.060824 1542362228.261041
7756659.304977 -365325.203726 -0.345394 2.293227 0.068557 1542362228.460821
7756659.834003 -365325.421444 -0.326128 2.254443 0.070990 1542362228.710465
7756660.311243 -365325.590521 -0.310748 2.213670 0.074956 1542362228.960371
7756660.814658 -365325.764304 -0.294612 2.223615 0.084429 1542362229.210126
7756661.366879 -365325.923557 -0.273499 2.261404 0.099849 1542362229.459673
7756661.954400 -365326.099074 -0.248990 2.323061 0.111901 1542362229.709332
7756662.535416 -365326.252613 -0.218401 2.441402 0.124788 1542362229.959004
7756663.172046 -365326.409942 -0.185034 2.508031 0.153662 1542362230.208709
7756663.785503 -365326.543555 -0.143127 2.631344 0.170611 1542362230.458391
7756664.289070 -365326.607074 -0.107037 2.673111 0.179714 1542362230.658121
7756664.888937 -365326.640774 -0.060170 2.726812 0.192121 1542362230.857828
7756665.473866 -365326.674998 -0.014938 2.784491 0.204291 1542362231.057588
7756666.037355 -365326.656240 0.033557 2.805374 0.218475 1542362231.257303
7756666.538670 -365326.648470 0.086133 2.789463 0.233403 1542362231.457099
7756667.119768 -365326.629721 0.141367 2.837197 0.245343 1542362231.656753
7756667.714304 -365326.538674 0.204387 2.898854 0.248152 1542362231.856542
7756668.372265 -365326.401928 0.270187 2.975427 0.247975 1542362232.056255
7756668.939801 -365326.213596 0.333433 3.137524 0.242404 1542362232.256013
7756669.613863 -365326.023080 0.401340 3.280727 0.240886 1542362232.455796
7756670.214940 -365325.754992 0.466282 3.385145 0.238655 1542362232.655708
7756670.691858 -365325.487516 0.518870 3.501497 0.231351 1542362232.805537
7756671.183129 -365325.195769 0.574110 3.587021 0.226294 1542362232.955456
7756671.671246 -365324.850521 0.627622 3.693428 0.226067 1542362233.105354
7756672.151378 -365324.485194 0.677808 3.738179 0.226109 1542362233.255226
7756672.562568 -365324.141302 0.729034 3.820719 0.223922 1542362233.404922
7756673.012411 -365323.739121 0.782731 3.865470 0.213320 1542362233.554689
7756673.452673 -365323.324952 0.837244 3.893315 0.205479 1542362233.704581
7756673.832796 -365322.888734 0.882738 3.936077 0.197529 1542362233.854446
7756674.224178 -365322.367448 0.932592 4.057401 0.186022 1542362234.004350
7756674.602612 -365321.846327 0.980149 4.138947 0.181567 1542362234.154187
7756674.927713 -365321.358501 1.025121 4.175742 0.181173 1542362234.304073
7756675.276770 -365320.791852 1.073415 4.259276 0.175062 1542362234.453871
7756675.634529 -365320.155701 1.121807 4.347783 0.163800 1542362234.603753
7756675.914121 -365319.528298 1.162530 4.403473 0.147821 1542362234.753668
7756676.192037 -365318.889468 1.200605 4.454191 0.124860 1542362234.903471
7756676.416273 -365318.244295 1.232625 4.522809 0.113298 1542362235.053281
7756676.669355 -365317.550941 1.266327 4.649105 0.101317 1542362235.203158
7756676.898207 -365316.875208 1.292814 4.701812 0.090021 1542362235.352996
7756677.063967 -365316.252465 1.314447 4.781368 0.078583 1542362235.502868
7756677.275294 -365315.473080 1.340042 4.897720 0.071966 1542362235.652745
7756677.403940 -365314.970178 1.354909 4.966338 0.067682 1542362235.752524
7756677.556174 -365314.248067 1.370806 5.004128 0.059164 1542362235.902376
7756677.716859 -365313.509905 1.389362 5.066779 0.054597 1542362236.052153
7756677.834402 -365312.748977 1.406362 5.120480 0.048842 1542362236.202041
7756677.916858 -365312.249113 1.414636 5.146336 0.046683 1542362236.301939
7756678.061686 -365311.491046 1.429926 5.203020 0.045381 1542362236.451781
7756678.197737 -365310.707084 1.444565 5.238821 0.036293 1542362236.601540
7756678.247663 -365310.186157 1.450823 5.280588 0.026450 1542362236.701445
7756678.322849 -365309.683524 1.456625 5.329316 0.019888 1542362236.801340
7756678.365134 -365309.163011 1.461353 5.383017 0.016856 1542362236.901249
7756678.415998 -365308.658079 1.464083 5.441691 0.014919 1542362237.001229
7756678.452999 -365308.085585 1.465183 5.479480 0.012728 1542362237.101057
7756678.539631 -365307.495137 1.467102 5.523236 0.010533 1542362237.200936
