6773050.501572 -472548.130741 3.140380 0.000000 0.000000 1636381688.521002
6773049.977879 -472548.162179 -3.111176 0.702313 0.233033 1636381697.404001
6773049.460946 -472548.173707 -3.076010 0.606433 0.215683 1636381698.185002
6773048.942031 -472548.193308 -3.046991 0.516065 0.196255 1636381699.127001
6773048.419320 -472548.306556 -3.010338 0.643334 0.185532 1636381699.961001
6773047.892056 -472548.365712 -2.992022 0.511905 0.106558 1636381700.917001
6773047.376961 -472548.404335 -2.974024 0.544290 0.008711 1636381701.811496
6773046.858099 -472548.550730 -2.969448 0.677913 -0.043248 1636381702.701888
6773046.351071 -472548.588419 -2.985336 0.548221 -0.057540 1636381703.598002
6773045.856294 -472548.737086 -3.004938 0.505024 -0.221843 1636381704.442000
6773045.350332 -472548.792522 -3.035883 0.556332 -0.259109 1636381705.326001
6773044.848487 -472548.767160 -3.076850 0.490447 -0.358084 1636381706.213001
6773044.344287 -472548.779150 3.133067 0.593720 -0.523700 1636381707.149000
6773043.833311 -472548.758671 3.046351 0.377070 -0.523700 1636381708.129000
6773044.368241 -472548.871294 2.993500 -0.850522 0.179695 1636381714.256001
6773044.897389 -472548.990520 2.965264 -1.051139 0.169273 1636381714.816001
6773045.402128 -472549.040781 2.935041 -1.196337 0.217017 1636381715.268001
6773045.889360 -472549.161732 2.898471 -1.295068 0.229854 1636381715.659994
6773046.377526 -472549.298272 2.864767 -1.374819 0.244218 1636381716.047002
6773046.874586 -472549.434590 2.821016 -1.427067 0.264293 1636381716.428000
6773047.351594 -472549.612409 2.780073 -1.449125 0.254879 1636381716.761001
6773047.860918 -472549.811430 2.736390 -1.465374 0.264821 1636381717.143001
6773048.343395 -472550.006723 2.690180 -1.476685 0.262048 1636381717.539000
6773048.852462 -472550.232882 2.651703 -1.485565 0.261445 1636381717.867991
6773049.334197 -472550.526663 2.607795 -1.491697 0.234101 1636381718.257001
6773049.825952 -472550.809049 2.567291 -1.494916 0.210337 1636381718.642002
6773050.238601 -472551.091553 2.542540 -1.496538 0.177421 1636381718.970001
6773050.715445 -472551.423461 2.513098 -1.498389 0.155162 1636381719.363003
6773051.141704 -472551.774738 2.492018 -1.498988 0.117123 1636381719.707002
6773051.590943 -472552.119890 2.471502 -1.499463 0.115540 1636381720.094001
6773052.049474 -472552.458978 2.452642 -1.499718 0.074154 1636381720.486001
6773052.495678 -472552.832302 2.440139 -1.499839 0.046430 1636381720.875234
6773052.895837 -472553.137179 2.433808 -1.499899 0.047665 1636381721.217001
6773053.277717 -472553.490442 2.428360 -1.499941 0.027827 1636381721.554783
6773053.649173 -472553.828787 2.424467 -1.499959 0.018524 1636381721.889000
6773054.076110 -472554.173248 2.423617 -1.499977 0.001811 1636381722.286001
6773054.487833 -472554.526112 2.426189 -1.499985 -0.024998 1636381722.626000
6773054.912349 -472554.896240 2.431890 -1.499991 -0.041498 1636381723.004001
6773055.302727 -472555.227387 2.439791 -1.499994 -0.075358 1636381723.345002
6773055.726882 -472555.601277 2.457567 -1.499996 -0.114775 1636381723.734047
6773056.178706 -472555.964630 2.480096 -1.499998 -0.146802 1636381724.123001
6773056.630842 -472556.288855 2.504989 -1.499999 -0.151054 1636381724.462001
6773057.067573 -472556.608921 2.536150 -1.499999 -0.193503 1636381724.848001
6773057.498023 -472556.881853 2.567858 -1.499999 -0.214574 1636381725.179001
6773057.953245 -472557.174865 2.607949 -1.500000 -0.251266 1636381725.558002
6773058.412445 -472557.427967 2.647486 -1.500000 -0.261376 1636381725.891001
6773058.858578 -472557.655719 2.689314 -1.500000 -0.284497 1636381726.221001
6773059.348565 -472557.900819 2.745716 -1.500000 -0.322272 1636381726.608056
6773059.819907 -472558.105092 2.791953 -1.500000 -0.322514 1636381726.934001
6773060.331703 -472558.256158 2.851432 -1.500000 -0.323353 1636381727.317001
6773060.877530 -472558.381331 2.901671 -1.500000 -0.307624 1636381727.668045
6773061.446148 -472558.515083 2.958002 -1.500000 -0.300968 1636381728.059903
6773061.944108 -472558.599831 3.004909 -1.500000 -0.275424 1636381728.401002
6773062.457024 -472558.656888 3.044469 -1.500000 -0.266991 1636381728.729001
6773063.016554 -472558.696166 3.088494 -1.500000 -0.232050 1636381729.114000
6773063.609226 -472558.715160 3.123554 -1.500000 -0.182061 1636381729.498000
6773064.174735 -472558.713776 -3.129866 -1.500000 -0.153985 1636381729.887001
6773064.748168 -472558.698306 -3.105521 -1.500000 -0.124370 1636381730.269001
6773065.311712 -472558.686331 -3.083907 -1.500000 -0.104020 1636381730.650001
6773065.831979 -472558.656889 -3.072967 -1.500000 -0.085189 1636381730.982001
6773066.421974 -472558.616200 -3.061364 -1.500000 -0.071326 1636381731.373002
6773067.001564 -472558.557898 -3.050952 -1.500000 -0.029974 1636381731.770002
6773067.505780 -472558.515770 -3.048000 -1.500000 -0.034036 1636381732.105002
6773068.005626 -472558.461844 -3.042664 -1.500000 -0.024542 1636381732.441000
6773068.506556 -472558.417154 -3.041742 -1.500000 -0.014249 1636381732.773001
6773069.069814 -472558.320066 -3.038692 -1.500000 0.013972 1636381733.157002
6773069.641376 -472558.296426 -3.041412 -1.500000 0.005688 1636381733.538001
6773070.243017 -472558.231465 -3.040405 -1.500000 0.000942 1636381733.924726
6773070.814777 -472558.175156 -3.041884 -1.500000 -0.000022 1636381734.322001
6773071.395307 -472558.118563 -3.044701 -1.500000 0.008129 1636381734.707229
6773071.897707 -472558.071217 -3.044671 -1.500000 0.009373 1636381735.049348
6773072.474543 -472558.036156 -3.045310 -1.500000 0.012243 1636381735.434001
6773073.040394 -472557.953673 -3.046374 -1.500000 0.011003 1636381735.814001
6773073.538311 -472557.903459 -3.050059 -1.428107 0.014050 1636381736.146018
6773074.051392 -472557.859815 -3.052553 -1.192658 0.004574 1636381736.536001
6773074.576740 -472557.825992 -3.050458 -0.982843 -0.002856 1636381737.034001
6773075.093744 -472557.728188 -3.050881 -0.873953 0.004059 1636381737.587000
6773075.622795 -472557.706472 -3.052938 -0.715197 0.005100 1636381738.258001
6773076.137918 -472557.659038 -3.053791 -0.643054 0.000912 1636381739.022001
6773076.636362 -472557.619519 -3.053293 -0.492439 -0.002211 1636381739.901001
6773077.135159 -472557.528698 -3.053008 -0.555973 0.008964 1636381740.901001
6773077.658343 -472557.519508 -3.053674 -0.553766 -0.006625 1636381741.895001
6773078.165890 -472557.487846 -3.053777 -0.479399 -0.004954 1636381742.881001
6773078.673038 -472557.460674 -3.050216 -0.482090 -0.016045 1636381743.870002
6773079.180136 -472557.376566 -3.052618 -0.494112 0.042094 1636381744.870001
6773079.679510 -472557.308541 -3.065065 -0.516812 0.027130 1636381745.834001
6773080.204209 -472557.295364 -3.068878 -0.515513 -0.044019 1636381746.892001
6773080.704372 -472557.268276 -3.069008 -0.456048 0.100863 1636381747.892001
6773081.231777 -472557.267683 -3.091306 -0.517719 0.133314 1636381749.039001
6773080.716343 -472557.251922 -3.096630 0.889674 0.007706 1636381793.737002
6773080.190599 -472557.286083 -3.096104 1.129346 0.002364 1636381794.250798
6773079.672582 -472557.310594 -3.098273 1.276179 -0.004742 1636381794.692002
6773079.141873 -472557.329776 -3.096358 1.375417 0.004097 1636381795.081002
6773078.595478 -472557.349787 -3.095913 1.431871 0.001536 1636381795.470002
6773078.034834 -472557.367688 -3.094811 1.463280 0.000764 1636381795.857001
6773077.532362 -472557.350509 -3.093203 1.478298 0.027516 1636381796.200001
6773076.964451 -472557.449231 -3.091954 1.486322 -0.013792 1636381796.582001
6773076.380406 -472557.494859 -3.095409 1.491517 -0.019427 1636381796.975168
6773075.812788 -472557.490704 -3.096990 1.495874 -0.010470 1636381797.357002
6773075.230070 -472557.515750 -3.097489 1.497356 -0.005685 1636381797.742021
6773074.659089 -472557.546498 -3.100196 1.498600 -0.002298 1636381798.131000
6773074.059355 -472557.570505 -3.099522 1.499275 -0.001840 1636381798.527001
6773073.558063 -472557.595419 -3.099599 1.499530 -0.000917 1636381798.863001
6773072.988420 -472557.634707 -3.101431 1.499705 -0.003565 1636381799.245083
6773072.477916 -472557.652550 -3.100568 1.499827 -0.014268 1636381799.580001
6773071.898459 -472557.650029 -3.101213 1.499909 0.002832 1636381799.963025
6773071.399081 -472557.682925 -3.102134 1.499947 -0.007806 1636381800.296002
6773070.894072 -472557.682948 -3.102523 1.499969 0.000331 1636381800.627049
6773070.323964 -472557.697372 -3.104325 1.499982 0.007652 1636381801.017000
6773069.819521 -472557.733316 -3.101899 1.499989 0.017831 1636381801.352174
6773069.255752 -472557.737887 -3.099839 1.499992 0.023156 1636381801.732000
6773068.748328 -472557.762007 -3.094603 1.499995 0.019631 1636381802.066187
6773068.170177 -472557.863395 -3.093532 1.499997 -0.000299 1636381802.448001
6773067.578347 -472557.855818 -3.089535 1.499998 0.014139 1636381802.836001
6773067.003120 -472557.909513 -3.092566 1.499999 -0.001183 1636381803.237002
6773066.498858 -472557.876208 -3.091056 1.499999 -0.011192 1636381803.565002
6773065.921762 -472557.909923 -3.092974 1.500000 -0.038255 1636381803.952001
6773065.420909 -472557.938464 -3.101622 1.500000 -0.082252 1636381804.288001
6773064.914725 -472557.964376 -3.116822 1.500000 -0.124618 1636381804.623000
6773064.412013 -472557.963618 -3.138912 1.500000 -0.156562 1636381804.960001
6773063.906701 -472557.964472 3.120000 1.500000 -0.178886 1636381805.289000
6773063.342018 -472557.941020 3.083807 1.500000 -0.199285 1636381805.671011
6773062.759585 -472557.922327 3.048235 1.500000 -0.220474 1636381806.054001
6773062.168834 -472557.863428 3.007759 1.500000 -0.222828 1636381806.448001
6773061.671495 -472557.775598 2.974084 1.500000 -0.214562 1636381806.785001
6773061.174010 -472557.691483 2.945078 1.500000 -0.179118 1636381807.120608
6773060.672556 -472557.615133 2.921324 1.500000 -0.177526 1636381807.453001
6773060.131881 -472557.459156 2.889720 1.500000 -0.149801 1636381807.834002
6773059.638670 -472557.322203 2.866307 1.500000 -0.153053 1636381808.176120
6773059.004539 -472557.126091 2.831114 1.500000 -0.194766 1636381808.632001
6773058.519099 -472556.975595 2.802974 1.500000 -0.189290 1636381808.957065
6773057.971770 -472556.753926 2.766520 1.500000 -0.194284 1636381809.351147
6773057.486648 -472556.576649 2.738221 1.500000 -0.209701 1636381809.687001
6773056.975409 -472556.323193 2.698073 1.500000 -0.210963 1636381810.074029
6773056.513812 -472556.098794 2.666211 1.500000 -0.212897 1636381810.414001
6773056.059340 -472555.883241 2.633893 1.500000 -0.222099 1636381810.747001
6773055.550332 -472555.598603 2.593438 1.500000 -0.209564 1636381811.141000
6773055.124927 -472555.326553 2.561760 1.500000 -0.226878 1636381811.469001
6773054.661733 -472554.984617 2.523564 1.500000 -0.187637 1636381811.857037
6773054.226243 -472554.698268 2.495043 1.500000 -0.176527 1636381812.238002
6773053.831290 -472554.353500 2.470293 1.500000 -0.140174 1636381812.572000
6773053.334815 -472553.990228 2.446049 1.500000 -0.096349 1636381812.964001
6773052.957167 -472553.654624 2.438020 1.500000 -0.046289 1636381813.300001
6773052.548204 -472553.286624 2.433480 1.500000 -0.000135 1636381813.683000
6773052.140764 -472552.950061 2.434824 1.500000 0.029427 1636381814.020000
6773051.696800 -472552.638401 2.442400 1.500000 0.045748 1636381814.412089
6773051.307009 -472552.299149 2.451641 1.500000 0.072915 1636381814.746002
6773050.914462 -472551.981689 2.466600 1.500000 0.107832 1636381815.084001
6773050.486460 -472551.604365 2.483503 1.485543 0.115924 1636381815.468002
6773050.046842 -472551.290157 2.507709 1.318677 0.125401 1636381815.856002
6773049.607205 -472550.957531 2.523921 1.073496 0.114937 1636381816.313041
6773049.151594 -472550.660620 2.543820 0.915170 0.121213 1636381816.870120
6773048.699161 -472550.401832 2.560845 0.786109 0.081228 1636381817.525000
6773048.283799 -472550.095691 2.573279 0.606163 0.086044 1636381818.248002
6773047.842044 -472549.817903 2.585726 0.501021 0.085730 1636381819.192002
6773047.382008 -472549.570578 2.599157 0.487484 0.055262 1636381820.219002
6773046.925567 -472549.348276 2.606149 0.621222 0.026711 1636381821.105002
6773046.520952 -472549.046735 2.612695 0.583673 0.066503 1636381821.987000
6773046.065170 -472548.797875 2.615489 0.539740 0.017671 1636381822.820000
6773045.616548 -472548.543085 2.623095 0.633658 0.051515 1636381823.664001
6773045.155638 -472548.335911 2.622434 0.666909 -0.059764 1636381824.573001
6773044.731101 -472548.050129 2.614708 0.664083 0.028469 1636381825.404000
6773044.261933 -472547.810202 2.634180 0.516267 -0.133071 1636381826.391001
6773043.843117 -472547.498531 2.618105 0.524858 -0.056842 1636381827.322001
6773044.259228 -472547.787534 2.689971 -0.495370 -0.383915 1636381833.752001
6773044.747030 -472547.944400 2.756545 -0.523698 -0.380692 1636381834.814001
6773045.210395 -472548.190801 2.813818 -0.513797 -0.398747 1636381835.756002
6773045.708354 -472548.318188 2.880291 -0.530646 -0.376477 1636381836.748013
6773046.202667 -472548.437280 2.933548 -0.495096 -0.310059 1636381837.755001
6773046.728616 -472548.442637 2.979214 -0.525102 -0.238079 1636381838.759002
6773047.216251 -472548.560857 3.019698 -0.516024 -0.268920 1636381839.717667
6773047.729959 -472548.581497 3.057705 -0.569558 -0.209580 1636381840.764494
6773048.237974 -472548.633297 3.088290 -0.544696 -0.207939 1636381841.713001
6773048.746935 -472548.706383 3.127241 -0.473406 -0.266220 1636381842.714000
6773049.254143 -472548.692549 -3.118339 -0.539252 -0.172157 1636381843.724001
6773049.769534 -472548.633523 -3.091765 -0.477396 -0.048550 1636381844.741000
6773050.292509 -472548.588002 -3.136680 -0.510917 0.244817 1636381845.841001
6773050.791044 -472548.629237 3.134379 -0.029933 0.082457 1636381847.837001
