7471664.807000 -681525.073924 2.168679 -0.000843 -0.009963 1628862708.427145
7471664.525127 -681524.639756 2.164665 0.651882 -0.037011 1628862711.275474
7471664.241584 -681524.215009 2.156194 0.945356 -0.020911 1628862711.875283
7471663.955630 -681523.772173 2.150898 1.198351 -0.022580 1628862712.325272
7471663.676499 -681523.354229 2.149517 1.368700 -0.033151 1628862712.675628
7471663.371476 -681522.923744 2.144429 1.517124 -0.035098 1628862713.025633
7471663.072019 -681522.460200 2.133303 1.598082 -0.035123 1628862713.375357
7471662.805988 -681522.015945 2.127172 1.695906 -0.035062 1628862713.675265
7471662.500232 -681521.531778 2.121554 1.759998 -0.035082 1628862714.026269
7471662.202304 -681521.075471 2.114057 1.802164 -0.035187 1628862714.325567
7471661.920692 -681520.613971 2.106638 1.899989 -0.035217 1628862714.626066
7471661.656019 -681520.152171 2.100490 1.940468 -0.035234 1628862714.875620
7471661.373230 -681519.644269 2.093908 1.964081 -0.034788 1628862715.176027
7471661.034987 -681519.096911 2.086327 1.964081 -0.032147 1628862715.476079
7471660.788256 -681518.630386 2.080904 1.980947 -0.018480 1628862715.775940
7471660.520027 -681518.182210 2.079667 1.997813 -0.008810 1628862716.026380
7471660.259748 -681517.709010 2.081472 1.980947 0.000324 1628862716.325355
7471659.967771 -681517.184041 2.082200 1.989380 0.000963 1628862716.626112
7471659.667247 -681516.667034 2.083204 1.972514 0.000966 1628862716.925784
7471659.380760 -681516.185101 2.083451 1.972514 0.001605 1628862717.225789
7471659.095533 -681515.634839 2.086451 1.989380 0.008547 1628862717.525610
7471658.796946 -681515.167937 2.089295 1.980947 0.010466 1628862717.775619
7471658.531223 -681514.679845 2.095739 1.923602 0.015131 1628862718.075923
7471658.211978 -681514.194475 2.098464 1.899989 0.018604 1628862718.375920
7471657.965174 -681513.721148 2.106092 1.857823 0.018606 1628862718.675758
7471657.653381 -681513.265147 2.114041 1.825777 0.018607 1628862718.975994
7471657.373161 -681512.748849 2.116277 1.834210 0.018606 1628862719.276025
7471657.070108 -681512.288093 2.122118 1.817344 0.018607 1628862719.575810
7471656.743432 -681511.785817 2.128687 1.776865 0.018609 1628862719.925733
7471656.437636 -681511.322913 2.132219 1.768432 0.018609 1628862720.226497
7471656.104894 -681510.796123 2.134537 1.753252 0.020344 1628862720.575470
7471655.816288 -681510.348047 2.147016 1.753252 0.033398 1628862720.875375
7471655.507344 -681509.843385 2.158177 1.817344 0.067804 1628862721.226498
7471655.163329 -681509.417826 2.184191 1.802164 0.134319 1628862721.525887
7471654.848750 -681508.980740 2.231221 1.842643 0.195825 1628862721.826251
7471654.477365 -681508.565225 2.287826 1.883122 0.226340 1628862722.125361
7471654.144934 -681508.166846 2.351530 1.899989 0.236881 1628862722.425426
7471653.759971 -681507.830706 2.403953 1.932035 0.240571 1628862722.675825
7471653.351150 -681507.504777 2.459798 1.948901 0.240603 1628862722.926011
7471652.889935 -681507.166633 2.531289 1.948901 0.246955 1628862723.226799
7471652.432154 -681506.903733 2.604157 1.883122 0.291710 1628862723.525702
7471651.994909 -681506.645848 2.678942 1.817344 0.355385 1628862723.775399
7471651.533410 -681506.443817 2.772114 1.759998 0.391896 1628862724.075374
7471651.025432 -681506.337642 2.869579 1.712773 0.394422 1628862724.376689
7471650.470624 -681506.186806 2.980788 1.638561 0.398884 1628862724.725955
7471649.911000 -681506.139783 3.088107 1.598082 0.399900 1628862725.075799
7471649.406869 -681506.171464 -3.088626 1.549170 0.399971 1628862725.426203
7471648.847717 -681506.228056 -2.992317 1.491824 0.400110 1628862725.775579
7471648.361317 -681506.354159 -2.895510 1.442912 0.400109 1628862726.125956
7471647.876790 -681506.482000 -2.802433 1.028001 0.400282 1628862726.525987
7471647.428502 -681506.762402 -2.698594 0.269017 0.397584 1628862727.375656
7471647.881301 -681506.521037 -2.732026 -0.643449 -0.040450 1628862732.075256
7471648.391591 -681506.332075 -2.703896 -0.855965 -0.191932 1628862732.825106
7471648.831267 -681506.086114 -2.661216 -0.775006 -0.299987 1628862733.375561
7471649.255647 -681505.780431 -2.572948 -0.781753 -0.354053 1628862734.175936
7471649.700019 -681505.531029 -2.486179 -0.921743 -0.360345 1628862734.775484
7471650.131822 -681505.221013 -2.409325 -0.953789 -0.373139 1628862735.274935
7471650.522118 -681504.805206 -2.318961 -1.019568 -0.384395 1628862735.875390
7471650.908042 -681504.430299 -2.222236 -0.977402 -0.407117 1628862736.425254
7471651.210885 -681503.991829 -2.139201 -0.896444 -0.407093 1628862736.925772
7471651.500822 -681503.538138 -2.036950 -0.775006 -0.406961 1628862737.625188
7471651.705908 -681503.051526 -1.946056 -0.700795 -0.406816 1628862738.325104
7471651.883097 -681502.558331 -1.859080 -0.488279 -0.406875 1628862739.124637
7471651.843509 -681503.074211 -1.657575 1.206784 0.339965 1628862743.224412
7471651.826002 -681503.628073 -1.563631 1.451345 0.356460 1628862743.624222
7471651.890050 -681504.170405 -1.466466 1.606515 0.390141 1628862743.974289
7471651.982644 -681504.702716 -1.370756 1.695906 0.379037 1628862744.274480
7471652.081627 -681505.199377 -1.278422 1.759998 0.328439 1628862744.575485
7471652.270615 -681505.704723 -1.199806 1.834210 0.278925 1628862744.874657
7471652.509536 -681506.187107 -1.127338 1.891556 0.221289 1628862745.174549
7471652.735867 -681506.638356 -1.078232 1.948901 0.152701 1628862745.424697
7471652.995527 -681507.076276 -1.046216 2.029859 0.084269 1628862745.674888
7471653.298407 -681507.525424 -1.028639 2.104071 0.038535 1628862745.924948
7471653.549825 -681507.988798 -1.022452 2.151297 0.015207 1628862746.175769
7471653.821903 -681508.457064 -1.018261 2.144550 0.020331 1628862746.425132
7471654.110491 -681508.890409 -1.008820 2.208642 0.030123 1628862746.675002
7471654.385395 -681509.347903 -0.999561 2.217075 0.031588 1628862746.924772
7471654.728550 -681509.827889 -0.989211 2.225508 0.031588 1628862747.174526
7471655.047641 -681510.267885 -0.981840 2.265987 0.029117 1628862747.424343
7471655.354288 -681510.719205 -0.975351 2.265987 0.018129 1628862747.674356
7471655.666080 -681511.224531 -0.969791 2.242375 0.008152 1628862747.924472
7471655.988614 -681511.684724 -0.965134 2.053472 0.005615 1628862748.175179
7471656.310415 -681512.121484 -0.963545 2.208642 -0.003919 1628862748.424533
7471656.629021 -681512.570863 -0.966641 2.176596 -0.025655 1628862748.674448
7471656.947500 -681513.008858 -0.974194 2.119251 -0.030014 1628862748.924404
7471657.267041 -681513.505185 -0.974708 1.955647 -0.029958 1628862749.224378
7471657.569169 -681513.966323 -0.985101 1.712773 -0.026712 1628862749.524496
7471657.839309 -681514.397541 -0.987154 1.410866 -0.008618 1628862749.874522
