7757088.769248 -364058.838842 -0.119330 -0.001013 0.004085 1625960424.032214
7757089.279788 -364058.902139 -0.116247 0.473076 0.002773 1625960426.481523
7757089.806072 -364058.938473 -0.121377 0.753680 0.000744 1625960427.231246
7757090.313330 -364059.018998 -0.123924 0.898541 0.000744 1625960427.881349
7757090.828600 -364059.083116 -0.117484 0.990725 0.015561 1625960428.381580
7757091.366161 -364059.126453 -0.116117 1.108234 0.022737 1625960428.881452
7757091.883722 -364059.201505 -0.109200 1.184210 0.042810 1625960429.331579
7757092.387769 -364059.242844 -0.100187 1.291589 0.070376 1625960429.781564
7757092.924133 -364059.306472 -0.084240 1.345279 0.086807 1625960430.131786
7757093.456172 -364059.328161 -0.067941 1.347305 0.103535 1625960430.531597
7757093.992890 -364059.387417 -0.040101 1.410111 0.134148 1625960430.931018
7757094.526273 -364059.436539 -0.010201 1.436450 0.149666 1625960431.281086
7757095.084948 -364059.433379 0.021404 1.491152 0.157898 1625960431.631023
7757095.611367 -364059.352719 0.055173 1.528634 0.160029 1625960432.030996
7757096.125786 -364059.346614 0.090215 1.571180 0.151046 1625960432.380937
7757096.646063 -364059.295950 0.118608 1.549907 0.136467 1625960432.680954
7757097.151651 -364059.215323 0.143397 1.576245 0.119501 1625960433.030834
7757097.660875 -364059.107700 0.163282 1.554972 0.111210 1625960433.330943
7757098.238031 -364058.994638 0.188902 1.582323 0.045271 1625960433.730963
7757098.725202 -364058.875885 0.192057 1.582323 0.007571 1625960434.080848
7757099.273064 -364058.789651 0.192837 1.554972 -0.023082 1625960434.430984
7757099.776031 -364058.681005 0.180931 1.549907 -0.070157 1625960434.780811
7757100.362292 -364058.598254 0.171576 1.528634 -0.077416 1625960435.130991
7757100.916033 -364058.492665 0.145733 1.528634 -0.078130 1625960435.531443
7757101.487687 -364058.395398 0.120603 1.528634 -0.115862 1625960435.930954
7757102.064962 -364058.360126 0.092528 1.522556 -0.149765 1625960436.281021
7757102.607786 -364058.287262 0.049068 1.549907 -0.221255 1625960436.680985
7757103.113710 -364058.273850 -0.005056 1.539777 -0.271967 1625960437.030702
7757103.648266 -364058.260859 -0.062829 1.566115 -0.281795 1625960437.380776
7757104.159808 -364058.303233 -0.114060 1.565102 -0.264732 1625960437.680907
7757104.723369 -364058.390615 -0.182623 1.593466 -0.237703 1625960438.080686
7757105.265582 -364058.490880 -0.232720 1.614740 -0.209174 1625960438.430565
7757105.838099 -364058.673810 -0.281091 1.684637 -0.183025 1625960438.830336
7757106.331316 -364058.830405 -0.327671 1.710976 -0.165468 1625960439.130136
7757106.883643 -364059.007879 -0.357429 1.764665 -0.143837 1625960439.430112
7757107.380184 -364059.174669 -0.387330 1.786951 -0.116248 1625960439.730196
7757107.869449 -364059.417291 -0.408077 1.840641 -0.064768 1625960440.030216
7757108.367132 -364059.611837 -0.421336 1.879135 -0.043970 1625960440.280234
7757108.840647 -364059.781728 -0.425305 1.910539 -0.027442 1625960440.530272
7757109.295112 -364059.995931 -0.430330 1.910539 -0.013291 1625960440.830042
7757109.765971 -364060.185021 -0.432614 1.899396 0.012621 1625960441.079991
7757110.237059 -364060.418102 -0.428146 1.873057 0.057304 1625960441.379718
7757110.700895 -364060.649617 -0.414146 1.840641 0.069720 1625960441.679622
7757111.257613 -364060.847173 -0.396200 1.809238 0.079967 1625960442.029626
7757111.760884 -364061.064273 -0.382044 1.749470 0.077438 1625960442.329828
7757112.233411 -364061.244039 -0.363963 1.743392 0.080177 1625960442.630447
7757112.741843 -364061.428857 -0.345619 1.792016 0.092937 1625960442.929950
7757113.252508 -364061.612295 -0.326035 1.824433 0.096164 1625960443.229947
7757113.732312 -364061.788031 -0.307437 1.837602 0.096647 1625960443.529971
7757114.258807 -364061.950745 -0.284997 1.819368 0.101746 1625960443.830076
7757114.779815 -364062.112848 -0.268201 1.797082 0.101734 1625960444.129962
7757115.310762 -364062.186291 -0.240725 1.879135 0.092981 1625960444.429889
7757115.849961 -364062.294309 -0.220812 1.873057 0.104983 1625960444.729914
7757116.400698 -364062.372305 -0.191175 1.865966 0.108895 1625960445.030157
7757117.017655 -364062.455545 -0.166677 1.905474 0.093947 1625960445.330189
7757117.526986 -364062.533149 -0.147231 1.895344 0.082270 1625960445.630300
7757118.063338 -364062.602509 -0.136848 1.873057 0.048690 1625960445.930507
7757118.608713 -364062.696602 -0.125657 1.889266 0.042828 1625960446.230757
7757119.178205 -364062.736544 -0.111067 1.899396 0.044147 1625960446.530779
7757119.753093 -364062.807994 -0.105965 1.894331 0.048217 1625960446.830777
7757120.239163 -364062.925412 -0.094610 1.894331 0.067471 1625960447.080846
7757120.863967 -364062.963519 -0.078450 1.860901 0.094162 1625960447.480473
7757121.378560 -364063.020205 -0.055869 1.866979 0.119087 1625960447.730098
7757121.917298 -364063.032814 -0.026371 1.862927 0.128425 1625960448.029967
7757122.484376 -364063.040736 0.014623 1.867992 0.166621 1625960448.379879
7757123.007868 -364063.056874 0.045084 1.856849 0.200424 1625960448.679729
7757123.625046 -364063.013793 0.093272 1.828485 0.222010 1625960448.979537
7757124.193338 -364062.911404 0.145125 1.812277 0.244885 1625960449.279433
7757124.718582 -364062.812728 0.207194 1.786951 0.290346 1625960449.629642
7757125.229913 -364062.697140 0.271672 1.755548 0.314487 1625960449.929297
7757125.768388 -364062.556899 0.331874 1.652221 0.319225 1625960450.229282
7757126.317571 -364062.314764 0.417060 1.587388 0.321290 1625960450.629253
7757126.774152 -364062.097418 0.484378 1.518503 0.321929 1625960450.979276
7757127.271664 -364061.865989 0.545568 1.485074 0.321781 1625960451.329380
7757127.719841 -364061.468227 0.625914 1.420241 0.319947 1625960451.779397
7757128.207199 -364061.151543 0.712243 1.373643 0.319885 1625960452.229405
7757128.620696 -364060.777276 0.781082 1.340214 0.320187 1625960452.629567
7757128.942042 -364060.388380 0.842374 1.356422 0.320723 1625960453.029666
7757129.279691 -364060.017644 0.910160 1.340214 0.321252 1625960453.379813
7757129.602872 -364059.597996 0.970321 1.355409 0.321286 1625960453.729683
7757129.891158 -364059.176239 1.041446 1.361487 0.320751 1625960454.129718
7757130.138616 -364058.726322 1.102871 1.361487 0.320961 1625960454.480029
7757130.342606 -364058.233545 1.168782 1.355409 0.321936 1625960454.879670
7757130.509699 -364057.723091 1.238596 1.335148 0.321246 1625960455.279466
7757130.628229 -364057.162774 1.308718 1.356422 0.315957 1625960455.679361
7757130.781382 -364056.652258 1.370740 1.410111 0.281175 1625960456.029143
7757130.863543 -364056.120358 1.424774 1.398968 0.253092 1625960456.429146
7757130.940237 -364055.568573 1.473232 1.312862 0.191606 1625960456.829240
7757130.957343 -364055.039214 1.509243 1.238912 0.077861 1625960457.279510
7757130.968872 -364054.526445 1.517091 1.212574 -0.007985 1625960457.679247
7757131.045820 -364053.964501 1.512222 1.270316 -0.056609 1625960458.079202
7757131.107427 -364053.444567 1.490946 1.248030 -0.088850 1625960458.529258
7757131.133935 -364052.922757 1.472225 1.215613 -0.074462 1625960458.979096
7757131.199285 -364052.426237 1.459999 1.168002 -0.067667 1625960459.379266
7757131.217703 -364051.878405 1.443247 1.135585 -0.054555 1625960459.878963
7757131.283228 -364051.382135 1.435998 1.038336 -0.017182 1625960460.378937
7757131.359249 -364050.856011 1.428645 0.860046 -0.020277 1625960461.029001
7757131.384856 -364050.324220 1.424216 0.936022 -0.012875 1625960461.479024
7757131.482023 -364049.829326 1.430452 0.948178 -0.005588 1625960462.078950
7757131.502098 -364049.124379 1.403787 0.726329 -0.003555 1625960462.878812
