7989969.933263 -205108.581776 -2.008798 1.983165 -0.001826 1642525862.828393
7989969.714332 -205109.074318 -2.009702 2.185195 -0.001836 1642525863.078326
7989969.439508 -205109.580222 -2.007779 2.271532 -0.001840 1642525863.378405
7989969.231819 -205110.046337 -2.008779 2.385497 -0.001846 1642525863.578335
7989969.020405 -205110.563072 -2.009629 2.444206 -0.005705 1642525863.828195
7989968.677900 -205111.241180 -2.008940 2.558171 -0.010451 1642525864.078124
7989968.450849 -205111.813564 -2.011819 2.644508 -0.010462 1642525864.328178
7989968.202680 -205112.317536 -2.017745 2.644508 -0.010462 1642525864.528114
7989967.956219 -205112.878623 -2.020308 2.932875 -0.010501 1642525864.778231
7989967.745258 -205113.346962 -2.021286 2.789555 -0.010481 1642525864.928339
7989967.454075 -205113.929049 -2.022181 2.732572 -0.010474 1642525865.128345
7989967.179186 -205114.536524 -2.024740 2.989857 -0.010509 1642525865.378103
7989966.934269 -205115.091192 -2.025381 3.103822 -0.010174 1642525865.578099
7989966.671708 -205115.634059 -2.031843 3.162532 -0.008067 1642525865.778135
7989966.464218 -205116.164031 -2.032813 3.248869 -0.008079 1642525865.978088
7989966.222458 -205116.606803 -2.034427 3.307578 -0.008087 1642525866.128050
7989965.981330 -205117.075517 -2.033232 3.392189 -0.007922 1642525866.278296
7989965.766451 -205117.565547 -2.035086 3.421543 -0.007926 1642525866.428006
7989965.511688 -205118.092864 -2.033508 3.450898 -0.007930 1642525866.577938
7989965.239066 -205118.732831 -2.038916 3.478526 -0.007934 1642525866.777895
7989965.020305 -205119.213812 -2.041451 3.651200 -0.007959 1642525866.927853
7989964.775695 -205119.747476 -2.040393 3.680555 -0.007963 1642525867.077874
7989964.544249 -205120.226359 -2.041385 3.621846 -0.007954 1642525867.227846
7989964.260008 -205120.756839 -2.040679 3.882584 -0.007995 1642525867.427817
7989964.020954 -205121.265754 -2.044354 3.796247 -0.007981 1642525867.577807
7989963.751295 -205121.783766 -2.045297 3.996549 -0.008013 1642525867.727756
7989963.467817 -205122.400457 -2.042541 4.025904 -0.008018 1642525867.878105
7989963.197022 -205122.966802 -2.049737 4.082886 -0.008027 1642525868.027690
7989962.904815 -205123.549600 -2.051918 4.196851 -0.008046 1642525868.177682
7989962.603171 -205124.174692 -2.056317 4.312543 -0.007889 1642525868.327753
7989962.379743 -205124.626899 -2.059689 4.371252 -0.007899 1642525868.427756
7989962.096198 -205125.163442 -2.059131 4.428235 -0.007909 1642525868.577722
7989961.822735 -205125.749989 -2.059853 4.485218 -0.008098 1642525868.727799
7989961.372903 -205126.589978 -2.059540 4.685520 -0.008315 1642525868.927915
7989960.935604 -205127.450115 -2.067158 4.771857 -0.008152 1642525869.127952
7989960.606398 -205128.047255 -2.070391 4.830566 -0.008164 1642525869.278639
7989960.281455 -205128.693809 -2.075727 4.916904 -0.008181 1642525869.428027
7989960.018788 -205129.164228 -2.074844 4.973886 -0.008192 1642525869.578103
7989959.766725 -205129.629802 -2.074171 5.032595 -0.007483 1642525869.678936
7989959.488533 -205130.118043 -2.072214 5.089578 -0.006231 1642525869.778286
7989959.090407 -205130.797303 -2.068995 5.175915 -0.003717 1642525869.928407
7989958.862862 -205131.272423 -2.069511 5.232898 -0.003545 1642525870.028530
7989958.646871 -205131.746284 -2.071886 5.232898 -0.003545 1642525870.128669
7989958.429930 -205132.214869 -2.072419 5.232898 -0.003545 1642525870.228804
7989958.166647 -205132.650531 -2.077612 5.232898 -0.003545 1642525870.328918
7989957.933093 -205133.093335 -2.075756 5.232898 -0.003545 1642525870.428951
7989957.678295 -205133.543426 -2.078772 5.232898 -0.003545 1642525870.528947
7989957.216012 -205134.367598 -2.082750 5.260526 -0.003549 1642525870.679250
7989956.917557 -205135.029895 -2.081899 5.260526 -0.003549 1642525870.828879
7989956.544128 -205135.718932 -2.080503 5.319235 -0.003557 1642525870.978855
7989956.204666 -205136.386089 -2.084298 5.319235 -0.003557 1642525871.128887
7989955.888924 -205136.871719 -2.087972 5.405572 -0.003570 1642525871.228845
7989955.646567 -205137.313653 -2.084549 5.434927 -0.003574 1642525871.328787
7989955.371127 -205137.786974 -2.088660 5.348590 -0.003380 1642525871.428731
7989955.115171 -205138.310248 -2.091108 5.521264 -0.001770 1642525871.528660
7989954.880626 -205138.762802 -2.089126 5.319235 0.000428 1642525871.628598
7989954.607254 -205139.259659 -2.092528 5.548892 0.000771 1642525871.728549
7989954.232954 -205139.932887 -2.090680 5.607601 0.000766 1642525871.879395
7989953.955336 -205140.424757 -2.093432 5.692212 0.000759 1642525871.978603
7989953.679529 -205140.904402 -2.095123 5.635229 0.001309 1642525872.079429
7989953.393531 -205141.440727 -2.092534 5.664584 0.002219 1642525872.178752
7989953.097463 -205141.985270 -2.093803 5.750921 0.002942 1642525872.279132
7989952.814873 -205142.502503 -2.095018 5.835531 0.002938 1642525872.378896
7989952.512955 -205143.038845 -2.095513 5.894241 0.002935 1642525872.478945
7989952.212416 -205143.548330 -2.096289 5.923595 0.002933 1642525872.579092
7989951.804027 -205144.255280 -2.093721 6.039287 0.004576 1642525872.728985
7989951.499095 -205144.788331 -2.094795 6.066915 0.006776 1642525872.828994
7989951.198416 -205145.304894 -2.093839 6.123898 0.006960 1642525872.928982
7989950.894937 -205145.879072 -2.095961 6.182607 0.006961 1642525873.028917
7989950.531081 -205146.512750 -2.098567 6.239589 0.006962 1642525873.128917
7989950.254219 -205147.023596 -2.102882 6.296572 0.008436 1642525873.228915
7989949.850244 -205147.647671 -2.101314 6.353555 0.012123 1642525873.328911
7989949.548841 -205148.145598 -2.101721 6.382909 0.014892 1642525873.428874
7989949.220314 -205148.676181 -2.102676 6.469246 0.016014 1642525873.528974
7989948.855337 -205149.257586 -2.100448 6.584938 0.016035 1642525873.628898
7989948.575193 -205149.682013 -2.100501 6.614293 0.016041 1642525873.728964
7989948.296975 -205150.216873 -2.095592 6.641921 0.016046 1642525873.829012
7989948.000471 -205150.779305 -2.088391 6.698903 0.016056 1642525873.928928
7989947.593859 -205151.490444 -2.087591 6.757613 0.015325 1642525874.028987
7989947.302909 -205152.113718 -2.088862 6.814595 0.015335 1642525874.128958
7989947.005779 -205152.656596 -2.088734 6.928560 0.015356 1642525874.229004
7989946.711763 -205153.228010 -2.087340 6.928560 0.015170 1642525874.328919
7989946.422736 -205153.738883 -2.085826 6.928560 0.014984 1642525874.428914
7989946.047781 -205154.437022 -2.086595 6.987270 0.014621 1642525874.528902
7989945.767611 -205154.932904 -2.087936 7.044252 0.014071 1642525874.628808
7989945.424925 -205155.540283 -2.085811 7.044252 0.013324 1642525874.728848
7989945.038187 -205156.274592 -2.080426 7.073607 0.010527 1642525874.828817
7989944.692679 -205156.960357 -2.076429 7.130589 0.008662 1642525874.928879
7989944.340886 -205157.642327 -2.073166 7.073607 0.008099 1642525875.028842
7989943.989781 -205158.291220 -2.070793 7.073607 0.007538 1642525875.128789
7989943.651969 -205158.960656 -2.070845 7.073607 0.005858 1642525875.228730
7989943.330652 -205159.569640 -2.072396 7.159944 0.003425 1642525875.328663
7989942.992813 -205160.202684 -2.075652 7.044252 0.001751 1642525875.428612
7989942.645852 -205160.879130 -2.074216 7.189299 -0.000508 1642525875.528569
7989942.326558 -205161.531266 -2.074507 7.273909 -0.001831 1642525875.628541
7989941.942805 -205162.270336 -2.075431 7.216927 -0.003133 1642525875.728572
7989941.563848 -205162.933374 -2.076839 7.216927 -0.005568 1642525875.828568
7989941.195929 -205163.675463 -2.072328 7.216927 -0.010437 1642525875.928504
7989940.932035 -205164.211948 -2.073817 7.216927 -0.011373 1642525876.028521
7989940.585509 -205164.825206 -2.078495 7.102961 -0.011521 1642525876.128477
7989940.304539 -205165.308856 -2.080659 7.102961 -0.011521 1642525876.228442
7989939.904287 -205166.093229 -2.085276 7.159944 -0.011354 1642525876.328364
7989939.640471 -205166.614361 -2.091339 7.159944 -0.011541 1642525876.428264
7989939.284844 -205167.277272 -2.095165 7.159944 -0.011354 1642525876.528214
7989938.799664 -205168.116951 -2.096274 7.130589 -0.011156 1642525876.678125
7989938.216068 -205169.170936 -2.099247 7.159944 -0.007799 1642525876.828134
7989937.886220 -205169.748435 -2.099445 7.159944 -0.004432 1642525876.928060
7989937.530786 -205170.363147 -2.101727 7.130589 -0.004239 1642525877.028064
7989937.200373 -205170.946416 -2.104324 7.073607 -0.004228 1642525877.128071
7989936.851924 -205171.546242 -2.105737 7.216927 -0.004257 1642525877.228091
7989936.464007 -205172.194992 -2.110375 7.073607 -0.004228 1642525877.327972
7989936.139212 -205172.804884 -2.109765 7.044252 -0.004222 1642525877.427993
7989935.800389 -205173.450207 -2.107476 7.102961 -0.004234 1642525877.528019
7989935.426740 -205174.089600 -2.110352 7.189299 -0.004251 1642525877.628005
7989935.118733 -205174.625496 -2.109212 7.016624 -0.004403 1642525877.728006
7989934.752793 -205175.232181 -2.112870 6.957915 -0.004391 1642525877.827962
7989934.450178 -205175.740179 -2.114855 6.757613 -0.004351 1642525877.928029
7989934.101104 -205176.298065 -2.109318 6.928560 -0.004385 1642525878.027994
7989933.719258 -205176.933902 -2.115318 7.102961 -0.004608 1642525878.128032
7989933.405192 -205177.494070 -2.112927 6.928560 -0.004944 1642525878.228363
7989933.054559 -205178.072074 -2.116201 6.842223 -0.005112 1642525878.328130
7989932.804139 -205178.515979 -2.114721 6.842223 -0.006599 1642525878.428146
7989932.365036 -205179.232865 -2.119104 6.757613 -0.010476 1642525878.528184
7989932.002484 -205179.848681 -2.118442 6.757613 -0.011776 1642525878.628175
7989931.626898 -205180.436496 -2.121319 6.785241 -0.011785 1642525878.728199
7989931.384158 -205180.938480 -2.124085 6.757613 -0.011776 1642525878.828202
7989931.036176 -205181.488173 -2.124174 6.698903 -0.011941 1642525878.928171
7989930.736978 -205181.976646 -2.120751 6.757613 -0.012146 1642525879.028219
7989930.392454 -205182.482695 -2.122772 6.614293 -0.013208 1642525879.128206
7989930.047300 -205183.042262 -2.120864 6.527956 -0.013732 1642525879.228159
7989929.638847 -205183.677133 -2.128804 6.641921 -0.013959 1642525879.328112
7989929.229108 -205184.332613 -2.134651 6.555584 -0.014482 1642525879.428192
7989928.845601 -205184.957009 -2.136440 6.555584 -0.014482 1642525879.528152
7989928.533020 -205185.464495 -2.139742 6.584938 -0.016528 1642525879.628147
7989928.268205 -205185.935074 -2.141384 6.498601 -0.017230 1642525879.728135
7989927.861667 -205186.552595 -2.143198 6.382909 -0.017366 1642525879.828156
7989927.541848 -205187.068524 -2.151217 6.382909 -0.017366 1642525879.928274
7989927.096736 -205187.734507 -2.156746 6.296572 -0.017330 1642525880.078488
7989926.734063 -205188.237136 -2.158614 6.412264 -0.017378 1642525880.178358
7989926.419519 -205188.678092 -2.161651 6.296572 -0.017330 1642525880.278566
7989926.064804 -205189.147959 -2.159279 6.210235 -0.017294 1642525880.378381
7989925.731020 -205189.641716 -2.160544 6.296572 -0.017330 1642525880.478395
7989925.260330 -205190.356126 -2.172145 6.123898 -0.017443 1642525880.628475
7989924.858482 -205190.972394 -2.182992 6.210235 -0.017294 1642525880.728587
7989924.438811 -205191.583211 -2.186668 6.153252 -0.017271 1642525880.828553
7989924.089142 -205192.105393 -2.186362 6.009932 -0.017396 1642525880.928712
7989923.745260 -205192.594828 -2.184928 6.009932 -0.017396 1642525881.028605
7989923.409290 -205193.057392 -2.186370 6.009932 -0.017396 1642525881.128568
7989923.084976 -205193.484818 -2.189766 5.923595 -0.017362 1642525881.228569
7989922.704960 -205194.041394 -2.204826 6.009932 -0.017396 1642525881.329680
7989922.401513 -205194.484468 -2.208538 5.951223 -0.018654 1642525881.428495
7989922.049756 -205194.994008 -2.212046 5.923595 -0.021749 1642525881.528517
7989921.598980 -205195.611045 -2.219684 5.835531 -0.024811 1642525881.628506
7989921.279471 -205196.049458 -2.227583 5.778549 -0.026422 1642525881.728453
7989920.858433 -205196.681238 -2.230015 5.778549 -0.028244 1642525881.878610
7989920.508910 -205197.159361 -2.237449 5.778549 -0.029884 1642525881.978388
7989920.050021 -205197.777468 -2.242098 5.750921 -0.030779 1642525882.078283
7989919.548595 -205198.462306 -2.252836 5.664584 -0.031456 1642525882.228355
7989919.137052 -205199.016474 -2.253261 5.778549 -0.031889 1642525882.378265
7989918.774634 -205199.485863 -2.254248 5.635229 -0.031983 1642525882.478748
7989918.353651 -205199.952426 -2.263611 5.664584 -0.032001 1642525882.578286
7989918.000946 -205200.392184 -2.272750 5.578246 -0.031948 1642525882.679106
7989917.678405 -205200.783431 -2.273290 5.521264 -0.032095 1642525882.778367
7989917.225979 -205201.340268 -2.279694 5.464281 -0.032061 1642525882.928458
7989916.877182 -205201.716678 -2.287648 5.491909 -0.031896 1642525883.028368
7989916.511658 -205202.118752 -2.290658 5.434927 -0.031319 1642525883.128298
7989916.080931 -205202.693418 -2.302984 5.348590 -0.030002 1642525883.278263
7989915.706952 -205203.146675 -2.308115 5.319235 -0.027090 1642525883.378196
7989915.281016 -205203.684534 -2.315698 5.319235 -0.022929 1642525883.528156
7989914.791209 -205204.211444 -2.318612 5.232898 -0.019999 1642525883.678167
7989914.437280 -205204.578130 -2.323968 5.232898 -0.017648 1642525883.778126
7989914.070170 -205204.963485 -2.336702 5.232898 -0.012586 1642525883.878078
7989913.685382 -205205.399308 -2.335114 5.175915 -0.010764 1642525883.978063
7989913.237638 -205205.902939 -2.337923 5.117206 -0.005514 1642525884.128083
7989912.882558 -205206.313067 -2.337950 5.089578 -0.001900 1642525884.227999
7989912.356970 -205206.875313 -2.343466 5.060223 0.002613 1642525884.377962
7989911.874252 -205207.336891 -2.341757 5.003241 0.008204 1642525884.527910
7989911.484457 -205207.737554 -2.343377 5.003241 0.009466 1642525884.627903
7989911.040185 -205208.231609 -2.347197 4.946258 0.009463 1642525884.777800
7989910.523788 -205208.743569 -2.349330 4.859921 0.011797 1642525884.927718
7989910.015887 -205209.239620 -2.345222 4.801212 0.013769 1642525885.078227
7989909.480460 -205209.809855 -2.349205 4.514572 0.013739 1642525885.227604
7989909.082125 -205210.282669 -2.351621 4.771857 0.013766 1642525885.377698
7989908.610433 -205210.767791 -2.342477 4.485218 0.013736 1642525885.527771
7989908.204634 -205211.125196 -2.336520 4.514572 0.014097 1642525885.678376
7989907.726655 -205211.621002 -2.340487 4.428235 0.016055 1642525885.827913
7989907.269357 -205212.139304 -2.338247 4.457590 0.016238 1642525885.978086
7989906.781171 -205212.599328 -2.341602 4.284915 0.016215 1642525886.128236
7989906.285333 -205213.125747 -2.344512 4.169223 0.016201 1642525886.278407
7989905.868606 -205213.558601 -2.340578 4.255561 0.016212 1642525886.428524
7989905.509199 -205213.972106 -2.332788 4.196851 0.016204 1642525886.578529
7989905.051980 -205214.455726 -2.338341 4.139869 0.016197 1642525886.728509
7989904.632577 -205214.908071 -2.337859 4.053532 0.016187 1642525886.878559
7989904.161434 -205215.409498 -2.334859 4.053532 0.016365 1642525887.028561
7989903.791714 -205215.830369 -2.332643 4.025904 0.016539 1642525887.178598
7989903.398784 -205216.199050 -2.336266 4.082886 0.016546 1642525887.328666
7989903.056078 -205216.622484 -2.331552 3.853229 0.016518 1642525887.478735
7989902.662769 -205217.056316 -2.327781 3.910212 0.016525 1642525887.628809
7989902.279856 -205217.474585 -2.321155 3.882584 0.016522 1642525887.778858
7989901.906234 -205217.922404 -2.324918 3.823875 0.016515 1642525887.928849
7989901.508064 -205218.352868 -2.312510 3.823875 0.016515 1642525888.079139
7989901.086617 -205218.791179 -2.320127 3.853229 0.016518 1642525888.229198
7989900.698562 -205219.237393 -2.314041 3.823875 0.016515 1642525888.379282
7989900.334424 -205219.671823 -2.314687 3.766892 0.016508 1642525888.529308
7989899.967216 -205220.135225 -2.313473 3.823875 0.016515 1642525888.729163
7989899.577758 -205220.558981 -2.312396 3.853229 0.016518 1642525888.879095
7989899.172598 -205220.978634 -2.309839 3.823875 0.016515 1642525889.029025
7989898.752373 -205221.462521 -2.303213 3.796247 0.016512 1642525889.178891
7989898.357532 -205221.900194 -2.299187 3.853229 0.016518 1642525889.328805
7989898.009222 -205222.310759 -2.303292 3.910212 0.022211 1642525889.478751
7989897.609011 -205222.816945 -2.294164 3.882584 0.030020 1642525889.628669
7989897.143910 -205223.337897 -2.292169 3.766892 0.042576 1642525889.778704
7989896.746826 -205223.738358 -2.285245 3.939566 0.048862 1642525889.928716
7989896.371947 -205224.137705 -2.281134 3.796247 0.055347 1642525890.078795
7989895.983131 -205224.581570 -2.277852 3.737537 0.061331 1642525890.228791
7989895.573739 -205225.093929 -2.259748 3.796247 0.067737 1642525890.378831
7989895.173486 -205225.602937 -2.246714 3.853229 0.077154 1642525890.578791
7989894.798392 -205226.101182 -2.238076 3.823875 0.081902 1642525890.728699
7989894.438229 -205226.553117 -2.226636 3.737537 0.090120 1642525890.878730
7989894.006210 -205227.066910 -2.204295 3.823875 0.097784 1642525891.078627
7989893.643211 -205227.516801 -2.200375 3.796247 0.098284 1642525891.228510
7989893.242577 -205228.091452 -2.183013 3.766892 0.098254 1642525891.378391
7989892.866071 -205228.624485 -2.158975 3.680555 0.101157 1642525891.528421
7989892.508155 -205229.139576 -2.153160 3.680555 0.103268 1642525891.728523
7989892.191696 -205229.604087 -2.130740 3.766892 0.106878 1642525891.878512
7989891.891335 -205230.104628 -2.111262 3.737537 0.107549 1642525892.028666
7989891.657154 -205230.563218 -2.094054 3.651200 0.107629 1642525892.178552
7989891.327736 -205231.058994 -2.075882 3.766892 0.107933 1642525892.378424
7989891.037252 -205231.563819 -2.057549 3.823875 0.109757 1642525892.528237
7989890.766787 -205232.058771 -2.045161 3.708183 0.109801 1642525892.678095
7989890.433752 -205232.680839 -2.035943 3.737537 0.110888 1642525892.878015
7989890.177746 -205233.215978 -2.016902 3.910212 0.113908 1642525893.027962
7989889.884575 -205233.821948 -1.997597 3.680555 0.116790 1642525893.227951
7989889.621006 -205234.443777 -1.970888 3.680555 0.116965 1642525893.427979
7989889.378320 -205235.013976 -1.950129 3.766892 0.116894 1642525893.577796
7989889.146307 -205235.629900 -1.924103 3.766892 0.116894 1642525893.777526
7989888.973702 -205236.185408 -1.905625 3.651200 0.116929 1642525893.927341
7989888.768451 -205236.713148 -1.892405 3.651200 0.116929 1642525894.077302
7989888.620744 -205237.310148 -1.867702 3.708183 0.116822 1642525894.277234
7989888.490952 -205237.843943 -1.851901 3.737537 0.116859 1642525894.427291
7989888.344194 -205238.371611 -1.833764 3.708183 0.117525 1642525894.577369
7989888.202205 -205238.941578 -1.813830 3.680555 0.123975 1642525894.727398
7989888.083783 -205239.470712 -1.795632 3.651200 0.131285 1642525894.877633
7989887.991410 -205240.000301 -1.774877 3.796247 0.136560 1642525895.027761
7989887.865098 -205240.536633 -1.763980 3.796247 0.137084 1642525895.177851
7989887.777492 -205241.077818 -1.745501 3.737537 0.141366 1642525895.327984
7989887.685409 -205241.597516 -1.726133 3.651200 0.141762 1642525895.478026
7989887.607105 -205242.174102 -1.701119 3.737537 0.141715 1642525895.627975
7989887.582834 -205242.719835 -1.678843 3.766892 0.141759 1642525895.777973
7989887.534414 -205243.250515 -1.658962 3.737537 0.141715 1642525895.927903
7989887.526868 -205243.851042 -1.640591 3.708183 0.141846 1642525896.077941
7989887.504583 -205244.512608 -1.618860 3.680555 0.141805 1642525896.278058
7989887.473915 -205245.058228 -1.594974 3.737537 0.141715 1642525896.428168
7989887.451070 -205245.642813 -1.567225 3.680555 0.140409 1642525896.578225
7989887.499327 -205246.279822 -1.546217 3.564863 0.134488 1642525896.778158
7989887.546724 -205246.855149 -1.527488 3.708183 0.133287 1642525896.928064
7989887.584125 -205247.434914 -1.503534 3.621846 0.133343 1642525897.077825
7989887.587299 -205248.093356 -1.483724 3.594218 0.133306 1642525897.277653
7989887.596482 -205248.626314 -1.460915 3.737537 0.133327 1642525897.427665
7989887.679776 -205249.272437 -1.436085 3.708183 0.132937 1642525897.627539
7989887.764855 -205249.856063 -1.415727 3.651200 0.132684 1642525897.777512
7989887.867444 -205250.436013 -1.392266 3.651200 0.130936 1642525897.927382
7989887.970990 -205250.991298 -1.372236 3.796247 0.130259 1642525898.077450
7989888.133965 -205251.672664 -1.341531 3.766892 0.124437 1642525898.277542
7989888.271585 -205252.213383 -1.332262 3.708183 0.118577 1642525898.427585
7989888.433481 -205252.718235 -1.304553 3.594218 0.106515 1642525898.577600
7989888.604631 -205253.254659 -1.280709 3.882584 0.099609 1642525898.727684
7989888.844333 -205253.912783 -1.263700 3.621846 0.083850 1642525898.927769
7989889.018037 -205254.455484 -1.249652 3.621846 0.082439 1642525899.077877
7989889.223446 -205255.075818 -1.230899 3.737537 0.077415 1642525899.278115
7989889.416053 -205255.585055 -1.215818 3.737537 0.067874 1642525899.428341
7989889.610096 -205256.118513 -1.209769 3.680555 0.061827 1642525899.578406
7989889.811007 -205256.620338 -1.199812 3.737537 0.061508 1642525899.728245
7989890.089816 -205257.168702 -1.187081 3.708183 0.061490 1642525899.878765
7989890.301675 -205257.672116 -1.183233 3.766892 0.062765 1642525900.028038
7989890.494965 -205258.214681 -1.169330 3.796247 0.065969 1642525900.177937
7989890.787923 -205258.849874 -1.155223 3.708183 0.072625 1642525900.377886
7989891.043600 -205259.376015 -1.138152 3.766892 0.073198 1642525900.527853
7989891.323612 -205259.947940 -1.119718 3.796247 0.070921 1642525900.677982
7989891.572499 -205260.431033 -1.109292 3.796247 0.068268 1642525900.828081
7989891.859816 -205260.972885 -1.098404 3.967194 0.059702 1642525900.978169
7989892.135527 -205261.521253 -1.089057 3.853229 0.054669 1642525901.128196
7989892.460981 -205262.150479 -1.077295 3.823875 0.053413 1642525901.328075
7989892.726459 -205262.614955 -1.069762 3.766892 0.048069 1642525901.477844
7989892.988239 -205263.075635 -1.064499 3.967194 0.044613 1642525901.627734
7989893.299944 -205263.611322 -1.048511 3.737537 0.044690 1642525901.777580
7989893.568367 -205264.035716 -1.038329 3.708183 0.044678 1642525901.927397
7989893.865061 -205264.487695 -1.033781 3.796247 0.044715 1642525902.077238
7989894.197945 -205265.063938 -1.016902 3.737537 0.045398 1642525902.227793
7989894.572411 -205265.654028 -1.011331 3.823875 0.046678 1642525902.427431
7989894.853319 -205266.092727 -1.006516 3.737537 0.047170 1642525902.577114
7989895.153404 -205266.539972 -0.998051 3.737537 0.047879 1642525902.727214
7989895.494976 -205267.032009 -0.988515 3.796247 0.052159 1642525902.877250
7989895.820360 -205267.534753 -0.980140 3.766892 0.055507 1642525903.027983
7989896.133058 -205267.980206 -0.965716 3.737537 0.057262 1642525903.177297
7989896.403229 -205268.401428 -0.959884 3.680555 0.057229 1642525903.327408
7989896.836276 -205269.004248 -0.942359 3.823875 0.057133 1642525903.527575
7989897.222320 -205269.489098 -0.930777 3.478526 0.057297 1642525903.727837
7989897.594389 -205269.979450 -0.920974 3.651200 0.057213 1642525903.877981
7989897.957573 -205270.453177 -0.913745 3.680555 0.057229 1642525904.028821
7989898.345343 -205270.964821 -0.900896 3.507880 0.057842 1642525904.228590
7989898.683382 -205271.423381 -0.893592 3.507880 0.059784 1642525904.428566
7989899.093789 -205271.951521 -0.878826 3.535508 0.069681 1642525904.628537
7989899.683581 -205272.635657 -0.864885 3.478526 0.082852 1642525904.877849
7989900.068808 -205273.001294 -0.850692 3.507880 0.089211 1642525905.028010
7989900.445209 -205273.390684 -0.843163 3.421543 0.098795 1642525905.178006
7989900.816929 -205273.797929 -0.834756 3.450898 0.110220 1642525905.328039
7989901.260448 -205274.250044 -0.812346 3.392189 0.133912 1642525905.527968
7989901.610573 -205274.634754 -0.798046 3.421543 0.151169 1642525905.677910
7989902.063864 -205275.049727 -0.770316 3.364561 0.169257 1642525905.877627
7989902.453707 -205275.408770 -0.747144 3.307578 0.180876 1642525906.027693
7989902.872927 -205275.791034 -0.722395 3.335206 0.191396 1642525906.177757
7989903.262902 -205276.133580 -0.700427 3.335206 0.203712 1642525906.327845
7989903.665106 -205276.456647 -0.676467 3.335206 0.211043 1642525906.477905
7989904.181858 -205276.813838 -0.638540 3.335206 0.222256 1642525906.678025
7989904.636312 -205277.120626 -0.605482 3.248869 0.226983 1642525906.828425
7989905.087674 -205277.414446 -0.573295 3.278223 0.229074 1642525906.978000
7989905.609339 -205277.706469 -0.533146 3.278223 0.231270 1642525907.177923
7989906.223180 -205278.053807 -0.490545 3.248869 0.241481 1642525907.377927
7989906.753107 -205278.338962 -0.443501 3.307578 0.247494 1642525907.577973
7989907.236053 -205278.522481 -0.405848 3.248869 0.248028 1642525907.727877
7989907.709315 -205278.755720 -0.374240 3.133177 0.248099 1642525907.877681
7989908.268780 -205279.010620 -0.313737 3.219514 0.246284 1642525908.077477
7989908.827671 -205279.209829 -0.263576 3.278223 0.239529 1642525908.277375
7989909.439673 -205279.339587 -0.223193 3.191886 0.236981 1642525908.477398
7989909.988705 -205279.435965 -0.188417 3.219514 0.235864 1642525908.627330
7989910.597766 -205279.531537 -0.135885 3.248869 0.231375 1642525908.827369
7989911.392607 -205279.629730 -0.076907 3.307578 0.221180 1642525909.077390
7989911.992382 -205279.633263 -0.030663 3.248869 0.217157 1642525909.277402
7989912.499917 -205279.578594 -0.005744 3.133177 0.214891 1642525909.427492
7989913.011514 -205279.610053 0.033165 3.335206 0.214615 1642525909.577585
7989913.514794 -205279.616017 0.059050 3.335206 0.214615 1642525909.727546
7989914.016323 -205279.608631 0.089496 3.278223 0.214670 1642525909.877580
7989914.639251 -205279.470218 0.138883 3.103822 0.212290 1642525910.077540
7989915.181008 -205279.386325 0.169994 3.162532 0.211213 1642525910.227436
7989915.815718 -205279.288272 0.211557 3.191886 0.211099 1642525910.427286
7989916.455953 -205279.155056 0.255107 3.103822 0.210931 1642525910.627162
7989916.963491 -205279.003236 0.300294 3.133177 0.210987 1642525910.827227
7989917.486552 -205278.788208 0.340683 3.046840 0.210995 1642525911.027339
7989918.022336 -205278.562624 0.378754 3.133177 0.205375 1642525911.227384
7989918.594280 -205278.377898 0.412706 3.046840 0.202665 1642525911.427291
7989919.074833 -205278.217436 0.443074 2.989857 0.203415 1642525911.577288
7989919.582775 -205277.971147 0.477700 2.989857 0.203415 1642525911.777361
7989920.118580 -205277.701110 0.511850 2.989857 0.203245 1642525911.977366
7989920.593141 -205277.443372 0.539205 2.960503 0.202004 1642525912.177513
7989921.100055 -205277.096047 0.578920 2.960503 0.201492 1642525912.377607
7989921.550516 -205276.803900 0.617288 2.817183 0.201422 1642525912.577625
7989922.084223 -205276.489838 0.655351 2.703218 0.201580 1642525912.777645
7989922.573812 -205276.128068 0.679684 2.616881 0.201617 1642525912.977631
7989922.967776 -205275.760409 0.725307 2.528817 0.210287 1642525913.227708
7989923.326995 -205275.393979 0.761015 2.616881 0.213637 1642525913.427691
7989923.732909 -205274.997326 0.789381 2.644508 0.213682 1642525913.627662
7989924.161170 -205274.586087 0.824008 2.414851 0.213830 1642525913.877718
7989924.490676 -205274.093077 0.857676 2.300886 0.213832 1642525914.127905
7989924.843195 -205273.714105 0.895074 2.242177 0.214423 1642525914.327977
7989925.272164 -205273.276486 0.919475 2.242177 0.220647 1642525914.577958
7989925.558708 -205272.842107 0.954549 2.185195 0.229284 1642525914.777695
7989925.859833 -205272.402770 0.980600 2.155840 0.230579 1642525915.027505
7989926.112382 -205271.911309 1.024767 2.098857 0.235007 1642525915.277581
7989926.377960 -205271.406977 1.063725 2.098857 0.249482 1642525915.577842
7989926.679287 -205270.951216 1.115212 2.155840 0.257850 1642525915.877946
7989926.897449 -205270.366365 1.156473 2.155840 0.261318 1642525916.178274
7989927.130812 -205269.836504 1.203156 2.185195 0.262521 1642525916.427555
7989927.323868 -205269.276990 1.247814 2.271532 0.265143 1642525916.677433
7989927.517894 -205268.809251 1.279731 2.271532 0.274521 1642525916.927406
7989927.666871 -205268.223606 1.329313 2.242177 0.290650 1642525917.177465
7989927.762472 -205267.698373 1.370523 2.242177 0.297961 1642525917.427273
7989927.882286 -205267.139917 1.415448 2.328514 0.301214 1642525917.677349
7989927.901739 -205266.594569 1.466931 2.328514 0.311874 1642525917.927418
7989927.908681 -205266.093168 1.502321 2.300886 0.312461 1642525918.127325
7989927.922983 -205265.513485 1.555984 2.300886 0.312461 1642525918.377407
7989927.951113 -205264.944247 1.605273 2.271532 0.312400 1642525918.627457
7989927.914043 -205264.378570 1.657766 2.271532 0.311433 1642525918.877568
7989927.815411 -205263.839059 1.699759 2.271532 0.309017 1642525919.127726
7989927.656277 -205263.293052 1.747576 2.242177 0.308634 1642525919.377811
7989927.579497 -205262.755948 1.797330 2.242177 0.302658 1642525919.627759
7989927.428801 -205262.211007 1.846419 2.214549 0.293688 1642525919.877400
7989927.213591 -205261.687440 1.894876 2.185195 0.291519 1642525920.127091
7989927.046465 -205261.185159 1.934862 2.155840 0.282500 1642525920.377081
7989926.782889 -205260.703229 1.983243 2.128212 0.276890 1642525920.627115
7989926.558290 -205260.187987 2.025106 2.069503 0.276791 1642525920.877279
7989926.342724 -205259.693933 2.073808 2.012520 0.276861 1642525921.177416
7989926.091687 -205259.210204 2.106875 1.983165 0.268452 1642525921.428269
7989925.778693 -205258.769407 2.145413 1.953811 0.258033 1642525921.677728
7989925.428491 -205258.279666 2.184043 1.926183 0.243423 1642525921.977635
7989925.101091 -205257.855928 2.218232 1.926183 0.215023 1642525922.277453
7989924.787013 -205257.407981 2.253619 1.926183 0.196480 1642525922.577390
7989924.445435 -205256.968143 2.288315 1.926183 0.165204 1642525922.877265
7989924.018881 -205256.571957 2.311500 1.896828 0.137583 1642525923.177909
7989923.594978 -205256.144481 2.330194 1.896828 0.107558 1642525923.477466
7989923.173373 -205255.803179 2.349948 1.839846 0.076131 1642525923.777776
7989922.794346 -205255.446422 2.358378 1.810491 0.052448 1642525924.077659
7989922.426163 -205255.063095 2.360358 1.782863 0.032740 1642525924.377518
7989922.055710 -205254.650151 2.363174 1.753509 0.018953 1642525924.727599
7989921.663404 -205254.305712 2.368729 1.696526 0.015983 1642525925.028449
7989921.318291 -205253.933910 2.365924 1.696526 0.007957 1642525925.327344
7989920.890800 -205253.530529 2.369766 1.696526 0.007783 1642525925.677323
7989920.527378 -205253.175485 2.375817 1.725881 0.007783 1642525925.977419
7989920.120266 -205252.771318 2.366803 1.725881 0.007783 1642525926.327541
7989919.713483 -205252.416256 2.371017 1.696526 0.007783 1642525926.577644
7989919.308811 -205251.986283 2.372540 1.667171 0.003073 1642525926.927370
7989918.890922 -205251.643502 2.368318 1.725881 -0.015597 1642525927.277043
7989918.535931 -205251.239785 2.369610 1.725881 -0.023969 1642525927.576881
7989918.145360 -205250.861212 2.361096 1.782863 -0.023803 1642525927.876756
7989917.780907 -205250.492997 2.354430 1.839846 -0.023988 1642525928.176822
7989917.373813 -205250.142047 2.355772 1.896828 -0.031849 1642525928.476823
7989916.986395 -205249.697251 2.348104 1.953811 -0.032559 1642525928.776745
7989916.637724 -205249.281514 2.339959 2.069503 -0.032586 1642525929.076597
7989916.250349 -205248.946341 2.333319 2.185195 -0.033313 1642525929.326670
7989915.789372 -205248.561298 2.326085 2.385497 -0.041763 1642525929.576865
7989915.410459 -205248.106092 2.316723 2.501189 -0.060862 1642525929.826956
7989915.014192 -205247.695669 2.309250 2.616881 -0.079430 1642525930.027174
7989914.623488 -205247.246788 2.286426 2.732572 -0.095895 1642525930.227473
7989914.246914 -205246.872832 2.269368 2.903520 -0.109795 1642525930.427693
7989913.867718 -205246.416524 2.252991 2.960503 -0.120625 1642525930.627790
7989913.492831 -205245.933876 2.229350 2.932875 -0.121983 1642525930.827753
7989913.167654 -205245.427735 2.203983 2.789555 -0.122000 1642525931.077409
7989912.766443 -205244.960690 2.177249 3.019212 -0.119649 1642525931.327201
7989912.464365 -205244.535877 2.159382 2.875892 -0.114458 1642525931.527194
7989912.199413 -205244.058867 2.135183 2.875892 -0.104027 1642525931.727248
7989911.885054 -205243.520649 2.118036 2.817183 -0.098578 1642525931.977289
7989911.629748 -205243.058663 2.098247 3.019212 -0.098412 1642525932.177297
7989911.345589 -205242.561098 2.081837 3.162532 -0.099422 1642525932.377393
7989911.028151 -205242.002485 2.063743 3.191886 -0.105213 1642525932.577440
7989910.824219 -205241.510524 2.045287 3.278223 -0.115423 1642525932.777250
7989910.574947 -205241.031793 2.027658 3.392189 -0.129148 1642525932.927072
7989910.352470 -205240.493602 2.005951 3.478526 -0.146811 1642525933.076944
7989910.107162 -205240.020192 1.986637 3.594218 -0.165689 1642525933.227370
7989909.864252 -205239.564357 1.955160 3.651200 -0.185425 1642525933.376983
7989909.691929 -205239.085704 1.927408 3.737537 -0.203931 1642525933.527043
7989909.428091 -205238.520189 1.898051 3.823875 -0.217258 1642525933.677080
7989909.231218 -205237.984512 1.859114 3.910212 -0.218328 1642525933.827159
7989909.034889 -205237.337945 1.818633 3.823875 -0.214536 1642525933.977323
7989908.866394 -205236.675738 1.777541 3.796247 -0.203213 1642525934.127439
7989908.738561 -205236.141719 1.746564 3.708183 -0.186917 1642525934.277505
7989908.614087 -205235.497308 1.703638 4.025904 -0.163049 1642525934.477498
7989908.556972 -205234.995043 1.669717 3.621846 -0.150337 1642525934.627675
7989908.515630 -205234.359616 1.652129 3.882584 -0.147656 1642525934.777315
7989908.449545 -205233.748392 1.630507 3.823875 -0.147553 1642525934.927163
7989908.457426 -205233.175781 1.594192 3.796247 -0.147158 1642525935.077047
7989908.464290 -205232.564700 1.569078 3.853229 -0.144122 1642525935.226929
7989908.447677 -205232.059908 1.546493 3.853229 -0.127890 1642525935.377030
7989908.434239 -205231.503679 1.516386 3.910212 -0.101830 1642525935.527054
7989908.450498 -205230.962000 1.494007 3.967194 -0.092738 1642525935.676936
7989908.492585 -205230.396376 1.481714 3.996549 -0.093653 1642525935.827278
7989908.546337 -205229.721596 1.462599 4.139869 -0.105120 1642525935.976781
7989908.619774 -205229.111625 1.439412 4.255561 -0.125015 1642525936.126746
7989908.695477 -205228.544275 1.416558 4.226206 -0.141460 1642525936.276848
7989908.760843 -205227.873946 1.389990 4.025904 -0.151919 1642525936.427510
7989908.841775 -205227.236506 1.362460 4.312543 -0.152820 1642525936.577110
7989908.965127 -205226.596488 1.332568 4.312543 -0.152820 1642525936.727356
7989909.109109 -205225.970595 1.311547 4.226206 -0.152825 1642525936.877315
7989909.339287 -205225.394160 1.275983 4.341898 -0.152880 1642525937.027821
7989909.499280 -205224.761290 1.243569 4.312543 -0.152820 1642525937.177191
7989909.710951 -205224.151740 1.208825 4.341898 -0.152705 1642525937.326994
7989909.948858 -205223.527772 1.177661 4.398880 -0.152645 1642525937.476837
7989910.174980 -205222.914001 1.153194 4.398880 -0.152645 1642525937.627650
7989910.467101 -205222.190919 1.123022 4.428235 -0.152705 1642525937.776824
7989910.744952 -205221.547550 1.098173 4.428235 -0.152180 1642525937.926811
7989911.044420 -205220.978926 1.058335 4.457590 -0.146982 1642525938.076665
7989911.357278 -205220.388577 1.031592 4.485218 -0.139134 1642525938.226867
7989911.727456 -205219.804212 0.993971 4.600909 -0.117467 1642525938.376586
7989912.100633 -205219.217829 0.973703 4.685520 -0.106967 1642525938.526484
7989912.447556 -205218.664939 0.950807 4.600909 -0.091389 1642525938.676305
7989912.874864 -205218.119396 0.931511 4.628537 -0.073613 1642525938.827015
7989913.297689 -205217.524464 0.909932 4.771857 -0.059817 1642525938.976305
7989913.636735 -205217.100391 0.894434 4.830566 -0.057541 1642525939.076345
7989914.090621 -205216.509211 0.875461 4.830566 -0.054315 1642525939.226279
7989914.391938 -205216.086233 0.868095 4.973886 -0.052461 1642525939.326345
7989914.825246 -205215.615856 0.847893 5.003241 -0.046553 1642525939.476402
7989915.157723 -205215.240799 0.835284 5.003241 -0.043495 1642525939.576414
7989915.630553 -205214.751909 0.832223 5.146560 -0.034944 1642525939.726483
7989916.155422 -205214.187172 0.817691 5.089578 -0.030042 1642525939.876513
7989916.589499 -205213.657268 0.803351 5.117206 -0.026450 1642525940.026801
7989917.120319 -205213.097635 0.787628 5.289880 -0.026534 1642525940.176441
7989917.608250 -205212.637713 0.776692 5.319235 -0.026367 1642525940.326327
7989917.972530 -205212.269082 0.770507 5.464281 -0.026258 1642525940.426601
7989918.342307 -205211.910170 0.765827 5.348590 -0.026201 1642525940.526336
7989918.806801 -205211.433375 0.763656 5.260526 -0.024711 1642525940.626348
7989919.211698 -205211.008833 0.758547 5.203543 -0.021794 1642525940.726322
7989919.785049 -205210.414271 0.751411 5.405572 -0.017168 1642525940.876306
7989920.241278 -205209.948306 0.741607 5.319235 -0.011344 1642525941.026516
7989920.683853 -205209.575027 0.730899 5.491909 -0.007213 1642525941.126190
7989921.218455 -205209.112108 0.724232 5.692212 0.001670 1642525941.276137
7989921.651997 -205208.699386 0.725440 5.664584 0.007499 1642525941.376084
7989922.093716 -205208.310262 0.725603 5.548892 0.013857 1642525941.476081
7989922.542736 -205207.894105 0.725241 5.521264 0.018577 1642525941.576118
7989923.037448 -205207.421658 0.732348 5.635229 0.022967 1642525941.675999
7989923.392908 -205207.065257 0.736151 5.721566 0.026089 1642525941.775797
7989923.847887 -205206.624518 0.740522 5.807903 0.027212 1642525941.875771
7989924.255589 -205206.228459 0.737703 5.980578 0.028921 1642525941.975671
7989924.690830 -205205.810770 0.740836 6.039287 0.033889 1642525942.075634
7989925.171669 -205205.386751 0.739108 6.009932 0.040280 1642525942.175609
7989925.611428 -205204.968448 0.742756 5.923595 0.042057 1642525942.275598
7989926.046391 -205204.554740 0.744341 5.923595 0.044796 1642525942.375512
7989926.517122 -205204.117119 0.744096 5.980578 0.045931 1642525942.475463
7989926.899658 -205203.688986 0.751502 6.066915 0.045807 1642525942.575434
7989927.390097 -205203.209710 0.763959 6.123898 0.045846 1642525942.675446
7989927.833203 -205202.751140 0.772038 6.210235 0.045907 1642525942.775593
7989928.217684 -205202.328156 0.782339 6.239589 0.045744 1642525942.875761
7989928.628172 -205201.905834 0.788568 6.296572 0.045784 1642525942.975842
7989929.162217 -205201.402111 0.796277 6.239589 0.045560 1642525943.076072
7989929.556238 -205200.958436 0.801319 6.239589 0.045193 1642525943.176199
7989929.973383 -205200.529342 0.805378 6.267217 0.044477 1642525943.276256
7989930.477081 -205200.019545 0.800882 6.239589 0.043907 1642525943.426339
7989931.012823 -205199.483805 0.807412 6.353555 0.040303 1642525943.526322
7989931.551341 -205198.827976 0.814900 6.641921 0.037154 1642525943.626314
7989932.014365 -205198.305545 0.822254 6.296572 0.034383 1642525943.726346
7989932.393082 -205197.841251 0.828309 6.267217 0.031610 1642525943.826324
7989932.791156 -205197.389817 0.828482 6.527956 0.028221 1642525943.926383
7989933.197404 -205196.953233 0.830018 6.439892 0.027078 1642525944.026485
7989933.644635 -205196.460783 0.840578 6.498601 0.026547 1642525944.126576
7989934.045528 -205196.001460 0.847104 6.498601 0.026547 1642525944.226664
7989934.421858 -205195.575731 0.847965 6.498601 0.026732 1642525944.326772
7989934.856089 -205195.145787 0.859150 6.412264 0.027989 1642525944.426795
7989935.253951 -205194.710433 0.858265 6.439892 0.031505 1642525944.526829
7989935.738290 -205194.172325 0.858279 6.469246 0.036317 1642525944.626879
7989936.212014 -205193.635787 0.857008 6.439892 0.039989 1642525944.726966
7989936.756502 -205193.002646 0.865871 6.469246 0.040191 1642525944.827062
7989937.230345 -205192.410015 0.871967 6.614293 0.040098 1642525944.927202
7989937.745451 -205191.835874 0.873375 6.757613 0.040190 1642525945.077432
7989938.220038 -205191.252329 0.874960 6.698903 0.040151 1642525945.177553
7989938.613632 -205190.787618 0.878108 6.671275 0.040134 1642525945.277637
7989939.068584 -205190.265748 0.884212 6.757613 0.040190 1642525945.379226
7989939.517595 -205189.763976 0.893740 6.785241 0.040022 1642525945.477580
7989939.961203 -205189.206295 0.897705 6.757613 0.040190 1642525945.577451
7989940.335807 -205188.737211 0.896975 6.785241 0.040393 1642525945.677335
7989940.768649 -205188.209269 0.900357 6.928560 0.040302 1642525945.777154
7989941.204787 -205187.693513 0.903764 6.871578 0.040264 1642525945.877044
7989942.005523 -205186.726840 0.913092 6.928560 0.040116 1642525946.076820
7989942.494636 -205186.168292 0.924924 7.044252 0.040193 1642525946.176790
7989942.935915 -205185.621764 0.932745 7.016624 0.040175 1642525946.276821
7989943.360765 -205185.091111 0.941292 7.073607 0.040213 1642525946.376793
7989943.728981 -205184.599523 0.951253 7.130589 0.040439 1642525946.476943
7989944.157104 -205184.045052 0.957036 6.957915 0.041624 1642525946.577111
7989944.620848 -205183.434714 0.963385 7.016624 0.045207 1642525946.677198
7989945.035702 -205182.840440 0.968174 7.130589 0.048656 1642525946.777278
7989945.440658 -205182.233043 0.982140 7.159944 0.050176 1642525946.877099
7989945.865227 -205181.616266 0.991232 7.159944 0.050176 1642525946.977064
7989946.324025 -205180.919866 1.001443 7.246281 0.050252 1642525947.077083
7989946.622752 -205180.465730 1.003190 7.189299 0.050202 1642525947.177351
7989946.979356 -205179.877523 1.009975 7.130589 0.050337 1642525947.277056
7989947.301221 -205179.378460 1.019908 7.159944 0.049989 1642525947.376960
7989947.714045 -205178.674306 1.028002 7.189299 0.049828 1642525947.476885
7989948.089503 -205178.052558 1.034187 7.273909 0.049902 1642525947.577174
7989948.395504 -205177.367284 1.042451 7.273909 0.049715 1642525947.676726
7989948.811016 -205176.637403 1.046730 7.159944 0.049802 1642525947.776714
7989949.112563 -205176.104345 1.049529 7.246281 0.049878 1642525947.876718
7989949.473218 -205175.538915 1.054079 7.360246 0.049792 1642525947.976644
7989949.853341 -205174.850868 1.067478 7.332618 0.049393 1642525948.076604
7989950.131177 -205174.351683 1.070945 7.246281 0.049317 1642525948.176616
7989950.410071 -205173.829298 1.077407 7.303264 0.049554 1642525948.276672
7989950.704656 -205173.387633 1.087412 7.389601 0.049444 1642525948.326784
7989951.065256 -205172.668925 1.090538 7.475938 0.049332 1642525948.426780
7989951.400529 -205172.042506 1.103088 7.475938 0.048393 1642525948.526934
7989951.764547 -205171.326709 1.107962 7.475938 0.048016 1642525948.626829
7989952.050623 -205170.710390 1.112796 7.389601 0.048130 1642525948.726843
7989952.395287 -205170.039556 1.122110 7.332618 0.048080 1642525948.826860
7989952.671717 -205169.497100 1.130706 7.360246 0.047729 1642525948.926903
7989952.929142 -205168.894972 1.136818 7.389601 0.044938 1642525949.026987
7989953.247075 -205168.209182 1.142266 7.389601 0.038177 1642525949.127009
7989953.744656 -205167.204929 1.157001 7.389601 0.027658 1642525949.277056
7989954.067162 -205166.451963 1.165650 7.475938 0.023367 1642525949.377152
7989954.339954 -205165.825599 1.169427 7.446584 0.020910 1642525949.477155
7989954.755488 -205164.856237 1.173192 7.446584 0.012255 1642525949.627320
7989955.148592 -205163.903524 1.177801 7.475938 0.008870 1642525949.777407
7989955.586369 -205162.852111 1.182394 7.417229 0.001531 1642525949.927544
7989955.848606 -205162.135949 1.180995 7.446584 -0.001483 1642525950.027429
7989956.118948 -205161.479530 1.186031 7.503566 -0.003563 1642525950.127319
7989956.343042 -205160.902348 1.183851 7.475938 -0.003558 1642525950.227254
7989956.584943 -205160.312336 1.182999 7.417229 -0.003734 1642525950.327254
7989956.857182 -205159.642337 1.181017 7.417229 -0.003547 1642525950.428443
7989957.167844 -205158.873514 1.182406 7.475938 -0.003558 1642525950.527254
7989957.429907 -205158.191038 1.179151 7.503566 -0.003563 1642525950.627384
7989957.670396 -205157.519782 1.176331 7.475938 -0.003558 1642525950.727294
7989957.980631 -205156.756081 1.176473 7.475938 -0.003746 1642525950.827412
7989958.267047 -205155.994334 1.174482 7.503566 -0.004505 1642525950.927411
7989958.497123 -205155.454093 1.174703 7.475938 -0.005064 1642525951.027526
7989958.799093 -205154.694375 1.172884 7.475938 -0.006006 1642525951.127628
7989959.113145 -205153.977324 1.165407 7.475938 -0.007512 1642525951.227646
7989959.380411 -205153.320277 1.162033 7.475938 -0.007889 1642525951.327665
7989959.618928 -205152.766144 1.162662 7.475938 -0.007889 1642525951.427685
7989959.901726 -205152.112243 1.159509 7.562275 -0.007913 1642525951.527684
7989960.125149 -205151.530153 1.157743 7.562275 -0.007913 1642525951.627632
7989960.325983 -205151.042352 1.154828 7.591630 -0.007922 1642525951.677672
7989960.551700 -205150.512019 1.150850 7.591630 -0.007922 1642525951.777457
7989960.894047 -205149.729862 1.145880 7.591630 -0.007922 1642525951.877469
7989961.177810 -205149.062619 1.140964 7.503566 -0.007896 1642525951.977224
7989961.470168 -205148.359628 1.138226 7.503566 -0.007519 1642525952.077196
7989961.733207 -205147.711337 1.134850 7.619258 -0.007363 1642525952.177149
7989961.964327 -205147.227834 1.133349 7.677967 -0.007379 1642525952.277114
7989962.277819 -205146.499294 1.129665 7.591630 -0.006977 1642525952.377112
7989962.617533 -205145.745299 1.127186 7.562275 -0.005083 1642525952.477090
7989962.989373 -205144.954352 1.126121 7.562275 -0.003387 1642525952.577060
7989963.320794 -205144.288943 1.126704 7.591630 -0.001693 1642525952.677102
7989963.591221 -205143.671715 1.123230 7.619258 -0.000187 1642525952.777066
7989963.935767 -205142.930497 1.121910 7.591630 -0.000184 1642525952.877068
7989964.240714 -205142.284268 1.117484 7.562275 -0.000180 1642525952.976971
7989964.494747 -205141.663357 1.117309 7.591630 -0.000184 1642525953.076868
7989964.818036 -205141.005798 1.112048 7.677967 -0.000195 1642525953.176767
7989965.205004 -205140.282241 1.112085 7.764304 -0.000206 1642525953.276720
7989965.500119 -205139.619819 1.104340 7.705595 -0.000198 1642525953.377419
7989965.819480 -205138.940504 1.108487 7.619258 -0.000187 1642525953.476639
7989966.157491 -205138.277547 1.103589 7.532921 -0.000176 1642525953.576642
7989966.505398 -205137.569161 1.101577 7.532921 -0.000176 1642525953.676678
7989966.865575 -205136.851794 1.100983 7.648613 -0.000191 1642525953.776758
7989967.159646 -205136.249121 1.096660 7.764304 -0.000206 1642525953.876850
7989967.508455 -205135.554685 1.099981 7.734950 -0.000202 1642525953.976938
7989967.839310 -205134.913115 1.095661 7.677967 0.000184 1642525954.076926
7989968.201569 -205134.178634 1.093025 7.648613 0.001699 1642525954.176890
7989968.515533 -205133.576454 1.089634 7.619258 0.003780 1642525954.276907
7989968.871098 -205132.893051 1.086292 7.619258 0.006045 1642525954.377088
7989969.230721 -205132.199756 1.083788 7.591630 0.007178 1642525954.476938
7989969.504925 -205131.646819 1.083996 7.562275 0.007366 1642525954.577296
7989969.783407 -205131.081936 1.083061 7.532921 0.007365 1642525954.677021
7989970.337751 -205130.015993 1.083589 7.591630 0.007556 1642525954.827088
7989970.718673 -205129.296268 1.083660 7.648613 0.007368 1642525954.927038
7989971.096375 -205128.623278 1.085991 7.619258 0.007367 1642525955.026980
7989971.476749 -205127.868866 1.085826 7.562275 0.007366 1642525955.126924
7989971.827453 -205127.210511 1.084230 7.503566 0.007553 1642525955.226778
7989972.114179 -205126.608971 1.083194 7.532921 0.007365 1642525955.326565
7989972.358332 -205126.097387 1.081794 7.562275 0.007366 1642525955.426461
7989972.666809 -205125.528283 1.082768 7.619258 0.007367 1642525955.527504
7989972.938946 -205124.928791 1.078823 7.677967 0.007369 1642525955.626198
7989973.233334 -205124.372386 1.077857 7.417229 0.007549 1642525955.726120
7989973.606086 -205123.686403 1.076832 7.273909 0.007545 1642525955.826143
7989973.976916 -205122.967204 1.076055 7.389601 0.007548 1642525955.926122
7989974.287997 -205122.362946 1.072854 7.446584 0.007362 1642525956.026170
7989974.616302 -205121.708452 1.072334 7.332618 0.007546 1642525956.126170
7989974.915723 -205121.132897 1.071586 7.246281 0.007544 1642525956.226241
7989975.232219 -205120.520222 1.068626 7.216927 0.007356 1642525956.326206
7989975.535055 -205119.962778 1.068556 7.216927 0.007356 1642525956.426204
7989975.854538 -205119.314098 1.068674 7.246281 0.007544 1642525956.526884
7989976.159161 -205118.723092 1.063661 7.189299 0.007355 1642525956.626164
7989976.541292 -205118.002449 1.065075 7.102961 0.007353 1642525956.726133
7989976.931166 -205117.308967 1.064736 7.073607 0.007538 1642525956.826153
7989977.319525 -205116.644471 1.062987 7.073607 0.007538 1642525956.926241
7989977.620974 -205116.065722 1.062267 7.073607 0.007352 1642525957.026206
7989977.951224 -205115.451532 1.067480 7.016624 0.007350 1642525957.126266
7989978.374004 -205114.670997 1.065173 7.044252 0.007351 1642525957.226253
7989978.936530 -205113.657584 1.064804 6.987270 0.007536 1642525957.426376
7989979.228071 -205113.116402 1.063580 6.957915 0.007535 1642525957.526435
7989979.662191 -205112.376972 1.063424 6.987270 0.007536 1642525957.626558
7989980.045687 -205111.686504 1.062593 7.016624 0.007350 1642525957.726596
7989980.441722 -205111.015071 1.063038 6.957915 0.007349 1642525957.826746
7989980.733151 -205110.479992 1.058077 6.900932 0.007533 1642525957.926890
7989981.122099 -205109.792970 1.063002 7.044252 0.007351 1642525958.076987
7989981.386073 -205109.318822 1.061803 6.987270 0.007536 1642525958.177059
7989981.698269 -205108.699565 1.062982 6.900932 0.007347 1642525958.277051
7989982.095324 -205108.001655 1.058826 6.900932 0.006974 1642525958.376983
7989982.473389 -205107.345211 1.059113 6.871578 0.006974 1642525958.476889
7989982.751574 -205106.822055 1.058288 6.785241 0.006972 1642525958.576802
7989983.061334 -205106.225408 1.057876 6.871578 0.006602 1642525958.676832
7989983.404077 -205105.588943 1.057198 6.814595 0.006601 1642525958.777836
7989983.662077 -205105.087329 1.058020 6.641921 0.006599 1642525958.876807
7989984.037757 -205104.466373 1.057051 6.614293 0.006414 1642525958.977662
7989984.399948 -205103.780834 1.053560 6.555584 0.006043 1642525959.076868
7989984.657801 -205103.315680 1.051352 6.641921 0.005859 1642525959.176887
7989984.890200 -205102.814780 1.052560 6.412264 0.005675 1642525959.276870
7989985.258230 -205102.161372 1.054754 6.555584 0.004009 1642525959.426831
7989985.525014 -205101.641031 1.049667 6.498601 0.003272 1642525959.527019
7989985.924292 -205100.978564 1.049918 6.498601 0.002903 1642525959.626948
7989986.227077 -205100.449645 1.049287 6.382909 0.002356 1642525959.726996
7989986.825293 -205099.405931 1.045829 6.412264 0.001986 1642525959.877112
7989987.162216 -205098.771199 1.046274 6.296572 0.001074 1642525959.977947
7989987.508702 -205098.190380 1.050484 6.296572 -0.000584 1642525960.077330
7989987.848417 -205097.622046 1.053095 6.267217 -0.004811 1642525960.177392
7989988.154160 -205097.049479 1.047292 6.296572 -0.009601 1642525960.277357
7989988.512047 -205096.438782 1.039802 6.182607 -0.012692 1642525960.377333
7989988.819727 -205095.870110 1.039027 6.096270 -0.016331 1642525960.477228
7989989.123494 -205095.351992 1.038795 6.123898 -0.018910 1642525960.577382
7989989.507020 -205094.748716 1.032627 6.123898 -0.024045 1642525960.677099
7989989.793192 -205094.258185 1.034854 6.009932 -0.029842 1642525960.778057
7989990.091846 -205093.756318 1.028586 6.039287 -0.032788 1642525960.877198
7989990.411964 -205093.169035 1.026358 5.980578 -0.035125 1642525960.977360
7989990.744558 -205092.620461 1.016883 5.980578 -0.037137 1642525961.077329
7989990.996395 -205092.118048 1.006994 5.835531 -0.037760 1642525961.177313
7989991.363768 -205091.558014 1.002231 5.778549 -0.037901 1642525961.277277
7989991.660045 -205091.060473 0.992270 5.835531 -0.038672 1642525961.377222
7989992.066817 -205090.429392 0.984541 5.835531 -0.041042 1642525961.527075
7989992.419009 -205089.882974 0.979625 5.750921 -0.042250 1642525961.626909
7989992.794321 -205089.317802 0.971212 5.692212 -0.042931 1642525961.726866
7989993.178389 -205088.795533 0.961285 5.578246 -0.042841 1642525961.826795
7989993.557608 -205088.200320 0.946041 5.548892 -0.044995 1642525961.976766
7989993.885942 -205087.624804 0.934322 5.521264 -0.050229 1642525962.076752
7989994.239775 -205087.185050 0.927670 5.491909 -0.056540 1642525962.176776
7989994.684287 -205086.606862 0.912744 5.434927 -0.065161 1642525962.326684
7989995.070770 -205086.074953 0.902281 5.376217 -0.072674 1642525962.476707
7989995.406922 -205085.649556 0.886853 5.348590 -0.077146 1642525962.576638
7989995.899341 -205085.028597 0.872833 5.232898 -0.078977 1642525962.726657
7989996.266480 -205084.619039 0.858753 5.060223 -0.078940 1642525962.828070
7989996.616017 -205084.235000 0.851915 5.146560 -0.079047 1642525962.926710
7989996.948622 -205083.805291 0.844279 5.175915 -0.078905 1642525963.026824
7989997.302847 -205083.385094 0.829036 5.060223 -0.078940 1642525963.126761
7989997.717548 -205082.944665 0.815238 5.032595 -0.079085 1642525963.226800
7989998.199583 -205082.393277 0.800045 4.946258 -0.078800 1642525963.376757
7989998.711389 -205081.868834 0.780067 4.946258 -0.078083 1642525963.526635
7989999.037225 -205081.486190 0.765573 4.973886 -0.077938 1642525963.626511
7989999.418130 -205081.139097 0.754697 5.089578 -0.077362 1642525963.726512
7989999.918816 -205080.659991 0.742057 4.916904 -0.072498 1642525963.876454
7990000.474138 -205080.110543 0.726108 4.887549 -0.062792 1642525964.026410
7990000.966527 -205079.680249 0.709339 4.771857 -0.054265 1642525964.176471
7990001.450041 -205079.272911 0.702240 4.887549 -0.047005 1642525964.326493
7990002.063979 -205078.731358 0.692396 4.744229 -0.045286 1642525964.476584
7990002.599609 -205078.261280 0.681289 4.859921 -0.044113 1642525964.626664
7990003.096277 -205077.833780 0.666253 4.859921 -0.039983 1642525964.776675
7990003.700374 -205077.374324 0.649676 4.771857 -0.030239 1642525964.926738
7990004.135000 -205077.049499 0.641765 4.744229 -0.023944 1642525965.026764
7990004.629416 -205076.688415 0.641291 4.685520 -0.011544 1642525965.176901
7990005.122706 -205076.285029 0.638395 4.685520 -0.000599 1642525965.326998
7990005.681129 -205075.894037 0.640010 4.628537 0.008192 1642525965.477017
7990006.072762 -205075.570470 0.633854 4.600909 0.008012 1642525965.577020
7990006.653790 -205075.195030 0.633422 4.657892 0.008014 1642525965.727129
7990007.206004 -205074.769263 0.627365 4.600909 0.008012 1642525965.877160
7990007.745015 -205074.360627 0.626673 4.457590 0.008546 1642525966.027104
7990008.205115 -205073.983745 0.633911 4.571555 0.010878 1642525966.176998
7990008.809433 -205073.557740 0.635220 4.685520 0.013578 1642525966.326960
7990009.286260 -205073.196789 0.635423 4.714874 0.016094 1642525966.477015
7990009.738197 -205072.886515 0.632003 4.657892 0.020032 1642525966.577831
7990010.237164 -205072.503511 0.627566 4.485218 0.029483 1642525966.727063
7990010.754576 -205072.137267 0.631020 4.514572 0.042194 1642525966.877193
7990011.186396 -205071.859417 0.624328 4.542200 0.049898 1642525966.977253
7990011.726236 -205071.459835 0.630718 4.485218 0.058975 1642525967.127224
7990012.246933 -205071.111262 0.636052 4.341898 0.072413 1642525967.277182
7990012.682825 -205070.798508 0.646589 4.485218 0.084117 1642525967.426988
7990013.188941 -205070.379568 0.659847 4.398880 0.096291 1642525967.576793
7990013.706659 -205069.989421 0.677081 4.284915 0.111035 1642525967.726654
7990014.188730 -205069.571756 0.699297 4.169223 0.124112 1642525967.876623
7990014.689504 -205069.180232 0.721466 4.139869 0.132339 1642525968.026474
7990015.180261 -205068.811519 0.726421 4.053532 0.139227 1642525968.226690
7990015.683165 -205068.376099 0.762059 4.025904 0.143737 1642525968.377295
7990016.109898 -205068.027012 0.781213 3.967194 0.149412 1642525968.526578
7990016.502868 -205067.653889 0.800230 4.025904 0.155626 1642525968.676611
7990016.862423 -205067.277406 0.817903 3.882584 0.164776 1642525968.826757
7990017.280527 -205066.866738 0.840602 3.796247 0.178487 1642525968.977667
7990017.657370 -205066.458647 0.861664 3.823875 0.193215 1642525969.126834
7990018.114064 -205065.988835 0.908456 3.766892 0.212654 1642525969.326737
7990018.420497 -205065.585647 0.932635 3.796247 0.223135 1642525969.476522
7990018.738318 -205065.143813 0.957667 3.737537 0.231153 1642525969.626328
7990019.053058 -205064.682603 0.993420 3.766892 0.239193 1642525969.776994
7990019.352360 -205064.208851 1.030506 3.737537 0.245033 1642525969.926188
7990019.636769 -205063.722653 1.067702 3.708183 0.246305 1642525970.076126
7990019.899640 -205063.227003 1.103915 3.708183 0.248328 1642525970.226137
7990020.144798 -205062.726833 1.141674 3.766892 0.251348 1642525970.376217
7990020.371313 -205062.211206 1.180330 3.737537 0.251775 1642525970.526249
7990020.574721 -205061.702198 1.218572 3.621846 0.251635 1642525970.676360
7990020.755682 -205061.187788 1.256511 3.621846 0.252811 1642525970.826455
7990020.919940 -205060.660076 1.294533 3.708183 0.259924 1642525970.976538
7990021.059927 -205060.130797 1.334536 3.621846 0.268547 1642525971.126558
7990021.179217 -205059.605360 1.373784 3.594218 0.272968 1642525971.276507
7990021.278686 -205059.066421 1.414311 3.594218 0.272968 1642525971.426502
7990021.287981 -205058.412826 1.484176 3.594218 0.272968 1642525971.577168
7990021.325956 -205057.876257 1.524599 3.594218 0.272968 1642525971.726610
7990021.344241 -205057.345770 1.566878 3.535508 0.278118 1642525971.876729
7990021.338070 -205056.808928 1.608598 3.564863 0.287143 1642525972.026752
7990021.310992 -205056.277659 1.651494 3.564863 0.291434 1642525972.176787
7990021.261641 -205055.743927 1.693820 3.564863 0.291434 1642525972.326867
7990021.189266 -205055.213174 1.736621 3.535508 0.291512 1642525972.476948
7990021.093831 -205054.687847 1.779337 3.564863 0.290940 1642525972.626996
7990020.977620 -205054.174212 1.820099 3.535508 0.282923 1642525972.776942
7990020.841668 -205053.665836 1.859488 3.535508 0.274964 1642525972.926924
7990020.685526 -205053.160890 1.899770 3.507880 0.274389 1642525973.076833
7990020.509259 -205052.670532 1.939800 3.478526 0.269485 1642525973.226785
7990020.312222 -205052.182757 1.978208 3.478526 0.261982 1642525973.376712
7990020.097157 -205051.702967 2.015299 3.507880 0.260221 1642525973.526625
7990019.863546 -205051.227189 2.053044 3.507880 0.260221 1642525973.676508
7990019.612272 -205050.765779 2.090139 3.507880 0.260221 1642525973.826282
7990019.342782 -205050.308235 2.128156 3.535508 0.260126 1642525973.976669
7990019.059752 -205049.863090 2.165694 3.535508 0.254935 1642525974.125908
7990018.755781 -205049.426074 2.202447 3.535508 0.247042 1642525974.275808
7990018.439231 -205049.007749 2.237118 3.535508 0.241989 1642525974.425767
7990018.112515 -205048.596090 2.272076 3.478526 0.241682 1642525974.576537
7990017.802581 -205048.175888 2.301407 3.450898 0.241784 1642525974.725722
7990017.448341 -205047.790976 2.336129 3.507880 0.241753 1642525974.875784
7990017.082945 -205047.417549 2.370483 3.507880 0.241753 1642525975.025723
7990016.698190 -205047.052599 2.405457 3.507880 0.241585 1642525975.175821
7990016.310380 -205046.707808 2.440303 3.450898 0.241784 1642525975.325800
7990015.909006 -205046.376589 2.474391 3.450898 0.241447 1642525975.475780
7990015.497384 -205046.059300 2.507975 3.478526 0.238816 1642525975.625676
7990015.077285 -205045.756474 2.541383 3.450898 0.230979 1642525975.775620
7990014.648621 -205045.468454 2.572838 3.478526 0.222058 1642525975.925580
7990014.200956 -205045.190013 2.604199 3.450898 0.219959 1642525976.075594
7990013.751615 -205044.927872 2.634642 3.421543 0.219895 1642525976.225558
7990013.053099 -205044.782938 2.703170 3.421543 0.219895 1642525976.375643
7990012.578189 -205044.540563 2.734355 3.421543 0.220236 1642525976.525626
7990012.058327 -205044.364881 2.771389 3.450898 0.221827 1642525976.675660
7990011.577369 -205044.184247 2.803579 3.421543 0.224647 1642525976.825600
7990011.095591 -205044.021052 2.836236 3.421543 0.228882 1642525976.975494
7990010.605266 -205043.872409 2.869004 3.421543 0.232434 1642525977.125515
7990010.101919 -205043.715787 2.901964 3.450898 0.233516 1642525977.275475
7990009.595892 -205043.597627 2.935635 3.450898 0.238918 1642525977.425526
7990009.089664 -205043.496855 2.970711 3.392189 0.248033 1642525977.575623
7990008.586352 -205043.414483 3.004953 3.392189 0.249879 1642525977.725628
7990008.086253 -205043.323472 3.037918 3.421543 0.248776 1642525977.875682
7990007.574233 -205043.267710 3.072680 3.364561 0.248805 1642525978.025647
7990007.070821 -205043.237319 3.107516 3.364561 0.248805 1642525978.175698
7990006.567094 -205043.227183 3.140934 3.364561 0.248805 1642525978.325692
7990006.061634 -205043.234791 -3.107911 3.335206 0.248903 1642525978.475648
7990005.561528 -205043.258183 -3.073415 3.335206 0.248735 1642525978.625589
7990005.052994 -205043.296642 -3.039900 3.364561 0.248805 1642525978.775508
7990004.546167 -205043.353290 -3.005966 3.392189 0.248704 1642525978.925553
7990004.045648 -205043.428629 -2.971484 3.335206 0.248735 1642525979.075302
7990003.388863 -205043.550933 -2.925726 3.364561 0.248805 1642525979.275153
7990002.898127 -205043.664690 -2.891846 3.364561 0.248805 1642525979.424970
7990002.409957 -205043.794256 -2.856201 3.392189 0.248704 1642525979.574988
7990001.925779 -205043.942109 -2.821186 3.335206 0.245546 1642525979.725794
7990001.287475 -205044.155938 -2.774519 3.335206 0.239828 1642525979.926129
7990000.785752 -205044.365110 -2.737799 3.335206 0.235952 1642525980.075165
7990000.205105 -205044.629472 -2.695783 3.364561 0.231291 1642525980.275160
7989999.751565 -205044.952894 -2.650070 3.335206 0.231395 1642525980.375281
7989999.315483 -205045.259578 -2.613367 3.335206 0.231395 1642525980.525918
7989998.840956 -205045.514315 -2.585582 3.335206 0.231395 1642525980.675181
7989998.321323 -205045.786839 -2.554161 3.364561 0.231291 1642525980.825222
7989997.784968 -205046.166511 -2.511049 3.392189 0.229493 1642525981.025196
7989997.361254 -205046.467956 -2.476514 3.392189 0.228647 1642525981.175153
7989996.943917 -205046.784511 -2.447984 3.364561 0.228586 1642525981.325236
7989996.524466 -205047.136210 -2.416758 3.421543 0.228544 1642525981.475129
7989996.126193 -205047.504301 -2.365604 3.450898 0.228610 1642525981.625148
7989995.719389 -205047.934569 -2.319837 3.392189 0.228647 1642525981.825169
7989995.265514 -205048.423703 -2.293839 3.450898 0.226916 1642525982.025184
7989994.864643 -205048.872576 -2.252498 3.535508 0.216912 1642525982.225141
7989994.522383 -205049.294589 -2.214556 3.478526 0.203313 1642525982.375082
7989994.220996 -205049.713298 -2.188593 3.421543 0.187780 1642525982.525364
7989993.903306 -205050.240020 -2.153714 3.535508 0.171615 1642525982.725566
7989993.554114 -205050.782550 -2.122570 3.594218 0.160633 1642525982.925712
7989993.265126 -205051.267677 -2.097761 3.535508 0.150644 1642525983.074862
7989992.980238 -205051.845386 -2.065888 3.564863 0.136058 1642525983.274865
7989992.750156 -205052.297167 -2.047076 3.594218 0.129287 1642525983.424832
7989992.529611 -205052.760614 -2.025765 3.594218 0.122466 1642525983.574869
7989992.324962 -205053.230703 -1.997124 3.651200 0.109561 1642525983.725764
7989992.087510 -205053.822125 -1.972708 3.651200 0.088280 1642525983.925610
7989991.898252 -205054.450250 -1.955506 3.651200 0.068699 1642525984.125428
7989991.693726 -205055.081668 -1.939541 3.680555 0.059882 1642525984.325680
7989991.542217 -205055.594900 -1.926796 3.651200 0.054208 1642525984.474958
7989991.321683 -205056.162888 -1.926547 3.708183 0.046802 1642525984.625000
7989991.137710 -205056.670067 -1.920198 3.766892 0.037258 1642525984.775000
7989990.949399 -205057.338612 -1.910451 3.766892 0.020943 1642525984.975055
7989990.838680 -205057.884365 -1.904690 3.796247 0.007815 1642525985.125588
7989990.676787 -205058.428067 -1.902170 3.766892 -0.003186 1642525985.275033
7989990.497573 -205058.995930 -1.899636 3.853229 -0.011364 1642525985.425061
7989990.327264 -205059.554523 -1.902809 3.853229 -0.018287 1642525985.575142
7989990.167531 -205060.045032 -1.905248 3.882584 -0.023977 1642525985.725076
7989989.991766 -205060.618498 -1.907852 3.882584 -0.023977 1642525985.875183
7989989.815199 -205061.128735 -1.916902 3.910212 -0.023987 1642525985.975204
7989989.589747 -205061.807408 -1.922705 3.882584 -0.023977 1642525986.125315
7989989.332072 -205062.407292 -1.929437 3.882584 -0.020249 1642525986.275277
7989989.130594 -205062.983698 -1.940709 3.823875 -0.016860 1642525986.425304
7989988.924655 -205063.555548 -1.943127 3.796247 -0.012772 1642525986.575315
7989988.709665 -205064.104716 -1.942796 3.823875 -0.011890 1642525986.725858
7989988.525203 -205064.594735 -1.946980 3.823875 -0.010293 1642525986.875270
7989988.312622 -205065.184115 -1.952307 3.796247 -0.010111 1642525987.025207
7989988.089752 -205065.739214 -1.961946 3.766892 -0.010106 1642525987.175154
7989987.816285 -205066.387406 -1.964914 3.708183 -0.010094 1642525987.325107
7989987.627931 -205067.002508 -1.969027 3.708183 -0.010094 1642525987.525089
7989987.375498 -205067.537154 -1.976892 3.680555 -0.010090 1642525987.675366
7989987.169976 -205068.067981 -1.977233 3.594218 -0.010075 1642525987.825361
7989986.957051 -205068.555647 -1.981789 3.564863 -0.010070 1642525987.975500
7989986.743636 -205069.081874 -1.980659 3.564863 -0.010070 1642525988.125620
7989986.476653 -205069.632895 -1.980151 3.594218 -0.010075 1642525988.275630
7989986.230548 -205070.174274 -1.983274 3.621846 -0.009372 1642525988.425749
7989986.009179 -205070.709630 -1.988574 3.478526 -0.008465 1642525988.625726
7989985.812036 -205071.171466 -1.987957 3.478526 -0.004750 1642525988.775656
7989985.600491 -205071.734046 -1.986297 3.392189 0.000738 1642525988.975381
7989985.385159 -205072.255370 -1.984245 3.507880 0.000377 1642525989.125274
7989985.142261 -205072.863321 -1.984930 3.421543 0.000382 1642525989.325218
7989984.910435 -205073.403974 -1.984221 3.392189 0.003742 1642525989.475164
7989984.684670 -205074.002114 -1.981867 3.421543 0.003388 1642525989.675243
7989984.492705 -205074.509691 -1.983905 3.478526 -0.004927 1642525989.825217
7989984.256790 -205075.046591 -1.982652 3.450898 -0.011997 1642525989.975158
7989984.028638 -205075.565571 -1.981549 3.278223 -0.016025 1642525990.175209
7989983.823484 -205076.061944 -1.985723 3.307578 -0.016736 1642525990.375047
7989983.589926 -205076.533122 -1.988355 3.392189 -0.014282 1642525990.525043
7989983.357273 -205077.106255 -1.987045 3.335206 -0.013918 1642525990.725086
7989983.129838 -205077.645791 -2.000292 3.248869 -0.010725 1642525990.925170
7989982.898871 -205078.263120 -2.003255 3.278223 0.003039 1642525991.125110
7989982.635914 -205078.874052 -2.007389 3.335206 0.014517 1642525991.325005
7989982.430829 -205079.399958 -2.006709 3.248869 0.013627 1642525991.474913
7989982.187402 -205079.919408 -2.002093 3.307578 0.010983 1642525991.624995
7989981.997003 -205080.409550 -2.009797 3.364561 0.010457 1642525991.774903
7989981.728719 -205080.973584 -2.006097 3.335206 0.010985 1642525991.974870
7989981.448541 -205081.559007 -2.003340 3.307578 0.012043 1642525992.124929
7989981.174943 -205082.189207 -2.003253 3.392189 0.014169 1642525992.324935
7989980.959017 -205082.652735 -2.004420 3.392189 0.016819 1642525992.475049
7989980.768049 -205083.116936 -2.005610 3.364561 0.016816 1642525992.625125
7989980.528274 -205083.745582 -2.005738 3.364561 0.016640 1642525992.825107
7989980.313985 -205084.251369 -2.004241 3.392189 0.015759 1642525992.975042
7989980.121276 -205084.765617 -2.002965 3.364561 0.015403 1642525993.125052
7989979.904267 -205085.266296 -2.004699 3.421543 0.015055 1642525993.275119
7989979.679386 -205085.725385 -2.000294 3.335206 0.013811 1642525993.425215
7989979.395139 -205086.379908 -2.000961 3.307578 0.012043 1642525993.625147
7989979.124978 -205086.874165 -1.996672 3.307578 0.010278 1642525993.825123
7989978.948376 -205087.374137 -1.994880 3.335206 0.010279 1642525994.025190
7989978.720867 -205087.924314 -1.993971 3.335206 0.010279 1642525994.225206
7989978.495341 -205088.465179 -1.996028 3.307578 0.010101 1642525994.375201
7989978.221760 -205089.001249 -1.993752 3.307578 0.010278 1642525994.525135
7989978.026626 -205089.577393 -1.996361 3.307578 0.010278 1642525994.774992
7989977.818733 -205090.078027 -1.991838 3.278223 0.009041 1642525994.925017
7989977.636764 -205090.551411 -1.994634 3.307578 0.007452 1642525995.074968
7989977.353350 -205091.140871 -1.993120 3.278223 0.007451 1642525995.274998
7989977.119969 -205091.729554 -1.987501 3.278223 0.006746 1642525995.474993
7989976.860415 -205092.262090 -1.988733 3.248869 0.002157 1642525995.624971
7989976.625822 -205092.811092 -1.987193 3.278223 0.000390 1642525995.774927
7989976.391644 -205093.376948 -1.987661 3.278223 -0.001022 1642525995.924871
7989976.147148 -205093.925736 -1.985502 3.278223 -0.004905 1642525996.124853
7989975.978467 -205094.441138 -1.985631 3.278223 -0.006317 1642525996.324955
7989975.790255 -205094.907551 -1.989209 3.248869 -0.006314 1642525996.474854
7989975.564979 -205095.418307 -1.990950 3.248869 -0.005608 1642525996.674745
7989975.300380 -205096.043325 -1.994288 3.248869 -0.002608 1642525996.874638
7989975.051720 -205096.491022 -1.997263 3.248869 -0.001903 1642525997.074574
7989974.810552 -205097.001054 -1.999496 3.219514 0.003569 1642525997.274529
7989974.644905 -205097.499756 -1.997948 3.219514 0.006569 1642525997.474516
7989974.405320 -205098.065704 -2.004762 3.162532 0.006921 1642525997.674587
7989974.175135 -205098.569077 -2.001187 3.162532 0.009742 1642525997.874850
7989973.986434 -205099.044198 -2.004084 3.133177 0.012033 1642525998.024825
7989973.768180 -205099.627449 -2.000383 3.133177 0.010270 1642525998.224874
7989973.522297 -205100.193803 -1.999942 3.103822 0.007802 1642525998.424975
7989973.298953 -205100.711448 -2.000747 3.133177 0.007625 1642525998.575057
7989973.045885 -205101.269733 -2.003180 3.103822 0.007802 1642525998.775270
7989972.879003 -205101.746538 -2.005036 3.133177 0.007625 1642525998.925266
7989972.641491 -205102.261788 -2.003677 3.103822 0.007625 1642525999.075239
7989972.435446 -205102.743387 -2.005023 3.103822 0.005863 1642525999.275131
7989972.171424 -205103.294933 -2.005271 3.076194 0.005863 1642525999.474936
7989971.906875 -205103.890354 -2.003155 3.076194 0.005863 1642525999.674752
7989971.630967 -205104.488052 -2.004267 3.103822 0.003396 1642525999.874620
7989971.382418 -205105.005337 -2.003418 3.103822 -0.000835 1642526000.024573
7989971.123010 -205105.596500 -1.998583 3.046840 -0.004177 1642526000.274466
7989970.883487 -205106.162808 -2.003912 2.989857 -0.004172 1642526000.474440
7989970.720114 -205106.656674 -2.007579 3.019212 -0.004175 1642526000.674345
7989970.487998 -205107.233513 -2.013267 3.019212 -0.004175 1642526000.874357
