10
79
10.9 0.2
9.7 0.9
8.3 1.2
3.5 1.2
1.9 3.4
-1.6 9.6
-2.0 9.9
-2.4 9.9
-3.0 10.1
-3.3 10.1
-2.8 9.8
-1.75 6.7
-2.15 6.6
-1.65 6.45
-1.0 4.45
-1.3 4.35
-0.9 4.25
-0.65 3.45
-0.65 2.75
-0.95 2.65
-0.65 2.55
-0.65 1.2
-1.3 1.2
-2.0 1.05
-2.0 1.25
-1.7 1.35
-1.7 2.4
-2.2 2.55
-3.4 2.55
-5.4 2.1
-5.4 1.45
-5.25 1.4
-5.4 0.6 
-6.75 0.3
-8.65 3.45
-9.15 3.7
-9.75 3.7
-8.65 0.25
-9.4 0.15
-9.6 0.0
-9.40 -0.15
-8.65 -0.25
-9.75 -3.70
-9.15 -3.70
-8.65 -3.45
-6.75 -0.30
-5.40 -0.60
-5.25 -1.40
-5.40 -1.45
-5.40 -2.10
-3.40 -2.55
-2.20 -2.55
-1.70 -2.40
-1.70 -1.35
-2.00 -1.25
-2.00 -1.05
-1.30 -1.20
-0.65 -1.20
-0.65 -2.55
-0.95 -2.65
-0.65 -2.75
-0.65 -3.45
-0.90 -4.25
-1.30 -4.35
-1.00 -4.45
-1.65 -6.45
-2.15 -6.60
-1.75 -6.70
-2.80 -9.80
-3.30 -10.10
-3.00 -10.10
-2.40 -9.90
-2.00 -9.90
-1.60 -9.60
1.90 -3.40
3.50 -1.20
8.30 -1.20
9.70 -0.90
10.90 -0.20
