42
1.1 0 3.25 0
4.7 0 1.5 0
6.7 0 1.5 0
8.7 0 1.5 0
10.7 0 1.5 0
12.7 0 1.2 0
14.4 0 0.7 0
-2.8 0 1.5 0
-4.8 0 1.5 0
-6.8 0 1.5 0
-8.8 0 1.5 0
-10.8 0 1.5 0
-13.5 0 2.0 0
-15.85 0 0.4 0
-16.5 0 0.3 0
-17.0 0 0.3 0
0.7 2.55 2.4 0
-0.3 5.0 2.0 0
-1.2 7.35 1.7 1
-2.1 9.7 1.3 1
-2.7 11.25 1.1 1
-3.23 12.65 0.9 1
0.7 -2.55 2.4 0
-0.3 -5.0 2.0 0
-1.2 -7.35 1.7 1
-2.1 -9.7 1.3 1
-2.7 -11.25 1.1 1
-3.23 -12.65 0.9 1
2.35 4.75 1.05 0
3.35 4.75 1.05 0
2.35 -4.75 1.05 0
3.35 -4.75 1.05 0
-14.25 1.9 1.4 1 
-14.8 3.05 1.2 1
-15.3 4.2 1.0 1
-15.8 5.3 0.8 1
-16.1 5.9 0.7 1
-14.25 -1.9 1.4 1 
-14.8 -3.05 1.2 1
-15.3 -4.2 1.0 1
-15.8 -5.3 0.8 1
-16.1 -5.9 0.7 1
