7471634.147041 -681479.381758 -1.023167 1628515963.344846
7471634.171472 -681479.413124 -1.023031 1628515963.394840
7471634.196024 -681479.450585 -1.022884 1628515963.444870
7471634.225420 -681479.493558 -1.022724 1628515963.494829
7471634.255544 -681479.542205 -1.022556 1628515963.545531
7471634.286538 -681479.588484 -1.022382 1628515963.594781
7471634.320345 -681479.639534 -1.022195 1628515963.644773
7471634.356548 -681479.694916 -1.021999 1628515963.694722
7471634.392653 -681479.757445 -1.021797 1628515963.745292
7471634.429953 -681479.819507 -1.021585 1628515963.794674
7471634.472783 -681479.876484 -1.021359 1628515963.844669
7471634.514323 -681479.941846 -1.021129 1628515963.894645
7471634.554947 -681480.010571 -1.020893 1628515963.944655
7471634.599240 -681480.078799 -1.020646 1628515963.994657
7471634.640945 -681480.144897 -1.020384 1628515964.044678
7471634.690112 -681480.220899 -1.020109 1628515964.094689
7471634.739913 -681480.296182 -1.019796 1628515964.145214
7471634.784133 -681480.371146 -1.019472 1628515964.194686
7471634.827110 -681480.447106 -1.019118 1628515964.244716
7471634.878878 -681480.528141 -1.018744 1628515964.294682
7471634.935158 -681480.605708 -1.018353 1628515964.345011
7471634.987749 -681480.683421 -1.017966 1628515964.394678
7471635.039269 -681480.761179 -1.017573 1628515964.444670
7471635.093531 -681480.848411 -1.017173 1628515964.494668
7471635.154695 -681480.933209 -1.016757 1628515964.545742
7471635.209695 -681481.012257 -1.016363 1628515964.594653
7471635.260842 -681481.095877 -1.015955 1628515964.644684
7471635.314579 -681481.188646 -1.015551 1628515964.694643
7471635.370080 -681481.278219 -1.015139 1628515964.745476
7471635.421853 -681481.364271 -1.014744 1628515964.794642
7471635.476625 -681481.452709 -1.014340 1628515964.844661
7471635.540027 -681481.541508 -1.013935 1628515964.894634
7471635.597165 -681481.628962 -1.013533 1628515964.944634
7471635.650474 -681481.716516 -1.013133 1628515964.994627
7471635.704224 -681481.801432 -1.012728 1628515965.044619
7471635.764990 -681481.894163 -1.012319 1628515965.094586
7471635.825771 -681481.983889 -1.011904 1628515965.145404
7471635.882408 -681482.068508 -1.011507 1628515965.194516
7471635.937074 -681482.152735 -1.011102 1628515965.244540
7471635.998177 -681482.241358 -1.010694 1628515965.294465
7471636.061689 -681482.331658 -1.010278 1628515965.345352
7471636.116381 -681482.421016 -1.009879 1628515965.394476
7471636.172017 -681482.510178 -1.009475 1628515965.444476
7471636.228406 -681482.605777 -1.009054 1628515965.494422
7471636.280904 -681482.696987 -1.008623 1628515965.545319
7471636.346371 -681482.773303 -1.008193 1628515965.594391
7471636.403722 -681482.857649 -1.007765 1628515965.644387
7471636.463808 -681482.947863 -1.007336 1628515965.694337
7471636.521009 -681483.040213 -1.006899 1628515965.745190
7471636.575510 -681483.131455 -1.006455 1628515965.794381
7471636.628853 -681483.223411 -1.005989 1628515965.844422
7471636.686425 -681483.312610 -1.005541 1628515965.894379
7471636.744680 -681483.402723 -1.005078 1628515965.944370
7471636.800964 -681483.492949 -1.004613 1628515965.994362
7471636.850227 -681483.576401 -1.004140 1628515966.044402
7471636.912374 -681483.676246 -1.003651 1628515966.094402
7471636.975180 -681483.775449 -1.003152 1628515966.145131
7471637.035648 -681483.869653 -1.002665 1628515966.194396
7471637.098786 -681483.965438 -1.002161 1628515966.244414
7471637.163091 -681484.069475 -1.001667 1628515966.294432
7471637.231054 -681484.167201 -1.001157 1628515966.345198
7471637.299107 -681484.268502 -1.000667 1628515966.394769
7471637.363664 -681484.369974 -1.000213 1628515966.444471
7471637.433215 -681484.473954 -0.999823 1628515966.494456
7471637.505838 -681484.580572 -0.999492 1628515966.545393
7471637.576145 -681484.680393 -0.999277 1628515966.594548
7471637.643458 -681484.781798 -0.999168 1628515966.644588
7471637.718047 -681484.888820 -0.999126 1628515966.694646
7471637.791153 -681484.995400 -0.999135 1628515966.745314
7471637.858420 -681485.095994 -0.999189 1628515966.794722
7471637.924518 -681485.198391 -0.999260 1628515966.844774
7471637.994044 -681485.312876 -0.999331 1628515966.894749
7471638.062011 -681485.420102 -0.999401 1628515966.944794
7471638.121189 -681485.528086 -0.999469 1628515966.994853
7471638.187507 -681485.623948 -0.999536 1628515967.044854
7471638.253881 -681485.744395 -0.999607 1628515967.094872
7471638.321230 -681485.864422 -0.999675 1628515967.144895
7471638.387144 -681485.980882 -0.999734 1628515967.194942
7471638.454064 -681486.097696 -0.999791 1628515967.244914
7471638.521390 -681486.213965 -0.999844 1628515967.294948
7471638.589637 -681486.330652 -0.999897 1628515967.345018
7471638.657497 -681486.445856 -0.999946 1628515967.395033
7471638.724962 -681486.559424 -0.999994 1628515967.445096
7471638.793328 -681486.673513 -1.000041 1628515967.495125
7471638.862085 -681486.787417 -1.000085 1628515967.545183
7471638.931257 -681486.901223 -1.000129 1628515967.595159
7471639.000575 -681487.014710 -1.000177 1628515967.645205
7471639.069768 -681487.127455 -1.000224 1628515967.695198
7471639.139244 -681487.240041 -1.000270 1628515967.745197
7471639.208035 -681487.351212 -1.000309 1628515967.795163
7471639.277277 -681487.462783 -1.000348 1628515967.845135
7471639.347361 -681487.575209 -1.000386 1628515967.895156
7471639.417590 -681487.687504 -1.000424 1628515967.945102
7471639.487127 -681487.798568 -1.000460 1628515967.995084
7471639.556749 -681487.909504 -1.000492 1628515968.045122
7471639.627183 -681488.021408 -1.000517 1628515968.095142
7471639.697788 -681488.133287 -1.000515 1628515968.145273
7471639.767856 -681488.244027 -1.000457 1628515968.195160
7471639.837775 -681488.354240 -1.000339 1628515968.245220
7471639.908051 -681488.464762 -1.000154 1628515968.295457
7471639.978153 -681488.574815 -0.999910 1628515968.345399
7471640.047401 -681488.683424 -0.999603 1628515968.395193
7471640.116595 -681488.791674 -0.999259 1628515968.445215
7471640.185852 -681488.899781 -0.998899 1628515968.495183
7471640.255698 -681489.008521 -0.998537 1628515968.545510
7471640.324215 -681489.115008 -0.998180 1628515968.595181
7471640.393080 -681489.221685 -0.997823 1628515968.645152
7471640.462090 -681489.328246 -0.997467 1628515968.695092
7471640.530910 -681489.434321 -0.997111 1628515968.745022
7471640.599335 -681489.539679 -0.996757 1628515968.794991
7471640.667749 -681489.644856 -0.996404 1628515968.844915
7471640.735775 -681489.749301 -0.996054 1628515968.894797
7471640.803553 -681489.853209 -0.995705 1628515968.944750
7471640.871409 -681489.957146 -0.995357 1628515968.994727
7471640.939056 -681490.060601 -0.995004 1628515969.044674
7471641.006742 -681490.163997 -0.994632 1628515969.094686
7471641.073962 -681490.266540 -0.994251 1628515969.144651
7471641.141106 -681490.368778 -0.993868 1628515969.194782
7471641.207946 -681490.470383 -0.993492 1628515969.244616
7471641.275379 -681490.572775 -0.993113 1628515969.294609
7471641.342182 -681490.674146 -0.992738 1628515969.344607
7471641.408989 -681490.775275 -0.992365 1628515969.394674
7471641.474441 -681490.874021 -0.991999 1628515969.444600
7471641.540209 -681490.972934 -0.991634 1628515969.494601
7471641.606341 -681491.072105 -0.991267 1628515969.544602
7471641.672975 -681491.171678 -0.990900 1628515969.594695
7471641.739897 -681491.271438 -0.990530 1628515969.644589
7471641.807044 -681491.371339 -0.990162 1628515969.694585
7471641.874206 -681491.471023 -0.989793 1628515969.744579
7471641.941364 -681491.570517 -0.989430 1628515969.794580
7471642.009027 -681491.670661 -0.989059 1628515969.844521
7471642.076675 -681491.770789 -0.988703 1628515969.894524
7471642.143702 -681491.869957 -0.988360 1628515969.944532
7471642.211133 -681491.969744 -0.988025 1628515969.994469
7471642.279411 -681492.070722 -0.987712 1628515970.044511
7471642.347624 -681492.171569 -0.987450 1628515970.094413
7471642.417882 -681492.275396 -0.987223 1628515970.145315
7471642.485967 -681492.375850 -0.987013 1628515970.194456
7471642.554717 -681492.477277 -0.986801 1628515970.244401
7471642.625787 -681492.582100 -0.986583 1628515970.294449
7471642.699286 -681492.690407 -0.986351 1628515970.345038
7471642.768304 -681492.791820 -0.986117 1628515970.394477
7471642.838187 -681492.894410 -0.985870 1628515970.444432
7471642.909134 -681492.998469 -0.985626 1628515970.495137
7471642.978945 -681493.100790 -0.985385 1628515970.544795
7471643.048820 -681493.203112 -0.985145 1628515970.594370
7471643.119456 -681493.306480 -0.984903 1628515970.644369
7471643.191575 -681493.411990 -0.984655 1628515970.695022
7471643.263171 -681493.516826 -0.984406 1628515970.745212
7471643.333452 -681493.619753 -0.984161 1628515970.794353
7471643.405036 -681493.724677 -0.983902 1628515970.844378
7471643.475503 -681493.828142 -0.983640 1628515970.894366
7471643.542825 -681493.927025 -0.983387 1628515970.944346
7471643.610972 -681494.027299 -0.983121 1628515970.994433
7471643.678018 -681494.125987 -0.982843 1628515971.044318
7471643.745178 -681494.224937 -0.982550 1628515971.094339
7471643.811963 -681494.323457 -0.982230 1628515971.144239
7471643.878306 -681494.421345 -0.981901 1628515971.194260
7471643.944025 -681494.518226 -0.981577 1628515971.244255
7471644.009485 -681494.614631 -0.981255 1628515971.294246
7471644.074515 -681494.710282 -0.980930 1628515971.344197
7471644.139223 -681494.805345 -0.980608 1628515971.394194
7471644.203351 -681494.899433 -0.980294 1628515971.444185
7471644.267578 -681494.993521 -0.979982 1628515971.494120
7471644.331797 -681495.087475 -0.979669 1628515971.544154
7471644.395531 -681495.180604 -0.979360 1628515971.594114
7471644.459220 -681495.273583 -0.979052 1628515971.644132
7471644.523130 -681495.366747 -0.978744 1628515971.694193
7471644.586774 -681495.459456 -0.978442 1628515971.744180
7471644.650218 -681495.551779 -0.978148 1628515971.794145
7471644.713619 -681495.643940 -0.977853 1628515971.844218
7471644.776598 -681495.735421 -0.977557 1628515971.894243
7471644.839608 -681495.826914 -0.977261 1628515971.944266
7471644.902629 -681495.918371 -0.976980 1628515971.994268
7471644.965517 -681496.009677 -0.976761 1628515972.044312
7471645.028072 -681496.100477 -0.976620 1628515972.094314
7471645.091143 -681496.192109 -0.976566 1628515972.145121
7471645.152054 -681496.280538 -0.976603 1628515972.194366
7471645.213923 -681496.370405 -0.976708 1628515972.244384
7471645.275168 -681496.459346 -0.976832 1628515972.294381
7471645.337663 -681496.550105 -0.976952 1628515972.345376
7471645.397720 -681496.637178 -0.977070 1628515972.394333
7471645.458733 -681496.725699 -0.977189 1628515972.444275
7471645.519410 -681496.813746 -0.977303 1628515972.494279
7471645.580827 -681496.902923 -0.977418 1628515972.545096
7471645.639856 -681496.988460 -0.977530 1628515972.594220
7471645.700216 -681497.075963 -0.977645 1628515972.644236
7471645.760575 -681497.163531 -0.977759 1628515972.694208
7471645.821836 -681497.252448 -0.977889 1628515972.745311
7471645.880235 -681497.337267 -0.978022 1628515972.794426
7471645.939915 -681497.424020 -0.978158 1628515972.844206
7471645.999693 -681497.511017 -0.978295 1628515972.894221
7471646.059269 -681497.597778 -0.978432 1628515972.944250
7471646.118707 -681497.684445 -0.978569 1628515972.994315
7471646.178099 -681497.771076 -0.978704 1628515973.044306
7471646.237436 -681497.857722 -0.978841 1628515973.094335
7471646.296587 -681497.944205 -0.978977 1628515973.144391
7471646.356243 -681498.031502 -0.979115 1628515973.194421
7471646.414796 -681498.117237 -0.979250 1628515973.244459
7471646.472781 -681498.202202 -0.979384 1628515973.294465
7471646.531563 -681498.288380 -0.979519 1628515973.344505
7471646.590637 -681498.375002 -0.979656 1628515973.394508
7471646.649162 -681498.460851 -0.979790 1628515973.444520
7471646.707357 -681498.546303 -0.979925 1628515973.494516
7471646.765696 -681498.632031 -0.980059 1628515973.544533
7471646.823257 -681498.716625 -0.980192 1628515973.594524
7471646.879946 -681498.800040 -0.980323 1628515973.644476
7471646.936855 -681498.883881 -0.980454 1628515973.694481
7471646.994276 -681498.968577 -0.980586 1628515973.744449
7471647.052649 -681499.054855 -0.980720 1628515973.794466
7471647.111571 -681499.141996 -0.980855 1628515973.844493
7471647.170510 -681499.229175 -0.980992 1628515973.894438
7471647.230031 -681499.317225 -0.981128 1628515973.944450
7471647.289571 -681499.405388 -0.981264 1628515973.994483
7471647.349780 -681499.494485 -0.981399 1628515974.044474
7471647.410423 -681499.584179 -0.981533 1628515974.094524
7471647.471307 -681499.674147 -0.981668 1628515974.144547
7471647.531533 -681499.763018 -0.981797 1628515974.194574
7471647.592673 -681499.853173 -0.981916 1628515974.244585
7471647.654955 -681499.945007 -0.982022 1628515974.294592
7471647.717061 -681500.036472 -0.982126 1628515974.344868
7471647.777632 -681500.125517 -0.982227 1628515974.394631
7471647.839860 -681500.216840 -0.982324 1628515974.444677
7471647.903206 -681500.309631 -0.982426 1628515974.494720
7471647.968490 -681500.405176 -0.982524 1628515974.545708
7471648.033991 -681500.500949 -0.982620 1628515974.594800
7471648.102649 -681500.601446 -0.982719 1628515974.644883
7471648.170893 -681500.701302 -0.982819 1628515974.694896
7471648.239473 -681500.801627 -0.982924 1628515974.745094
7471648.308237 -681500.902268 -0.983031 1628515974.794880
7471648.378768 -681501.005606 -0.983136 1628515974.845389
7471648.447780 -681501.106742 -0.983245 1628515974.894826
7471648.517477 -681501.208891 -0.983349 1628515974.944839
7471648.587080 -681501.310797 -0.983454 1628515974.994831
7471648.660860 -681501.418862 -0.983565 1628515975.044816
7471648.735930 -681501.528694 -0.983678 1628515975.094826
7471648.812110 -681501.639929 -0.983788 1628515975.144830
7471648.889382 -681501.752516 -0.983905 1628515975.194804
7471648.969643 -681501.869331 -0.984026 1628515975.244795
7471649.048320 -681501.983434 -0.984147 1628515975.294864
7471649.124537 -681502.093416 -0.984264 1628515975.344875
7471649.205306 -681502.209895 -0.984389 1628515975.394855
7471649.285437 -681502.325118 -0.984503 1628515975.444849
7471649.367321 -681502.442639 -0.984612 1628515975.494869
7471649.450076 -681502.561152 -0.984724 1628515975.544859
7471649.533369 -681502.680127 -0.984832 1628515975.594864
7471649.617516 -681502.799821 -0.984942 1628515975.644903
7471649.701958 -681502.919509 -0.985060 1628515975.694905
7471649.787148 -681503.039743 -0.985179 1628515975.744942
7471649.873149 -681503.160640 -0.985302 1628515975.795053
7471649.959876 -681503.282051 -0.985420 1628515975.844933
7471650.047552 -681503.404436 -0.985527 1628515975.894974
7471650.135605 -681503.526948 -0.985639 1628515975.944924
7471650.224567 -681503.650374 -0.985752 1628515975.994926
7471650.314345 -681503.774499 -0.985862 1628515976.044927
7471650.405161 -681503.899334 -0.985969 1628515976.094864
7471650.496357 -681504.023809 -0.986085 1628515976.144826
7471650.588322 -681504.148469 -0.986184 1628515976.194766
7471650.681653 -681504.274194 -0.986254 1628515976.244784
7471650.776114 -681504.400747 -0.986273 1628515976.294724
7471650.871636 -681504.527881 -0.986249 1628515976.344941
7471650.967874 -681504.654878 -0.986187 1628515976.395053
7471651.063991 -681504.780403 -0.986104 1628515976.444634
7471651.162448 -681504.908180 -0.986002 1628515976.494616
7471651.261649 -681505.035625 -0.985890 1628515976.544842
7471651.360857 -681505.161509 -0.985771 1628515976.594555
7471651.461863 -681505.288376 -0.985640 1628515976.644551
7471651.564878 -681505.416130 -0.985513 1628515976.694551
7471651.669845 -681505.544645 -0.985374 1628515976.745072
7471651.755867 -681505.700824 -0.985232 1628515976.794565
7471651.846366 -681505.845969 -0.985070 1628515976.844561
7471651.943142 -681505.996236 -0.984882 1628515976.894567
7471652.034336 -681506.141857 -0.984678 1628515976.944558
7471652.131223 -681506.280305 -0.984447 1628515976.994540
7471652.219211 -681506.414864 -0.984208 1628515977.044550
7471652.320706 -681506.573411 -0.983965 1628515977.094536
7471652.417544 -681506.726084 -0.983721 1628515977.144533
7471652.518219 -681506.869225 -0.983472 1628515977.194531
7471652.616634 -681507.008273 -0.983230 1628515977.244532
7471652.720605 -681507.158749 -0.982989 1628515977.294517
7471652.816831 -681507.307998 -0.982742 1628515977.344517
7471652.917809 -681507.461644 -0.982490 1628515977.394492
7471653.015786 -681507.608027 -0.982234 1628515977.444488
7471653.121147 -681507.761987 -0.981979 1628515977.494514
7471653.226274 -681507.912970 -0.981722 1628515977.544431
7471653.331692 -681508.062194 -0.981472 1628515977.594425
7471653.432480 -681508.216521 -0.981228 1628515977.644423
7471653.540582 -681508.382624 -0.980984 1628515977.694418
7471653.648992 -681508.542371 -0.980758 1628515977.744438
7471653.754669 -681508.696288 -0.980533 1628515977.794432
7471653.855465 -681508.845833 -0.980319 1628515977.844412
7471653.960191 -681509.002342 -0.980094 1628515977.894450
7471654.067567 -681509.158433 -0.979870 1628515977.944470
7471654.167020 -681509.312900 -0.979650 1628515977.994467
7471654.250099 -681509.468157 -0.979428 1628515978.044461
7471654.357389 -681509.636846 -0.979196 1628515978.094471
7471654.461434 -681509.798387 -0.978967 1628515978.144707
7471654.563856 -681509.956470 -0.978736 1628515978.194428
7471654.664753 -681510.111132 -0.978499 1628515978.244468
7471654.770038 -681510.271026 -0.978266 1628515978.294474
7471654.872871 -681510.423298 -0.978042 1628515978.345091
7471654.978151 -681510.582002 -0.977848 1628515978.394501
7471655.082292 -681510.739655 -0.977698 1628515978.444515
7471655.200583 -681510.898872 -0.977608 1628515978.494495
7471655.306190 -681511.060703 -0.977553 1628515978.545533
7471655.406229 -681511.211546 -0.977518 1628515978.594565
7471655.509533 -681511.370917 -0.977488 1628515978.644611
7471655.619080 -681511.538999 -0.977449 1628515978.694494
7471655.728248 -681511.701770 -0.977413 1628515978.745055
7471655.835024 -681511.855266 -0.977381 1628515978.794341
7471655.940444 -681512.007002 -0.977356 1628515978.844319
7471656.056275 -681512.168702 -0.977324 1628515978.894244
7471656.166566 -681512.329640 -0.977293 1628515978.944183
7471656.268913 -681512.488589 -0.977265 1628515978.994612
7471656.374112 -681512.634766 -0.977227 1628515979.044519
7471656.491141 -681512.798563 -0.977199 1628515979.094341
7471656.598208 -681512.957834 -0.977174 1628515979.144187
7471656.698905 -681513.116354 -0.977150 1628515979.194169
7471656.797948 -681513.268872 -0.977124 1628515979.244210
7471656.905753 -681513.431307 -0.977094 1628515979.294252
7471657.017507 -681513.589276 -0.977063 1628515979.344293
7471657.124801 -681513.742962 -0.977034 1628515979.394362
7471657.229869 -681513.895589 -0.977008 1628515979.444376
7471657.337550 -681514.061997 -0.976975 1628515979.494468
7471657.446199 -681514.223437 -0.976939 1628515979.544506
7471657.556056 -681514.380750 -0.976927 1628515979.594576
7471657.655097 -681514.537641 -0.976960 1628515979.644607
7471657.766328 -681514.700116 -0.977029 1628515979.694634
7471657.873452 -681514.856032 -0.977121 1628515979.744652
7471657.982575 -681515.010138 -0.977239 1628515979.794672
7471658.083827 -681515.163680 -0.977370 1628515979.844716
7471658.191837 -681515.326587 -0.977498 1628515979.894775
7471658.293427 -681515.485591 -0.977625 1628515979.944759
7471658.393364 -681515.639463 -0.977750 1628515979.994725
7471658.488991 -681515.784017 -0.977875 1628515980.044724
7471658.598161 -681515.945540 -0.977989 1628515980.094705
7471658.714284 -681516.101268 -0.978093 1628515980.145617
7471658.819352 -681516.252869 -0.978211 1628515980.194707
7471658.917810 -681516.407043 -0.978332 1628515980.244636
7471659.034435 -681516.575958 -0.978449 1628515980.296619
7471659.143342 -681516.727090 -0.978558 1628515980.344931
7471659.249060 -681516.881051 -0.978681 1628515980.394553
7471659.348850 -681517.033629 -0.978804 1628515980.444583
7471659.454863 -681517.194623 -0.978925 1628515980.494478
7471659.567870 -681517.345330 -0.979043 1628515980.545130
7471659.670169 -681517.496270 -0.979168 1628515980.594496
7471659.773391 -681517.646066 -0.979294 1628515980.644488
7471659.882075 -681517.805751 -0.979412 1628515980.694465
7471659.989959 -681517.959198 -0.979530 1628515980.744717
7471660.085507 -681518.112044 -0.979652 1628515980.794523
7471660.182149 -681518.258347 -0.979771 1628515980.844513
7471660.281027 -681518.415421 -0.979888 1628515980.894492
7471660.366220 -681518.575440 -0.980012 1628515980.944552
7471660.463862 -681518.724153 -0.980125 1628515980.994548
7471660.560820 -681518.865397 -0.980237 1628515981.044549
7471660.676675 -681519.035117 -0.980345 1628515981.094577
7471660.781688 -681519.182377 -0.980449 1628515981.144572
7471660.891054 -681519.322329 -0.980564 1628515981.194563
7471660.992299 -681519.469802 -0.980680 1628515981.244564
7471661.100020 -681519.632213 -0.980797 1628515981.295501
7471661.197658 -681519.787200 -0.980914 1628515981.344617
7471661.280930 -681519.946658 -0.981038 1628515981.394598
7471661.376028 -681520.095225 -0.981150 1628515981.444591
7471661.480813 -681520.253072 -0.981257 1628515981.495474
7471661.578162 -681520.396339 -0.981364 1628515981.544650
7471661.678116 -681520.534964 -0.981471 1628515981.594637
7471661.772700 -681520.683348 -0.981576 1628515981.644617
7471661.871075 -681520.845397 -0.981686 1628515981.695636
7471661.978768 -681520.986357 -0.981788 1628515981.744666
7471662.082196 -681521.129659 -0.981889 1628515981.794722
7471662.170836 -681521.274068 -0.982004 1628515981.844700
7471662.284845 -681521.421411 -0.982110 1628515981.895376
7471662.384815 -681521.570470 -0.982226 1628515981.944698
7471662.483517 -681521.713567 -0.982341 1628515981.994751
7471662.580944 -681521.856380 -0.982450 1628515982.044725
7471662.677210 -681522.001358 -0.982568 1628515982.094801
7471662.773610 -681522.146234 -0.982686 1628515982.145212
7471662.864715 -681522.287567 -0.982804 1628515982.194759
7471662.955113 -681522.425385 -0.982921 1628515982.244802
7471663.052784 -681522.572660 -0.983029 1628515982.294806
7471663.146179 -681522.718948 -0.983145 1628515982.344846
7471663.236153 -681522.860486 -0.983259 1628515982.394837
7471663.327269 -681522.996928 -0.983371 1628515982.444839
7471663.426831 -681523.141853 -0.983482 1628515982.494841
7471663.521210 -681523.286483 -0.983595 1628515982.544936
7471663.612244 -681523.424987 -0.983708 1628515982.594806
7471663.701005 -681523.560995 -0.983820 1628515982.644776
7471663.794704 -681523.704716 -0.983931 1628515982.694781
7471663.888018 -681523.846465 -0.984034 1628515982.745487
7471663.978751 -681523.977590 -0.984129 1628515982.794778
7471664.065994 -681524.109516 -0.984226 1628515982.844775
7471664.159102 -681524.250564 -0.984315 1628515982.894752
7471664.252370 -681524.386729 -0.984410 1628515982.944750
7471664.338889 -681524.528176 -0.984502 1628515982.994779
7471664.421752 -681524.660134 -0.984584 1628515983.044744
7471664.517268 -681524.807872 -0.984663 1628515983.095296
7471664.607351 -681524.948683 -0.984740 1628515983.144778
7471664.696441 -681525.090808 -0.984818 1628515983.194785
7471664.783731 -681525.223679 -0.984899 1628515983.244816
7471664.877926 -681525.358937 -0.984973 1628515983.294822
7471664.966683 -681525.492468 -0.985049 1628515983.344807
7471665.053127 -681525.624503 -0.985125 1628515983.394906
7471665.136269 -681525.753409 -0.985187 1628515983.444849
7471665.227937 -681525.887276 -0.985234 1628515983.495228
7471665.315812 -681526.017472 -0.985276 1628515983.544911
7471665.401151 -681526.153893 -0.985312 1628515983.594903
7471665.485166 -681526.286262 -0.985340 1628515983.644932
7471665.569719 -681526.428607 -0.985374 1628515983.695093
7471665.653564 -681526.565365 -0.985399 1628515983.744892
7471665.738863 -681526.698697 -0.985420 1628515983.794866
7471665.823597 -681526.826613 -0.985439 1628515983.844870
7471665.909646 -681526.962583 -0.985459 1628515983.895022
7471665.997676 -681527.091035 -0.985477 1628515983.944831
7471666.075956 -681527.220032 -0.985499 1628515983.994810
7471666.157504 -681527.339912 -0.985516 1628515984.044803
7471666.247882 -681527.475839 -0.985534 1628515984.094821
7471666.333998 -681527.609059 -0.985553 1628515984.144792
7471666.416531 -681527.740765 -0.985570 1628515984.194791
7471666.495008 -681527.869739 -0.985588 1628515984.244802
7471666.577896 -681528.006531 -0.985605 1628515984.294785
7471666.659707 -681528.133547 -0.985616 1628515984.344779
7471666.741302 -681528.256476 -0.985627 1628515984.394729
7471666.827046 -681528.375084 -0.985637 1628515984.444751
7471666.915306 -681528.500961 -0.985650 1628515984.494726
7471667.001338 -681528.624564 -0.985663 1628515984.545202
7471667.074724 -681528.751924 -0.985690 1628515984.594683
7471667.152555 -681528.875274 -0.985716 1628515984.644691
7471667.229909 -681529.011351 -0.985757 1628515984.694661
7471667.309335 -681529.142222 -0.985810 1628515984.744609
7471667.387344 -681529.273327 -0.985906 1628515984.794776
7471667.467525 -681529.392850 -0.986095 1628515984.844557
7471667.552122 -681529.519629 -0.986445 1628515984.894516
7471667.634649 -681529.639265 -0.987036 1628515984.944504
7471667.714723 -681529.756304 -0.987913 1628515984.994463
7471667.795273 -681529.870099 -0.989094 1628515985.044450
7471667.881018 -681529.998464 -0.990610 1628515985.094951
7471667.960079 -681530.125482 -0.992401 1628515985.144445
7471668.038410 -681530.243785 -0.994508 1628515985.194463
7471668.111241 -681530.359578 -0.996915 1628515985.244436
7471668.194399 -681530.485389 -0.999596 1628515985.294704
7471668.279717 -681530.604720 -1.002358 1628515985.344484
7471668.355768 -681530.727007 -1.005481 1628515985.394469
7471668.424745 -681530.848093 -1.008882 1628515985.444517
7471668.501881 -681530.973153 -1.012445 1628515985.494877
7471668.574529 -681531.092336 -1.016448 1628515985.544531
7471668.648318 -681531.208904 -1.020629 1628515985.594555
7471668.713958 -681531.323310 -1.025212 1628515985.644546
7471668.783372 -681531.446361 -1.030224 1628515985.694890
7471668.852014 -681531.563028 -1.035545 1628515985.744550
7471668.922456 -681531.678552 -1.041281 1628515985.794528
7471668.998063 -681531.783554 -1.047413 1628515985.844482
7471669.071727 -681531.901643 -1.053982 1628515985.894626
7471669.140187 -681532.020602 -1.060947 1628515985.944467
7471669.214989 -681532.129227 -1.068417 1628515985.994509
7471669.277200 -681532.243660 -1.076455 1628515986.044512
7471669.344225 -681532.373127 -1.085014 1628515986.095073
7471669.407626 -681532.494652 -1.093842 1628515986.144577
7471669.464048 -681532.611744 -1.103162 1628515986.194554
7471669.525772 -681532.728583 -1.112873 1628515986.244645
7471669.581717 -681532.859211 -1.122853 1628515986.294620
7471669.632512 -681532.993997 -1.133156 1628515986.344584
7471669.699973 -681533.100353 -1.143703 1628515986.394594
7471669.752646 -681533.212107 -1.154484 1628515986.444526
7471669.803096 -681533.332684 -1.165578 1628515986.494536
7471669.855426 -681533.456901 -1.177079 1628515986.544473
7471669.906121 -681533.575937 -1.188922 1628515986.594426
7471669.955911 -681533.688252 -1.201055 1628515986.644373
7471670.007376 -681533.807780 -1.213636 1628515986.694484
7471670.056932 -681533.924292 -1.226488 1628515986.744323
7471670.106324 -681534.036503 -1.239625 1628515986.794334
7471670.147442 -681534.150794 -1.252959 1628515986.844271
7471670.187456 -681534.277329 -1.266854 1628515986.895198
7471670.226946 -681534.387947 -1.280529 1628515986.944265
7471670.260198 -681534.497774 -1.294813 1628515986.994270
7471670.290635 -681534.605613 -1.309336 1628515987.044299
7471670.321114 -681534.730112 -1.324343 1628515987.094564
7471670.348627 -681534.848077 -1.339607 1628515987.144309
7471670.375214 -681534.961809 -1.355500 1628515987.194284
7471670.396540 -681535.073574 -1.371761 1628515987.244301
7471670.418870 -681535.191189 -1.388319 1628515987.294327
7471670.440477 -681535.305742 -1.405126 1628515987.344297
7471670.465614 -681535.412936 -1.422322 1628515987.394266
7471670.487483 -681535.520995 -1.439686 1628515987.444215
7471670.497482 -681535.646454 -1.457691 1628515987.494261
7471670.499638 -681535.774231 -1.475863 1628515987.544129
7471670.535635 -681535.855846 -1.494438 1628515987.594128
7471670.543695 -681535.958319 -1.513109 1628515987.644066
7471670.554498 -681536.066107 -1.532324 1628515987.694734
7471670.566024 -681536.169837 -1.550924 1628515987.744061
7471670.577831 -681536.273954 -1.569734 1628515987.794053
7471670.589215 -681536.375702 -1.588313 1628515987.844052
7471670.599641 -681536.477466 -1.606792 1628515987.894149
7471670.608002 -681536.579955 -1.625083 1628515987.944087
7471670.611952 -681536.687300 -1.643618 1628515987.994078
7471670.606250 -681536.792857 -1.661868 1628515988.044078
7471670.581136 -681536.904999 -1.679929 1628515988.094110
7471670.515955 -681537.034120 -1.697758 1628515988.144079
7471670.478290 -681537.152133 -1.715666 1628515988.194130
7471670.451982 -681537.255299 -1.733549 1628515988.244139
7471670.428695 -681537.360743 -1.751612 1628515988.294865
7471670.405874 -681537.458600 -1.768997 1628515988.344060
7471670.387086 -681537.557166 -1.786425 1628515988.394012
7471670.369780 -681537.651929 -1.803629 1628515988.443959
7471670.359312 -681537.746953 -1.821529 1628515988.494719
7471670.326199 -681537.848732 -1.839960 1628515988.543904
7471670.315695 -681537.933233 -1.856885 1628515988.593879
7471670.276200 -681538.024570 -1.874170 1628515988.643803
7471670.243899 -681538.123578 -1.891086 1628515988.693801
7471670.208354 -681538.221787 -1.907914 1628515988.744116
7471670.174952 -681538.314559 -1.924624 1628515988.793747
7471670.138848 -681538.400083 -1.941329 1628515988.843696
7471670.096620 -681538.491290 -1.958089 1628515988.893976
7471670.059190 -681538.583557 -1.974463 1628515988.943662
7471670.020162 -681538.676540 -1.991195 1628515988.993639
7471669.977484 -681538.764219 -2.007913 1628515989.043650
7471669.924976 -681538.864008 -2.024876 1628515989.094679
7471669.876839 -681538.960673 -2.041094 1628515989.143651
7471669.828582 -681539.053287 -2.057584 1628515989.193667
7471669.784127 -681539.144583 -2.074015 1628515989.243665
7471669.731140 -681539.244070 -2.090447 1628515989.293961
7471669.677432 -681539.346515 -2.106648 1628515989.343653
7471669.618546 -681539.443305 -2.122675 1628515989.393650
7471669.561294 -681539.540662 -2.138725 1628515989.443652
7471669.499244 -681539.644631 -2.154831 1628515989.494476
7471669.439935 -681539.740298 -2.170308 1628515989.543684
7471669.381628 -681539.829868 -2.186069 1628515989.593719
7471669.319173 -681539.926320 -2.201658 1628515989.643752
7471669.253850 -681540.023445 -2.217231 1628515989.694140
7471669.201489 -681540.114789 -2.232399 1628515989.743719
7471669.139238 -681540.201015 -2.247188 1628515989.793714
7471669.073197 -681540.286578 -2.262066 1628515989.843811
7471668.999786 -681540.377249 -2.276719 1628515989.894208
7471668.926892 -681540.463666 -2.290637 1628515989.943748
7471668.830681 -681540.613128 -2.304419 1628515989.993748
7471668.740443 -681540.734667 -2.317967 1628515990.043754
7471668.648852 -681540.856233 -2.331472 1628515990.094773
7471668.561899 -681540.960310 -2.343984 1628515990.143739
7471668.477157 -681541.059671 -2.356376 1628515990.193723
7471668.381919 -681541.143400 -2.368357 1628515990.243746
7471668.296216 -681541.256984 -2.379941 1628515990.294627
7471668.200248 -681541.359396 -2.390875 1628515990.343723
7471668.103550 -681541.467844 -2.401621 1628515990.393730
7471668.005349 -681541.573105 -2.411944 1628515990.443725
7471667.890530 -681541.671700 -2.421959 1628515990.494249
7471667.770123 -681541.766590 -2.431457 1628515990.543761
7471667.647919 -681541.861300 -2.440658 1628515990.593767
7471667.523747 -681541.955928 -2.449556 1628515990.643742
7471667.396787 -681542.051451 -2.458209 1628515990.694803
7471667.273881 -681542.142035 -2.466087 1628515990.743739
7471667.147205 -681542.234097 -2.473749 1628515990.793729
7471667.019379 -681542.325562 -2.481013 1628515990.843772
7471666.890390 -681542.416513 -2.488117 1628515990.894225
7471666.761390 -681542.506008 -2.494756 1628515990.943805
7471666.629261 -681542.596411 -2.501107 1628515990.994349
7471666.499354 -681542.683710 -2.506913 1628515991.043896
7471666.365998 -681542.772348 -2.512436 1628515991.094656
7471666.234543 -681542.858353 -2.517405 1628515991.143936
7471666.099602 -681542.945659 -2.522035 1628515991.193928
7471665.965264 -681543.031351 -2.526205 1628515991.243922
7471665.827337 -681543.118631 -2.530030 1628515991.294609
7471665.693754 -681543.201840 -2.533310 1628515991.343985
7471665.558692 -681543.285138 -2.536233 1628515991.393955
7471665.422079 -681543.368637 -2.538838 1628515991.444003
7471665.283169 -681543.454214 -2.541195 1628515991.494412
7471665.140740 -681543.542179 -2.543342 1628515991.546048
7471665.008615 -681543.623109 -2.545113 1628515991.593900
7471664.870491 -681543.707993 -2.546786 1628515991.643890
7471664.728760 -681543.795295 -2.548356 1628515991.694718
7471664.590259 -681543.880472 -2.549762 1628515991.743888
7471664.449445 -681543.967247 -2.551088 1628515991.793833
7471664.308204 -681544.054287 -2.552347 1628515991.843831
7471664.166923 -681544.141339 -2.553591 1628515991.893843
7471664.025713 -681544.228341 -2.554831 1628515991.943881
7471663.882076 -681544.317095 -2.556087 1628515991.993870
7471663.737378 -681544.406576 -2.557350 1628515992.043934
7471663.591263 -681544.496997 -2.558624 1628515992.094722
7471663.449284 -681544.584759 -2.559861 1628515992.144000
7471663.304322 -681544.674578 -2.561130 1628515992.194035
7471663.159028 -681544.764588 -2.562395 1628515992.244104
7471663.011722 -681544.855951 -2.563684 1628515992.294913
7471662.868933 -681544.944380 -2.564924 1628515992.344184
7471662.723524 -681545.034543 -2.566188 1628515992.394218
7471662.578245 -681545.124586 -2.567443 1628515992.444244
7471662.432877 -681545.214716 -2.568655 1628515992.494312
7471662.287492 -681545.304882 -2.569788 1628515992.544327
7471662.143360 -681545.394258 -2.570784 1628515992.594323
7471661.999479 -681545.483520 -2.571642 1628515992.644431
7471661.853700 -681545.574176 -2.572375 1628515992.695252
7471661.712599 -681545.662096 -2.572958 1628515992.744409
7471661.568636 -681545.752009 -2.573425 1628515992.794450
7471661.425458 -681545.841662 -2.573782 1628515992.844448
7471661.280071 -681545.933022 -2.574080 1628515992.895409
7471661.141122 -681546.020631 -2.574323 1628515992.944488
7471660.999694 -681546.110297 -2.574570 1628515992.994479
7471660.858444 -681546.200262 -2.574819 1628515993.044545
7471660.715105 -681546.292089 -2.575070 1628515993.095593
7471660.577786 -681546.380647 -2.575312 1628515993.144569
7471660.437699 -681546.471495 -2.575561 1628515993.194576
7471660.298803 -681546.562116 -2.575808 1628515993.244605
7471660.160007 -681546.653204 -2.576058 1628515993.294621
7471660.022307 -681546.744276 -2.576307 1628515993.344597
7471659.885150 -681546.835672 -2.576558 1628515993.394609
7471659.748329 -681546.927614 -2.576797 1628515993.444997
7471659.612282 -681547.019783 -2.577029 1628515993.495298
7471659.480261 -681547.110282 -2.577253 1628515993.544538
7471659.346763 -681547.202547 -2.577460 1628515993.594475
7471659.213523 -681547.295650 -2.577635 1628515993.644500
7471659.079108 -681547.390545 -2.577766 1628515993.695329
7471658.951149 -681547.482500 -2.577828 1628515993.744421
7471658.821929 -681547.576260 -2.577831 1628515993.794418
7471658.692933 -681547.670940 -2.577788 1628515993.844440
7471658.564742 -681547.765961 -2.577722 1628515993.894823
7471658.437691 -681547.861549 -2.577633 1628515993.945187
7471658.314757 -681547.955788 -2.577512 1628515993.994353
7471658.191057 -681548.051814 -2.577358 1628515994.044349
7471658.067663 -681548.148448 -2.577183 1628515994.094363
7471657.945847 -681548.245230 -2.576994 1628515994.144326
7471657.825530 -681548.342288 -2.576798 1628515994.194300
7471657.707709 -681548.439063 -2.576613 1628515994.244310
7471657.590996 -681548.535476 -2.576437 1628515994.294294
7471657.474181 -681548.632881 -2.576267 1628515994.344269
7471657.358469 -681548.730703 -2.576091 1628515994.394233
7471657.245570 -681548.827981 -2.575907 1628515994.444228
7471657.131425 -681548.925068 -2.575719 1628515994.494228
7471657.017718 -681549.021596 -2.575520 1628515994.544247
7471656.904070 -681549.118038 -2.575310 1628515994.594221
7471656.790101 -681549.214864 -2.575101 1628515994.644215
7471656.675297 -681549.310786 -2.574877 1628515994.694215
7471656.559335 -681549.406639 -2.574645 1628515994.744235
7471656.443336 -681549.501867 -2.574423 1628515994.794168
7471656.327033 -681549.596917 -2.574203 1628515994.844168
7471656.209075 -681549.691661 -2.573989 1628515994.894157
7471656.090588 -681549.785985 -2.573783 1628515994.944195
7471655.972138 -681549.879644 -2.573586 1628515994.994234
7471655.853440 -681549.973065 -2.573389 1628515995.044278
7471655.733655 -681550.066069 -2.573206 1628515995.094315
7471655.612153 -681550.159434 -2.573026 1628515995.144358
7471655.490851 -681550.252110 -2.572854 1628515995.194377
7471655.370029 -681550.344011 -2.572670 1628515995.244403
7471655.249159 -681550.434993 -2.572415 1628515995.294484
7471655.127806 -681550.525722 -2.572026 1628515995.344437
7471655.004316 -681550.617345 -2.571486 1628515995.394384
7471654.881232 -681550.708417 -2.570835 1628515995.444415
7471654.758000 -681550.798921 -2.570114 1628515995.494615
7471654.634887 -681550.888973 -2.569320 1628515995.544383
7471654.511079 -681550.979065 -2.568488 1628515995.594414
7471654.387251 -681551.068861 -2.567656 1628515995.644437
7471654.262950 -681551.158452 -2.566835 1628515995.694429
7471654.138981 -681551.247421 -2.566022 1628515995.744425
7471654.015936 -681551.335312 -2.565224 1628515995.794468
7471653.894022 -681551.421927 -2.564448 1628515995.844444
7471653.767512 -681551.510884 -2.563641 1628515995.895327
7471653.640846 -681551.599516 -2.562843 1628515995.944959
7471653.518537 -681551.684895 -2.562093 1628515995.994498
7471653.394373 -681551.770914 -2.561360 1628515996.044483
7471653.269626 -681551.856699 -2.560692 1628515996.094489
7471653.143678 -681551.942836 -2.560102 1628515996.144466
7471653.018012 -681552.028330 -2.559609 1628515996.194462
7471652.892818 -681552.113185 -2.559205 1628515996.244454
7471652.766777 -681552.198332 -2.558884 1628515996.294505
7471652.640992 -681552.282957 -2.558637 1628515996.344494
7471652.514895 -681552.367458 -2.558435 1628515996.394511
7471652.388950 -681552.451501 -2.558248 1628515996.444507
7471652.263028 -681552.535168 -2.558062 1628515996.494489
7471652.136515 -681552.618845 -2.557876 1628515996.544484
7471652.010781 -681552.701725 -2.557694 1628515996.594484
7471651.885256 -681552.784227 -2.557513 1628515996.644475
7471651.759421 -681552.866562 -2.557331 1628515996.694471
7471651.633385 -681552.948653 -2.557150 1628515996.744475
7471651.507923 -681553.030030 -2.556972 1628515996.794464
7471651.381549 -681553.111637 -2.556795 1628515996.844460
7471651.255133 -681553.192833 -2.556627 1628515996.894484
7471651.128679 -681553.273650 -2.556470 1628515996.944450
7471651.003012 -681553.353536 -2.556329 1628515996.994457
7471650.876968 -681553.433293 -2.556186 1628515997.045093
7471650.752728 -681553.511736 -2.556049 1628515997.094913
7471650.626397 -681553.591336 -2.555904 1628515997.144718
7471650.501171 -681553.669932 -2.555762 1628515997.194429
7471650.376164 -681553.748111 -2.555625 1628515997.244433
7471650.249641 -681553.827180 -2.555482 1628515997.294847
7471650.125733 -681553.904386 -2.555348 1628515997.344467
7471650.000862 -681553.982046 -2.555208 1628515997.394451
7471649.876065 -681554.059477 -2.555061 1628515997.444487
7471649.751169 -681554.136832 -2.554913 1628515997.494488
7471649.627136 -681554.213468 -2.554772 1628515997.544405
7471649.504786 -681554.288868 -2.554636 1628515997.594450
7471649.386535 -681554.361303 -2.554512 1628515997.644448
7471649.268264 -681554.433563 -2.554387 1628515997.695431
7471649.143937 -681554.509708 -2.554239 1628515997.744529
7471649.019507 -681554.585905 -2.554089 1628515997.794526
7471648.899103 -681554.659416 -2.553950 1628515997.844577
7471648.776313 -681554.734494 -2.553789 1628515997.894606
7471648.653630 -681554.809525 -2.553624 1628515997.944628
7471648.533217 -681554.883136 -2.553467 1628515997.994600
7471648.413438 -681554.956346 -2.553303 1628515998.044627
7471648.293832 -681555.029536 -2.553120 1628515998.094566
7471648.173664 -681555.103213 -2.552891 1628515998.144496
7471648.053738 -681555.176810 -2.552565 1628515998.194527
7471647.934198 -681555.250268 -2.552103 1628515998.244442
7471647.815528 -681555.323293 -2.551467 1628515998.294441
7471647.697126 -681555.396332 -2.550649 1628515998.344387
7471647.579852 -681555.468844 -2.549681 1628515998.394339
7471647.462600 -681555.541613 -2.548557 1628515998.444355
7471647.345596 -681555.614528 -2.547340 1628515998.494293
7471647.229921 -681555.686848 -2.545918 1628515998.544308
7471647.114915 -681555.759032 -2.544397 1628515998.594259
7471647.000065 -681555.831476 -2.542784 1628515998.644227
7471646.882683 -681555.906030 -2.541037 1628515998.694183
7471646.762659 -681555.982820 -2.539165 1628515998.744203
7471646.647249 -681556.056908 -2.537300 1628515998.794215
7471646.536952 -681556.127888 -2.535466 1628515998.844417
7471646.431252 -681556.196074 -2.533666 1628515998.894206
7471646.320638 -681556.268067 -2.531715 1628515998.944210
7471646.207425 -681556.342311 -2.529624 1628515998.994272
7471646.095853 -681556.415841 -2.527431 1628515999.044293
7471645.986745 -681556.488143 -2.525134 1628515999.094331
7471645.876646 -681556.561619 -2.522655 1628515999.144332
7471645.766317 -681556.635658 -2.519951 1628515999.194376
7471645.657315 -681556.709221 -2.517026 1628515999.244369
7471645.547011 -681556.784195 -2.513780 1628515999.295527
7471645.441025 -681556.856567 -2.510386 1628515999.344949
7471645.334628 -681556.929965 -2.506685 1628515999.394424
7471645.226662 -681557.004991 -2.502624 1628515999.444439
7471645.119056 -681557.080548 -2.498276 1628515999.494578
7471645.012485 -681557.156026 -2.493671 1628515999.544389
7471644.905799 -681557.232136 -2.488757 1628515999.594389
7471644.800241 -681557.308062 -2.483607 1628515999.644336
7471644.697252 -681557.383079 -2.478311 1628515999.694337
7471644.597527 -681557.456457 -2.472957 1628515999.744347
7471644.500180 -681557.528823 -2.467526 1628515999.794334
7471644.401383 -681557.603146 -2.461784 1628515999.844289
7471644.300782 -681557.679943 -2.455677 1628515999.894411
7471644.201939 -681557.756393 -2.449391 1628515999.944267
7471644.102638 -681557.834266 -2.442796 1628515999.995126
7471644.007949 -681557.909384 -2.436222 1628516000.044215
7471643.911150 -681557.987488 -2.429179 1628516000.094697
7471643.817122 -681558.064491 -2.422018 1628516000.144233
7471643.723889 -681558.142201 -2.414633 1628516000.194200
7471643.631882 -681558.220267 -2.407045 1628516000.244231
7471643.540863 -681558.299064 -2.399259 1628516000.294259
7471643.450323 -681558.378698 -2.391253 1628516000.344565
7471643.361425 -681558.458207 -2.383158 1628516000.394355
7471643.271842 -681558.539462 -2.374779 1628516000.444363
7471643.182824 -681558.621293 -2.366250 1628516000.494368
7471643.093961 -681558.704442 -2.357506 1628516000.544428
7471643.005062 -681558.789167 -2.348529 1628516000.594790
7471642.921864 -681558.869617 -2.339935 1628516000.644440
7471642.837464 -681558.953079 -2.330981 1628516000.694740
7471642.756104 -681559.034966 -2.322154 1628516000.744503
7471642.675500 -681559.117713 -2.313184 1628516000.794475
7471642.595784 -681559.201542 -2.304046 1628516000.844470
7471642.516776 -681559.286629 -2.294733 1628516000.895092
7471642.440688 -681559.370320 -2.285535 1628516000.944513
7471642.364555 -681559.455864 -2.276095 1628516000.994509
7471642.285517 -681559.546830 -2.266004 1628516001.047260
7471642.215918 -681559.628598 -2.256936 1628516001.094544
7471642.143242 -681559.715952 -2.247218 1628516001.144546
7471642.072041 -681559.803596 -2.237445 1628516001.194561
7471642.001547 -681559.892378 -2.227502 1628516001.244542
7471641.932234 -681559.981819 -2.217436 1628516001.294527
7471641.863908 -681560.072126 -2.207229 1628516001.344673
7471641.797234 -681560.162473 -2.196978 1628516001.394542
7471641.731669 -681560.253603 -2.186635 1628516001.444526
7471641.667154 -681560.345337 -2.176226 1628516001.494546
7471641.603742 -681560.437858 -2.165709 1628516001.544526
7471641.541883 -681560.530564 -2.155153 1628516001.594509
7471641.479893 -681560.625891 -2.144280 1628516001.645084
7471641.420767 -681560.719006 -2.133654 1628516001.694573
7471641.362107 -681560.813760 -2.122800 1628516001.744739
7471641.304430 -681560.909153 -2.111806 1628516001.794544
7471641.247715 -681561.005216 -2.100699 1628516001.844515
7471641.192179 -681561.101639 -2.089546 1628516001.894482
7471641.137406 -681561.199178 -2.078261 1628516001.944525
7471641.084250 -681561.296469 -2.067017 1628516001.994496
7471641.032117 -681561.394471 -2.055725 1628516002.044523
7471640.981090 -681561.493319 -2.044427 1628516002.094531
7471640.931078 -681561.593189 -2.033082 1628516002.144510
7471640.882383 -681561.693450 -2.021777 1628516002.194511
7471640.834991 -681561.794144 -2.010508 1628516002.244555
7471640.788457 -681561.895157 -1.999243 1628516002.294580
7471640.743063 -681561.996281 -1.988004 1628516002.344498
7471640.698629 -681562.097789 -1.976747 1628516002.394455
7471640.655203 -681562.199748 -1.965471 1628516002.444456
7471640.612564 -681562.301787 -1.954193 1628516002.494442
7471640.570502 -681562.404800 -1.942816 1628516002.544477
7471640.529722 -681562.507044 -1.931534 1628516002.594476
7471640.489617 -681562.610058 -1.920175 1628516002.644431
7471640.450134 -681562.713914 -1.908731 1628516002.694399
7471640.411558 -681562.817769 -1.897284 1628516002.744376
7471640.373908 -681562.921780 -1.885822 1628516002.794418
7471640.337167 -681563.026010 -1.874336 1628516002.844367
7471640.301402 -681563.130450 -1.862840 1628516002.894356
7471640.266511 -681563.235354 -1.851290 1628516002.944380
7471640.232796 -681563.339630 -1.839803 1628516002.994497
7471640.199767 -681563.444947 -1.828201 1628516003.044348
7471640.167559 -681563.551661 -1.816475 1628516003.094394
7471640.136597 -681563.657993 -1.804794 1628516003.144403
7471640.106688 -681563.764594 -1.793074 1628516003.194393
7471640.077835 -681563.871622 -1.781302 1628516003.244411
7471640.050158 -681563.979208 -1.769490 1628516003.294421
7471640.023680 -681564.086775 -1.757680 1628516003.344417
7471639.998394 -681564.194356 -1.745868 1628516003.394419
7471639.974151 -681564.302595 -1.733981 1628516003.444369
7471639.951227 -681564.411031 -1.722090 1628516003.494331
7471639.929538 -681564.519536 -1.710187 1628516003.544312
7471639.909008 -681564.628401 -1.698246 1628516003.594282
7471639.889697 -681564.737159 -1.686313 1628516003.644214
7471639.871727 -681564.846284 -1.674362 1628516003.694210
7471639.855050 -681564.955336 -1.662423 1628516003.744153
7471639.839604 -681565.064870 -1.650457 1628516003.794149
7471639.825446 -681565.173649 -1.638598 1628516003.844153
7471639.812585 -681565.282879 -1.626751 1628516003.894095
7471639.800951 -681565.392309 -1.614951 1628516003.944117
7471639.790519 -681565.502360 -1.603178 1628516003.994092
7471639.781320 -681565.612435 -1.591521 1628516004.044102
7471639.773329 -681565.724620 -1.579820 1628516004.095327
7471639.766708 -681565.831397 -1.568841 1628516004.144101
7471639.761240 -681565.941655 -1.557735 1628516004.194098
7471639.756943 -681566.051751 -1.546863 1628516004.244139
7471639.753762 -681566.160330 -1.536363 1628516004.294117
7471639.751692 -681566.269460 -1.526029 1628516004.344160
7471639.750707 -681566.378530 -1.515795 1628516004.394169
7471639.750762 -681566.487475 -1.505896 1628516004.444162
7471639.751996 -681566.596308 -1.496225 1628516004.494211
7471639.754298 -681566.704574 -1.486796 1628516004.544188
7471639.757637 -681566.812749 -1.477561 1628516004.594141
7471639.761975 -681566.920847 -1.468504 1628516004.644090
7471639.767364 -681567.029033 -1.459622 1628516004.694060
7471639.773676 -681567.136751 -1.450988 1628516004.744017
7471639.780820 -681567.243534 -1.442502 1628516004.793940
7471639.788832 -681567.350218 -1.434367 1628516004.843913
7471639.798288 -681567.457462 -1.426453 1628516004.893917
7471639.808688 -681567.564623 -1.418768 1628516004.943898
7471639.819952 -681567.671596 -1.411301 1628516004.993833
7471639.832180 -681567.778994 -1.403994 1628516005.043834
7471639.845477 -681567.886733 -1.396855 1628516005.093842
7471639.859705 -681567.994625 -1.389850 1628516005.143862
7471639.874990 -681568.103447 -1.382976 1628516005.193892
7471639.891124 -681568.212293 -1.376278 1628516005.243907
7471639.908014 -681568.320853 -1.369768 1628516005.293915
7471639.925661 -681568.429393 -1.363349 1628516005.343916
7471639.944226 -681568.538788 -1.357142 1628516005.393946
7471639.963478 -681568.648052 -1.351114 1628516005.443956
7471639.983327 -681568.757002 -1.345309 1628516005.493977
7471640.003678 -681568.865372 -1.339712 1628516005.543973
7471640.024695 -681568.974014 -1.334301 1628516005.593973
7471640.046276 -681569.082547 -1.329106 1628516005.644014
7471640.068407 -681569.190926 -1.324113 1628516005.694021
7471640.091192 -681569.299839 -1.319281 1628516005.744005
7471640.114483 -681569.408962 -1.314615 1628516005.794046
7471640.138571 -681569.519493 -1.310087 1628516005.844956
7471640.162012 -681569.626026 -1.305909 1628516005.894063
7471640.186303 -681569.734371 -1.301847 1628516005.944080
7471640.211113 -681569.843449 -1.297852 1628516005.994555
7471640.235552 -681569.950250 -1.294133 1628516006.044196
7471640.260792 -681570.057471 -1.290619 1628516006.094115
7471640.286450 -681570.164813 -1.287308 1628516006.144123
7471640.312305 -681570.271566 -1.284205 1628516006.194112
7471640.338657 -681570.378985 -1.281278 1628516006.244145
7471640.365631 -681570.486429 -1.278508 1628516006.294146
7471640.392912 -681570.593608 -1.275904 1628516006.344174
7471640.420446 -681570.700507 -1.273445 1628516006.394114
7471640.448301 -681570.807428 -1.271127 1628516006.444105
7471640.476714 -681570.914412 -1.268929 1628516006.494079
7471640.505709 -681571.022121 -1.266861 1628516006.544062
7471640.534832 -681571.129002 -1.264957 1628516006.594033
7471640.564246 -681571.235749 -1.263208 1628516006.643980
7471640.594428 -681571.343431 -1.261585 1628516006.693979
7471640.624832 -681571.450642 -1.260119 1628516006.743977
7471640.655525 -681571.557745 -1.258793 1628516006.793972
7471640.686392 -681571.664751 -1.257612 1628516006.843968
7471640.718042 -681571.772755 -1.256593 1628516006.893985
7471640.750263 -681571.881519 -1.255750 1628516006.943971
7471640.782624 -681571.989896 -1.255102 1628516006.993963
7471640.815463 -681572.099084 -1.254664 1628516007.043973
7471640.848935 -681572.209196 -1.254433 1628516007.093995
7471640.882631 -681572.319226 -1.254413 1628516007.143975
7471640.916534 -681572.429300 -1.254583 1628516007.193941
7471640.950811 -681572.540019 -1.254940 1628516007.243983
7471640.985617 -681572.651639 -1.255475 1628516007.293984
7471641.020513 -681572.762940 -1.256163 1628516007.344002
7471641.055589 -681572.874235 -1.256986 1628516007.394018
7471641.090809 -681572.985510 -1.257955 1628516007.444029
7471641.126498 -681573.097587 -1.259070 1628516007.494010
7471641.162391 -681573.209810 -1.260348 1628516007.543954
7471641.198457 -681573.322164 -1.261793 1628516007.594002
7471641.234621 -681573.434538 -1.263438 1628516007.643957
7471641.270992 -681573.547253 -1.265301 1628516007.693920
7471641.307499 -681573.662504 -1.267392 1628516007.743905
7471641.344150 -681573.778937 -1.269729 1628516007.793890
7471641.380937 -681573.896574 -1.272303 1628516007.843922
7471641.418081 -681574.016004 -1.275101 1628516007.893967
7471641.455389 -681574.136329 -1.278109 1628516007.943944
7471641.494950 -681574.265278 -1.281517 1628516007.997028
7471641.530271 -681574.381223 -1.284760 1628516008.043966
7471641.567848 -681574.505793 -1.288436 1628516008.094020
7471641.605355 -681574.631271 -1.292320 1628516008.144008
7471641.642940 -681574.758800 -1.296436 1628516008.194070
7471641.680439 -681574.887634 -1.300703 1628516008.244041
7471641.717915 -681575.017856 -1.305092 1628516008.293989
7471641.755271 -681575.149135 -1.309575 1628516008.344010
7471641.792752 -681575.282859 -1.314181 1628516008.393958
7471641.830511 -681575.419193 -1.318900 1628516008.443931
7471641.868211 -681575.557016 -1.323641 1628516008.493940
7471641.904785 -681575.693761 -1.328382 1628516008.543927
7471641.940473 -681575.829937 -1.333142 1628516008.593924
7471641.975583 -681575.966612 -1.337949 1628516008.643965
7471642.009836 -681576.102692 -1.342751 1628516008.693955
7471642.043467 -681576.239056 -1.347591 1628516008.744016
7471642.076229 -681576.374764 -1.352427 1628516008.794065
7471642.108113 -681576.509999 -1.357269 1628516008.844053
7471642.139355 -681576.645793 -1.362153 1628516008.894082
7471642.169734 -681576.781367 -1.367045 1628516008.944083
7471642.199387 -681576.917068 -1.371968 1628516008.994035
7471642.228313 -681577.052786 -1.376907 1628516009.044056
7471642.256704 -681577.189194 -1.381873 1628516009.094034
7471642.284381 -681577.325673 -1.386856 1628516009.144018
7471642.311292 -681577.462083 -1.391850 1628516009.193965
7471642.337508 -681577.598796 -1.396870 1628516009.243995
7471642.362989 -681577.735746 -1.401901 1628516009.294003
7471642.387800 -681577.873181 -1.406956 1628516009.344002
7471642.411954 -681578.010585 -1.412016 1628516009.394045
7471642.435378 -681578.148091 -1.417088 1628516009.444040
7471642.458101 -681578.286525 -1.422192 1628516009.494079
7471642.479914 -681578.424344 -1.427280 1628516009.544080
7471642.501119 -681578.562490 -1.432388 1628516009.594126
7471642.521688 -681578.701855 -1.437558 1628516009.644166
7471642.541343 -681578.840539 -1.442718 1628516009.694179
7471642.560133 -681578.979130 -1.447911 1628516009.744226
7471642.578467 -681579.120279 -1.453245 1628516009.794972
7471642.595516 -681579.257987 -1.458516 1628516009.844240
7471642.612030 -681579.397447 -1.463907 1628516009.894235
7471642.627779 -681579.536805 -1.469382 1628516009.944246
7471642.642742 -681579.676091 -1.474901 1628516009.994272
7471642.656874 -681579.815014 -1.480514 1628516010.044242
7471642.670252 -681579.954217 -1.486176 1628516010.094216
7471642.682885 -681580.093682 -1.491876 1628516010.144222
7471642.694770 -681580.232827 -1.497580 1628516010.194209
7471642.705797 -681580.372112 -1.503297 1628516010.244207
7471642.715920 -681580.510928 -1.509004 1628516010.294207
7471642.725268 -681580.649697 -1.514712 1628516010.344167
7471642.733889 -681580.788485 -1.520439 1628516010.394177
7471642.741607 -681580.926763 -1.526171 1628516010.444175
7471642.748371 -681581.064313 -1.531887 1628516010.494148
7471642.760721 -681581.199898 -1.537588 1628516010.544161
7471642.762573 -681581.340301 -1.543308 1628516010.594142
7471642.768661 -681581.476652 -1.548999 1628516010.644179
7471642.771787 -681581.622765 -1.554688 1628516010.694202
7471642.771487 -681581.765805 -1.560391 1628516010.744177
7471642.772641 -681581.904863 -1.566112 1628516010.794179
7471642.773240 -681582.040631 -1.571802 1628516010.844211
7471642.774171 -681582.184951 -1.577484 1628516010.894180
7471642.774647 -681582.324304 -1.583167 1628516010.944156
7471642.772468 -681582.457593 -1.588837 1628516010.994148
7471642.770950 -681582.593583 -1.594469 1628516011.044122
7471642.767832 -681582.743595 -1.600119 1628516011.094095
7471642.765012 -681582.886278 -1.605771 1628516011.144047
7471642.756621 -681583.025649 -1.611397 1628516011.194044
7471642.758229 -681583.162274 -1.617010 1628516011.244096
7471642.755994 -681583.305804 -1.622600 1628516011.294055
7471642.754316 -681583.443721 -1.628130 1628516011.344049
7471642.746351 -681583.578541 -1.633610 1628516011.394028
7471642.735747 -681583.709875 -1.639051 1628516011.444025
7471642.723965 -681583.849220 -1.644461 1628516011.494068
7471642.713871 -681583.982236 -1.649766 1628516011.544066
7471642.703444 -681584.116235 -1.655106 1628516011.594102
7471642.692408 -681584.247428 -1.660367 1628516011.644107
7471642.681848 -681584.383563 -1.665406 1628516011.694142
7471642.671039 -681584.516638 -1.670325 1628516011.744136
7471642.659759 -681584.644585 -1.675024 1628516011.794189
7471642.638919 -681584.771845 -1.679574 1628516011.844182
7471642.626895 -681584.904677 -1.683699 1628516011.894170
7471642.613527 -681585.032263 -1.687655 1628516011.944213
7471642.599914 -681585.156217 -1.691249 1628516011.994218
7471642.587838 -681585.277027 -1.694768 1628516012.044212
7471642.575877 -681585.424401 -1.697885 1628516012.094173
7471642.554773 -681585.564952 -1.700642 1628516012.144176
7471642.537371 -681585.690178 -1.702839 1628516012.194102
7471642.520936 -681585.814165 -1.704769 1628516012.244106
7471642.504117 -681585.944635 -1.706535 1628516012.294071
7471642.484511 -681586.071186 -1.707878 1628516012.344012
7471642.464316 -681586.193531 -1.708957 1628516012.393976
7471642.446908 -681586.316087 -1.709765 1628516012.443923
7471642.422795 -681586.443092 -1.710341 1628516012.493867
7471642.403776 -681586.569378 -1.710660 1628516012.543755
7471642.385984 -681586.694157 -1.710852 1628516012.593765
7471642.368211 -681586.814880 -1.710802 1628516012.643705
7471642.347638 -681586.941821 -1.710505 1628516012.693697
7471642.328555 -681587.064412 -1.709894 1628516012.743762
7471642.311027 -681587.185146 -1.709062 1628516012.793735
7471642.294886 -681587.304921 -1.708018 1628516012.843729
7471642.281378 -681587.431905 -1.706780 1628516012.893777
7471642.266120 -681587.557103 -1.705448 1628516012.943772
7471642.249187 -681587.676665 -1.703865 1628516012.993771
7471642.236570 -681587.790544 -1.702119 1628516013.043716
7471642.220516 -681587.917835 -1.700190 1628516013.093734
7471642.205384 -681588.043178 -1.698075 1628516013.143670
7471642.192070 -681588.166417 -1.695856 1628516013.193658
7471642.179528 -681588.284593 -1.693334 1628516013.243678
7471642.165345 -681588.410015 -1.690702 1628516013.293671
7471642.148904 -681588.531349 -1.687817 1628516013.343721
7471642.132387 -681588.649861 -1.684724 1628516013.393675
7471642.117524 -681588.767609 -1.681425 1628516013.443638
7471642.103320 -681588.890931 -1.677921 1628516013.493687
7471642.088489 -681589.011239 -1.674268 1628516013.543706
7471642.074636 -681589.129757 -1.670524 1628516013.593679
7471642.063948 -681589.248737 -1.666686 1628516013.643626
7471642.051258 -681589.375374 -1.662791 1628516013.693626
7471642.037807 -681589.497859 -1.658874 1628516013.743592
7471642.025898 -681589.620056 -1.654856 1628516013.793579
7471642.012706 -681589.739867 -1.650736 1628516013.843521
7471642.004915 -681589.863734 -1.646456 1628516013.893516
7471642.002455 -681589.982980 -1.641926 1628516013.944754
7471641.996602 -681590.096257 -1.637444 1628516013.993509
7471641.990888 -681590.210913 -1.632641 1628516014.043526
7471641.984985 -681590.337762 -1.627580 1628516014.093510
7471641.978613 -681590.459808 -1.622246 1628516014.143521
7471641.969174 -681590.581634 -1.616652 1628516014.193514
7471641.963870 -681590.700828 -1.610796 1628516014.243489
7471641.959109 -681590.828875 -1.604662 1628516014.293483
7471641.955387 -681590.953300 -1.598264 1628516014.343533
7471641.951827 -681591.075012 -1.591627 1628516014.393494
7471641.949854 -681591.194639 -1.584719 1628516014.443471
7471641.949453 -681591.325343 -1.577563 1628516014.493517
7471641.947684 -681591.451730 -1.570249 1628516014.543514
7471641.947244 -681591.572089 -1.562776 1628516014.593540
7471641.948144 -681591.688059 -1.555161 1628516014.643515
7471641.951787 -681591.813571 -1.547416 1628516014.693494
7471641.956173 -681591.935588 -1.539489 1628516014.743446
7471641.959852 -681592.056561 -1.531351 1628516014.793467
7471641.963700 -681592.175445 -1.522968 1628516014.843398
7471641.968310 -681592.301467 -1.514409 1628516014.893342
7471641.975257 -681592.426307 -1.505524 1628516014.943345
7471641.982785 -681592.546408 -1.496308 1628516014.993302
7471641.989250 -681592.658929 -1.486690 1628516015.043352
7471641.997905 -681592.784859 -1.476697 1628516015.093281
7471642.009413 -681592.908097 -1.466243 1628516015.143357
7471642.022250 -681593.026910 -1.455401 1628516015.193332
7471642.034690 -681593.144103 -1.444113 1628516015.243345
7471642.050650 -681593.271258 -1.432397 1628516015.293314
7471642.067169 -681593.398430 -1.420435 1628516015.343340
7471642.081550 -681593.522453 -1.407840 1628516015.393279
7471642.099509 -681593.640388 -1.394753 1628516015.443258
7471642.122904 -681593.762063 -1.381183 1628516015.493257
7471642.148674 -681593.877193 -1.367083 1628516015.543249
7471642.169009 -681593.995374 -1.352613 1628516015.593244
7471642.186331 -681594.117302 -1.337696 1628516015.643196
7471642.211772 -681594.242214 -1.322251 1628516015.693189
7471642.239381 -681594.361973 -1.306361 1628516015.743233
7471642.269405 -681594.475672 -1.290146 1628516015.793233
7471642.302737 -681594.586934 -1.273574 1628516015.843225
7471642.339766 -681594.705314 -1.256670 1628516015.893225
7471642.375051 -681594.822793 -1.239457 1628516015.943297
7471642.413591 -681594.936271 -1.221929 1628516015.993680
7471642.450401 -681595.044473 -1.204480 1628516016.043306
7471642.494810 -681595.167018 -1.186593 1628516016.093349
7471642.542351 -681595.281883 -1.168505 1628516016.143341
7471642.593486 -681595.391475 -1.150183 1628516016.193381
7471642.643760 -681595.496003 -1.131770 1628516016.243378
7471642.697188 -681595.607338 -1.113037 1628516016.293433
7471642.749564 -681595.715260 -1.094082 1628516016.343445
7471642.800143 -681595.821527 -1.074935 1628516016.393455
7471642.853583 -681595.924992 -1.055623 1628516016.443568
7471642.912462 -681596.036426 -1.036271 1628516016.493452
7471642.975119 -681596.142215 -1.016614 1628516016.543473
7471643.037171 -681596.243526 -0.996861 1628516016.593398
7471643.099848 -681596.338873 -0.976968 1628516016.643394
7471643.172446 -681596.438449 -0.956872 1628516016.693415
7471643.239463 -681596.536973 -0.936607 1628516016.743363
7471643.305485 -681596.633088 -0.916214 1628516016.793338
7471643.372924 -681596.725566 -0.895666 1628516016.843336
7471643.447893 -681596.823590 -0.875026 1628516016.893424
7471643.524638 -681596.922206 -0.854398 1628516016.943424
7471643.603183 -681597.014471 -0.833603 1628516016.993421
7471643.677656 -681597.100807 -0.812829 1628516017.043409
7471643.759745 -681597.197118 -0.792078 1628516017.093449
7471643.843307 -681597.284525 -0.771316 1628516017.143474
7471643.926167 -681597.368531 -0.750553 1628516017.193484
7471644.009753 -681597.447856 -0.729718 1628516017.243486
7471644.101315 -681597.529789 -0.708880 1628516017.293489
7471644.192117 -681597.607167 -0.688116 1628516017.343500
7471644.279587 -681597.684969 -0.667325 1628516017.393520
7471644.365651 -681597.759586 -0.646451 1628516017.443518
7471644.458769 -681597.835889 -0.625568 1628516017.493535
7471644.550753 -681597.909962 -0.604610 1628516017.543589
7471644.642711 -681597.978734 -0.583647 1628516017.593592
7471644.737711 -681598.041279 -0.562493 1628516017.643547
7471644.838431 -681598.100619 -0.541279 1628516017.693612
7471644.936674 -681598.160622 -0.519985 1628516017.743593
7471645.037105 -681598.220103 -0.498675 1628516017.793613
7471645.137746 -681598.275995 -0.477072 1628516017.843822
7471645.244471 -681598.327543 -0.455497 1628516017.893596
7471645.352345 -681598.386067 -0.433922 1628516017.943639
7471645.454342 -681598.435750 -0.412264 1628516017.993640
7471645.552772 -681598.480163 -0.390547 1628516018.043607
7471645.665673 -681598.531205 -0.368724 1628516018.093645
7471645.776436 -681598.576255 -0.346834 1628516018.143651
7471645.885336 -681598.616078 -0.324999 1628516018.193696
7471645.991151 -681598.653880 -0.303180 1628516018.243707
7471646.107409 -681598.696446 -0.280926 1628516018.294737
7471646.220945 -681598.722096 -0.259651 1628516018.343705
7471646.340246 -681598.757670 -0.237885 1628516018.393811
7471646.451631 -681598.784447 -0.216213 1628516018.443719
7471646.565878 -681598.814021 -0.194596 1628516018.493755
7471646.679920 -681598.834644 -0.173027 1628516018.543831
7471646.794175 -681598.850855 -0.151556 1628516018.593800
7471646.907380 -681598.871529 -0.130172 1628516018.643790
7471647.028700 -681598.891985 -0.108601 1628516018.694470
7471647.144787 -681598.907521 -0.087815 1628516018.743853
7471647.263077 -681598.920185 -0.067181 1628516018.793870
7471647.376446 -681598.930552 -0.046888 1628516018.843777
7471647.499530 -681598.940532 -0.026769 1628516018.893884
7471647.617364 -681598.948148 -0.007026 1628516018.943772
7471647.731295 -681598.946492 0.012434 1628516018.993916
7471647.844150 -681598.950098 0.031498 1628516019.044451
7471647.968486 -681598.949298 0.049760 1628516019.093803
7471648.089170 -681598.940357 0.067901 1628516019.143806
7471648.208713 -681598.928787 0.085581 1628516019.193797
7471648.328504 -681598.923172 0.103146 1628516019.244621
7471648.449702 -681598.915941 0.119754 1628516019.293857
7471648.568293 -681598.904804 0.136276 1628516019.343926
7471648.685553 -681598.891737 0.152298 1628516019.393876
7471648.801702 -681598.873056 0.168300 1628516019.444674
7471648.920873 -681598.851808 0.183157 1628516019.493873
7471649.040101 -681598.827815 0.197962 1628516019.543936
7471649.156938 -681598.802081 0.212359 1628516019.593904
7471649.277333 -681598.790644 0.226365 1628516019.643917
7471649.403492 -681598.771863 0.240100 1628516019.693988
7471649.525986 -681598.752948 0.253580 1628516019.743949
7471649.643079 -681598.729097 0.266765 1628516019.793986
7471649.758330 -681598.700658 0.279693 1628516019.844313
7471649.879689 -681598.663012 0.292161 1628516019.894035
7471649.998680 -681598.630350 0.304397 1628516019.944083
7471650.115920 -681598.591554 0.316449 1628516019.994084
7471650.227851 -681598.551050 0.327979 1628516020.044054
7471650.349058 -681598.500820 0.339169 1628516020.094074
7471650.465574 -681598.453498 0.350167 1628516020.144234
7471650.581300 -681598.414555 0.360636 1628516020.194118
7471650.697161 -681598.373658 0.370797 1628516020.244084
7471650.822288 -681598.332858 0.380619 1628516020.294144
7471650.943036 -681598.292163 0.390131 1628516020.344129
7471651.055358 -681598.246198 0.399307 1628516020.394135
7471651.167278 -681598.198543 0.408320 1628516020.444176
7471651.289872 -681598.152409 0.416930 1628516020.494185
7471651.411755 -681598.101650 0.425320 1628516020.544204
7471651.528913 -681598.046499 0.433478 1628516020.594198
7471651.639490 -681597.989746 0.441392 1628516020.644238
7471651.760747 -681597.936840 0.449091 1628516020.694280
7471651.879763 -681597.881042 0.456610 1628516020.744324
7471651.990833 -681597.820441 0.463918 1628516020.794333
7471652.096630 -681597.761801 0.471093 1628516020.844332
7471652.217372 -681597.705985 0.477922 1628516020.894311
7471652.331851 -681597.641637 0.484514 1628516020.944311
7471652.444137 -681597.579930 0.490833 1628516020.994314
7471652.552888 -681597.524697 0.496865 1628516021.044302
7471652.673833 -681597.461440 0.502756 1628516021.094345
7471652.786521 -681597.390377 0.508145 1628516021.144416
7471652.904679 -681597.330121 0.513190 1628516021.194355
7471653.020022 -681597.269654 0.517949 1628516021.244604
7471653.137808 -681597.200813 0.522493 1628516021.294389
7471653.254800 -681597.139711 0.526465 1628516021.344419
7471653.364331 -681597.072786 0.530068 1628516021.394451
7471653.470625 -681597.001355 0.533294 1628516021.444452
7471653.588765 -681596.935467 0.536327 1628516021.494473
7471653.708350 -681596.880285 0.538988 1628516021.544496
7471653.824080 -681596.815108 0.541313 1628516021.594541
7471653.938592 -681596.749219 0.543189 1628516021.645386
7471654.056607 -681596.677993 0.544860 1628516021.694569
7471654.172736 -681596.607437 0.546306 1628516021.744621
7471654.287492 -681596.538348 0.547537 1628516021.794697
7471654.401806 -681596.468561 0.548613 1628516021.845429
7471654.517308 -681596.395215 0.549530 1628516021.894701
7471654.631917 -681596.322594 0.550387 1628516021.944782
7471654.744829 -681596.252615 0.551238 1628516021.995519
7471654.849648 -681596.190972 0.552060 1628516022.044779
7471654.973358 -681596.115395 0.552900 1628516022.094817
7471655.091884 -681596.038656 0.553746 1628516022.144810
7471655.208719 -681595.961546 0.554594 1628516022.194915
7471655.318454 -681595.892389 0.555403 1628516022.244875
7471655.436247 -681595.823076 0.556172 1628516022.294847
7471655.552424 -681595.753462 0.556925 1628516022.344850
7471655.663732 -681595.677812 0.557679 1628516022.394841
7471655.777616 -681595.607561 0.558433 1628516022.444790
7471655.894863 -681595.525429 0.559194 1628516022.494791
7471656.004743 -681595.441580 0.559952 1628516022.544840
7471656.116795 -681595.366423 0.560695 1628516022.594755
7471656.230495 -681595.298264 0.561423 1628516022.644737
7471656.350135 -681595.221850 0.562097 1628516022.694679
7471656.465865 -681595.144087 0.562659 1628516022.744628
7471656.580525 -681595.071718 0.563066 1628516022.794595
7471656.692807 -681595.001634 0.563310 1628516022.844537
7471656.814701 -681594.925776 0.563410 1628516022.894481
7471656.928956 -681594.844480 0.563421 1628516022.944474
7471657.041281 -681594.764367 0.563383 1628516022.995024
7471657.149718 -681594.691029 0.563335 1628516023.044432
7471657.272723 -681594.611601 0.563284 1628516023.094373
7471657.392230 -681594.533425 0.563233 1628516023.144319
7471657.509795 -681594.460916 0.563179 1628516023.194282
7471657.624108 -681594.386874 0.563128 1628516023.244223
7471657.745810 -681594.311717 0.563074 1628516023.294142
7471657.863062 -681594.231980 0.563024 1628516023.344081
7471657.982584 -681594.158424 0.562969 1628516023.394033
7471658.101449 -681594.086122 0.562865 1628516023.445110
7471658.219853 -681594.009208 0.562668 1628516023.493930
7471658.339740 -681593.930630 0.562330 1628516023.543938
7471658.459394 -681593.858583 0.561863 1628516023.593873
7471658.577516 -681593.782895 0.561255 1628516023.644383
7471658.698985 -681593.702334 0.560546 1628516023.693867
7471658.821339 -681593.628283 0.559726 1628516023.743914
7471658.940731 -681593.550033 0.558801 1628516023.793881
7471659.054876 -681593.469832 0.557742 1628516023.843803
7471659.180378 -681593.388342 0.556565 1628516023.893821
7471659.305189 -681593.311886 0.555320 1628516023.943826
7471659.429538 -681593.239189 0.554065 1628516023.993815
7471659.547835 -681593.169746 0.552812 1628516024.043837
7471659.676486 -681593.091108 0.551568 1628516024.093833
7471659.802841 -681593.015214 0.550393 1628516024.143843
7471659.925528 -681592.938291 0.549298 1628516024.193831
7471660.046335 -681592.861961 0.548306 1628516024.243822
7471660.175327 -681592.774509 0.547449 1628516024.295100
7471660.297687 -681592.700160 0.546797 1628516024.343823
7471660.423186 -681592.629884 0.546309 1628516024.393723
7471660.548811 -681592.564360 0.545945 1628516024.443722
7471660.683116 -681592.497844 0.545672 1628516024.493937
7471660.809713 -681592.427337 0.545445 1628516024.543664
7471660.933034 -681592.354183 0.545226 1628516024.593614
7471661.058038 -681592.284829 0.545005 1628516024.643662
7471661.188325 -681592.208340 0.544788 1628516024.693605
7471661.310637 -681592.128582 0.544573 1628516024.743585
7471661.434639 -681592.057953 0.544355 1628516024.793550
7471661.555115 -681591.985282 0.544139 1628516024.843551
7471661.685800 -681591.908857 0.543922 1628516024.893571
7471661.811031 -681591.831524 0.543708 1628516024.943544
7471661.932938 -681591.753446 0.543493 1628516024.993557
7471662.058375 -681591.679301 0.543265 1628516025.045959
7471662.185810 -681591.601600 0.543057 1628516025.093617
7471662.312074 -681591.520393 0.542840 1628516025.143644
7471662.438071 -681591.443168 0.542614 1628516025.193688
7471662.562726 -681591.366137 0.542389 1628516025.244359
7471662.688052 -681591.286521 0.542172 1628516025.293754
7471662.811418 -681591.204711 0.541951 1628516025.343792
7471662.934106 -681591.127305 0.541728 1628516025.393795
7471663.056663 -681591.048102 0.541503 1628516025.444096
7471663.184201 -681590.966113 0.541289 1628516025.493862
7471663.312268 -681590.889926 0.541103 1628516025.543916
7471663.438070 -681590.817045 0.540954 1628516025.593929
7471663.559772 -681590.738085 0.540868 1628516025.644649
7471663.689834 -681590.664107 0.540847 1628516025.693943
7471663.817603 -681590.587460 0.540890 1628516025.743960
7471663.945126 -681590.522251 0.540974 1628516025.794001
7471664.068226 -681590.455721 0.541099 1628516025.843944
7471664.201074 -681590.387002 0.541280 1628516025.893982
7471664.327664 -681590.319412 0.541527 1628516025.943925
7471664.453363 -681590.251432 0.541824 1628516025.994035
7471664.568333 -681590.171518 0.542132 1628516026.043896
7471664.698058 -681590.093383 0.542437 1628516026.093870
7471664.820648 -681590.013741 0.542741 1628516026.143862
7471664.943107 -681589.937732 0.543044 1628516026.193878
7471665.059755 -681589.859241 0.543346 1628516026.243878
7471665.182998 -681589.774674 0.543644 1628516026.293856
7471665.311953 -681589.707966 0.543935 1628516026.343870
7471665.436913 -681589.641057 0.544235 1628516026.393857
7471665.557848 -681589.566116 0.544534 1628516026.443861
7471665.689847 -681589.480161 0.544835 1628516026.493917
7471665.814091 -681589.400155 0.545128 1628516026.543919
7471665.929400 -681589.323682 0.545421 1628516026.593943
7471666.039879 -681589.251586 0.545713 1628516026.643964
7471666.161850 -681589.177349 0.546000 1628516026.693957
7471666.287705 -681589.101361 0.546288 1628516026.743958
7471666.410596 -681589.029131 0.546578 1628516026.794015
7471666.520570 -681588.958202 0.546864 1628516026.843991
7471666.641012 -681588.886325 0.547146 1628516026.894038
7471666.765127 -681588.825896 0.547425 1628516026.944051
7471666.884160 -681588.763819 0.547716 1628516026.994479
7471667.000577 -681588.717147 0.547995 1628516027.044042
7471667.128009 -681588.649037 0.548282 1628516027.093973
7471667.252102 -681588.584557 0.548577 1628516027.143970
7471667.374343 -681588.516605 0.548875 1628516027.193967
7471667.493881 -681588.450982 0.549180 1628516027.243930
7471667.613385 -681588.371156 0.549481 1628516027.293972
7471667.733898 -681588.304883 0.549771 1628516027.343930
7471667.854836 -681588.237067 0.550072 1628516027.393924
7471667.968762 -681588.170595 0.550402 1628516027.443951
7471668.091933 -681588.095395 0.550756 1628516027.493983
7471668.215843 -681588.025153 0.551111 1628516027.544030
7471668.334804 -681587.975126 0.551464 1628516027.594083
7471668.444424 -681587.904113 0.551841 1628516027.644119
7471668.563244 -681587.831232 0.552237 1628516027.694179
7471668.678323 -681587.757709 0.552660 1628516027.744201
7471668.787646 -681587.681542 0.553101 1628516027.794266
7471668.902916 -681587.624282 0.553547 1628516027.844285
7471669.022119 -681587.550090 0.554106 1628516027.894329
7471669.140187 -681587.479361 0.554762 1628516027.944392
7471669.255121 -681587.418509 0.555506 1628516027.994365
7471669.360583 -681587.354179 0.556349 1628516028.044392
7471669.485292 -681587.281062 0.557412 1628516028.094395
7471669.604295 -681587.212366 0.558628 1628516028.144360
7471669.716391 -681587.146258 0.560009 1628516028.194370
7471669.825332 -681587.079113 0.561565 1628516028.244342
7471669.943809 -681587.010493 0.563317 1628516028.294338
7471670.060988 -681586.942005 0.565240 1628516028.344395
7471670.176296 -681586.871216 0.567322 1628516028.394333
7471670.287633 -681586.806275 0.569566 1628516028.444338
7471670.401653 -681586.742245 0.571894 1628516028.494331
7471670.514205 -681586.674477 0.574452 1628516028.544326
7471670.631766 -681586.602877 0.577057 1628516028.594342
7471670.740168 -681586.532950 0.579843 1628516028.644320
7471670.849943 -681586.459738 0.582755 1628516028.694309
7471670.953627 -681586.392527 0.585804 1628516028.744371
7471671.060503 -681586.328690 0.588977 1628516028.794351
7471671.165036 -681586.262322 0.592298 1628516028.844346
7471671.272771 -681586.176819 0.595694 1628516028.894346
7471671.387881 -681586.099215 0.599259 1628516028.944477
7471671.498250 -681586.028931 0.602964 1628516028.994632
7471671.580905 -681585.962700 0.606787 1628516029.044394
7471671.686215 -681585.887769 0.610757 1628516029.094410
7471671.789124 -681585.811127 0.614890 1628516029.144418
7471671.891714 -681585.738705 0.619204 1628516029.194412
7471671.991140 -681585.670333 0.623736 1628516029.244405
7471672.094809 -681585.593570 0.628501 1628516029.294410
7471672.197311 -681585.519707 0.633532 1628516029.344449
7471672.298306 -681585.445381 0.638885 1628516029.394464
7471672.396473 -681585.374211 0.644606 1628516029.444439
7471672.501349 -681585.301594 0.650731 1628516029.494444
7471672.603089 -681585.232285 0.657276 1628516029.544519
7471672.699193 -681585.162177 0.664187 1628516029.594427
7471672.793106 -681585.095091 0.671463 1628516029.644443
7471672.884516 -681585.017228 0.679001 1628516029.694377
7471672.974801 -681584.936931 0.686857 1628516029.744323
7471673.061805 -681584.848408 0.694981 1628516029.794228
7471673.148854 -681584.768422 0.703318 1628516029.844184
7471673.249605 -681584.684571 0.711843 1628516029.894104
7471673.343877 -681584.600078 0.720605 1628516029.944045
7471673.436005 -681584.523204 0.729539 1628516029.993982
7471673.523337 -681584.455197 0.738685 1628516030.043967
7471673.617766 -681584.375901 0.747918 1628516030.093939
7471673.708960 -681584.302630 0.757243 1628516030.143847
7471673.798916 -681584.223546 0.766603 1628516030.193830
7471673.882918 -681584.148452 0.776010 1628516030.243780
