RDDF_ANNOTATION_TYPE_TRAFFIC_LIGHT	8	0	-2.326420	7757496.310793	-364159.776346	6.354065
RDDF_ANNOTATION_TYPE_TRAFFIC_LIGHT	8	0	-2.359901	7757492.317114	-364153.128416	5.896590
RDDF_ANNOTATION_TYPE_TRAFFIC_LIGHT	8	0	-2.359901	7757491.420661	-364156.311624	5.718940
RDDF_ANNOTATION_TYPE_TRAFFIC_LIGHT	8	0	3.016506	7757258.259968	-364122.432734	5.888550
RDDF_ANNOTATION_TYPE_TRAFFIC_LIGHT	8	0	3.023419	7757257.042633	-364126.956416	2.123670
RDDF_ANNOTATION_TYPE_TRAFFIC_LIGHT	8	0	3.024393	7757152.087849	-364109.310095	5.202294
RDDF_ANNOTATION_TYPE_TRAFFIC_LIGHT	8	0	3.024393	7757152.275238	-364106.196032	5.349424
RDDF_ANNOTATION_TYPE_TRAFFIC_LIGHT	8	0	3.002889	7756829.933293	-364061.943925	5.986696
RDDF_ANNOTATION_TYPE_TRAFFIC_LIGHT	8	0	3.002889	7756829.974528	-364065.492706	6.363883
RDDF_ANNOTATION_TYPE_TRAFFIC_LIGHT	8	0	-2.530275	7756147.011513	-363807.455842	6.091551
RDDF_ANNOTATION_TYPE_TRAFFIC_LIGHT	8	0	-2.530275	7756141.797940	-363800.128017	6.175731
RDDF_ANNOTATION_TYPE_TRAFFIC_LIGHT	8	0	-2.764945	7756012.457733	-363864.059075	3.559085
RDDF_ANNOTATION_TYPE_TRAFFIC_LIGHT	8	0	-2.783388	7756013.304599	-363859.126720	6.720836
RDDF_ANNOTATION_TYPE_TRAFFIC_LIGHT	8	0	-2.971365	7755782.244909	-363937.428387	6.431207
RDDF_ANNOTATION_TYPE_TRAFFIC_LIGHT	8	0	-2.971365	7755792.116472	-363941.841891	2.874116
RDDF_ANNOTATION_TYPE_TRAFFIC_LIGHT	8	0	-2.743493	7755651.278380	-364004.562458	6.756474
RDDF_ANNOTATION_TYPE_TRAFFIC_LIGHT	8	0	-2.739561	7755519.064008	-364060.493526	3.045493
