RDDF_ANNOTATION_TYPE_TRAFFIC_LIGHT	8	0	-2.326420	7757496.310793	-364159.776346	6.354065
RDDF_ANNOTATION_TYPE_TRAFFIC_LIGHT	8	0	-2.359901	7757492.317114	-364153.128416	5.896590
RDDF_ANNOTATION_TYPE_TRAFFIC_LIGHT	8	0	-2.359901	7757491.420661	-364156.311624	5.718940
RDDF_ANNOTATION_TYPE_TRAFFIC_LIGHT	8	0	3.016506	7757258.259968	-364122.432734	5.888550
RDDF_ANNOTATION_TYPE_TRAFFIC_LIGHT	8	0	3.023194	7757257.357669	-364126.935031	3.220242
RDDF_ANNOTATION_TYPE_TRAFFIC_LIGHT	8	0	3.004348	7756829.681390	-364062.180876	5.873101
RDDF_ANNOTATION_TYPE_TRAFFIC_LIGHT	8	0	3.004348	7756829.650912	-364065.309835	5.812197
RDDF_ANNOTATION_TYPE_TRAFFIC_LIGHT	8	0	-2.934492	-693.143808	249.006874	6.972790
RDDF_ANNOTATION_TYPE_TRAFFIC_LIGHT	8	0	-2.934492	-694.432422	256.409704	6.589343
RDDF_ANNOTATION_TYPE_TRAFFIC_LIGHT	8	0	-3.072337	7756156.650021	-363807.186939	5.765922
RDDF_ANNOTATION_TYPE_TRAFFIC_LIGHT	8	0	-3.072337	7756156.260519	-363798.444624	5.893367
RDDF_ANNOTATION_TYPE_TRAFFIC_LIGHT	8	0	-2.799151	7756025.831670	-363854.184805	5.689159
RDDF_ANNOTATION_TYPE_TRAFFIC_LIGHT	8	0	-2.799151	7756025.641414	-363858.422536	3.671090
RDDF_ANNOTATION_TYPE_TRAFFIC_LIGHT	8	0	-2.569805	-13.271995	-10.316623	3.956889
RDDF_ANNOTATION_TYPE_TRAFFIC_LIGHT	8	0	-2.569805	-22.300939	-11.438923	6.720821
RDDF_ANNOTATION_TYPE_TRAFFIC_LIGHT	8	0	-2.796443	7756024.019673	-363859.458341	3.905758
RDDF_ANNOTATION_TYPE_TRAFFIC_LIGHT	8	0	-2.760688	7755940.198119	-363892.902412	4.138803
RDDF_ANNOTATION_TYPE_TRAFFIC_LIGHT	8	0	-2.969968	7755792.577926	-363941.889223	4.220068
RDDF_ANNOTATION_TYPE_TRAFFIC_LIGHT	8	0	-2.969968	7755782.725560	-363937.832996	6.362648
RDDF_ANNOTATION_TYPE_TRAFFIC_LIGHT	8	0	-2.659048	7755652.140353	-364006.747287	5.976625
