RDDF_ANNOTATION_TYPE_TRAFFIC_LIGHT	8	0	-2.086143	7757505.067251	-364161.718929	5.448699
RDDF_ANNOTATION_TYPE_TRAFFIC_LIGHT	8	0	2.999170	7757278.026148	-364129.916577	4.623516
RDDF_ANNOTATION_TYPE_TRAFFIC_LIGHT	8	0	2.999170	7757272.970384	-364122.976054	5.918301
RDDF_ANNOTATION_TYPE_TRAFFIC_LIGHT	8	0	-2.277741	7757495.615941	-364152.855426	5.707180
RDDF_ANNOTATION_TYPE_TRAFFIC_LIGHT	8	0	-2.277741	7757495.160936	-364155.821236	6.094094
RDDF_ANNOTATION_TYPE_TRAFFIC_LIGHT	8	0	2.885924	7757104.653945	-364093.280466	5.986539
RDDF_ANNOTATION_TYPE_TRAFFIC_LIGHT	8	0	2.885924	7757103.906096	-364096.141774	5.435319
RDDF_ANNOTATION_TYPE_TRAFFIC_LIGHT	8	0	3.003486	7756726.147173	-364045.969424	5.921754
RDDF_ANNOTATION_TYPE_TRAFFIC_LIGHT	8	0	3.003486	7756726.185199	-364049.764200	5.585346
RDDF_ANNOTATION_TYPE_TRAFFIC_LIGHT	8	0	-2.561500	7756145.787666	-363808.828065	5.623305
RDDF_ANNOTATION_TYPE_TRAFFIC_LIGHT	8	0	-2.561500	7756141.368705	-363801.253571	5.874095
RDDF_ANNOTATION_TYPE_TRAFFIC_LIGHT	8	0	-2.778616	7756012.619162	-363863.528891	3.383434
RDDF_ANNOTATION_TYPE_TRAFFIC_LIGHT	8	0	-2.778616	7756012.834121	-363859.489959	6.444309
RDDF_ANNOTATION_TYPE_TRAFFIC_LIGHT	8	0	-2.976626	7755791.043569	-363941.706615	2.841530
RDDF_ANNOTATION_TYPE_TRAFFIC_LIGHT	8	0	-2.976626	7755781.132808	-363935.360575	6.004060
RDDF_ANNOTATION_TYPE_TRAFFIC_LIGHT	8	0	-2.740472	7755647.050255	-364005.766257	6.281672
RDDF_ANNOTATION_TYPE_TRAFFIC_LIGHT	8	0	-2.749116	7755528.067150	-364057.064131	3.516181
RDDF_ANNOTATION_TYPE_TRAFFIC_LIGHT	8	0	-2.740506	7755505.909607	-364058.620199	5.174002
