0.031272
0.045529
0.043086
0.047744
0.026143
0.025169
0.027012
0.035141
0.035190
0.036689
0.037307
0.039150
0.042272
0.048354
0.062291
0.057106
0.059918
0.060987
0.067854
0.069601
0.069346
0.069217
0.071612
0.066122
0.075733
0.066225
0.084211
0.068924
0.090019
0.077171
0.089331
0.089253
0.086950
0.091861
0.087204
0.089703
0.085149
0.090566
0.086812
0.100544
0.081927
0.080420
0.082952
0.081744
0.061124
0.091631
0.079555
0.078723
0.097591
0.073850
0.080248
0.125972
0.078764
0.077146
0.096561
0.096824
0.090150
0.087190
0.121281
0.079815
0.096226
0.119612
0.084895
0.083650
0.250000
0.112987
0.089330
0.045436
0.114652
0.092551
0.074849
0.097044
0.095396
0.125209
0.130373
0.106194
0.160649
0.123199
0.134691
0.181784
0.445126
0.116312
0.139783
0.096269
0.037212
0.148652
0.152466
0.111407
0.131677
0.048464
0.138241
0.180759
0.175547
0.363281
0.166208
0.151473
0.131889
0.172827
0.195697
0.165165
0.196887
0.160156
0.033366
0.208475
0.406250
0.410156
0.414062
0.036458
0.421875
0.425781
0.429688
0.433594
0.437500
0.248150
0.445312
0.108665
0.453125
0.457031
0.460938
0.098584
0.365785
0.162033
0.476562
0.480469
0.484375
0.488281
0.224864
0.496094
0.500000
0.503906
0.507812
0.511719
0.360491
0.519531
0.523438
0.191195
0.127723
0.381696
0.539062
0.542969
0.546875
0.550781
0.554688
0.378227
0.562500
0.566406
0.570312
0.574219
0.578125
0.582031
0.585938
0.589844
0.593750
0.597656
0.601562
0.605469
0.609375
0.613281
0.316489
0.621094
0.625000
0.628906
0.632812
0.636719
0.640625
0.644531
0.648438
0.652344
0.656250
0.660156
0.664062
0.667969
0.671875
0.675781
0.679688
0.683594
0.687500
0.691406
0.695312
0.699219
0.703125
0.707031
0.710938
0.714844
0.718750
0.722656
0.726562
0.730469
0.734375
0.738281
0.742188
0.746094
0.750000
0.753906
0.757812
0.761719
0.765625
0.769531
0.773438
0.777344
0.781250
0.785156
0.789062
0.792969
0.796875
0.800781
0.804688
0.808594
0.812500
0.816406
0.820312
0.824219
0.828125
0.832031
0.835938
0.028070
0.843750
0.847656
0.046034
0.855469
0.859375
0.863281
0.024262
0.871094
0.875000
0.878906
0.882812
0.886719
0.890625
0.894531
0.898438
0.902344
0.906250
0.910156
0.914062
0.917969
0.921875
0.925781
0.929688
0.933594
0.937500
0.941406
0.945312
0.949219
0.953125
0.957031
0.960938
0.964844
0.968750
0.972656
0.976562
0.980469
0.984375
0.988281
0.992188
0.996094
0.033995
0.047673
0.042659
0.024779
0.027702
0.032765
0.034088
0.037470
0.040238
0.043581
0.044534
0.048644
0.052094
0.056362
0.063941
0.067881
0.070164
0.068708
0.068913
0.068121
0.076681
0.079000
0.085243
0.085247
0.081385
0.088130
0.077372
0.086051
0.091262
0.092682
0.093817
0.117856
0.093545
0.099094
0.122582
0.097460
0.141951
0.104129
0.087857
0.122767
0.137901
0.160156
0.097962
0.115077
0.147088
0.093147
0.179688
0.097275
0.117297
0.093359
0.138749
0.112030
0.092196
0.127914
0.116842
0.119510
0.127550
0.096725
0.226562
0.084114
0.137678
0.161529
0.242188
0.215807
0.250000
0.135825
0.205424
0.102094
0.265625
0.028783
0.096220
0.156764
0.281250
0.154688
0.139149
0.217773
0.150128
0.198040
0.192627
0.181206
0.312500
0.227731
0.182031
0.192911
0.208795
0.016139
0.175590
0.215026
0.343750
0.207159
0.234375
0.242029
0.187174
0.112124
0.367188
0.371094
0.375000
0.378906
0.382812
0.386719
0.390625
0.112663
0.398438
0.112351
0.196871
0.056721
0.058894
0.142671
0.080644
0.062283
0.429688
0.028201
0.437500
0.338672
0.445312
0.225107
0.101128
0.111201
0.460938
0.190724
0.204520
0.472656
0.476562
0.281016
0.484375
0.488281
0.222656
0.496094
0.500000
0.503906
0.327381
0.511719
0.515625
0.519531
0.523438
0.527344
0.531250
0.376476
0.539062
0.138441
0.546875
0.160156
0.554688
0.558594
0.562500
0.566406
0.570312
0.574219
0.578125
0.582031
0.585938
0.589844
0.593750
0.597656
0.601562
0.605469
0.609375
0.613281
0.617188
0.621094
0.625000
0.628906
0.632812
0.636719
0.640625
0.644531
0.648438
0.652344
0.656250
0.660156
0.664062
0.667969
0.671875
0.675781
0.679688
0.683594
0.687500
0.691406
0.695312
0.699219
0.703125
0.707031
0.710938
0.714844
0.718750
0.722656
0.726562
0.730469
0.734375
0.738281
0.742188
0.746094
0.750000
0.753906
0.757812
0.761719
0.765625
0.769531
0.773438
0.777344
0.781250
0.785156
0.789062
0.792969
0.796875
0.800781
0.804688
0.808594
0.812500
0.816406
0.820312
0.824219
0.828125
0.832031
0.835938
0.839844
0.843750
0.847656
0.851562
0.855469
0.859375
0.863281
0.867188
0.871094
0.875000
0.878906
0.882812
0.886719
0.890625
0.894531
0.898438
0.902344
0.906250
0.910156
0.035653
0.069418
0.921875
0.925781
0.082766
0.933594
0.937500
0.941406
0.051068
0.949219
0.953125
0.957031
0.960938
0.964844
0.968750
0.972656
0.976562
0.980469
0.984375
0.988281
0.992188
0.996094
0.028688
0.039510
0.037902
0.029231
0.021859
0.023126
0.024780
0.027201
0.030648
0.034961
0.036332
0.038224
0.036993
0.038784
0.039540
0.044031
0.050922
0.057021
0.057866
0.061309
0.064734
0.066971
0.065370
0.065595
0.088791
0.064839
0.073733
0.066050
0.088718
0.066918
0.068371
0.080536
0.091787
0.072351
0.088357
0.076158
0.105764
0.081058
0.092375
0.084840
0.106986
0.071797
0.092363
0.065877
0.099021
0.086183
0.105665
0.088805
0.086841
0.093217
0.105829
0.095380
0.085347
0.177009
0.065126
0.098233
0.115469
0.222656
0.226562
0.096718
0.097796
0.238281
0.213308
0.103992
0.100565
0.253906
0.130324
0.098129
0.183863
0.097457
0.075145
0.112725
0.051789
0.082689
0.112607
0.097691
0.071291
0.182708
0.113604
0.137044
0.064295
0.147899
0.096473
0.138826
0.168513
0.210692
0.169735
0.164845
0.174969
0.114100
0.198578
0.195671
0.177933
0.363281
0.367188
0.371094
0.375000
0.378906
0.382812
0.386719
0.390625
0.201288
0.185708
0.171310
0.279297
0.113455
0.414062
0.417969
0.170268
0.425781
0.114726
0.192904
0.098961
0.107854
0.288707
0.449219
0.107366
0.052837
0.220341
0.141018
0.132709
0.472656
0.118133
0.046359
0.038813
0.488281
0.492188
0.334682
0.080103
0.354450
0.445781
0.511719
0.515625
0.519531
0.523438
0.133429
0.531250
0.535156
0.539062
0.325800
0.234753
0.550781
0.554688
0.558594
0.562500
0.566406
0.204102
0.091036
0.578125
0.582031
0.362380
0.589844
0.593750
0.597656
0.601562
0.605469
0.609375
0.613281
0.617188
0.621094
0.625000
0.628906
0.632812
0.636719
0.640625
0.644531
0.648438
0.652344
0.656250
0.660156
0.664062
0.667969
0.671875
0.675781
0.679688
0.683594
0.687500
0.691406
0.695312
0.699219
0.703125
0.707031
0.710938
0.714844
0.718750
0.722656
0.726562
0.730469
0.734375
0.738281
0.742188
0.746094
0.750000
0.753906
0.757812
0.761719
0.765625
0.769531
0.773438
0.777344
0.781250
0.785156
0.789062
0.792969
0.796875
0.800781
0.804688
0.808594
0.812500
0.816406
0.820312
0.824219
0.828125
0.832031
0.835938
0.839844
0.843750
0.847656
0.851562
0.855469
0.859375
0.863281
0.867188
0.871094
0.875000
0.878906
0.882812
0.055952
0.890625
0.894531
0.898438
0.902344
0.906250
0.910156
0.914062
0.917969
0.921875
0.925781
0.929688
0.933594
0.937500
0.941406
0.945312
0.949219
0.953125
0.957031
0.960938
0.964844
0.968750
0.972656
0.976562
0.980469
0.984375
0.988281
0.059840
0.102777
0.046695
0.030570
0.037542
0.040604
0.024176
0.027834
0.035766
0.042085
0.040283
0.040845
0.043378
0.052917
0.059803
0.066396
0.068445
0.067624
0.068633
0.068990
0.068831
0.073980
0.076210
0.080800
0.086884
0.086615
0.090885
0.099784
0.093768
0.086963
0.142437
0.100287
0.081562
0.080360
0.103459
0.095326
0.132629
0.080487
0.106346
0.075989
0.104588
0.101458
0.096794
0.160156
0.100924
0.090161
0.164146
0.175781
0.100421
0.183594
0.151725
0.105564
0.190335
0.199219
0.127116
0.118846
0.174792
0.061699
0.118856
0.222656
0.226562
0.144041
0.206610
0.238281
0.158841
0.123092
0.078265
0.253906
0.257812
0.198735
0.105110
0.269531
0.273438
0.107744
0.168750
0.197820
0.289062
0.292969
0.216528
0.097502
0.304688
0.163176
0.270035
0.316406
0.320312
0.324219
0.288762
0.240307
0.190449
0.339844
0.220982
0.194521
0.189670
0.355469
0.187746
0.183170
0.177874
0.116206
0.118835
0.226128
0.382812
0.207590
0.147391
0.254485
0.065652
0.271825
0.118414
0.093568
0.414062
0.147727
0.421875
0.069685
0.028702
0.163462
0.437500
0.096280
0.165346
0.030966
0.136478
0.099252
0.460938
0.152197
0.468750
0.472656
0.190848
0.334570
0.335029
0.291726
0.213925
0.192505
0.191581
0.503906
0.080647
0.511719
0.515625
0.029395
0.523438
0.527344
0.398003
0.535156
0.539062
0.542969
0.546875
0.550781
0.554688
0.558594
0.562500
0.566406
0.570312
0.574219
0.578125
0.582031
0.585938
0.589844
0.593750
0.597656
0.601562
0.605469
0.456613
0.613281
0.617188
0.621094
0.130891
0.628906
0.632812
0.636719
0.640625
0.644531
0.648438
0.652344
0.656250
0.660156
0.664062
0.667969
0.671875
0.675781
0.679688
0.683594
0.687500
0.691406
0.695312
0.699219
0.703125
0.707031
0.710938
0.714844
0.718750
0.722656
0.726562
0.730469
0.734375
0.738281
0.742188
0.746094
0.750000
0.753906
0.757812
0.761719
0.765625
0.769531
0.773438
0.777344
0.781250
0.785156
0.789062
0.792969
0.796875
0.800781
0.804688
0.808594
0.812500
0.816406
0.820312
0.824219
0.828125
0.832031
0.835938
0.839844
0.843750
0.847656
0.851562
0.855469
0.859375
0.863281
0.072926
0.871094
0.875000
0.878906
0.882812
0.886719
0.890625
0.894531
0.898438
0.902344
0.906250
0.910156
0.914062
0.917969
0.921875
0.925781
0.929688
0.933594
0.937500
0.941406
0.945312
0.949219
0.953125
0.957031
0.960938
0.964844
0.968750
0.972656
0.976562
0.980469
0.984375
0.040380
0.992188
0.996094
0.010730
0.032647
0.037936
0.045422
0.039687
0.024910
0.026744
0.024560
0.033724
0.041288
0.041093
0.046277
0.058036
0.062322
0.064451
0.065197
0.068456
0.069467
0.072432
0.075467
0.076806
0.079705
0.086787
0.081969
0.089251
0.085560
0.097989
0.091999
0.095945
0.097161
0.099368
0.091230
0.095789
0.098104
0.095617
0.098260
0.100016
0.103931
0.099723
0.120246
0.119476
0.087821
0.114953
0.115967
0.106387
0.139241
0.123214
0.143996
0.126078
0.168591
0.160319
0.144732
0.175613
0.188593
0.176290
0.146413
0.118972
0.186627
0.166009
0.200047
0.183406
0.147702
0.157069
0.180502
0.181630
0.167240
0.172295
0.147812
0.192193
0.169296
0.195768
0.145833
0.196215
0.174920
0.134977
0.162401
0.185378
0.202790
0.168993
0.121007
0.182351
0.167707
0.234043
0.148770
0.113903
0.159308
0.170736
0.178881
0.343750
0.178622
0.218164
0.217975
0.221895
0.069448
0.142122
0.244531
0.084409
0.213692
0.382812
0.272135
0.183476
0.394531
0.210040
0.091999
0.406250
0.074569
0.128861
0.136855
0.141597
0.425781
0.155162
0.119029
0.096354
0.150606
0.445312
0.449219
0.074498
0.126049
0.137772
0.464844
0.292173
0.472656
0.186222
0.480469
0.484375
0.488281
0.492188
0.496094
0.500000
0.503906
0.462054
0.511719
0.515625
0.519531
0.523438
0.527344
0.531250
0.535156
0.539062
0.542969
0.546875
0.550781
0.554688
0.558594
0.562500
0.566406
0.570312
0.574219
0.578125
0.582031
0.585938
0.122569
0.593750
0.597656
0.601562
0.605469
0.609375
0.613281
0.617188
0.621094
0.625000
0.628906
0.632812
0.636719
0.640625
0.644531
0.648438
0.652344
0.656250
0.660156
0.664062
0.667969
0.671875
0.675781
0.679688
0.683594
0.687500
0.691406
0.695312
0.699219
0.703125
0.707031
0.710938
0.714844
0.718750
0.722656
0.726562
0.730469
0.734375
0.738281
0.742188
0.746094
0.099585
0.753906
0.757812
0.761719
0.765625
0.769531
0.773438
0.777344
0.781250
0.785156
0.789062
0.792969
0.796875
0.800781
0.804688
0.808594
0.812500
0.816406
0.820312
0.824219
0.828125
0.832031
0.835938
0.839844
0.843750
0.847656
0.851562
0.855469
0.859375
0.863281
0.867188
0.871094
0.875000
0.878906
0.882812
0.886719
0.890625
0.894531
0.898438
0.902344
0.906250
0.910156
0.914062
0.917969
0.921875
0.925781
0.929688
0.933594
0.937500
0.941406
0.945312
0.949219
0.953125
0.957031
0.960938
0.964844
0.968750
0.972656
0.976562
0.980469
0.984375
0.988281
0.992188
0.996094
0.000000
0.036459
0.048054
0.026697
0.058166
0.034397
0.051962
0.063241
0.069029
0.071623
0.072538
0.073748
0.078690
0.082994
0.078053
0.091864
0.091546
0.094035
0.092335
0.097391
0.097003
0.086255
0.100827
0.106128
0.090638
0.092725
0.120577
0.107993
0.135678
0.072444
0.098992
0.193803
0.105795
0.121441
0.057185
0.108743
0.123734
0.104805
0.114820
0.116319
0.152254
0.119132
0.078199
0.163960
0.132321
0.085436
0.080796
0.170088
0.161263
0.075033
0.195312
0.197680
0.189606
0.213111
0.210938
0.203925
0.164920
0.184293
0.226562
0.175762
0.152174
0.107117
0.231892
0.187766
0.250000
0.253906
0.184425
0.147656
0.081596
0.269531
0.084658
0.221423
0.146400
0.196655
0.289062
0.141174
0.296875
0.300781
0.304688
0.308594
0.100142
0.316406
0.187188
0.324219
0.328125
0.332031
0.095866
0.191094
0.102958
0.291145
0.037021
0.229249
0.359375
0.094727
0.212733
0.061840
0.132434
0.070573
0.382812
0.386719
0.137980
0.132812
0.398438
0.151823
0.094403
0.073070
0.414062
0.109701
0.062165
0.030016
0.311646
0.433594
0.232805
0.107835
0.101042
0.064591
0.025101
0.098633
0.178727
0.124454
0.108601
0.023214
0.476562
0.480469
0.484375
0.138690
0.492188
0.496094
0.500000
0.503906
0.507812
0.511719
0.515625
0.519531
0.523438
0.527344
0.337713
0.535156
0.539062
0.542969
0.546875
0.190104
0.554688
0.558594
0.562500
0.566406
0.570312
0.574219
0.578125
0.582031
0.585938
0.589844
0.593750
0.597656
0.601562
0.605469
0.609375
0.613281
0.617188
0.621094
0.625000
0.628906
0.632812
0.636719
0.640625
0.644531
0.648438
0.652344
0.656250
0.660156
0.664062
0.667969
0.671875
0.675781
0.679688
0.683594
0.687500
0.691406
0.695312
0.699219
0.703125
0.707031
0.710938
0.714844
0.718750
0.722656
0.726562
0.730469
0.734375
0.738281
0.742188
0.746094
0.750000
0.753906
0.757812
0.761719
0.765625
0.769531
0.773438
0.777344
0.781250
0.785156
0.789062
0.792969
0.796875
0.800781
0.804688
0.808594
0.812500
0.816406
0.820312
0.824219
0.828125
0.832031
0.835938
0.839844
0.843750
0.847656
0.851562
0.855469
0.859375
0.863281
0.867188
0.871094
0.875000
0.878906
0.882812
0.886719
0.890625
0.894531
0.898438
0.902344
0.906250
0.910156
0.914062
0.917969
0.921875
0.925781
0.929688
0.933594
0.937500
0.941406
0.945312
0.949219
0.953125
0.957031
0.960938
0.964844
0.968750
0.972656
0.976562
0.980469
0.984375
0.988281
0.992188
0.996094
0.024759
0.033966
0.042741
0.038451
0.023688
0.027717
0.033293
0.036809
0.038454
0.039182
0.040654
0.044648
0.047117
0.051935
0.059124
0.058259
0.059928
0.059308
0.063571
0.065296
0.064283
0.064512
0.069808
0.071635
0.076806
0.078868
0.084371
0.081178
0.087925
0.085146
0.092167
0.089079
0.086876
0.089105
0.079963
0.087356
0.097144
0.091433
0.085472
0.093354
0.095296
0.094569
0.078306
0.101268
0.089316
0.086039
0.129780
0.090678
0.083334
0.068230
0.091971
0.096502
0.071607
0.092469
0.098764
0.121539
0.080729
0.086771
0.121400
0.082861
0.090076
0.115923
0.138040
0.102063
0.149349
0.128665
0.168449
0.090929
0.158020
0.153417
0.199503
0.135514
0.144833
0.121774
0.155447
0.180221
0.178661
0.184903
0.188273
0.202325
0.191130
0.213809
0.144647
0.168518
0.153343
0.207729
0.189722
0.191406
0.170553
0.089073
0.182401
0.134124
0.227848
0.084830
0.136998
0.175778
0.126919
0.229924
0.145205
0.205393
0.199483
0.092389
0.136972
0.065172
0.146942
0.157356
0.150541
0.172974
0.112855
0.093213
0.354403
0.292873
0.477764
0.140137
0.118606
0.449219
0.196470
0.157682
0.334609
0.464844
0.035334
0.162431
0.171441
0.086978
0.117991
0.090727
0.363086
0.150944
0.345424
0.503906
0.053149
0.511719
0.072917
0.519531
0.523438
0.527344
0.531250
0.473772
0.539062
0.542969
0.546875
0.090625
0.554688
0.558594
0.384766
0.566406
0.570312
0.574219
0.578125
0.582031
0.585938
0.589844
0.593750
0.597656
0.601562
0.605469
0.609375
0.613281
0.617188
0.621094
0.625000
0.628906
0.231805
0.636719
0.640625
0.644531
0.648438
0.652344
0.656250
0.660156
0.664062
0.667969
0.671875
0.675781
0.679688
0.683594
0.687500
0.691406
0.695312
0.699219
0.703125
0.707031
0.710938
0.714844
0.109449
0.722656
0.726562
0.730469
0.734375
0.738281
0.742188
0.746094
0.750000
0.753906
0.757812
0.761719
0.765625
0.769531
0.161390
0.777344
0.781250
0.785156
0.789062
0.087909
0.796875
0.800781
0.804688
0.808594
0.812500
0.816406
0.820312
0.824219
0.828125
0.832031
0.835938
0.839844
0.843750
0.847656
0.851562
0.855469
0.859375
0.863281
0.867188
0.871094
0.875000
0.878906
0.882812
0.886719
0.890625
0.894531
0.898438
0.902344
0.906250
0.910156
0.914062
0.917969
0.921875
0.925781
0.929688
0.933594
0.937500
0.941406
0.945312
0.949219
0.953125
0.957031
0.960938
0.964844
0.968750
0.972656
0.976562
0.980469
0.984375
0.988281
0.992188
0.996094
0.021060
0.037788
0.039834
0.027105
0.022928
0.029981
0.033293
0.036469
0.036774
0.040343
0.042858
0.050252
0.050486
0.055856
0.054923
0.058162
0.060690
0.064285
0.067193
0.070361
0.071573
0.076097
0.080137
0.077744
0.087772
0.076820
0.092236
0.087905
0.087294
0.088164
0.099155
0.090437
0.078280
0.091605
0.088048
0.111446
0.092106
0.101358
0.091239
0.091234
0.119344
0.093136
0.112346
0.102082
0.099177
0.124806
0.106876
0.111255
0.149549
0.096868
0.115460
0.036458
0.203125
0.110637
0.176503
0.124270
0.103132
0.078125
0.094498
0.140659
0.144654
0.085559
0.065918
0.156770
0.201708
0.104632
0.188976
0.098382
0.202578
0.115498
0.098625
0.087891
0.091804
0.236666
0.078724
0.143911
0.085938
0.104133
0.105755
0.159497
0.183776
0.176226
0.187973
0.153282
0.081170
0.051432
0.184093
0.189713
0.192562
0.179321
0.191288
0.075093
0.145890
0.173571
0.178177
0.204049
0.184816
0.225850
0.179232
0.177003
0.096995
0.071879
0.156419
0.174677
0.111328
0.227276
0.245684
0.211677
0.148438
0.128574
0.110677
0.092474
0.250977
0.058377
0.048177
0.130720
0.230765
0.196573
0.135581
0.078125
0.101136
0.116187
0.476562
0.480469
0.140747
0.047116
0.046875
0.096963
0.500000
0.503906
0.507812
0.471354
0.515625
0.163243
0.055464
0.098057
0.200140
0.535156
0.539062
0.542969
0.546875
0.053998
0.554688
0.558594
0.562500
0.566406
0.570312
0.574219
0.578125
0.582031
0.585938
0.589844
0.173307
0.597656
0.601562
0.605469
0.609375
0.613281
0.617188
0.621094
0.625000
0.628906
0.459321
0.636719
0.640625
0.644531
0.648438
0.652344
0.656250
0.660156
0.203906
0.667969
0.671875
0.675781
0.679688
0.683594
0.687500
0.691406
0.695312
0.699219
0.703125
0.707031
0.710938
0.714844
0.718750
0.722656
0.726562
0.730469
0.734375
0.738281
0.742188
0.746094
0.750000
0.753906
0.757812
0.761719
0.765625
0.769531
0.773438
0.777344
0.781250
0.785156
0.789062
0.792969
0.796875
0.800781
0.804688
0.808594
0.812500
0.816406
0.820312
0.824219
0.828125
0.832031
0.835938
0.839844
0.843750
0.847656
0.851562
0.855469
0.859375
0.863281
0.867188
0.871094
0.875000
0.878906
0.882812
0.886719
0.890625
0.894531
0.898438
0.902344
0.906250
0.910156
0.914062
0.917969
0.921875
0.925781
0.929688
0.933594
0.937500
0.941406
0.945312
0.949219
0.953125
0.957031
0.960938
0.964844
0.968750
0.972656
0.976562
0.980469
0.984375
0.988281
0.992188
0.996094
0.015499
0.035320
0.044606
0.044289
0.036899
0.026602
0.051858
0.043428
0.063488
0.069574
0.072942
0.078629
0.081522
0.090817
0.089893
0.092672
0.091857
0.096841
0.100284
0.099439
0.110407
0.108503
0.125246
0.129247
0.146215
0.119728
0.121681
0.163497
0.133013
0.180097
0.212337
0.188914
0.197456
0.132921
0.127828
0.148067
0.215576
0.154666
0.182129
0.144928
0.057849
0.152482
0.114955
0.200294
0.159304
0.149048
0.181762
0.213425
0.017895
0.107989
0.217929
0.154001
0.113794
0.097993
0.171392
0.117188
0.244690
0.095895
0.232852
0.188350
0.181905
0.104807
0.242188
0.145424
0.151180
0.129308
0.257812
0.133185
0.042969
0.162370
0.168720
0.173177
0.281250
0.121094
0.087529
0.292969
0.040039
0.300781
0.112360
0.213024
0.312500
0.097238
0.300743
0.324219
0.116807
0.095669
0.335938
0.045573
0.343750
0.347656
0.351562
0.214844
0.148438
0.363281
0.367188
0.371094
0.375000
0.331719
0.238281
0.125089
0.158946
0.191349
0.094500
0.049548
0.147402
0.089421
0.414062
0.171057
0.075335
0.176196
0.161778
0.097090
0.264583
0.115806
0.060583
0.084995
0.120724
0.045269
0.114538
0.464844
0.087331
0.112812
0.157118
0.081685
0.484375
0.488281
0.492188
0.496094
0.500000
0.503906
0.507812
0.051030
0.515625
0.519531
0.523438
0.527344
0.531250
0.535156
0.539062
0.542969
0.546875
0.550781
0.554688
0.558594
0.562500
0.566406
0.570312
0.574219
0.578125
0.582031
0.585938
0.589844
0.593750
0.597656
0.601562
0.605469
0.609375
0.613281
0.617188
0.621094
0.625000
0.628906
0.632812
0.636719
0.640625
0.644531
0.648438
0.652344
0.656250
0.660156
0.664062
0.667969
0.671875
0.675781
0.679688
0.683594
0.687500
0.691406
0.695312
0.699219
0.703125
0.707031
0.710938
0.714844
0.718750
0.722656
0.726562
0.730469
0.734375
0.738281
0.742188
0.746094
0.750000
0.753906
0.757812
0.761719
0.765625
0.769531
0.773438
0.777344
0.781250
0.785156
0.789062
0.792969
0.796875
0.800781
0.804688
0.808594
0.812500
0.816406
0.820312
0.824219
0.828125
0.832031
0.835938
0.839844
0.843750
0.847656
0.851562
0.855469
0.859375
0.863281
0.867188
0.871094
0.875000
0.878906
0.882812
0.886719
0.890625
0.894531
0.898438
0.902344
0.906250
0.910156
0.914062
0.917969
0.921875
0.925781
0.929688
0.933594
0.937500
0.941406
0.945312
0.949219
0.953125
0.957031
0.960938
0.964844
0.968750
0.972656
0.976562
0.980469
0.984375
0.988281
0.992188
0.996094
0.019094
0.022869
0.033813
0.038361
0.040131
0.032385
0.027015
0.029210
0.030685
0.038039
0.046841
0.054895
0.053323
0.058365
0.059466
0.062330
0.067920
0.066314
0.068617
0.075217
0.073438
0.079790
0.080888
0.081311
0.083631
0.083648
0.086161
0.086514
0.090885
0.085699
0.091024
0.093337
0.091949
0.092594
0.094658
0.089980
0.092476
0.088808
0.096330
0.103465
0.102478
0.133276
0.111431
0.118278
0.128573
0.112808
0.178394
0.117558
0.160915
0.113542
0.167596
0.168715
0.144337
0.095020
0.182584
0.191868
0.106006
0.161559
0.192272
0.198583
0.188469
0.189746
0.174736
0.190365
0.154310
0.166588
0.162321
0.102966
0.136594
0.179588
0.131091
0.098366
0.150759
0.173728
0.167235
0.129091
0.170198
0.190418
0.125933
0.099679
0.172766
0.098967
0.117510
0.164020
0.134626
0.126336
0.203613
0.198152
0.185801
0.347656
0.144502
0.117141
0.100226
0.119360
0.093106
0.178916
0.198052
0.138250
0.055147
0.166295
0.151311
0.190517
0.047877
0.402344
0.062415
0.112777
0.122222
0.036773
0.100318
0.425781
0.118885
0.433594
0.052885
0.027434
0.157227
0.021756
0.114206
0.116254
0.201719
0.043141
0.163215
0.187461
0.105161
0.173717
0.484375
0.078985
0.039879
0.496094
0.045660
0.503906
0.507812
0.079048
0.515625
0.519531
0.523438
0.527344
0.186012
0.535156
0.201976
0.029772
0.546875
0.550781
0.554688
0.045898
0.052634
0.566406
0.570312
0.574219
0.578125
0.582031
0.585938
0.589844
0.593750
0.597656
0.601562
0.605469
0.609375
0.613281
0.617188
0.621094
0.625000
0.628906
0.632812
0.636719
0.640625
0.644531
0.648438
0.652344
0.656250
0.660156
0.069948
0.667969
0.671875
0.675781
0.679688
0.683594
0.041244
0.691406
0.695312
0.127184
0.703125
0.707031
0.710938
0.714844
0.718750
0.722656
0.726562
0.730469
0.734375
0.738281
0.742188
0.746094
0.750000
0.753906
0.757812
0.761719
0.765625
0.769531
0.773438
0.777344
0.781250
0.785156
0.789062
0.792969
0.796875
0.800781
0.804688
0.808594
0.812500
0.816406
0.820312
0.824219
0.828125
0.832031
0.835938
0.839844
0.843750
0.847656
0.851562
0.855469
0.859375
0.863281
0.867188
0.871094
0.875000
0.878906
0.882812
0.886719
0.890625
0.894531
0.898438
0.902344
0.906250
0.910156
0.914062
0.917969
0.921875
0.925781
0.929688
0.933594
0.937500
0.941406
0.945312
0.949219
0.953125
0.957031
0.960938
0.964844
0.968750
0.972656
0.976562
0.980469
0.984375
0.988281
0.992188
0.996094
0.000000
0.022202
0.039218
0.045416
0.044775
0.051472
0.036328
0.050976
0.032866
0.051659
0.048007
0.048181
0.053806
0.058339
0.062030
0.060361
0.064772
0.071421
0.069341
0.070494
0.071605
0.080287
0.079509
0.082577
0.090022
0.100669
0.086403
0.109730
0.092116
0.090427
0.089823
0.087180
0.093877
0.101771
0.092231
0.103713
0.089598
0.113965
0.094584
0.101165
0.099856
0.130530
0.116146
0.146594
0.116630
0.129989
0.108410
0.161741
0.108612
0.156378
0.142026
0.225165
0.124171
0.187820
0.143350
0.192558
0.104768
0.191299
0.137559
0.158560
0.174585
0.119823
0.070210
0.213558
0.106801
0.129377
0.190636
0.147892
0.226610
0.099792
0.116027
0.150553
0.175429
0.203496
0.102629
0.138567
0.068863
0.147364
0.162078
0.030161
0.127332
0.316406
0.078840
0.324219
0.101507
0.082293
0.074763
0.339844
0.142453
0.347656
0.101528
0.082337
0.100482
0.070946
0.099341
0.082833
0.152055
0.098498
0.086124
0.094263
0.123966
0.130179
0.089430
0.085261
0.118164
0.066765
0.046360
0.245777
0.095312
0.055092
0.145313
0.433594
0.111879
0.098011
0.198125
0.082939
0.210938
0.457031
0.074316
0.184698
0.126265
0.092978
0.079601
0.188210
0.071503
0.114780
0.133968
0.106585
0.500000
0.052834
0.507812
0.138021
0.515625
0.052202
0.523438
0.527344
0.531250
0.535156
0.068244
0.052986
0.546875
0.550781
0.554688
0.558594
0.562500
0.566406
0.133779
0.089605
0.149231
0.188244
0.585938
0.129312
0.593750
0.213976
0.601562
0.034288
0.609375
0.613281
0.617188
0.621094
0.625000
0.109903
0.632812
0.636719
0.640625
0.644531
0.648438
0.232980
0.656250
0.660156
0.664062
0.667969
0.671875
0.675781
0.679688
0.683594
0.687500
0.691406
0.695312
0.699219
0.059590
0.045082
0.111224
0.714844
0.093750
0.085373
0.726562
0.064453
0.734375
0.738281
0.742188
0.746094
0.750000
0.753906
0.102497
0.761719
0.765625
0.769531
0.773438
0.777344
0.781250
0.785156
0.789062
0.792969
0.796875
0.800781
0.804688
0.808594
0.812500
0.816406
0.820312
0.824219
0.828125
0.832031
0.835938
0.839844
0.843750
0.847656
0.851562
0.855469
0.859375
0.863281
0.867188
0.871094
0.875000
0.878906
0.882812
0.121855
0.890625
0.894531
0.898438
0.902344
0.906250
0.910156
0.914062
0.917969
0.921875
0.925781
0.929688
0.933594
0.937500
0.941406
0.945312
0.949219
0.953125
0.957031
0.960938
0.964844
0.968750
0.972656
0.976562
0.980469
0.984375
0.988281
0.992188
0.996094
0.018066
0.025801
0.035686
0.039303
0.040859
0.048164
0.030586
0.047780
0.040514
0.045940
0.053827
0.045467
0.057786
0.058590
0.059442
0.068687
0.070936
0.066887
0.077722
0.076509
0.075574
0.078625
0.082103
0.080944
0.077177
0.089399
0.082435
0.087790
0.092787
0.099268
0.087990
0.096317
0.089039
0.094592
0.107578
0.102478
0.090897
0.098828
0.116713
0.103285
0.103746
0.129555
0.111158
0.118374
0.126043
0.100737
0.133460
0.126055
0.090433
0.160397
0.121205
0.159495
0.136011
0.125393
0.107628
0.142843
0.169359
0.149367
0.071052
0.132552
0.163761
0.178206
0.242188
0.149106
0.181121
0.086860
0.135405
0.223383
0.180858
0.186771
0.160148
0.118537
0.142155
0.075248
0.217825
0.076753
0.171405
0.095975
0.084303
0.218097
0.065581
0.107955
0.168800
0.118516
0.079705
0.039167
0.101136
0.143723
0.083214
0.180553
0.126503
0.076414
0.096635
0.102129
0.185253
0.080636
0.135571
0.175223
0.382812
0.096528
0.131037
0.117043
0.116024
0.098560
0.132563
0.078141
0.190602
0.057557
0.100562
0.105851
0.062567
0.127841
0.048555
0.110305
0.088642
0.135059
0.188947
0.037254
0.141874
0.464844
0.111520
0.121257
0.103180
0.124100
0.052344
0.085126
0.119108
0.121319
0.094141
0.128030
0.054018
0.037548
0.120560
0.084062
0.103624
0.081380
0.531250
0.232205
0.539062
0.527344
0.042768
0.142064
0.173633
0.140899
0.562500
0.023976
0.570312
0.036250
0.065304
0.039820
0.026195
0.589844
0.034229
0.597656
0.601562
0.605469
0.103413
0.031710
0.181573
0.027344
0.080244
0.628906
0.632812
0.038880
0.640625
0.644531
0.648438
0.652344
0.152344
0.660156
0.664062
0.667969
0.671875
0.675781
0.253367
0.058806
0.687500
0.115838
0.695312
0.094978
0.703125
0.707031
0.710938
0.714844
0.718750
0.722656
0.726562
0.730469
0.734375
0.738281
0.742188
0.746094
0.750000
0.753906
0.757812
0.761719
0.765625
0.769531
0.773438
0.777344
0.781250
0.081633
0.789062
0.792969
0.796875
0.800781
0.804688
0.808594
0.812500
0.816406
0.820312
0.824219
0.828125
0.832031
0.835938
0.839844
0.843750
0.847656
0.851562
0.855469
0.859375
0.863281
0.867188
0.871094
0.032335
0.878906
0.882812
0.886719
0.890625
0.894531
0.898438
0.902344
0.906250
0.910156
0.914062
0.917969
0.921875
0.925781
0.929688
0.933594
0.937500
0.941406
0.945312
0.949219
0.953125
0.957031
0.960938
0.964844
0.968750
0.972656
0.976562
0.980469
0.984375
0.988281
0.992188
0.996094
0.000000
0.023340
0.033097
0.035919
0.035653
0.032616
0.038531
0.026133
0.035217
0.044599
0.039801
0.047748
0.041811
0.047345
0.048891
0.051838
0.057769
0.058892
0.064060
0.064675
0.070071
0.064027
0.064256
0.078348
0.067249
0.081159
0.069451
0.078334
0.072264
0.080280
0.082932
0.080839
0.087253
0.082399
0.090228
0.087780
0.086788
0.093524
0.087132
0.093859
0.094855
0.102501
0.087859
0.089043
0.123834
0.095560
0.128625
0.092885
0.133143
0.124715
0.095497
0.165547
0.121397
0.107177
0.104561
0.171045
0.154184
0.094781
0.131644
0.130409
0.150178
0.132250
0.229636
0.112807
0.140202
0.168857
0.146457
0.183091
0.130694
0.037749
0.185208
0.150368
0.178082
0.090329
0.196050
0.205947
0.204261
0.134182
0.157944
0.088045
0.220434
0.187273
0.150413
0.324219
0.177552
0.064837
0.173144
0.183576
0.183598
0.102739
0.193577
0.193453
0.202482
0.087569
0.081473
0.077423
0.077913
0.134991
0.170235
0.054167
0.153386
0.182528
0.077486
0.075092
0.033837
0.410156
0.060488
0.094024
0.076439
0.425781
0.074969
0.094106
0.101888
0.041295
0.059229
0.039062
0.049709
0.114078
0.142890
0.119983
0.100287
0.147405
0.121243
0.139165
0.108516
0.488281
0.074786
0.157752
0.045218
0.084907
0.073382
0.511719
0.515625
0.032891
0.523438
0.527344
0.080078
0.535156
0.539062
0.097620
0.546875
0.550781
0.554688
0.558594
0.098445
0.566406
0.035621
0.574219
0.578125
0.582031
0.585938
0.589844
0.593750
0.597656
0.601562
0.605469
0.034859
0.084173
0.035239
0.621094
0.625000
0.054838
0.632812
0.118521
0.640625
0.644531
0.070064
0.652344
0.097031
0.059163
0.664062
0.021763
0.671875
0.031250
0.679688
0.683594
0.687500
0.691406
0.695312
0.176758
0.703125
0.707031
0.710938
0.714844
0.718750
0.033868
0.726562
0.730469
0.734375
0.738281
0.742188
0.746094
0.750000
0.753906
0.030307
0.761719
0.765625
0.769531
0.061832
0.777344
0.781250
0.785156
0.789062
0.792969
0.796875
0.800781
0.804688
0.096406
0.127604
0.816406
0.820312
0.824219
0.828125
0.832031
0.835938
0.839844
0.146418
0.847656
0.851562
0.083407
0.859375
0.863281
0.867188
0.871094
0.875000
0.878906
0.882812
0.886719
0.890625
0.894531
0.898438
0.902344
0.906250
0.910156
0.914062
0.917969
0.921875
0.925781
0.929688
0.933594
0.937500
0.941406
0.945312
0.949219
0.953125
0.957031
0.960938
0.964844
0.968750
0.972656
0.976562
0.980469
0.984375
0.988281
0.992188
0.996094
0.018471
0.023501
0.036472
0.042040
0.032702
0.028385
0.036493
0.042346
0.043829
0.049079
0.049005
0.052849
0.057404
0.062025
0.061947
0.064269
0.065040
0.066840
0.069643
0.069220
0.074317
0.074441
0.081192
0.080707
0.089196
0.084676
0.093503
0.081290
0.094675
0.080960
0.094471
0.086112
0.091673
0.094598
0.085324
0.098220
0.091039
0.098745
0.095213
0.093402
0.097848
0.102873
0.111087
0.108355
0.110623
0.105527
0.111471
0.114792
0.121481
0.097888
0.128925
0.117775
0.122761
0.128962
0.120870
0.165220
0.120549
0.136934
0.149314
0.111338
0.201552
0.117487
0.150617
0.110127
0.175617
0.160917
0.131009
0.151923
0.161886
0.201332
0.144373
0.162240
0.228329
0.162779
0.179380
0.185888
0.162738
0.199888
0.178719
0.178575
0.102340
0.134716
0.142616
0.232102
0.083180
0.183648
0.079513
0.079724
0.126353
0.104242
0.103031
0.103041
0.120642
0.090833
0.083033
0.139498
0.096593
0.107178
0.200313
0.123754
0.124694
0.102409
0.108279
0.101485
0.112456
0.091932
0.046399
0.052189
0.151065
0.112812
0.130919
0.225996
0.083464
0.027374
0.179832
0.051993
0.045410
0.169922
0.092922
0.464844
0.468750
0.090282
0.108091
0.105355
0.484375
0.016113
0.492188
0.496094
0.073057
0.107616
0.060981
0.511719
0.043519
0.032054
0.523438
0.059531
0.027896
0.036086
0.539062
0.152539
0.074160
0.550781
0.055176
0.094494
0.038156
0.566406
0.570312
0.066211
0.578125
0.058949
0.090605
0.041919
0.193685
0.597656
0.601562
0.605469
0.609375
0.613281
0.092773
0.094360
0.091518
0.043518
0.078876
0.040737
0.099165
0.162169
0.033973
0.652344
0.147146
0.150333
0.082741
0.121820
0.130292
0.675781
0.679688
0.683594
0.687500
0.144267
0.695312
0.699219
0.703125
0.707031
0.710938
0.714844
0.718750
0.722656
0.726562
0.730469
0.734375
0.073825
0.742188
0.746094
0.750000
0.753906
0.757812
0.761719
0.765625
0.055885
0.773438
0.777344
0.064505
0.785156
0.789062
0.792969
0.796875
0.800781
0.804688
0.808594
0.812500
0.816406
0.820312
0.824219
0.036765
0.832031
0.835938
0.839844
0.843750
0.847656
0.034412
0.855469
0.859375
0.863281
0.867188
0.871094
0.037109
0.878906
0.882812
0.886719
0.890625
0.034477
0.898438
0.902344
0.906250
0.910156
0.090133
0.917969
0.921875
0.925781
0.929688
0.933594
0.937500
0.941406
0.945312
0.949219
0.953125
0.957031
0.960938
0.964844
0.968750
0.972656
0.976562
0.980469
0.984375
0.988281
0.992188
0.996094
0.000000
0.023005
0.029480
0.040693
0.041813
0.049524
0.029879
0.053261
0.033366
0.041518
0.044963
0.053812
0.048719
0.058771
0.053153
0.062187
0.054404
0.055755
0.060178
0.059822
0.072269
0.063653
0.074358
0.067645
0.072084
0.072036
0.080499
0.076603
0.086569
0.078384
0.090033
0.083040
0.087432
0.093291
0.088045
0.098056
0.093092
0.105339
0.092441
0.103682
0.106047
0.104262
0.094684
0.121718
0.089762
0.119762
0.089805
0.059475
0.104242
0.086493
0.120747
0.097726
0.134088
0.114537
0.091151
0.108008
0.137539
0.132823
0.106215
0.164067
0.138492
0.144363
0.152426
0.124615
0.156462
0.146264
0.164659
0.167152
0.149929
0.089892
0.158811
0.104492
0.167109
0.195492
0.147797
0.162478
0.119171
0.116170
0.201059
0.178674
0.124778
0.212122
0.151487
0.324219
0.146839
0.175429
0.182971
0.134041
0.232141
0.093957
0.155929
0.135955
0.213674
0.159949
0.106035
0.164223
0.176488
0.154405
0.031250
0.151756
0.129375
0.144973
0.101186
0.053385
0.020833
0.052284
0.114093
0.097898
0.025729
0.065418
0.117397
0.095269
0.142578
0.094439
0.063675
0.148890
0.165421
0.072671
0.212699
0.083024
0.112062
0.080193
0.104501
0.186719
0.043936
0.068359
0.049204
0.026367
0.500000
0.150879
0.018904
0.196121
0.515625
0.213976
0.100138
0.092041
0.531250
0.072610
0.075437
0.542969
0.040140
0.084950
0.238704
0.101562
0.093006
0.566406
0.570312
0.105469
0.578125
0.582031
0.585938
0.032531
0.071144
0.597656
0.083008
0.605469
0.609375
0.038086
0.617188
0.621094
0.625000
0.628906
0.035446
0.054451
0.019120
0.067017
0.648438
0.652344
0.656250
0.139278
0.664062
0.667969
0.088956
0.675781
0.173828
0.683594
0.687500
0.076547
0.052476
0.699219
0.703125
0.707031
0.052192
0.074041
0.718750
0.722656
0.088379
0.730469
0.734375
0.738281
0.027734
0.746094
0.750000
0.028363
0.757812
0.761719
0.765625
0.769531
0.773438
0.777344
0.781250
0.785156
0.789062
0.792969
0.796875
0.800781
0.804688
0.808594
0.812500
0.816406
0.820312
0.824219
0.828125
0.075781
0.096771
0.839844
0.843750
0.847656
0.851562
0.855469
0.059679
0.863281
0.867188
0.871094
0.875000
0.878906
0.882812
0.886719
0.890625
0.894531
0.043557
0.902344
0.906250
0.910156
0.914062
0.917969
0.921875
0.925781
0.929688
0.040179
0.044560
0.040056
0.945312
0.949219
0.953125
0.957031
0.960938
0.964844
0.968750
0.972656
0.976562
0.980469
0.984375
0.988281
0.992188
0.996094
0.043248
0.040767
0.043286
0.050497
0.041329
0.045983
0.031250
0.046030
0.041318
0.044770
0.054713
0.058914
0.062231
0.064264
0.063963
0.068586
0.071427
0.072274
0.073641
0.072276
0.078642
0.083045
0.084965
0.087532
0.087493
0.088737
0.091107
0.091737
0.093817
0.091700
0.097507
0.097893
0.099678
0.103106
0.093853
0.122489
0.097599
0.117262
0.110960
0.111861
0.115198
0.124372
0.108020
0.155404
0.124966
0.139194
0.122060
0.160456
0.127690
0.147647
0.105479
0.168403
0.108213
0.160678
0.119252
0.114653
0.110095
0.142214
0.194803
0.103241
0.128415
0.126409
0.206194
0.095453
0.091459
0.170153
0.133212
0.154037
0.095426
0.066455
0.136640
0.130081
0.146942
0.123900
0.119990
0.142983
0.116768
0.140141
0.095148
0.144199
0.124135
0.085869
0.119474
0.094451
0.105445
0.124877
0.199212
0.099866
0.118358
0.098157
0.094771
0.096335
0.107519
0.110164
0.096656
0.115888
0.135291
0.125512
0.103676
0.098815
0.102576
0.096525
0.154516
0.075665
0.108514
0.091598
0.046806
0.132200
0.421875
0.226360
0.016493
0.180074
0.040696
0.441406
0.162842
0.219215
0.453125
0.097072
0.052557
0.099808
0.071997
0.167635
0.052287
0.026693
0.090547
0.083279
0.492188
0.090878
0.086661
0.503906
0.507812
0.511719
0.029891
0.027344
0.039418
0.044611
0.034877
0.535156
0.539062
0.542969
0.027865
0.023438
0.554688
0.070598
0.031590
0.566406
0.088989
0.033203
0.103824
0.070530
0.190412
0.042335
0.031710
0.039302
0.044833
0.605469
0.108711
0.035520
0.617188
0.052795
0.044531
0.069293
0.632812
0.636719
0.640625
0.096821
0.648438
0.652344
0.656250
0.028274
0.664062
0.069416
0.016335
0.012784
0.679688
0.064506
0.687500
0.691406
0.695312
0.046628
0.040104
0.707031
0.710938
0.039844
0.718750
0.722656
0.726562
0.730469
0.734375
0.738281
0.742188
0.746094
0.750000
0.753906
0.067969
0.761719
0.029297
0.769531
0.038035
0.777344
0.781250
0.785156
0.789062
0.792969
0.068080
0.034060
0.804688
0.808594
0.812500
0.816406
0.026693
0.025029
0.828125
0.832031
0.835938
0.036791
0.843750
0.036156
0.033482
0.855469
0.049165
0.863281
0.031994
0.871094
0.875000
0.878906
0.882812
0.026302
0.890625
0.894531
0.898438
0.902344
0.906250
0.910156
0.914062
0.917969
0.921875
0.925781
0.929688
0.933594
0.937500
0.941406
0.945312
0.949219
0.030058
0.957031
0.960938
0.964844
0.057301
0.972656
0.976562
0.980469
0.984375
0.988281
0.992188
0.996094
0.025411
0.026875
0.036713
0.038368
0.029496
0.035458
0.039451
0.042170
0.045942
0.047357
0.048796
0.053194
0.054544
0.057821
0.059284
0.060540
0.062929
0.056626
0.062680
0.065607
0.062915
0.063294
0.066854
0.068684
0.076285
0.071703
0.073092
0.075502
0.073963
0.080990
0.081911
0.083593
0.079712
0.091294
0.087290
0.086247
0.084984
0.085685
0.085150
0.089918
0.086953
0.103683
0.090116
0.095565
0.094689
0.102061
0.102463
0.076210
0.093713
0.095919
0.140164
0.118437
0.085812
0.107188
0.102499
0.095873
0.116903
0.097181
0.119007
0.113422
0.117847
0.107058
0.100135
0.135512
0.105186
0.139101
0.152403
0.115988
0.117381
0.169486
0.172410
0.113230
0.079278
0.133577
0.110887
0.092014
0.098217
0.102584
0.096992
0.091226
0.122244
0.108381
0.126397
0.088145
0.063380
0.130494
0.100544
0.102837
0.085256
0.093680
0.098339
0.120203
0.104001
0.093076
0.077474
0.130824
0.066561
0.094417
0.096369
0.386719
0.108659
0.100507
0.110922
0.102225
0.098819
0.097411
0.078898
0.102634
0.089419
0.096648
0.109259
0.058859
0.020349
0.108887
0.075497
0.139122
0.086990
0.066357
0.062169
0.051449
0.062737
0.036458
0.037233
0.030214
0.484375
0.019010
0.038043
0.094219
0.030216
0.070312
0.507812
0.050469
0.061335
0.020778
0.079511
0.024491
0.047538
0.047746
0.065284
0.092195
0.041484
0.077890
0.156701
0.059595
0.027853
0.062246
0.570312
0.574219
0.021047
0.582031
0.045471
0.589844
0.026521
0.136840
0.170526
0.605469
0.609375
0.613281
0.617188
0.621094
0.036865
0.628906
0.632812
0.636719
0.640625
0.644531
0.648438
0.652344
0.656250
0.660156
0.664062
0.667969
0.671875
0.675781
0.679688
0.683594
0.090726
0.043586
0.695312
0.021159
0.703125
0.025046
0.710938
0.714844
0.718750
0.722656
0.079319
0.730469
0.734375
0.738281
0.742188
0.028546
0.750000
0.753906
0.757812
0.037741
0.765625
0.032762
0.773438
0.063380
0.781250
0.785156
0.085487
0.031738
0.796875
0.800781
0.804688
0.808594
0.104732
0.816406
0.098633
0.824219
0.828125
0.099093
0.024976
0.034417
0.026116
0.847656
0.086839
0.855469
0.027902
0.863281
0.025568
0.024414
0.035742
0.036184
0.029609
0.047452
0.890625
0.105946
0.898438
0.105367
0.029474
0.910156
0.020020
0.917969
0.079229
0.034007
0.028564
0.035156
0.937500
0.030599
0.065855
0.030599
0.953125
0.957031
0.033482
0.964844
0.968750
0.972656
0.976562
0.980469
0.984375
0.988281
0.992188
0.996094
0.000000
0.028265
0.030260
0.040522
0.043499
0.038800
0.036671
0.032416
0.039565
0.038074
0.045645
0.049841
0.054030
0.057360
0.057746
0.062939
0.063947
0.064245
0.067657
0.067836
0.069326
0.071111
0.075205
0.076101
0.076315
0.087326
0.079538
0.084061
0.083667
0.082297
0.086248
0.091309
0.084448
0.092051
0.088780
0.097999
0.088675
0.100807
0.090562
0.103535
0.103750
0.106961
0.087995
0.107209
0.085345
0.105583
0.119492
0.097874
0.096552
0.088762
0.125147
0.084519
0.124540
0.088393
0.121249
0.141067
0.123939
0.072364
0.151131
0.088111
0.160253
0.125216
0.136141
0.097323
0.181944
0.103693
0.089467
0.154252
0.170088
0.183411
0.135776
0.100446
0.179543
0.097063
0.081524
0.140588
0.160578
0.134927
0.159805
0.077825
0.144281
0.109637
0.108746
0.079720
0.118075
0.104324
0.091329
0.128573
0.104379
0.086086
0.103408
0.088360
0.104045
0.134871
0.128527
0.098695
0.127811
0.083503
0.103676
0.107675
0.115827
0.088225
0.113145
0.132269
0.168058
0.079174
0.116657
0.104481
0.148982
0.044922
0.027514
0.096996
0.035502
0.441406
0.055126
0.064062
0.059384
0.058594
0.074405
0.071112
0.078265
0.116962
0.073322
0.072545
0.055793
0.050003
0.029818
0.027187
0.059678
0.041790
0.030717
0.031510
0.038418
0.044422
0.523438
0.060566
0.039583
0.046376
0.539062
0.029855
0.026786
0.550781
0.074903
0.558594
0.028460
0.026128
0.570312
0.054688
0.025029
0.030349
0.585938
0.034424
0.065290
0.597656
0.601562
0.605469
0.609375
0.613281
0.617188
0.621094
0.625000
0.081583
0.032915
0.026042
0.036873
0.644531
0.022656
0.052517
0.039202
0.031619
0.033984
0.060146
0.049129
0.031994
0.032393
0.043377
0.035206
0.691406
0.038281
0.031150
0.029687
0.030636
0.099645
0.079427
0.031250
0.036754
0.027344
0.029978
0.734375
0.058738
0.095014
0.030116
0.033973
0.053571
0.065341
0.106199
0.026940
0.769531
0.090526
0.777344
0.036754
0.026562
0.789062
0.038086
0.796875
0.042969
0.804688
0.033784
0.078263
0.816406
0.820312
0.027699
0.828125
0.024740
0.029297
0.032118
0.843750
0.031250
0.034276
0.026254
0.026875
0.030165
0.867188
0.871094
0.875000
0.878906
0.036621
0.886719
0.890625
0.894531
0.032344
0.902344
0.037905
0.910156
0.914062
0.917969
0.921875
0.033736
0.040365
0.933594
0.937500
0.941406
0.945312
0.949219
0.953125
0.957031
0.960938
0.964844
0.968750
0.972656
0.029238
0.980469
0.984375
0.988281
0.992188
0.996094
0.000000
0.027597
0.032037
0.031194
0.028484
0.038063
0.039246
0.035586
0.042638
0.045386
0.045388
0.046381
0.049997
0.052769
0.057870
0.060210
0.060450
0.063034
0.063959
0.065631
0.064850
0.067380
0.071150
0.071041
0.075040
0.072061
0.077808
0.077847
0.082433
0.088163
0.084225
0.085983
0.081521
0.091357
0.085939
0.086004
0.090030
0.081212
0.098108
0.086865
0.093155
0.104709
0.092585
0.100007
0.120420
0.096158
0.102523
0.112558
0.108620
0.125262
0.110430
0.104443
0.126292
0.115260
0.119135
0.126308
0.120136
0.126276
0.126133
0.127560
0.153925
0.084547
0.136655
0.130335
0.137487
0.141911
0.140088
0.101828
0.171571
0.145384
0.125606
0.157258
0.147145
0.157007
0.153503
0.157073
0.136830
0.123945
0.138484
0.075113
0.134313
0.134431
0.137731
0.097661
0.129031
0.151963
0.076246
0.143638
0.119680
0.145192
0.142008
0.108980
0.159364
0.140381
0.165904
0.183731
0.139297
0.127745
0.142428
0.155985
0.119872
0.087665
0.063399
0.141855
0.060662
0.057609
0.066650
0.134746
0.114968
0.017188
0.158256
0.025065
0.437500
0.104221
0.049669
0.039325
0.058288
0.062643
0.043570
0.037249
0.036793
0.046224
0.043826
0.080881
0.064959
0.050193
0.492188
0.031901
0.044922
0.036340
0.050595
0.511719
0.048658
0.039795
0.523438
0.071200
0.531250
0.073618
0.539062
0.542969
0.546875
0.078462
0.554688
0.092634
0.562500
0.034128
0.570312
0.574219
0.100902
0.582031
0.585938
0.589844
0.593750
0.597656
0.025905
0.028776
0.074125
0.044922
0.024984
0.055622
0.625000
0.031929
0.036892
0.636719
0.057063
0.045496
0.648438
0.036149
0.036515
0.053990
0.032796
0.061224
0.036458
0.085156
0.096173
0.683594
0.045532
0.061719
0.695312
0.036914
0.703125
0.041355
0.071987
0.714844
0.718750
0.722656
0.036659
0.730469
0.041366
0.046673
0.742188
0.746094
0.750000
0.753906
0.037354
0.051612
0.765625
0.073103
0.033318
0.777344
0.781250
0.785156
0.789062
0.049836
0.796875
0.800781
0.035889
0.070929
0.812500
0.816406
0.820312
0.824219
0.025391
0.052002
0.835938
0.839844
0.030185
0.847656
0.851562
0.855469
0.859375
0.863281
0.867188
0.871094
0.045397
0.878906
0.882812
0.886719
0.890625
0.894531
0.898438
0.902344
0.906250
0.910156
0.914062
0.917969
0.921875
0.925781
0.929688
0.933594
0.937500
0.941406
0.038391
0.949219
0.953125
0.957031
0.960938
0.964844
0.968750
0.049537
0.976562
0.980469
0.984375
0.988281
0.992188
0.996094
0.000000
0.003906
0.007812
0.011719
0.015625
0.019531
0.023438
0.027344
0.031250
0.035156
0.039062
0.042969
0.046875
0.050781
0.054688
0.058594
0.062500
0.066406
0.070312
0.074219
0.078125
0.082031
0.085938
0.089844
0.093750
0.097656
0.101562
0.105469
0.109375
0.113281
0.117188
0.121094
0.125000
0.128906
0.132812
0.136719
0.140625
0.144531
0.148438
0.152344
0.156250
0.160156
0.164062
0.167969
0.171875
0.175781
0.179688
0.183594
0.187500
0.191406
0.195312
0.199219
0.203125
0.207031
0.210938
0.214844
0.218750
0.222656
0.226562
0.230469
0.234375
0.238281
0.242188
0.246094
0.250000
0.253906
0.257812
0.261719
0.265625
0.269531
0.273438
0.277344
0.281250
0.285156
0.289062
0.292969
0.296875
0.300781
0.304688
0.308594
0.312500
0.316406
0.320312
0.324219
0.328125
0.332031
0.335938
0.339844
0.343750
0.347656
0.351562
0.355469
0.359375
0.363281
0.367188
0.371094
0.375000
0.378906
0.382812
0.386719
0.390625
0.394531
0.398438
0.402344
0.406250
0.410156
0.414062
0.417969
0.421875
0.425781
0.429688
0.433594
0.437500
0.441406
0.445312
0.449219
0.453125
0.457031
0.460938
0.464844
0.468750
0.472656
0.476562
0.480469
0.484375
0.488281
0.492188
0.496094
0.500000
0.503906
0.507812
0.511719
0.515625
0.519531
0.523438
0.527344
0.531250
0.535156
0.539062
0.542969
0.546875
0.550781
0.554688
0.558594
0.562500
0.566406
0.570312
0.574219
0.578125
0.582031
0.585938
0.589844
0.593750
0.597656
0.601562
0.605469
0.609375
0.613281
0.617188
0.621094
0.625000
0.628906
0.632812
0.636719
0.640625
0.644531
0.648438
0.652344
0.656250
0.660156
0.664062
0.667969
0.671875
0.675781
0.679688
0.683594
0.687500
0.691406
0.695312
0.699219
0.703125
0.707031
0.710938
0.714844
0.718750
0.722656
0.726562
0.730469
0.734375
0.738281
0.742188
0.746094
0.750000
0.753906
0.757812
0.761719
0.765625
0.769531
0.773438
0.777344
0.781250
0.785156
0.789062
0.792969
0.796875
0.800781
0.804688
0.808594
0.812500
0.816406
0.820312
0.824219
0.828125
0.832031
0.835938
0.839844
0.843750
0.847656
0.851562
0.855469
0.859375
0.863281
0.867188
0.871094
0.875000
0.878906
0.882812
0.886719
0.890625
0.894531
0.898438
0.902344
0.906250
0.910156
0.914062
0.917969
0.921875
0.925781
0.929688
0.933594
0.937500
0.941406
0.945312
0.949219
0.953125
0.957031
0.960938
0.964844
0.968750
0.972656
0.976562
0.980469
0.984375
0.988281
0.992188
0.996094
0.077797
0.037670
0.033814
0.038623
0.048989
0.052860
0.044327
0.041164
0.046919
0.056230
0.060318
0.057159
0.056444
0.058092
0.061059
0.061387
0.063585
0.065450
0.067099
0.067907
0.072136
0.072325
0.074133
0.076135
0.080239
0.081024
0.078065
0.079451
0.080284
0.087286
0.092194
0.091374
0.094651
0.091415
0.094242
0.102471
0.096697
0.100749
0.104827
0.104376
0.107000
0.109866
0.113239
0.120262
0.122834
0.128590
0.130666
0.123436
0.133210
0.118841
0.124503
0.115708
0.138146
0.124652
0.141248
0.122822
0.125791
0.129096
0.131618
0.173056
0.172809
0.132332
0.127344
0.170971
0.152777
0.180320
0.197023
0.145286
0.175387
0.183276
0.190535
0.178795
0.170752
0.169831
0.164571
0.116800
0.144659
0.131715
0.144214
0.145740
0.119725
0.123699
0.166557
0.152098
0.141885
0.131560
0.113638
0.110637
0.124544
0.126050
0.105886
0.158424
0.148269
0.184193
0.134432
0.161852
0.131186
0.116563
0.107238
0.116356
0.142975
0.128022
0.055477
0.093882
0.104874
0.211969
0.198275
0.259555
0.082812
0.047878
0.035778
0.300684
0.198089
0.280790
0.259199
0.193600
0.169054
0.212735
0.178205
0.141495
0.395437
0.198090
0.128268
0.110818
0.247983
0.291137
0.241085
0.303781
0.164062
0.091974
0.507812
0.190290
0.515625
0.023438
0.026042
0.527344
0.111151
0.028320
0.028088
0.542969
0.546875
0.550781
0.554688
0.558594
0.562500
0.566406
0.570312
0.153320
0.578125
0.028809
0.585938
0.589844
0.040365
0.143229
0.160156
0.041233
0.046875
0.027995
0.038462
0.195668
0.027344
0.628906
0.162326
0.636719
0.162287
0.163281
0.648438
0.067909
0.656250
0.075781
0.164062
0.171875
0.164062
0.675781
0.679688
0.683594
0.687500
0.164062
0.695312
0.699219
0.703125
0.707031
0.710938
0.714844
0.718750
0.722656
0.019531
0.730469
0.734375
0.036458
0.742188
0.164062
0.750000
0.753906
0.757812
0.761719
0.765625
0.769531
0.773438
0.777344
0.781250
0.785156
0.789062
0.792969
0.796875
0.800781
0.804688
0.808594
0.812500
0.816406
0.820312
0.824219
0.828125
0.832031
0.835938
0.839844
0.843750
0.847656
0.851562
0.855469
0.859375
0.863281
0.867188
0.871094
0.875000
0.878906
0.882812
0.886719
0.890625
0.894531
0.898438
0.902344
0.906250
0.910156
0.914062
0.917969
0.921875
0.925781
0.929688
0.933594
0.937500
0.941406
0.945312
0.949219
0.953125
0.957031
0.960938
0.964844
0.968750
0.972656
0.976562
0.980469
0.984375
0.988281
0.992188
0.996094
0.068019
0.045616
0.041601
0.043480
0.045961
0.050325
0.052120
0.052331
0.050731
0.053709
0.057572
0.058921
0.056360
0.057169
0.057430
0.061523
0.058983
0.059856
0.063155
0.063230
0.063833
0.063682
0.063334
0.063399
0.065031
0.066284
0.062872
0.067765
0.067256
0.063385
0.068566
0.070575
0.069754
0.072811
0.075595
0.078459
0.083909
0.078871
0.085399
0.081667
0.085645
0.086371
0.093003
0.087592
0.091140
0.091156
0.099547
0.098850
0.099304
0.098365
0.095179
0.100560
0.101134
0.099238
0.111748
0.122153
0.117140
0.117477
0.108992
0.129821
0.130035
0.119593
0.116736
0.129397
0.137130
0.117735
0.135160
0.162442
0.130257
0.131101
0.140232
0.129792
0.154131
0.133039
0.149604
0.130727
0.141066
0.149628
0.150343
0.164509
0.151164
0.145822
0.174400
0.167567
0.157707
0.151675
0.163676
0.148354
0.163251
0.188172
0.165095
0.158618
0.171380
0.154094
0.159708
0.189547
0.170401
0.170355
0.177232
0.154421
0.187879
0.135390
0.083880
0.061686
0.200846
0.226648
0.126634
0.140831
0.272978
0.144328
0.316406
0.305591
0.043362
0.192163
0.201202
0.164476
0.292771
0.257812
0.259077
0.176020
0.077677
0.175666
0.124171
0.049574
0.228423
0.327508
0.156470
0.295685
0.271446
0.285540
0.303591
0.291518
0.212402
0.519531
0.523438
0.426219
0.365033
0.313643
0.539062
0.069615
0.037997
0.195312
0.554688
0.039551
0.056949
0.566406
0.034424
0.574219
0.070312
0.582031
0.585938
0.589844
0.028906
0.016406
0.089583
0.605469
0.029948
0.613281
0.617188
0.093750
0.625000
0.628906
0.036198
0.636719
0.640625
0.644531
0.648438
0.652344
0.656250
0.660156
0.664062
0.667969
0.671875
0.675781
0.679688
0.683594
0.687500
0.691406
0.695312
0.699219
0.703125
0.707031
0.710938
0.714844
0.718750
0.722656
0.726562
0.730469
0.734375
0.738281
0.742188
0.746094
0.750000
0.753906
0.757812
0.761719
0.765625
0.769531
0.773438
0.777344
0.781250
0.785156
0.789062
0.792969
0.796875
0.800781
0.804688
0.808594
0.007812
0.816406
0.820312
0.824219
0.828125
0.832031
0.835938
0.839844
0.843750
0.847656
0.851562
0.855469
0.859375
0.863281
0.867188
0.871094
0.875000
0.878906
0.882812
0.886719
0.890625
0.894531
0.898438
0.902344
0.906250
0.910156
0.914062
0.917969
0.921875
0.925781
0.929688
0.933594
0.937500
0.941406
0.945312
0.093750
0.953125
0.957031
0.960938
0.964844
0.968750
0.972656
0.976562
0.980469
0.984375
0.988281
0.992188
0.996094
0.067935
0.053091
0.051014
0.049371
0.054144
0.055568
0.056015
0.060248
0.055291
0.057715
0.062856
0.061812
0.064847
0.064377
0.070977
0.067990
0.069044
0.071849
0.073378
0.076638
0.076004
0.078620
0.077150
0.081974
0.084820
0.083180
0.086767
0.090585
0.087353
0.090071
0.095201
0.091136
0.100013
0.099404
0.107210
0.102020
0.106023
0.103241
0.110496
0.113424
0.113969
0.114851
0.121851
0.119865
0.114220
0.129187
0.126066
0.126940
0.134687
0.131532
0.127871
0.131985
0.130850
0.145855
0.137165
0.133152
0.134137
0.147129
0.141481
0.140490
0.153857
0.131851
0.155793
0.160121
0.150112
0.149772
0.163496
0.162234
0.160239
0.166684
0.154348
0.161228
0.178060
0.191516
0.150258
0.175604
0.169178
0.178104
0.182486
0.159220
0.160500
0.182905
0.154507
0.200675
0.175728
0.160921
0.200603
0.170090
0.176424
0.177290
0.216376
0.179813
0.206252
0.151939
0.166587
0.169410
0.177279
0.164212
0.196801
0.172575
0.171758
0.134145
0.179174
0.109620
0.155670
0.162506
0.154575
0.103530
0.117299
0.218094
0.134485
0.233223
0.038086
0.182188
0.067871
0.165164
0.107926
0.154975
0.103558
0.229353
0.179759
0.302830
0.326853
0.108173
0.375747
0.347168
0.319436
0.282918
0.393966
0.395850
0.074219
0.511719
0.340625
0.337468
0.443682
0.414020
0.430600
0.381877
0.539062
0.542969
0.546875
0.550781
0.554688
0.558594
0.562500
0.566406
0.570312
0.574219
0.578125
0.582031
0.585938
0.069092
0.593750
0.597656
0.601562
0.353516
0.609375
0.094727
0.617188
0.621094
0.625000
0.628906
0.632812
0.636719
0.640625
0.140625
0.648438
0.652344
0.656250
0.244141
0.664062
0.667969
0.671875
0.675781
0.679688
0.683594
0.687500
0.691406
0.218750
0.699219
0.703125
0.707031
0.210938
0.714844
0.718750
0.722656
0.329427
0.730469
0.734375
0.738281
0.742188
0.746094
0.750000
0.753906
0.757812
0.761719
0.765625
0.769531
0.773438
0.777344
0.781250
0.785156
0.789062
0.792969
0.796875
0.800781
0.804688
0.808594
0.812500
0.816406
0.820312
0.824219
0.828125
0.832031
0.835938
0.839844
0.843750
0.847656
0.851562
0.855469
0.859375
0.863281
0.867188
0.871094
0.875000
0.878906
0.882812
0.886719
0.890625
0.894531
0.898438
0.902344
0.906250
0.910156
0.914062
0.917969
0.921875
0.925781
0.929688
0.933594
0.937500
0.941406
0.945312
0.949219
0.953125
0.957031
0.960938
0.964844
0.968750
0.972656
0.976562
0.980469
0.984375
0.988281
0.992188
0.996094
0.064773
0.053923
0.060933
0.058228
0.057565
0.056453
0.058255
0.064208
0.063515
0.070624
0.063770
0.067058
0.065735
0.071670
0.071929
0.073163
0.071332
0.077967
0.077897
0.077312
0.081525
0.083534
0.086496
0.102453
0.094613
0.094858
0.091860
0.099469
0.096937
0.099497
0.103057
0.110651
0.104750
0.113121
0.126532
0.111230
0.120002
0.120749
0.119053
0.112943
0.123961
0.132834
0.123429
0.122047
0.130351
0.132871
0.130744
0.156545
0.146074
0.140773
0.152107
0.159889
0.138214
0.138040
0.140927
0.159184
0.149020
0.143082
0.141476
0.165676
0.160878
0.154592
0.154922
0.166591
0.162506
0.132243
0.157924
0.171923
0.167502
0.192280
0.175090
0.152843
0.162854
0.172717
0.154833
0.193473
0.173584
0.164052
0.142610
0.140646
0.152155
0.221040
0.155957
0.122038
0.173103
0.195683
0.169061
0.179290
0.194067
0.206862
0.188200
0.190159
0.155025
0.125588
0.121582
0.186250
0.213820
0.115298
0.141856
0.136148
0.163016
0.085593
0.102670
0.068791
0.093418
0.102348
0.181019
0.191332
0.247891
0.087674
0.264169
0.205554
0.223557
0.172292
0.169130
0.126355
0.198221
0.212301
0.246094
0.176745
0.282734
0.242784
0.150269
0.244332
0.313407
0.313573
0.326637
0.208418
0.255940
0.401455
0.428745
0.511719
0.046875
0.026042
0.306553
0.233410
0.450700
0.108754
0.431641
0.389062
0.472656
0.499023
0.554688
0.098772
0.562500
0.566406
0.570312
0.574219
0.578125
0.582031
0.585938
0.589844
0.347656
0.597656
0.195312
0.605469
0.283203
0.613281
0.617188
0.287109
0.277344
0.628906
0.230469
0.636719
0.640625
0.644531
0.648438
0.097656
0.656250
0.335938
0.492188
0.667969
0.671875
0.675781
0.679688
0.105469
0.140625
0.691406
0.695312
0.699219
0.703125
0.707031
0.109375
0.062500
0.718750
0.722656
0.726562
0.730469
0.734375
0.738281
0.742188
0.746094
0.750000
0.753906
0.757812
0.761719
0.034288
0.769531
0.773438
0.777344
0.781250
0.785156
0.789062
0.792969
0.796875
0.800781
0.804688
0.808594
0.812500
0.816406
0.820312
0.050781
0.828125
0.832031
0.835938
0.839844
0.843750
0.128906
0.851562
0.855469
0.859375
0.863281
0.867188
0.871094
0.875000
0.878906
0.882812
0.886719
0.890625
0.894531
0.898438
0.902344
0.906250
0.910156
0.914062
0.917969
0.921875
0.925781
0.929688
0.933594
0.937500
0.941406
0.945312
0.949219
0.953125
0.957031
0.960938
0.964844
0.968750
0.972656
0.976562
0.980469
0.984375
0.988281
0.992188
0.996094
0.000000
0.055431
0.068925
0.063857
0.062212
0.054931
0.063332
0.064053
0.064743
0.063803
0.063906
0.065800
0.064826
0.070536
0.068913
0.071720
0.077745
0.078016
0.076001
0.077077
0.079388
0.078016
0.078981
0.080230
0.080759
0.082084
0.089030
0.089770
0.086225
0.089626
0.093738
0.092357
0.090945
0.090921
0.093634
0.095265
0.101864
0.091003
0.100340
0.097333
0.111849
0.102143
0.108632
0.106430
0.105864
0.101264
0.110979
0.133429
0.136498
0.137699
0.125871
0.131260
0.147851
0.134164
0.127743
0.129304
0.139096
0.145601
0.147465
0.140970
0.164524
0.143671
0.127789
0.205868
0.147085
0.137080
0.156478
0.140492
0.160126
0.164263
0.143993
0.150675
0.154122
0.152524
0.182161
0.197244
0.154351
0.161306
0.153789
0.142984
0.194317
0.183555
0.147213
0.164419
0.145551
0.160805
0.195054
0.139889
0.144422
0.148424
0.160478
0.138991
0.143750
0.237895
0.161955
0.125993
0.136267
0.116351
0.094048
0.126906
0.109541
0.116765
0.127043
0.087261
0.061553
0.129732
0.110906
0.125281
0.191080
0.084489
0.240558
0.110646
0.170501
0.173899
0.169558
0.247369
0.163458
0.122752
0.360263
0.195544
0.120397
0.434549
0.203368
0.341222
0.213511
0.130534
0.126683
0.454455
0.277272
0.415039
0.475000
0.309544
0.224536
0.396724
0.523438
0.388452
0.419295
0.123755
0.180363
0.542969
0.476562
0.498698
0.554688
0.558594
0.562500
0.566406
0.570312
0.574219
0.578125
0.582031
0.585938
0.589844
0.593750
0.597656
0.601562
0.605469
0.609375
0.613281
0.617188
0.621094
0.625000
0.628906
0.632812
0.636719
0.640625
0.644531
0.648438
0.652344
0.656250
0.660156
0.664062
0.667969
0.671875
0.675781
0.679688
0.683594
0.687500
0.691406
0.695312
0.699219
0.703125
0.707031
0.710938
0.714844
0.718750
0.722656
0.726562
0.730469
0.734375
0.738281
0.742188
0.746094
0.750000
0.753906
0.757812
0.761719
0.765625
0.769531
0.773438
0.777344
0.781250
0.785156
0.789062
0.792969
0.796875
0.800781
0.804688
0.808594
0.812500
0.816406
0.820312
0.824219
0.828125
0.832031
0.835938
0.839844
0.843750
0.847656
0.851562
0.855469
0.859375
0.863281
0.867188
0.871094
0.875000
0.878906
0.882812
0.886719
0.890625
0.894531
0.898438
0.902344
0.906250
0.910156
0.914062
0.917969
0.921875
0.925781
0.929688
0.933594
0.937500
0.941406
0.945312
0.949219
0.953125
0.957031
0.960938
0.964844
0.968750
0.972656
0.976562
0.980469
0.984375
0.988281
0.992188
0.996094
0.053391
0.051366
0.062472
0.062065
0.060526
0.065360
0.066100
0.062383
0.063127
0.065524
0.071184
0.067959
0.072015
0.082952
0.076137
0.081092
0.078970
0.076080
0.082524
0.078425
0.075508
0.079449
0.082141
0.083033
0.086902
0.093821
0.089431
0.089503
0.087240
0.088601
0.091040
0.083820
0.092354
0.091060
0.106307
0.080429
0.092255
0.103359
0.093003
0.118511
0.105236
0.083882
0.112623
0.105279
0.156586
0.153507
0.114472
0.150087
0.103951
0.127126
0.100414
0.123650
0.133424
0.108841
0.156959
0.138309
0.110294
0.170044
0.092509
0.152530
0.153160
0.177708
0.146351
0.168254
0.137686
0.201463
0.128121
0.155933
0.082918
0.107234
0.137499
0.116339
0.102345
0.154031
0.143023
0.124349
0.079003
0.176817
0.128166
0.191406
0.079536
0.095501
0.203728
0.324219
0.149454
0.101660
0.118223
0.140798
0.098633
0.092021
0.124445
0.216162
0.058598
0.363281
0.205717
0.371094
0.115588
0.107039
0.088173
0.053547
0.146764
0.091888
0.087592
0.076975
0.071107
0.087197
0.111565
0.111634
0.153054
0.126758
0.090084
0.049713
0.082189
0.174585
0.134239
0.189316
0.092593
0.198663
0.096584
0.097605
0.160947
0.201648
0.145313
0.189920
0.107422
0.488281
0.065950
0.496094
0.038586
0.117158
0.507812
0.511719
0.515625
0.110521
0.523438
0.527344
0.531250
0.535156
0.539062
0.542969
0.546875
0.550781
0.554688
0.558594
0.562500
0.566406
0.570312
0.574219
0.578125
0.582031
0.585938
0.589844
0.593750
0.597656
0.601562
0.605469
0.609375
0.613281
0.617188
0.621094
0.625000
0.628906
0.632812
0.636719
0.640625
0.644531
0.648438
0.652344
0.656250
0.660156
0.664062
0.667969
0.671875
0.675781
0.679688
0.683594
0.687500
0.691406
0.695312
0.699219
0.703125
0.707031
0.710938
0.714844
0.718750
0.722656
0.726562
0.730469
0.734375
0.738281
0.742188
0.746094
0.750000
0.753906
0.757812
0.761719
0.765625
0.769531
0.773438
0.777344
0.781250
0.785156
0.789062
0.792969
0.796875
0.800781
0.804688
0.808594
0.812500
0.816406
0.820312
0.824219
0.828125
0.832031
0.835938
0.839844
0.843750
0.847656
0.851562
0.855469
0.859375
0.863281
0.867188
0.871094
0.875000
0.878906
0.882812
0.886719
0.890625
0.894531
0.898438
0.902344
0.906250
0.910156
0.914062
0.917969
0.921875
0.925781
0.929688
0.933594
0.937500
0.941406
0.945312
0.949219
0.953125
0.957031
0.960938
0.964844
0.968750
0.972656
0.976562
0.980469
0.984375
0.988281
0.992188
0.996094
0.000000
0.049983
0.065799
0.064059
0.064273
0.076439
0.063433
0.072341
0.072875
0.084499
0.095103
0.097758
0.080294
0.088395
0.098190
0.086129
0.085451
0.088891
0.074549
0.082929
0.111250
0.080670
0.091679
0.054827
0.093297
0.071652
0.086114
0.073970
0.072897
0.098253
0.070263
0.113855
0.093265
0.081075
0.096675
0.094700
0.160755
0.112063
0.169807
0.114803
0.122612
0.087582
0.135587
0.118852
0.077541
0.122654
0.179688
0.031135
0.173095
0.191406
0.099365
0.103824
0.226698
0.106615
0.069857
0.127184
0.169935
0.222656
0.075275
0.059777
0.062717
0.195095
0.060072
0.095113
0.078516
0.058077
0.062420
0.261719
0.048550
0.065743
0.204018
0.115213
0.028281
0.191482
0.289062
0.099200
0.069396
0.107294
0.075863
0.308594
0.060499
0.064413
0.320312
0.056124
0.105801
0.054187
0.075252
0.047704
0.343750
0.264230
0.081215
0.059653
0.143148
0.092383
0.059391
0.371094
0.375000
0.191419
0.382812
0.071195
0.107685
0.064742
0.079799
0.016638
0.075843
0.410156
0.115103
0.099077
0.153691
0.096920
0.104386
0.058350
0.130285
0.068244
0.445312
0.181443
0.147275
0.185564
0.133183
0.067909
0.468750
0.137240
0.180804
0.186993
0.162747
0.488281
0.178760
0.496094
0.500000
0.503906
0.112045
0.511719
0.515625
0.519531
0.523438
0.527344
0.531250
0.535156
0.539062
0.542969
0.546875
0.550781
0.554688
0.558594
0.562500
0.566406
0.570312
0.574219
0.578125
0.582031
0.585938
0.589844
0.593750
0.597656
0.601562
0.605469
0.609375
0.613281
0.617188
0.621094
0.625000
0.628906
0.632812
0.636719
0.640625
0.644531
0.648438
0.652344
0.656250
0.660156
0.664062
0.667969
0.671875
0.675781
0.679688
0.683594
0.687500
0.691406
0.695312
0.699219
0.703125
0.707031
0.710938
0.714844
0.718750
0.722656
0.726562
0.730469
0.734375
0.738281
0.742188
0.746094
0.750000
0.753906
0.757812
0.761719
0.765625
0.769531
0.773438
0.777344
0.781250
0.785156
0.789062
0.792969
0.796875
0.800781
0.804688
0.808594
0.812500
0.816406
0.820312
0.824219
0.828125
0.832031
0.835938
0.839844
0.843750
0.847656
0.851562
0.855469
0.859375
0.863281
0.867188
0.871094
0.875000
0.878906
0.882812
0.886719
0.890625
0.894531
0.898438
0.902344
0.906250
0.910156
0.914062
0.917969
0.921875
0.925781
0.929688
0.933594
0.937500
0.941406
0.945312
0.949219
0.953125
0.957031
0.960938
0.964844
0.968750
0.972656
0.976562
0.980469
0.984375
0.988281
0.992188
0.996094
0.075959
0.050793
0.067578
0.064929
0.069989
0.075375
0.072269
0.065834
0.057254
0.068722
0.071707
0.081673
0.091070
0.095945
0.085071
0.088513
0.089611
0.089296
0.083082
0.091079
0.105281
0.077100
0.081017
0.100041
0.094641
0.088194
0.093316
0.077084
0.060701
0.047622
0.076258
0.080634
0.047620
0.072085
0.054245
0.065907
0.072787
0.079892
0.075511
0.066880
0.068654
0.058891
0.060937
0.068037
0.056501
0.074395
0.045018
0.051606
0.130996
0.081854
0.133635
0.077979
0.069540
0.059859
0.260562
0.057523
0.078164
0.062276
0.050442
0.167954
0.162554
0.054774
0.056055
0.246094
0.062121
0.047195
0.070955
0.282909
0.061867
0.031167
0.273438
0.130603
0.062520
0.234902
0.214535
0.292969
0.058281
0.065500
0.304688
0.185599
0.312500
0.011574
0.074923
0.063189
0.328125
0.332031
0.134206
0.339844
0.343750
0.347656
0.073509
0.355469
0.161486
0.363281
0.074084
0.238405
0.067367
0.378906
0.382812
0.042763
0.099520
0.058380
0.398438
0.094964
0.058459
0.176354
0.223509
0.417969
0.166191
0.196661
0.429688
0.089932
0.178819
0.087260
0.159980
0.168793
0.453125
0.282795
0.460938
0.075184
0.468750
0.472656
0.100111
0.480469
0.484375
0.488281
0.492188
0.173865
0.500000
0.503906
0.507812
0.511719
0.515625
0.519531
0.523438
0.527344
0.531250
0.535156
0.539062
0.542969
0.546875
0.550781
0.554688
0.558594
0.562500
0.566406
0.570312
0.574219
0.578125
0.582031
0.585938
0.589844
0.059482
0.597656
0.601562
0.605469
0.609375
0.613281
0.617188
0.621094
0.625000
0.628906
0.632812
0.636719
0.640625
0.644531
0.648438
0.652344
0.656250
0.660156
0.664062
0.667969
0.671875
0.675781
0.679688
0.683594
0.687500
0.076385
0.695312
0.699219
0.703125
0.707031
0.710938
0.714844
0.718750
0.722656
0.726562
0.730469
0.734375
0.738281
0.742188
0.746094
0.750000
0.753906
0.757812
0.761719
0.765625
0.769531
0.773438
0.777344
0.781250
0.785156
0.789062
0.792969
0.796875
0.800781
0.804688
0.808594
0.812500
0.816406
0.820312
0.824219
0.828125
0.832031
0.835938
0.839844
0.843750
0.847656
0.851562
0.855469
0.859375
0.863281
0.867188
0.871094
0.875000
0.878906
0.882812
0.886719
0.890625
0.894531
0.898438
0.902344
0.906250
0.910156
0.914062
0.917969
0.921875
0.925781
0.929688
0.933594
0.937500
0.941406
0.945312
0.949219
0.953125
0.957031
0.960938
0.964844
0.968750
0.972656
0.976562
0.980469
0.984375
0.988281
0.992188
0.996094
0.057399
0.062873
0.064607
0.071065
0.064464
0.089777
0.082325
0.090706
0.093412
0.076106
0.095816
0.094355
0.105327
0.091217
0.080413
0.103669
0.111281
0.091411
0.108234
0.093845
0.102105
0.107492
0.087743
0.122178
0.089377
0.063739
0.036719
0.073733
0.073472
0.060788
0.112916
0.124465
0.125000
0.081426
0.135063
0.136719
0.102245
0.078528
0.041062
0.066604
0.156250
0.048453
0.101225
0.071793
0.077907
0.175781
0.126486
0.183594
0.091410
0.064288
0.195312
0.199219
0.113428
0.068618
0.210938
0.214844
0.068707
0.016710
0.226562
0.114562
0.086830
0.073503
0.242188
0.246094
0.134708
0.253906
0.117946
0.261719
0.201005
0.269531
0.056131
0.277344
0.253637
0.086753
0.289062
0.173747
0.296875
0.300781
0.304688
0.228208
0.312500
0.316406
0.055934
0.324219
0.328125
0.332031
0.335938
0.339844
0.343750
0.347656
0.351562
0.355469
0.240468
0.363281
0.367188
0.371094
0.173154
0.378906
0.055150
0.386719
0.390625
0.204112
0.398438
0.068214
0.243981
0.142632
0.414062
0.157227
0.421875
0.133672
0.429688
0.433594
0.067691
0.441406
0.171895
0.102573
0.115737
0.205838
0.460938
0.218667
0.075087
0.472656
0.476562
0.480469
0.484375
0.488281
0.492188
0.496094
0.500000
0.503906
0.507812
0.511719
0.041224
0.519531
0.523438
0.527344
0.531250
0.535156
0.539062
0.143944
0.546875
0.550781
0.554688
0.558594
0.562500
0.566406
0.570312
0.574219
0.578125
0.582031
0.585938
0.589844
0.593750
0.597656
0.601562
0.605469
0.609375
0.613281
0.617188
0.621094
0.625000
0.628906
0.632812
0.636719
0.640625
0.644531
0.648438
0.652344
0.656250
0.660156
0.664062
0.667969
0.671875
0.675781
0.679688
0.683594
0.687500
0.691406
0.695312
0.699219
0.703125
0.707031
0.710938
0.714844
0.718750
0.722656
0.726562
0.730469
0.734375
0.738281
0.742188
0.746094
0.750000
0.753906
0.757812
0.761719
0.765625
0.769531
0.773438
0.777344
0.781250
0.785156
0.789062
0.792969
0.796875
0.800781
0.804688
0.808594
0.812500
0.816406
0.820312
0.824219
0.828125
0.832031
0.835938
0.839844
0.843750
0.847656
0.851562
0.855469
0.859375
0.863281
0.867188
0.871094
0.875000
0.878906
0.882812
0.886719
0.890625
0.894531
0.898438
0.902344
0.906250
0.910156
0.914062
0.917969
0.921875
0.925781
0.929688
0.933594
0.937500
0.941406
0.945312
0.949219
0.953125
0.957031
0.960938
0.964844
0.968750
0.972656
0.976562
0.980469
0.984375
0.988281
0.992188
0.996094
0.000000
0.066393
0.084568
0.074650
0.096953
0.092583
0.093102
0.100865
0.121037
0.128662
0.118107
0.098548
0.116199
0.092951
0.141875
0.112659
0.129488
0.104257
0.082625
0.112377
0.137157
0.132753
0.069901
0.117272
0.058247
0.046875
0.055066
0.105469
0.068254
0.113281
0.117188
0.106993
0.125000
0.105760
0.114682
0.089134
0.037656
0.059556
0.076606
0.152344
0.059896
0.160156
0.051736
0.167969
0.171875
0.175781
0.179688
0.033654
0.187500
0.107773
0.047045
0.199219
0.203125
0.207031
0.210938
0.214844
0.218750
0.222656
0.060985
0.230469
0.234375
0.238281
0.242188
0.246094
0.250000
0.253906
0.257812
0.261719
0.265625
0.269531
0.273438
0.277344
0.281250
0.285156
0.289062
0.292969
0.035019
0.300781
0.304688
0.308594
0.312500
0.316406
0.320312
0.324219
0.328125
0.332031
0.335938
0.339844
0.343750
0.347656
0.076915
0.355469
0.359375
0.363281
0.367188
0.371094
0.375000
0.378906
0.382812
0.386719
0.054093
0.394531
0.398438
0.402344
0.406250
0.410156
0.414062
0.417969
0.421875
0.425781
0.429688
0.433594
0.437500
0.441406
0.445312
0.449219
0.453125
0.457031
0.460938
0.464844
0.468750
0.472656
0.476562
0.184797
0.484375
0.488281
0.056983
0.039414
0.500000
0.503906
0.507812
0.511719
0.515625
0.092834
0.523438
0.527344
0.531250
0.535156
0.539062
0.040703
0.546875
0.550781
0.554688
0.558594
0.562500
0.566406
0.570312
0.574219
0.578125
0.582031
0.585938
0.589844
0.593750
0.597656
0.601562
0.605469
0.609375
0.613281
0.617188
0.621094
0.625000
0.628906
0.632812
0.095965
0.640625
0.644531
0.648438
0.652344
0.656250
0.660156
0.664062
0.667969
0.671875
0.675781
0.679688
0.683594
0.687500
0.691406
0.695312
0.699219
0.703125
0.707031
0.710938
0.714844
0.718750
0.722656
0.726562
0.730469
0.734375
0.738281
0.742188
0.746094
0.750000
0.753906
0.757812
0.761719
0.765625
0.769531
0.773438
0.777344
0.781250
0.785156
0.789062
0.792969
0.796875
0.800781
0.804688
0.808594
0.812500
0.816406
0.820312
0.824219
0.828125
0.832031
0.835938
0.839844
0.843750
0.847656
0.851562
0.855469
0.859375
0.863281
0.867188
0.871094
0.875000
0.878906
0.882812
0.886719
0.890625
0.894531
0.898438
0.902344
0.906250
0.910156
0.914062
0.917969
0.921875
0.925781
0.929688
0.933594
0.937500
0.941406
0.945312
0.949219
0.953125
0.957031
0.960938
0.964844
0.968750
0.972656
0.976562
0.980469
0.984375
0.988281
0.992188
0.996094
0.043984
0.047754
0.081879
0.109646
0.082072
0.093298
0.122588
0.091113
0.099501
0.141009
0.049710
0.078694
0.140249
0.150472
0.105570
0.072279
0.050130
0.155700
0.079643
0.033507
0.065795
0.077403
0.085938
0.091958
0.073793
0.113486
0.081564
0.112869
0.086268
0.058707
0.063461
0.121094
0.170282
0.128906
0.114478
0.111988
0.053955
0.075236
0.133916
0.047679
0.076287
0.033594
0.164062
0.072385
0.067969
0.091011
0.179688
0.045480
0.187500
0.191406
0.195312
0.199219
0.203125
0.207031
0.210938
0.214844
0.218750
0.222656
0.226562
0.230469
0.064091
0.238281
0.242188
0.246094
0.250000
0.253906
0.257812
0.261719
0.265625
0.269531
0.273438
0.277344
0.281250
0.285156
0.289062
0.292969
0.296875
0.300781
0.304688
0.308594
0.312500
0.316406
0.320312
0.324219
0.328125
0.332031
0.335938
0.339844
0.343750
0.347656
0.351562
0.355469
0.359375
0.363281
0.367188
0.371094
0.375000
0.378906
0.382812
0.386719
0.390625
0.077288
0.398438
0.402344
0.406250
0.193077
0.414062
0.417969
0.158149
0.425781
0.429688
0.433594
0.437500
0.441406
0.445312
0.449219
0.453125
0.457031
0.460938
0.464844
0.468750
0.472656
0.476562
0.480469
0.484375
0.488281
0.492188
0.496094
0.500000
0.503906
0.507812
0.511719
0.515625
0.519531
0.523438
0.527344
0.531250
0.535156
0.539062
0.542969
0.546875
0.550781
0.554688
0.558594
0.562500
0.566406
0.570312
0.574219
0.578125
0.582031
0.585938
0.589844
0.593750
0.597656
0.601562
0.605469
0.609375
0.613281
0.617188
0.621094
0.625000
0.628906
0.632812
0.636719
0.640625
0.644531
0.648438
0.652344
0.656250
0.660156
0.664062
0.667969
0.671875
0.675781
0.679688
0.683594
0.687500
0.691406
0.695312
0.699219
0.703125
0.707031
0.710938
0.714844
0.718750
0.722656
0.726562
0.730469
0.734375
0.738281
0.742188
0.746094
0.750000
0.753906
0.757812
0.761719
0.765625
0.769531
0.773438
0.777344
0.781250
0.785156
0.789062
0.792969
0.796875
0.800781
0.804688
0.808594
0.812500
0.816406
0.820312
0.824219
0.828125
0.832031
0.835938
0.839844
0.843750
0.847656
0.851562
0.855469
0.859375
0.863281
0.867188
0.871094
0.875000
0.878906
0.882812
0.886719
0.890625
0.894531
0.898438
0.902344
0.906250
0.910156
0.914062
0.917969
0.921875
0.925781
0.929688
0.933594
0.937500
0.941406
0.945312
0.949219
0.953125
0.957031
0.960938
0.964844
0.968750
0.972656
0.976562
0.980469
0.984375
0.988281
0.992188
0.996094
0.000000
0.041118
0.089551
0.080706
0.084197
0.084624
0.028250
0.040348
0.044909
0.057275
0.067111
0.087803
0.071089
0.045573
0.054688
0.058594
0.041959
0.066406
0.054167
0.074219
0.078125
0.082031
0.085938
0.089844
0.069382
0.117725
0.101562
0.105469
0.109375
0.113281
0.117188
0.032188
0.125000
0.064732
0.132812
0.136719
0.140625
0.144531
0.148438
0.152344
0.054199
0.160156
0.164062
0.167969
0.171875
0.175781
0.179688
0.183594
0.187500
0.191406
0.195312
0.199219
0.203125
0.207031
0.210938
0.214844
0.218750
0.222656
0.226562
0.230469
0.234375
0.238281
0.242188
0.246094
0.250000
0.253906
0.257812
0.261719
0.265625
0.269531
0.273438
0.277344
0.281250
0.285156
0.289062
0.292969
0.296875
0.300781
0.304688
0.308594
0.312500
0.316406
0.320312
0.324219
0.328125
0.332031
0.335938
0.339844
0.343750
0.347656
0.351562
0.355469
0.359375
0.363281
0.367188
0.371094
0.375000
0.378906
0.382812
0.386719
0.390625
0.394531
0.398438
0.402344
0.406250
0.410156
0.414062
0.417969
0.421875
0.425781
0.429688
0.433594
0.437500
0.441406
0.445312
0.449219
0.453125
0.457031
0.460938
0.464844
0.468750
0.472656
0.476562
0.480469
0.484375
0.488281
0.492188
0.496094
0.500000
0.503906
0.507812
0.511719
0.515625
0.519531
0.523438
0.527344
0.531250
0.535156
0.539062
0.542969
0.546875
0.550781
0.554688
0.558594
0.562500
0.566406
0.570312
0.574219
0.578125
0.582031
0.585938
0.589844
0.593750
0.597656
0.601562
0.605469
0.609375
0.613281
0.617188
0.621094
0.625000
0.628906
0.632812
0.636719
0.640625
0.644531
0.648438
0.652344
0.656250
0.660156
0.664062
0.667969
0.671875
0.675781
0.679688
0.683594
0.687500
0.691406
0.695312
0.699219
0.703125
0.707031
0.710938
0.714844
0.718750
0.722656
0.726562
0.730469
0.734375
0.738281
0.742188
0.746094
0.750000
0.753906
0.757812
0.761719
0.765625
0.769531
0.773438
0.777344
0.781250
0.785156
0.789062
0.792969
0.796875
0.800781
0.804688
0.808594
0.812500
0.816406
0.820312
0.824219
0.828125
0.832031
0.835938
0.839844
0.843750
0.847656
0.851562
0.855469
0.859375
0.863281
0.867188
0.871094
0.875000
0.878906
0.882812
0.886719
0.890625
0.894531
0.898438
0.902344
0.906250
0.910156
0.914062
0.917969
0.921875
0.925781
0.929688
0.933594
0.937500
0.941406
0.945312
0.949219
0.953125
0.957031
0.960938
0.964844
0.968750
0.972656
0.976562
0.980469
0.984375
0.988281
0.992188
0.996094
