image label x y z rx ry rz timestamp
/dados/ufes/20160825/1472149903.313134.bb3.l.png 0 7757730.59215 -363561.54727 0.0 0.043222 -0.017155 0.644966 1472149903.313134
/dados/ufes/20160825/1472149905.001289.bb3.l.png 1 7757734.50851 -363558.56517 0.0 0.04451 -0.029127 0.659499 1472149905.001289
/dados/ufes/20160825/1472149906.060165.bb3.l.png 2 7757738.55802 -363555.49752 0.0 0.0538 -0.041784 0.667449 1472149906.060165
/dados/ufes/20160825/1472149906.997631.bb3.l.png 3 7757742.82367 -363552.192685 0.0 0.050124 -0.059661 0.672689 1472149906.997631
/dados/ufes/20160825/1472149907.816586.bb3.l.png 4 7757746.94701 -363548.955468 0.0 0.052465 -0.06051 0.675331 1472149907.816586
/dados/ufes/20160825/1472149908.632024.bb3.l.png 5 7757751.15289 -363545.679128 0.0 0.061043 -0.061639 0.67479 1472149908.632024
/dados/ufes/20160825/1472149909.497773.bb3.l.png 6 7757755.17749 -363542.536042 0.0 0.04701 -0.051408 0.671567 1472149909.497773
/dados/ufes/20160825/1472149910.250272.bb3.l.png 7 7757759.34431 -363539.334225 0.0 0.060738 -0.055309 0.669612 1472149910.250272
/dados/ufes/20160825/1472149911.127982.bb3.l.png 8 7757763.5803 -363536.048717 0.0 0.062855 -0.061549 0.668036 1472149911.127982
/dados/ufes/20160825/1472149911.747816.bb3.l.png 9 7757767.53628 -363533.035064 0.0 0.052301 -0.060121 0.636806 1472149911.747816
/dados/ufes/20160825/1472149912.269294.bb3.l.png 10 7757771.70943 -363530.125684 0.0 0.04631 -0.053381 0.569409 1472149912.269294
/dados/ufes/20160825/1472149912.834065.bb3.l.png 11 7757776.34855 -363527.381462 0.0 0.039793 -0.051281 0.470586 1472149912.834065
/dados/ufes/20160825/1472149913.465572.bb3.l.png 12 7757781.01848 -363525.260511 0.0 0.023184 -0.049665 0.369402 1472149913.465572
/dados/ufes/20160825/1472149914.035793.bb3.l.png 13 7757785.36068 -363523.79814 0.0 0.01071 -0.055732 0.280425 1472149914.035793
/dados/ufes/20160825/1472149914.647974.bb3.l.png 14 7757790.34175 -363522.668803 0.0 0.004692 -0.04994 0.176091 1472149914.647974
/dados/ufes/20160825/1472149915.272514.bb3.l.png 15 7757795.56737 -363522.085883 0.0 -0.016409 -0.057107 0.052423 1472149915.272514
/dados/ufes/20160825/1472149915.871040.bb3.l.png 16 7757800.77125 -363522.055879 0.0 -0.030969 -0.057848 -0.062353 1472149915.871040
/dados/ufes/20160825/1472149916.497833.bb3.l.png 17 7757806.26278 -363522.71966 0.0 -0.032418 -0.070944 -0.173494 1472149916.497833
/dados/ufes/20160825/1472149917.059107.bb3.l.png 18 7757811.35976 -363523.889793 0.0 -0.040171 -0.084624 -0.271096 1472149917.059107
/dados/ufes/20160825/1472149917.626861.bb3.l.png 19 7757816.32276 -363525.560282 0.0 -0.058628 -0.097141 -0.37834 1472149917.626861
/dados/ufes/20160825/1472149918.181418.bb3.l.png 20 7757820.90523 -363527.692024 0.0 -0.06354 -0.119362 -0.500061 1472149918.181418
/dados/ufes/20160825/1472149918.789165.bb3.l.png 21 7757825.64337 -363530.684053 0.0 -0.045849 -0.114765 -0.616288 1472149918.789165
/dados/ufes/20160825/1472149919.336405.bb3.l.png 22 7757829.79265 -363533.912298 0.0 -0.043696 -0.126405 -0.693108 1472149919.336405
/dados/ufes/20160825/1472149919.827234.bb3.l.png 23 7757833.42125 -363537.052726 0.0 -0.026064 -0.123288 -0.701289 1472149919.827234
/dados/ufes/20160825/1472149920.390376.bb3.l.png 24 7757837.58636 -363540.67058 0.0 -0.040371 -0.112431 -0.707463 1472149920.390376
/dados/ufes/20160825/1472149920.880758.bb3.l.png 25 7757841.5445 -363544.121042 0.0 -0.044713 -0.112108 -0.701073 1472149920.880758
/dados/ufes/20160825/1472149921.381091.bb3.l.png 26 7757845.43247 -363547.456204 0.0 -0.063774 -0.098463 -0.698103 1472149921.381091
/dados/ufes/20160825/1472149921.943010.bb3.l.png 27 7757849.45367 -363550.902591 0.0 -0.067298 -0.092241 -0.700273 1472149921.943010
/dados/ufes/20160825/1472149922.504589.bb3.l.png 28 7757853.9874 -363554.761927 0.0 -0.054056 -0.070025 -0.702074 1472149922.504589
/dados/ufes/20160825/1472149923.002408.bb3.l.png 29 7757857.81597 -363558.076782 0.0 -0.048803 -0.062826 -0.703569 1472149923.002408
/dados/ufes/20160825/1472149923.498026.bb3.l.png 30 7757861.52515 -363561.432695 0.0 -0.034647 -0.051605 -0.716709 1472149923.498026
/dados/ufes/20160825/1472149923.999866.bb3.l.png 31 7757865.42484 -363564.906026 0.0 -0.036243 -0.053184 -0.72191 1472149923.999866
/dados/ufes/20160825/1472149924.562725.bb3.l.png 32 7757869.4296 -363568.522296 0.0 -0.031756 -0.032186 -0.72542 1472149924.562725
/dados/ufes/20160825/1472149925.064332.bb3.l.png 33 7757873.02388 -363571.793945 0.0 -0.024499 -0.023145 -0.727357 1472149925.064332
/dados/ufes/20160825/1472149925.562382.bb3.l.png 34 7757876.66819 -363575.144485 0.0 -0.016111 -0.016179 -0.720287 1472149925.562382
/dados/ufes/20160825/1472149926.064568.bb3.l.png 35 7757880.50372 -363578.518952 0.0 -0.017867 0.000834 -0.707829 1472149926.064568
/dados/ufes/20160825/1472149926.760054.bb3.l.png 36 7757885.64818 -363583.020982 0.0 -0.015506 0.00672 -0.708929 1472149926.760054
/dados/ufes/20160825/1472149927.435633.bb3.l.png 37 7757890.37642 -363587.036748 0.0 -0.003339 0.017222 -0.717669 1472149927.435633
/dados/ufes/20160825/1472149927.947594.bb3.l.png 38 7757894.05192 -363590.258822 0.0 -0.00275 0.015829 -0.727141 1472149927.947594
/dados/ufes/20160825/1472149928.441478.bb3.l.png 39 7757898.01463 -363593.812205 0.0 -0.00595 0.014963 -0.725935 1472149928.441478
/dados/ufes/20160825/1472149929.063583.bb3.l.png 40 7757902.01732 -363597.571602 0.0 0.005813 0.027634 -0.718945 1472149929.063583
/dados/ufes/20160825/1472149929.560629.bb3.l.png 41 7757905.68983 -363600.915088 0.0 0.014972 0.03083 -0.717476 1472149929.560629
/dados/ufes/20160825/1472149930.062595.bb3.l.png 42 7757909.38304 -363603.995146 0.0 0.006545 0.03152 -0.707219 1472149930.062595
/dados/ufes/20160825/1472149930.623047.bb3.l.png 43 7757913.5756 -363607.59206 0.0 0.008829 0.032391 -0.712471 1472149930.623047
/dados/ufes/20160825/1472149931.185713.bb3.l.png 44 7757917.81822 -363611.316676 0.0 0.009994 0.036475 -0.71519 1472149931.185713
/dados/ufes/20160825/1472149931.752006.bb3.l.png 45 7757922.13562 -363615.113435 0.0 0.002442 0.037491 -0.714389 1472149931.752006
/dados/ufes/20160825/1472149932.249370.bb3.l.png 46 7757925.85602 -363618.36568 0.0 -0.001616 0.039494 -0.711953 1472149932.249370
/dados/ufes/20160825/1472149932.815446.bb3.l.png 47 7757929.97365 -363622.000239 0.0 -0.006343 0.035491 -0.708393 1472149932.815446
/dados/ufes/20160825/1472149933.373155.bb3.l.png 48 7757933.94579 -363625.458315 0.0 -0.000545 0.033763 -0.711825 1472149933.373155
/dados/ufes/20160825/1472149933.944246.bb3.l.png 49 7757938.23286 -363629.128618 0.0 0.007533 0.02873 -0.704112 1472149933.944246
/dados/ufes/20160825/1472149934.500219.bb3.l.png 50 7757942.1714 -363632.568696 0.0 0.003805 0.051304 -0.711611 1472149934.500219
/dados/ufes/20160825/1472149935.060777.bb3.l.png 51 7757946.14951 -363636.065778 0.0 0.004187 0.045133 -0.717012 1472149935.060777
/dados/ufes/20160825/1472149935.564164.bb3.l.png 52 7757949.74553 -363639.230695 0.0 0.003925 0.043099 -0.73552 1472149935.564164
/dados/ufes/20160825/1472149936.123197.bb3.l.png 53 7757953.43865 -363642.795916 0.0 -0.000583 0.052649 -0.801289 1472149936.123197
/dados/ufes/20160825/1472149936.685729.bb3.l.png 54 7757956.77978 -363646.621979 0.0 -0.012548 0.054533 -0.907552 1472149936.685729
/dados/ufes/20160825/1472149937.312499.bb3.l.png 55 7757959.88822 -363651.168199 0.0 -0.052489 0.034968 -1.068569 1472149937.312499
/dados/ufes/20160825/1472149937.879103.bb3.l.png 56 7757962.00772 -363655.683707 0.0 -0.046425 0.014747 -1.214058 1472149937.879103
/dados/ufes/20160825/1472149938.508389.bb3.l.png 57 7757963.51253 -363660.984204 0.0 -0.063023 0.015573 -1.385341 1472149938.508389
/dados/ufes/20160825/1472149939.127868.bb3.l.png 58 7757964.1616 -363666.421167 0.0 -0.05593 -0.007056 -1.544773 1472149939.127868
/dados/ufes/20160825/1472149939.751607.bb3.l.png 59 7757963.82476 -363672.056538 0.0 -0.067456 -0.012445 -1.72421 1472149939.751607
/dados/ufes/20160825/1472149940.310774.bb3.l.png 60 7757962.66811 -363677.049068 0.0 -0.063004 -0.027888 -1.889842 1472149940.310774
/dados/ufes/20160825/1472149940.877723.bb3.l.png 61 7757960.5931 -363681.996841 0.0 -0.059929 -0.03576 -2.0441 1472149940.877723
/dados/ufes/20160825/1472149941.455397.bb3.l.png 62 7757957.70291 -363686.746781 0.0 -0.076865 -0.027355 -2.201471 1472149941.455397
/dados/ufes/20160825/1472149942.013508.bb3.l.png 63 7757954.28664 -363690.812964 0.0 -0.079686 -0.033385 -2.348439 1472149942.013508
/dados/ufes/20160825/1472149942.568157.bb3.l.png 64 7757950.24582 -363694.447454 0.0 -0.083058 -0.04212 -2.455638 1472149942.568157
/dados/ufes/20160825/1472149943.065095.bb3.l.png 65 7757946.30395 -363697.464911 0.0 -0.078584 -0.042629 -2.485638 1472149943.065095
/dados/ufes/20160825/1472149943.626484.bb3.l.png 66 7757941.80065 -363700.959472 0.0 -0.090317 -0.042541 -2.481743 1472149943.626484
/dados/ufes/20160825/1472149944.128802.bb3.l.png 67 7757937.71568 -363704.048381 0.0 -0.084487 -0.047734 -2.479135 1472149944.128802
/dados/ufes/20160825/1472149944.640596.bb3.l.png 68 7757933.49539 -363707.288776 0.0 -0.090342 -0.046944 -2.47648 1472149944.640596
/dados/ufes/20160825/1472149945.148952.bb3.l.png 69 7757929.22819 -363710.6063 0.0 -0.090411 -0.046997 -2.477621 1472149945.148952
/dados/ufes/20160825/1472149945.588606.bb3.l.png 70 7757925.38832 -363713.575945 0.0 -0.095974 -0.049311 -2.479799 1472149945.588606
/dados/ufes/20160825/1472149946.096089.bb3.l.png 71 7757920.96015 -363716.968975 0.0 -0.086117 -0.058442 -2.481965 1472149946.096089
/dados/ufes/20160825/1472149946.598297.bb3.l.png 72 7757916.59497 -363720.236317 0.0 -0.074541 -0.055094 -2.484716 1472149946.598297
/dados/ufes/20160825/1472149947.101921.bb3.l.png 73 7757912.09243 -363723.682475 0.0 -0.066088 -0.052439 -2.484125 1472149947.101921
/dados/ufes/20160825/1472149947.539938.bb3.l.png 74 7757908.18864 -363726.641923 0.0 -0.05901 -0.057122 -2.484286 1472149947.539938
/dados/ufes/20160825/1472149947.998269.bb3.l.png 75 7757904.11608 -363729.744498 0.0 -0.058479 -0.0545 -2.48541 1472149947.998269
/dados/ufes/20160825/1472149948.449487.bb3.l.png 76 7757900.08395 -363732.823495 0.0 -0.06277 -0.054817 -2.486242 1472149948.449487
/dados/ufes/20160825/1472149948.940363.bb3.l.png 77 7757895.69236 -363736.152471 0.0 -0.054254 -0.052877 -2.476295 1472149948.940363
/dados/ufes/20160825/1472149949.438291.bb3.l.png 78 7757891.1131 -363739.714416 0.0 -0.044966 -0.054434 -2.467928 1472149949.438291
/dados/ufes/20160825/1472149949.924107.bb3.l.png 79 7757886.85994 -363743.063371 0.0 -0.045506 -0.045637 -2.471676 1472149949.924107
/dados/ufes/20160825/1472149950.424529.bb3.l.png 80 7757882.46769 -363746.462933 0.0 -0.033745 -0.048423 -2.475704 1472149950.424529
/dados/ufes/20160825/1472149950.912266.bb3.l.png 81 7757878.10546 -363749.861746 0.0 -0.028229 -0.041378 -2.476308 1472149950.912266
/dados/ufes/20160825/1472149951.409369.bb3.l.png 82 7757873.70686 -363753.241844 0.0 -0.027565 -0.038013 -2.472649 1472149951.409369
/dados/ufes/20160825/1472149951.889648.bb3.l.png 83 7757869.51202 -363756.504479 0.0 -0.023558 -0.036283 -2.476986 1472149951.889648
/dados/ufes/20160825/1472149952.386284.bb3.l.png 84 7757865.101 -363759.945442 0.0 -0.014445 -0.032663 -2.473286 1472149952.386284
/dados/ufes/20160825/1472149952.887341.bb3.l.png 85 7757860.70709 -363763.367374 0.0 -0.006375 -0.029819 -2.469737 1472149952.887341
/dados/ufes/20160825/1472149953.376702.bb3.l.png 86 7757856.3357 -363766.774462 0.0 -0.006839 -0.029135 -2.468066 1472149953.376702
/dados/ufes/20160825/1472149953.873640.bb3.l.png 87 7757851.94506 -363770.285717 0.0 -0.001148 -0.021862 -2.47107 1472149953.873640
/dados/ufes/20160825/1472149954.374889.bb3.l.png 88 7757847.41368 -363773.793648 0.0 -0.004746 -0.019414 -2.475485 1472149954.374889
/dados/ufes/20160825/1472149954.811414.bb3.l.png 89 7757843.50057 -363776.778378 0.0 -0.001905 -0.010413 -2.478579 1472149954.811414
/dados/ufes/20160825/1472149955.248667.bb3.l.png 90 7757839.57475 -363779.806238 0.0 -0.007589 -0.010843 -2.477784 1472149955.248667
/dados/ufes/20160825/1472149955.693918.bb3.l.png 91 7757835.49719 -363782.836552 0.0 -0.001459 -0.006584 -2.48226 1472149955.693918
/dados/ufes/20160825/1472149956.189852.bb3.l.png 92 7757831.05116 -363786.190634 0.0 0.001071 -0.002828 -2.48194 1472149956.189852
/dados/ufes/20160825/1472149956.623800.bb3.l.png 93 7757827.13785 -363789.165831 0.0 0.004128 -2.7e-05 -2.485479 1472149956.623800
/dados/ufes/20160825/1472149957.123592.bb3.l.png 94 7757822.89112 -363792.512124 0.0 0.007361 0.005069 -2.479657 1472149957.123592
/dados/ufes/20160825/1472149957.686398.bb3.l.png 95 7757818.04907 -363796.287585 0.0 0.010769 0.007441 -2.479323 1472149957.686398
/dados/ufes/20160825/1472149958.189825.bb3.l.png 96 7757813.74008 -363799.644675 0.0 0.00904 0.020464 -2.483774 1472149958.189825
/dados/ufes/20160825/1472149958.686213.bb3.l.png 97 7757809.5604 -363802.836711 0.0 -0.00229 0.025486 -2.483131 1472149958.686213
/dados/ufes/20160825/1472149959.186244.bb3.l.png 98 7757805.50949 -363805.940099 0.0 0.01176 0.023619 -2.490183 1472149959.186244
/dados/ufes/20160825/1472149959.748944.bb3.l.png 99 7757801.04489 -363809.338938 0.0 0.008905 0.03673 -2.489969 1472149959.748944
/dados/ufes/20160825/1472149960.315383.bb3.l.png 100 7757796.75297 -363812.599774 0.0 0.013637 0.031721 -2.484407 1472149960.315383
/dados/ufes/20160825/1472149960.877423.bb3.l.png 101 7757792.79205 -363815.620602 0.0 0.008129 0.036928 -2.482064 1472149960.877423
/dados/ufes/20160825/1472149961.498750.bb3.l.png 102 7757788.63007 -363818.884044 0.0 0.010323 0.052484 -2.474915 1472149961.498750
/dados/ufes/20160825/1472149962.311326.bb3.l.png 103 7757784.18868 -363822.350988 0.0 0.010698 0.077851 -2.476151 1472149962.311326
/dados/ufes/20160825/1472149963.373742.bb3.l.png 104 7757779.81774 -363825.793959 0.0 0.010845 0.093242 -2.481361 1472149963.373742
/dados/ufes/20160825/1472149964.828526.bb3.l.png 105 7757775.88751 -363828.752472 0.0 0.011727 0.053874 -2.476421 1472149964.828526
/dados/ufes/20160825/1472149966.326074.bb3.l.png 106 7757771.96411 -363831.813119 0.0 0.013967 0.130647 -2.476883 1472149966.326074
/dados/ufes/20160825/1472149967.505499.bb3.l.png 107 7757767.92061 -363834.927419 0.0 0.021124 0.092999 -2.471332 1472149967.505499
/dados/ufes/20160825/1472149968.561373.bb3.l.png 108 7757763.69967 -363838.21589 0.0 0.013549 0.087577 -2.474406 1472149968.561373
/dados/ufes/20160825/1472149969.373934.bb3.l.png 109 7757759.65248 -363841.315672 0.0 0.027211 0.076245 -2.474211 1472149969.373934
/dados/ufes/20160825/1472149970.186454.bb3.l.png 110 7757755.43377 -363844.539475 0.0 0.011853 0.067779 -2.475296 1472149970.186454
/dados/ufes/20160825/1472149970.937614.bb3.l.png 111 7757751.24216 -363847.771309 0.0 0.016752 0.057154 -2.480633 1472149970.937614
/dados/ufes/20160825/1472149971.624506.bb3.l.png 112 7757747.03641 -363851.029005 0.0 0.011966 0.040686 -2.483014 1472149971.624506
/dados/ufes/20160825/1472149972.248862.bb3.l.png 113 7757742.95913 -363854.13283 0.0 0.019826 0.029055 -2.482686 1472149972.248862
/dados/ufes/20160825/1472149972.950956.bb3.l.png 114 7757738.3489 -363857.633066 0.0 0.026233 0.02655 -2.480609 1472149972.950956
/dados/ufes/20160825/1472149973.625248.bb3.l.png 115 7757734.10276 -363860.816592 0.0 0.026364 0.023955 -2.479967 1472149973.625248
/dados/ufes/20160825/1472149974.311428.bb3.l.png 116 7757730.1126 -363863.933145 0.0 0.022207 0.02319 -2.469887 1472149974.311428
/dados/ufes/20160825/1472149975.249069.bb3.l.png 117 7757725.91047 -363867.12502 0.0 0.012482 0.034235 -2.474674 1472149975.249069
/dados/ufes/20160825/1472149976.874064.bb3.l.png 118 7757721.9148 -363870.24285 0.0 0.016165 0.009111 -2.467796 1472149976.874064
/dados/ufes/20160825/1472149978.696604.bb3.l.png 119 7757717.85175 -363873.307185 0.0 0.02287 0.087212 -2.476394 1472149978.696604
/dados/ufes/20160825/1472149979.878355.bb3.l.png 120 7757713.73596 -363876.491522 0.0 0.005096 0.042681 -2.475006 1472149979.878355
/dados/ufes/20160825/1472149980.811532.bb3.l.png 121 7757709.53428 -363879.736744 0.0 0.005744 0.021191 -2.477577 1472149980.811532
/dados/ufes/20160825/1472149981.626337.bb3.l.png 122 7757705.24861 -363882.936709 0.0 0.017843 0.011041 -2.480238 1472149981.626337
/dados/ufes/20160825/1472149982.331103.bb3.l.png 123 7757701.25086 -363885.99765 0.0 0.006444 -0.004634 -2.48031 1472149982.331103
/dados/ufes/20160825/1472149983.062722.bb3.l.png 124 7757696.88229 -363889.343671 0.0 0.018197 -0.016569 -2.484675 1472149983.062722
/dados/ufes/20160825/1472149983.686752.bb3.l.png 125 7757692.81113 -363892.424156 0.0 0.023332 -0.028869 -2.489634 1472149983.686752
/dados/ufes/20160825/1472149984.320132.bb3.l.png 126 7757688.46725 -363895.762269 0.0 0.018667 -0.040289 -2.488822 1472149984.320132
/dados/ufes/20160825/1472149984.881250.bb3.l.png 127 7757684.47103 -363898.778582 0.0 0.028837 -0.044594 -2.493678 1472149984.881250
/dados/ufes/20160825/1472149985.436648.bb3.l.png 128 7757680.23605 -363901.897669 0.0 0.024988 -0.048217 -2.492521 1472149985.436648
/dados/ufes/20160825/1472149986.000117.bb3.l.png 129 7757675.80218 -363905.240643 0.0 0.017494 -0.055442 -2.490172 1472149986.000117
/dados/ufes/20160825/1472149986.561768.bb3.l.png 130 7757671.38221 -363908.598425 0.0 0.015974 -0.050065 -2.488036 1472149986.561768
/dados/ufes/20160825/1472149987.064370.bb3.l.png 131 7757667.37003 -363911.628117 0.0 0.017775 -0.055579 -2.480446 1472149987.064370
/dados/ufes/20160825/1472149987.561801.bb3.l.png 132 7757663.52382 -363914.609319 0.0 0.021811 -0.052114 -2.479089 1472149987.561801
/dados/ufes/20160825/1472149988.061867.bb3.l.png 133 7757659.67865 -363917.587377 0.0 0.013924 -0.050857 -2.473352 1472149988.061867
/dados/ufes/20160825/1472149988.689679.bb3.l.png 134 7757654.97165 -363921.241892 0.0 0.008995 -0.036281 -2.475486 1472149988.689679
/dados/ufes/20160825/1472149989.249375.bb3.l.png 135 7757650.83849 -363924.486152 0.0 0.013585 -0.031567 -2.47867 1472149989.249375
/dados/ufes/20160825/1472149989.813746.bb3.l.png 136 7757646.69 -363927.697651 0.0 0.019153 -0.022503 -2.474774 1472149989.813746
/dados/ufes/20160825/1472149990.436796.bb3.l.png 137 7757642.20637 -363931.161789 0.0 0.014481 -0.016642 -2.476787 1472149990.436796
/dados/ufes/20160825/1472149990.936779.bb3.l.png 138 7757638.55051 -363934.003557 0.0 0.010896 0.006055 -2.469573 1472149990.936779
/dados/ufes/20160825/1472149991.564417.bb3.l.png 139 7757634.20251 -363937.373064 0.0 0.013865 0.001068 -2.470066 1472149991.564417
/dados/ufes/20160825/1472149992.191584.bb3.l.png 140 7757629.69895 -363940.892853 0.0 0.018375 -0.001105 -2.474385 1472149992.191584
/dados/ufes/20160825/1472149992.817484.bb3.l.png 141 7757625.05327 -363944.446085 0.0 0.014811 0.009774 -2.478499 1472149992.817484
/dados/ufes/20160825/1472149993.316320.bb3.l.png 142 7757621.27206 -363947.345969 0.0 0.018312 0.002102 -2.482488 1472149993.316320
/dados/ufes/20160825/1472149993.879169.bb3.l.png 143 7757616.82767 -363950.723916 0.0 0.006565 0.011556 -2.484549 1472149993.879169
/dados/ufes/20160825/1472149994.499775.bb3.l.png 144 7757611.87057 -363954.506587 0.0 0.004999 0.004843 -2.485983 1472149994.499775
/dados/ufes/20160825/1472149994.936932.bb3.l.png 145 7757608.10745 -363957.374113 0.0 0.003423 -0.007196 -2.486479 1472149994.936932
/dados/ufes/20160825/1472149995.442231.bb3.l.png 146 7757603.82208 -363960.680334 0.0 0.002859 -0.003183 -2.477371 1472149995.442231
/dados/ufes/20160825/1472149995.936878.bb3.l.png 147 7757599.59899 -363963.987981 0.0 -0.002006 -0.01092 -2.46785 1472149995.936878
/dados/ufes/20160825/1472149996.382847.bb3.l.png 148 7757595.71033 -363967.077969 0.0 0.004602 -0.015764 -2.469098 1472149996.382847
/dados/ufes/20160825/1472149996.817146.bb3.l.png 149 7757591.78396 -363970.165401 0.0 0.012332 -0.013801 -2.473512 1472149996.817146
/dados/ufes/20160825/1472149997.261863.bb3.l.png 150 7757587.75403 -363973.372348 0.0 0.011112 -0.020471 -2.482854 1472149997.261863
/dados/ufes/20160825/1472149997.697284.bb3.l.png 151 7757583.6494 -363976.432803 0.0 0.011654 -0.017068 -2.494023 1472149997.697284
/dados/ufes/20160825/1472149998.200529.bb3.l.png 152 7757578.88407 -363979.882901 0.0 0.015231 -0.018196 -2.498833 1472149998.200529
/dados/ufes/20160825/1472149998.626040.bb3.l.png 153 7757574.83193 -363982.8278 0.0 0.020209 -0.021307 -2.508048 1472149998.626040
/dados/ufes/20160825/1472149999.124487.bb3.l.png 154 7757570.02932 -363986.278625 0.0 0.016137 -0.019502 -2.516588 1472149999.124487
/dados/ufes/20160825/1472149999.502986.bb3.l.png 155 7757566.3404 -363988.911153 0.0 0.012833 -0.016143 -2.526022 1472149999.502986
/dados/ufes/20160825/1472149999.938778.bb3.l.png 156 7757562.02417 -363991.880749 0.0 0.014318 -0.018742 -2.547429 1472149999.938778
/dados/ufes/20160825/1472150000.441756.bb3.l.png 157 7757556.99529 -363995.228107 0.0 0.012076 -0.024 -2.566079 1472150000.441756
/dados/ufes/20160825/1472150000.818612.bb3.l.png 158 7757553.15873 -363997.600901 0.0 0.00764 -0.040108 -2.583826 1472150000.818612
/dados/ufes/20160825/1472150001.258098.bb3.l.png 159 7757548.63047 -364000.351856 0.0 0.006726 -0.025517 -2.598754 1472150001.258098
/dados/ufes/20160825/1472150001.759544.bb3.l.png 160 7757543.51046 -364003.350998 0.0 0.00454 -0.015997 -2.610971 1472150001.759544
/dados/ufes/20160825/1472150002.260798.bb3.l.png 161 7757538.53879 -364006.189304 0.0 0.005854 -0.010168 -2.613392 1472150002.260798
/dados/ufes/20160825/1472150002.694820.bb3.l.png 162 7757534.25983 -364008.684844 0.0 0.009628 -0.003852 -2.610996 1472150002.694820
/dados/ufes/20160825/1472150003.193779.bb3.l.png 163 7757529.30573 -364011.541589 0.0 0.008553 -0.005148 -2.59941 1472150003.193779
/dados/ufes/20160825/1472150003.687030.bb3.l.png 164 7757524.55568 -364014.410297 0.0 0.016834 0.004777 -2.572831 1472150003.687030
/dados/ufes/20160825/1472150004.190719.bb3.l.png 165 7757519.96355 -364017.398794 0.0 0.018393 0.00913 -2.534491 1472150004.190719
/dados/ufes/20160825/1472150004.813882.bb3.l.png 166 7757514.42537 -364021.236382 0.0 0.029432 0.006006 -2.496351 1472150004.813882
/dados/ufes/20160825/1472150005.255809.bb3.l.png 167 7757510.50675 -364024.278315 0.0 0.035773 0.010118 -2.47166 1472150005.255809
/dados/ufes/20160825/1472150005.813602.bb3.l.png 168 7757505.87205 -364027.918305 0.0 0.041123 0.013719 -2.461543 1472150005.813602
/dados/ufes/20160825/1472150006.321547.bb3.l.png 169 7757501.74706 -364031.205311 0.0 0.045496 0.013176 -2.454465 1472150006.321547
/dados/ufes/20160825/1472150006.825704.bb3.l.png 170 7757497.82264 -364034.339748 0.0 0.044981 0.015096 -2.449773 1472150006.825704
/dados/ufes/20160825/1472150007.321881.bb3.l.png 171 7757493.90994 -364037.527371 0.0 0.052315 0.018063 -2.437216 1472150007.321881
/dados/ufes/20160825/1472150007.821084.bb3.l.png 172 7757490.19554 -364040.724169 0.0 0.05302 0.020295 -2.420229 1472150007.821084
/dados/ufes/20160825/1472150008.374667.bb3.l.png 173 7757486.02519 -364044.434391 0.0 0.05294 0.024957 -2.413466 1472150008.374667
/dados/ufes/20160825/1472150008.874607.bb3.l.png 174 7757482.54825 -364047.499787 0.0 0.053775 0.031098 -2.418407 1472150008.874607
/dados/ufes/20160825/1472150009.439657.bb3.l.png 175 7757478.45844 -364051.015211 0.0 0.052209 0.035621 -2.442648 1472150009.439657
/dados/ufes/20160825/1472150009.999707.bb3.l.png 176 7757474.49847 -364054.223855 0.0 0.048096 0.040927 -2.466835 1472150009.999707
/dados/ufes/20160825/1472150010.562989.bb3.l.png 177 7757470.41186 -364057.347107 0.0 0.04142 0.04555 -2.491653 1472150010.562989
/dados/ufes/20160825/1472150011.133119.bb3.l.png 178 7757466.26737 -364060.416114 0.0 0.040752 0.047559 -2.510054 1472150011.133119
/dados/ufes/20160825/1472150011.749650.bb3.l.png 179 7757461.77848 -364063.620525 0.0 0.02799 0.047371 -2.530181 1472150011.749650
/dados/ufes/20160825/1472150012.312292.bb3.l.png 180 7757457.45574 -364066.458386 0.0 0.02328 0.049722 -2.56376 1472150012.312292
/dados/ufes/20160825/1472150012.884666.bb3.l.png 181 7757452.99917 -364069.236 0.0 0.018203 0.045148 -2.598885 1472150012.884666
/dados/ufes/20160825/1472150013.562242.bb3.l.png 182 7757447.74747 -364072.232401 0.0 0.003088 0.040721 -2.641553 1472150013.562242
/dados/ufes/20160825/1472150014.191254.bb3.l.png 183 7757442.92379 -364074.730572 0.0 -0.000336 0.049063 -2.678752 1472150014.191254
/dados/ufes/20160825/1472150014.874750.bb3.l.png 184 7757438.1515 -364077.012438 0.0 -0.002027 0.049614 -2.706828 1472150014.874750
/dados/ufes/20160825/1472150015.564025.bb3.l.png 185 7757433.60607 -364079.010418 0.0 -0.007116 0.040573 -2.731571 1472150015.564025
/dados/ufes/20160825/1472150016.381723.bb3.l.png 186 7757428.31994 -364081.184133 0.0 -0.007832 0.036174 -2.747201 1472150016.381723
/dados/ufes/20160825/1472150017.001890.bb3.l.png 187 7757423.91777 -364082.929308 0.0 -0.008683 0.034838 -2.771239 1472150017.001890
/dados/ufes/20160825/1472150017.692004.bb3.l.png 188 7757418.79073 -364084.784515 0.0 -0.007437 0.03388 -2.800434 1472150017.692004
/dados/ufes/20160825/1472150018.257317.bb3.l.png 189 7757414.43321 -364086.276898 0.0 -0.007565 0.029388 -2.819115 1472150018.257317
/dados/ufes/20160825/1472150018.881694.bb3.l.png 190 7757409.47213 -364087.808601 0.0 -0.011155 0.030059 -2.838507 1472150018.881694
/dados/ufes/20160825/1472150019.501724.bb3.l.png 191 7757404.33633 -364089.318081 0.0 -0.014082 0.022614 -2.860289 1472150019.501724
/dados/ufes/20160825/1472150020.062284.bb3.l.png 192 7757399.58841 -364090.602787 0.0 -0.01603 0.019256 -2.876733 1472150020.062284
/dados/ufes/20160825/1472150020.687375.bb3.l.png 193 7757394.41708 -364091.960519 0.0 -0.012268 0.017485 -2.891924 1472150020.687375
/dados/ufes/20160825/1472150021.312412.bb3.l.png 194 7757389.09657 -364093.270043 0.0 -0.015456 0.018627 -2.90691 1472150021.312412
/dados/ufes/20160825/1472150021.880146.bb3.l.png 195 7757384.17886 -364094.390322 0.0 -0.010939 0.020169 -2.91496 1472150021.880146
/dados/ufes/20160825/1472150022.570349.bb3.l.png 196 7757378.5606 -364095.596441 0.0 -0.001827 0.019933 -2.925896 1472150022.570349
/dados/ufes/20160825/1472150023.187438.bb3.l.png 197 7757373.88077 -364096.583048 0.0 0.005593 0.027682 -2.941697 1472150023.187438
/dados/ufes/20160825/1472150024.003245.bb3.l.png 198 7757368.57123 -364097.553087 0.0 0.006145 0.037398 -2.951542 1472150024.003245
/dados/ufes/20160825/1472150025.064414.bb3.l.png 199 7757363.3878 -364098.443418 0.0 0.018471 0.051635 -2.973503 1472150025.064414
/dados/ufes/20160825/1472150026.510224.bb3.l.png 200 7757358.33438 -364099.241227 0.0 0.039649 0.003656 -2.986922 1472150026.510224
/dados/ufes/20160825/1472150027.887348.bb3.l.png 201 7757353.27446 -364099.936284 0.0 0.027628 0.057884 -3.004926 1472150027.887348
/dados/ufes/20160825/1472150029.216041.bb3.l.png 202 7757348.28227 -364100.516219 0.0 0.029613 0.068946 -3.029855 1472150029.216041
/dados/ufes/20160825/1472150030.694454.bb3.l.png 203 7757343.18409 -364101.031538 0.0 0.031025 0.07143 -3.045923 1472150030.694454
/dados/ufes/20160825/1472150033.198776.bb3.l.png 204 7757337.94849 -364101.396867 0.0 0.026911 0.072614 -3.089994 1472150033.198776
/dados/ufes/20160825/1472150035.063560.bb3.l.png 205 7757332.81436 -364101.457633 0.0 0.00839 0.055766 -3.137409 1472150035.063560
/dados/ufes/20160825/1472150035.127990.bb3.l.png 206 7757332.60786 -364101.453358 0.0 0.007422 0.055185 -3.140514 1472150035.127990
/dados/ufes/20160825/1472150036.312765.bb3.l.png 207 7757327.23947 -364101.338632 0.0 -0.007069 0.03924 3.11877 1472150036.312765
/dados/ufes/20160825/1472150037.319842.bb3.l.png 208 7757322.16021 -364101.097757 0.0 -0.018684 0.02948 3.102322 1472150037.319842
/dados/ufes/20160825/1472150038.383135.bb3.l.png 209 7757316.84374 -364100.746452 0.0 -0.014363 0.025687 3.078959 1472150038.383135
/dados/ufes/20160825/1472150039.588440.bb3.l.png 210 7757311.77612 -364100.355639 0.0 -0.006609 0.027455 3.063883 1472150039.588440
/dados/ufes/20160825/1472150041.375223.bb3.l.png 211 7757306.64827 -364099.891337 0.0 0.014449 0.00212 3.058741 1472150041.375223
/dados/ufes/20160825/1472150042.753973.bb3.l.png 212 7757301.50698 -364099.43081 0.0 -0.002549 0.027144 3.046978 1472150042.753973
/dados/ufes/20160825/1472150043.766012.bb3.l.png 213 7757296.26262 -364098.814494 0.0 -0.02239 0.013217 3.023354 1472150043.766012
/dados/ufes/20160825/1472150044.570019.bb3.l.png 214 7757291.38401 -364098.178685 0.0 -0.018867 0.00204 3.010508 1472150044.570019
/dados/ufes/20160825/1472150045.500284.bb3.l.png 215 7757285.01979 -364097.244612 0.0 -0.008326 -0.006898 3.009654 1472150045.500284
/dados/ufes/20160825/1472150046.187922.bb3.l.png 216 7757279.9969 -364096.516608 0.0 -0.004761 -0.013077 3.008241 1472150046.187922
/dados/ufes/20160825/1472150046.812911.bb3.l.png 217 7757275.04033 -364095.767431 0.0 -0.01165 -0.012744 3.006468 1472150046.812911
/dados/ufes/20160825/1472150047.440373.bb3.l.png 218 7757269.79836 -364095.039789 0.0 -0.011466 -0.021806 3.006778 1472150047.440373
/dados/ufes/20160825/1472150048.001983.bb3.l.png 219 7757264.83645 -364094.26988 0.0 -0.011841 -0.024708 2.999681 1472150048.001983
/dados/ufes/20160825/1472150048.569412.bb3.l.png 220 7757259.77433 -364093.536335 0.0 -0.003228 -0.02501 3.006283 1472150048.569412
/dados/ufes/20160825/1472150049.187989.bb3.l.png 221 7757254.00884 -364092.639261 0.0 -0.00047 -0.029464 2.997606 1472150049.187989
/dados/ufes/20160825/1472150049.750501.bb3.l.png 222 7757248.71301 -364091.774861 0.0 0.007507 -0.033556 2.994919 1472150049.750501
/dados/ufes/20160825/1472150050.318523.bb3.l.png 223 7757243.26121 -364090.926913 0.0 0.011933 -0.027288 2.990547 1472150050.318523
/dados/ufes/20160825/1472150050.822532.bb3.l.png 224 7757238.40784 -364090.087525 0.0 0.01316 -0.029627 2.978078 1472150050.822532
/dados/ufes/20160825/1472150051.315896.bb3.l.png 225 7757233.54755 -364089.227175 0.0 0.00834 -0.030724 2.965831 1472150051.315896
/dados/ufes/20160825/1472150051.818365.bb3.l.png 226 7757228.72221 -364088.249089 0.0 0.007803 -0.026795 2.950129 1472150051.818365
/dados/ufes/20160825/1472150052.382326.bb3.l.png 227 7757223.14529 -364087.061178 0.0 0.012043 -0.029578 2.930061 1472150052.382326
/dados/ufes/20160825/1472150052.875609.bb3.l.png 228 7757218.27043 -364085.953865 0.0 0.014677 -0.028263 2.917205 1472150052.875609
/dados/ufes/20160825/1472150053.375440.bb3.l.png 229 7757213.16059 -364084.722193 0.0 0.024966 -0.021 2.911163 1472150053.375440
/dados/ufes/20160825/1472150053.878843.bb3.l.png 230 7757208.02115 -364083.41239 0.0 0.027763 -0.020176 2.917747 1472150053.878843
/dados/ufes/20160825/1472150054.322121.bb3.l.png 231 7757203.51059 -364082.336016 0.0 0.032126 -0.020567 2.919813 1472150054.322121
/dados/ufes/20160825/1472150054.830982.bb3.l.png 232 7757198.35352 -364081.120998 0.0 0.031137 -0.017869 2.921478 1472150054.830982
/dados/ufes/20160825/1472150055.316385.bb3.l.png 233 7757193.42429 -364079.986206 0.0 0.030189 -0.015865 2.932889 1472150055.316385
/dados/ufes/20160825/1472150055.815446.bb3.l.png 234 7757188.29452 -364078.886095 0.0 0.040846 -0.012376 2.957324 1472150055.815446
/dados/ufes/20160825/1472150056.313158.bb3.l.png 235 7757183.19355 -364077.972699 0.0 0.043212 -0.007681 2.98554 1472150056.313158
/dados/ufes/20160825/1472150056.756240.bb3.l.png 236 7757178.58628 -364077.202124 0.0 0.050686 -0.007366 3.021025 1472150056.756240
/dados/ufes/20160825/1472150057.258266.bb3.l.png 237 7757173.36646 -364076.598459 0.0 0.05881 -0.002331 3.047628 1472150057.258266
/dados/ufes/20160825/1472150057.750590.bb3.l.png 238 7757168.26298 -364076.13454 0.0 0.056948 0.007329 3.062347 1472150057.750590
/dados/ufes/20160825/1472150058.255754.bb3.l.png 239 7757162.9277 -364075.676071 0.0 0.062911 0.011241 3.069358 1472150058.255754
/dados/ufes/20160825/1472150058.754327.bb3.l.png 240 7757157.7331 -364075.244297 0.0 0.062985 0.010913 3.069891 1472150058.754327
/dados/ufes/20160825/1472150059.209506.bb3.l.png 241 7757152.95165 -364074.864319 0.0 0.062008 0.01438 3.068042 1472150059.209506
/dados/ufes/20160825/1472150059.712089.bb3.l.png 242 7757147.69818 -364074.416728 0.0 0.055965 0.016931 3.064649 1472150059.712089
/dados/ufes/20160825/1472150060.194423.bb3.l.png 243 7757142.5004 -364073.966999 0.0 0.0531 0.016198 3.058794 1472150060.194423
/dados/ufes/20160825/1472150060.887724.bb3.l.png 244 7757135.02861 -364073.260215 0.0 0.0504 0.013705 3.052157 1472150060.887724
/dados/ufes/20160825/1472150061.326641.bb3.l.png 245 7757130.32942 -364072.766222 0.0 0.056954 0.012591 3.047655 1472150061.326641
/dados/ufes/20160825/1472150061.773047.bb3.l.png 246 7757125.34905 -364072.216656 0.0 0.059495 0.00936 3.033642 1472150061.773047
/dados/ufes/20160825/1472150062.270016.bb3.l.png 247 7757119.84964 -364071.541046 0.0 0.05042 0.008563 3.023902 1472150062.270016
/dados/ufes/20160825/1472150062.705260.bb3.l.png 248 7757114.9685 -364070.895086 0.0 0.045336 0.007691 3.018492 1472150062.705260
/dados/ufes/20160825/1472150063.202188.bb3.l.png 249 7757109.52924 -364070.171332 0.0 0.045674 0.004702 3.016007 1472150063.202188
/dados/ufes/20160825/1472150063.639833.bb3.l.png 250 7757104.52659 -364069.479769 0.0 0.048454 0.005626 3.015007 1472150063.639833
/dados/ufes/20160825/1472150064.063151.bb3.l.png 251 7757099.85027 -364068.852787 0.0 0.051024 0.002097 3.021516 1472150064.063151
/dados/ufes/20160825/1472150064.510811.bb3.l.png 252 7757094.8216 -364068.189257 0.0 0.048268 0.001556 3.038275 1472150064.510811
/dados/ufes/20160825/1472150065.009071.bb3.l.png 253 7757089.38602 -364067.623777 0.0 0.043206 0.004613 3.062171 1472150065.009071
/dados/ufes/20160825/1472150065.565959.bb3.l.png 254 7757083.28555 -364067.170365 0.0 0.057879 0.003408 3.099377 1472150065.565959
/dados/ufes/20160825/1472150066.006749.bb3.l.png 255 7757078.38571 -364066.938143 0.0 0.05234 0.006054 3.116449 1472150066.006749
/dados/ufes/20160825/1472150066.512227.bb3.l.png 256 7757072.72995 -364066.751365 0.0 0.04428 0.017139 3.118582 1472150066.512227
/dados/ufes/20160825/1472150067.000804.bb3.l.png 257 7757067.41057 -364066.588916 0.0 0.037468 0.011234 3.105927 1472150067.000804
/dados/ufes/20160825/1472150067.502008.bb3.l.png 258 7757061.79439 -364066.358755 0.0 0.036506 0.020337 3.094124 1472150067.502008
/dados/ufes/20160825/1472150067.941418.bb3.l.png 259 7757056.74628 -364066.030056 0.0 0.037193 0.012671 3.080734 1472150067.941418
/dados/ufes/20160825/1472150068.383043.bb3.l.png 260 7757051.56314 -364065.613692 0.0 0.03676 0.008352 3.064794 1472150068.383043
/dados/ufes/20160825/1472150068.820526.bb3.l.png 261 7757046.84409 -364065.164967 0.0 0.040786 0.006722 3.048012 1472150068.820526
/dados/ufes/20160825/1472150069.329131.bb3.l.png 262 7757040.81808 -364064.521736 0.0 0.043697 0.00161 3.036718 1472150069.329131
/dados/ufes/20160825/1472150069.820361.bb3.l.png 263 7757035.07728 -364063.814747 0.0 0.038356 0.006032 3.03109 1472150069.820361
/dados/ufes/20160825/1472150070.250825.bb3.l.png 264 7757030.07773 -364063.202275 0.0 0.038422 0.009014 3.029806 1472150070.250825
/dados/ufes/20160825/1472150070.688329.bb3.l.png 265 7757024.92548 -364062.568138 0.0 0.034322 0.005993 3.026969 1472150070.688329
/dados/ufes/20160825/1472150071.194785.bb3.l.png 266 7757019.0529 -364061.849236 0.0 0.03459 0.001859 3.024304 1472150071.194785
/dados/ufes/20160825/1472150071.637867.bb3.l.png 267 7757013.79057 -364061.201829 0.0 0.034193 -0.000632 3.020656 1472150071.637867
/dados/ufes/20160825/1472150072.125970.bb3.l.png 268 7757008.12761 -364060.471717 0.0 0.030812 0.001058 3.017318 1472150072.125970
/dados/ufes/20160825/1472150072.574388.bb3.l.png 269 7757002.91942 -364059.749941 0.0 0.032796 0.000192 3.018163 1472150072.574388
/dados/ufes/20160825/1472150073.130006.bb3.l.png 270 7756996.63169 -364058.924026 0.0 0.038317 0.002515 3.017597 1472150073.130006
/dados/ufes/20160825/1472150073.569003.bb3.l.png 271 7756991.65522 -364058.261581 0.0 0.040012 0.002716 3.01769 1472150073.569003
/dados/ufes/20160825/1472150074.000847.bb3.l.png 272 7756986.83626 -364057.580728 0.0 0.042213 0.005965 3.015448 1472150074.000847
/dados/ufes/20160825/1472150074.500905.bb3.l.png 273 7756981.30861 -364056.837876 0.0 0.04235 0.009428 3.013587 1472150074.500905
/dados/ufes/20160825/1472150074.946513.bb3.l.png 274 7756976.35134 -364056.139077 0.0 0.041952 0.011211 3.014599 1472150074.946513
/dados/ufes/20160825/1472150075.440302.bb3.l.png 275 7756970.99731 -364055.422582 0.0 0.041559 0.013051 3.011559 1472150075.440302
/dados/ufes/20160825/1472150075.883958.bb3.l.png 276 7756966.30767 -364054.788311 0.0 0.042664 0.012693 3.010242 1472150075.883958
/dados/ufes/20160825/1472150076.375956.bb3.l.png 277 7756960.9729 -364054.055593 0.0 0.042024 0.012558 3.011462 1472150076.375956
/dados/ufes/20160825/1472150076.813453.bb3.l.png 278 7756956.27327 -364053.412342 0.0 0.039832 0.017658 3.011848 1472150076.813453
/dados/ufes/20160825/1472150077.375915.bb3.l.png 279 7756950.16747 -364052.576946 0.0 0.041986 0.017003 3.014426 1472150077.375915
/dados/ufes/20160825/1472150077.876350.bb3.l.png 280 7756944.83625 -364051.877995 0.0 0.047767 0.02077 3.019647 1472150077.876350
/dados/ufes/20160825/1472150078.375972.bb3.l.png 281 7756939.59703 -364051.221502 0.0 0.044014 0.0226 3.021307 1472150078.375972
/dados/ufes/20160825/1472150078.813521.bb3.l.png 282 7756934.98351 -364050.633445 0.0 0.034449 0.026271 3.018806 1472150078.813521
/dados/ufes/20160825/1472150079.375951.bb3.l.png 283 7756929.40268 -364049.863335 0.0 0.020077 0.029798 3.015678 1472150079.375951
/dados/ufes/20160825/1472150079.939595.bb3.l.png 284 7756924.05514 -364049.162865 0.0 0.014231 0.036807 3.016201 1472150079.939595
/dados/ufes/20160825/1472150080.563563.bb3.l.png 285 7756918.34433 -364048.40811 0.0 0.013197 0.037936 3.01177 1472150080.563563
/dados/ufes/20160825/1472150081.188535.bb3.l.png 286 7756913.37831 -364047.759411 0.0 0.015956 0.049549 3.01591 1472150081.188535
/dados/ufes/20160825/1472150081.938550.bb3.l.png 287 7756908.27965 -364047.098441 0.0 0.027223 0.058056 3.016798 1472150081.938550
/dados/ufes/20160825/1472150083.128909.bb3.l.png 288 7756902.22313 -364046.282172 0.0 0.033417 0.080773 3.018137 1472150083.128909
/dados/ufes/20160825/1472150084.501102.bb3.l.png 289 7756897.08167 -364045.633405 0.0 0.026809 0.088811 3.020818 1472150084.501102
/dados/ufes/20160825/1472150085.711351.bb3.l.png 290 7756892.12722 -364044.987293 0.0 0.025393 0.08764 3.015846 1472150085.711351
/dados/ufes/20160825/1472150086.757049.bb3.l.png 291 7756886.77887 -364044.283909 0.0 0.017093 0.068784 3.018395 1472150086.757049
/dados/ufes/20160825/1472150087.628891.bb3.l.png 292 7756881.57852 -364043.596696 0.0 0.005713 0.055485 3.022008 1472150087.628891
/dados/ufes/20160825/1472150088.377887.bb3.l.png 293 7756876.57324 -364042.930241 0.0 -0.000792 0.046901 3.024149 1472150088.377887
/dados/ufes/20160825/1472150089.073684.bb3.l.png 294 7756871.69498 -364042.352173 0.0 -0.005498 0.032963 3.025426 1472150089.073684
/dados/ufes/20160825/1472150089.821781.bb3.l.png 295 7756866.37363 -364041.687822 0.0 -0.001739 0.028335 3.026674 1472150089.821781
/dados/ufes/20160825/1472150090.517506.bb3.l.png 296 7756861.27828 -364041.033441 0.0 0.006221 0.024293 3.019735 1472150090.517506
/dados/ufes/20160825/1472150091.267730.bb3.l.png 297 7756856.01133 -364040.303715 0.0 0.010694 0.018477 3.006844 1472150091.267730
/dados/ufes/20160825/1472150092.010518.bb3.l.png 298 7756850.84619 -364039.555785 0.0 0.015858 0.016982 3.003729 1472150092.010518
/dados/ufes/20160825/1472150092.818766.bb3.l.png 299 7756845.6774 -364038.796477 0.0 0.01183 0.02224 2.99709 1472150092.818766
/dados/ufes/20160825/1472150093.753451.bb3.l.png 300 7756840.71662 -364038.00093 0.0 0.015179 0.029636 2.986356 1472150093.753451
/dados/ufes/20160825/1472150095.069498.bb3.l.png 301 7756835.56446 -364037.104479 0.0 0.030936 0.008245 2.976806 1472150095.069498
/dados/ufes/20160825/1472150096.563918.bb3.l.png 302 7756830.35956 -364036.226854 0.0 0.025022 0.052727 2.970535 1472150096.563918
/dados/ufes/20160825/1472150097.646502.bb3.l.png 303 7756825.26053 -364035.281985 0.0 0.014648 0.03119 2.958271 1472150097.646502
/dados/ufes/20160825/1472150098.565811.bb3.l.png 304 7756820.15459 -364034.230547 0.0 0.003889 0.023547 2.934755 1472150098.565811
/dados/ufes/20160825/1472150099.385609.bb3.l.png 305 7756815.20874 -364033.100369 0.0 -0.000948 0.016191 2.909798 1472150099.385609
/dados/ufes/20160825/1472150100.438873.bb3.l.png 306 7756808.63297 -364031.34484 0.0 -0.004335 0.006941 2.877247 1472150100.438873
/dados/ufes/20160825/1472150101.257642.bb3.l.png 307 7756803.62006 -364029.893521 0.0 -0.000227 0.006625 2.85284 1472150101.257642
/dados/ufes/20160825/1472150102.065209.bb3.l.png 308 7756798.77813 -364028.379064 0.0 -0.000812 0.010813 2.839037 1472150102.065209
/dados/ufes/20160825/1472150103.001420.bb3.l.png 309 7756793.53099 -364026.648422 0.0 0.006681 0.015503 2.828488 1472150103.001420
/dados/ufes/20160825/1472150104.003951.bb3.l.png 310 7756788.76795 -364025.001258 0.0 0.011699 0.021444 2.804906 1472150104.003951
/dados/ufes/20160825/1472150105.259554.bb3.l.png 311 7756783.98714 -364023.241526 0.0 0.021314 0.035718 2.791722 1472150105.259554
/dados/ufes/20160825/1472150106.939161.bb3.l.png 312 7756779.12523 -364021.416589 0.0 0.031812 0.05452 2.790558 1472150106.939161
/dados/ufes/20160825/1472150109.501650.bb3.l.png 313 7756774.39197 -364019.621019 0.0 0.036936 0.056252 2.79307 1472150109.501650
/dados/ufes/20160825/1472150111.002577.bb3.l.png 314 7756769.51381 -364017.897303 0.0 0.021027 0.038074 2.804478 1472150111.002577
/dados/ufes/20160825/1472150112.006464.bb3.l.png 315 7756764.79205 -364016.184073 0.0 0.010104 0.020237 2.799958 1472150112.006464
/dados/ufes/20160825/1472150112.940917.bb3.l.png 316 7756759.51946 -364014.246501 0.0 0.008617 0.000719 2.791681 1472150112.940917
/dados/ufes/20160825/1472150113.699949.bb3.l.png 317 7756754.78906 -364012.440608 0.0 0.00886 -0.008166 2.777735 1472150113.699949
/dados/ufes/20160825/1472150114.392367.bb3.l.png 318 7756750.02787 -364010.539535 0.0 -0.002503 -0.022986 2.759041 1472150114.392367
/dados/ufes/20160825/1472150115.153961.bb3.l.png 319 7756744.80584 -364008.266836 0.0 -0.008561 -0.032807 2.729305 1472150115.153961
/dados/ufes/20160825/1472150115.719309.bb3.l.png 320 7756740.64126 -364006.360483 0.0 -0.007963 -0.034939 2.706917 1472150115.719309
/dados/ufes/20160825/1472150116.406875.bb3.l.png 321 7756735.70606 -364003.98041 0.0 -0.009587 -0.042127 2.689148 1472150116.406875
/dados/ufes/20160825/1472150117.034022.bb3.l.png 322 7756731.06288 -364001.624954 0.0 -0.009112 -0.046413 2.668797 1472150117.034022
/dados/ufes/20160825/1472150117.655573.bb3.l.png 323 7756726.50857 -363999.225959 0.0 -0.008788 -0.045154 2.652954 1472150117.655573
/dados/ufes/20160825/1472150118.280734.bb3.l.png 324 7756721.82042 -363996.616719 0.0 -0.005902 -0.045419 2.626943 1472150118.280734
/dados/ufes/20160825/1472150118.888545.bb3.l.png 325 7756717.14609 -363993.830497 0.0 0.004457 -0.042852 2.610441 1472150118.888545
/dados/ufes/20160825/1472150119.439575.bb3.l.png 326 7756713.03002 -363991.337786 0.0 0.008745 -0.039363 2.601219 1472150119.439575
/dados/ufes/20160825/1472150120.065249.bb3.l.png 327 7756708.25902 -363988.403998 0.0 0.009607 -0.034843 2.591001 1472150120.065249
/dados/ufes/20160825/1472150120.627049.bb3.l.png 328 7756703.96027 -363985.737993 0.0 0.01371 -0.033408 2.597636 1472150120.627049
/dados/ufes/20160825/1472150121.251774.bb3.l.png 329 7756699.16882 -363982.800025 0.0 0.012946 -0.029121 2.596452 1472150121.251774
/dados/ufes/20160825/1472150121.876866.bb3.l.png 330 7756694.4459 -363979.838038 0.0 0.018115 -0.023336 2.589986 1472150121.876866
/dados/ufes/20160825/1472150122.504799.bb3.l.png 331 7756689.69445 -363976.898305 0.0 0.022108 -0.015569 2.595094 1472150122.504799
/dados/ufes/20160825/1472150123.126980.bb3.l.png 332 7756684.95245 -363973.9509 0.0 0.020882 -0.013881 2.59596 1472150123.126980
/dados/ufes/20160825/1472150123.694476.bb3.l.png 333 7756680.67289 -363971.31227 0.0 0.020171 -0.00738 2.594349 1472150123.694476
/dados/ufes/20160825/1472150124.377329.bb3.l.png 334 7756675.49191 -363968.136279 0.0 0.022016 -0.004189 2.60066 1472150124.377329
/dados/ufes/20160825/1472150124.939399.bb3.l.png 335 7756671.26194 -363965.546801 0.0 0.019672 7.5e-05 2.597969 1472150124.939399
/dados/ufes/20160825/1472150125.565707.bb3.l.png 336 7756666.37775 -363962.548933 0.0 0.021978 0.002347 2.599241 1472150125.565707
/dados/ufes/20160825/1472150126.196759.bb3.l.png 337 7756661.43836 -363959.517166 0.0 0.024304 0.003783 2.597031 1472150126.196759
/dados/ufes/20160825/1472150126.699443.bb3.l.png 338 7756657.43342 -363957.047822 0.0 0.026917 0.004548 2.600831 1472150126.699443
/dados/ufes/20160825/1472150127.320409.bb3.l.png 339 7756652.37308 -363953.933908 0.0 0.029088 0.004198 2.594732 1472150127.320409
/dados/ufes/20160825/1472150127.893678.bb3.l.png 340 7756647.6746 -363951.038209 0.0 0.024974 0.004497 2.597457 1472150127.893678
/dados/ufes/20160825/1472150128.461912.bb3.l.png 341 7756642.94216 -363948.09335 0.0 0.02643 0.001925 2.592761 1472150128.461912
/dados/ufes/20160825/1472150129.020551.bb3.l.png 342 7756638.17302 -363945.136699 0.0 0.02919 0.001384 2.595065 1472150129.020551
/dados/ufes/20160825/1472150129.538081.bb3.l.png 343 7756633.70045 -363942.361249 0.0 0.031648 0.002071 2.593925 1472150129.538081
/dados/ufes/20160825/1472150130.108755.bb3.l.png 344 7756628.72898 -363939.295779 0.0 0.030235 0.000237 2.595522 1472150130.108755
/dados/ufes/20160825/1472150130.604476.bb3.l.png 345 7756624.46009 -363936.656783 0.0 0.028543 0.001028 2.595343 1472150130.604476
/dados/ufes/20160825/1472150131.166282.bb3.l.png 346 7756619.62016 -363933.646946 0.0 0.026984 0.001462 2.596801 1472150131.166282
/dados/ufes/20160825/1472150131.727243.bb3.l.png 347 7756614.73945 -363930.634927 0.0 0.02601 0.003034 2.601422 1472150131.727243
/dados/ufes/20160825/1472150132.222863.bb3.l.png 348 7756610.35062 -363927.959869 0.0 0.024399 0.003108 2.599945 1472150132.222863
/dados/ufes/20160825/1472150132.781481.bb3.l.png 349 7756605.56616 -363925.022107 0.0 0.030008 0.007491 2.597536 1472150132.781481
/dados/ufes/20160825/1472150133.286041.bb3.l.png 350 7756601.19683 -363922.32418 0.0 0.029148 0.005147 2.597447 1472150133.286041
/dados/ufes/20160825/1472150133.904980.bb3.l.png 351 7756595.74083 -363918.933106 0.0 0.036577 0.004011 2.598792 1472150133.904980
/dados/ufes/20160825/1472150134.402842.bb3.l.png 352 7756591.32273 -363916.205129 0.0 0.032135 0.006509 2.598617 1472150134.402842
/dados/ufes/20160825/1472150134.889625.bb3.l.png 353 7756587.03175 -363913.570593 0.0 0.026417 0.010644 2.601818 1472150134.889625
/dados/ufes/20160825/1472150135.382538.bb3.l.png 354 7756582.35072 -363910.738003 0.0 0.02263 0.00659 2.604643 1472150135.382538
/dados/ufes/20160825/1472150135.814606.bb3.l.png 355 7756578.38924 -363908.323903 0.0 0.022169 0.004082 2.606832 1472150135.814606
/dados/ufes/20160825/1472150136.315914.bb3.l.png 356 7756573.789 -363905.566783 0.0 0.021953 0.011104 2.612001 1472150136.315914
/dados/ufes/20160825/1472150136.878250.bb3.l.png 357 7756568.8049 -363902.589224 0.0 0.022255 0.017504 2.604309 1472150136.878250
/dados/ufes/20160825/1472150137.377280.bb3.l.png 358 7756564.69765 -363900.042609 0.0 0.022732 0.021419 2.595558 1472150137.377280
/dados/ufes/20160825/1472150137.948572.bb3.l.png 359 7756560.17668 -363897.223743 0.0 0.025607 0.027668 2.582444 1472150137.948572
/dados/ufes/20160825/1472150138.505853.bb3.l.png 360 7756556.04568 -363894.558405 0.0 0.025919 0.031564 2.558146 1472150138.505853
/dados/ufes/20160825/1472150139.197801.bb3.l.png 361 7756551.49325 -363891.370214 0.0 0.019956 0.044194 2.504564 1472150139.197801
/dados/ufes/20160825/1472150139.888934.bb3.l.png 362 7756547.39096 -363888.098012 0.0 0.019121 0.058829 2.438757 1472150139.888934
/dados/ufes/20160825/1472150140.643994.bb3.l.png 363 7756543.58734 -363884.480424 0.0 0.007723 0.062617 2.336878 1472150140.643994
/dados/ufes/20160825/1472150141.457979.bb3.l.png 364 7756540.35531 -363880.686392 0.0 0.006779 0.070493 2.223973 1472150141.457979
/dados/ufes/20160825/1472150142.406153.bb3.l.png 365 7756537.4008 -363876.290646 0.0 0.0061 0.082219 2.116504 1472150142.406153
/dados/ufes/20160825/1472150143.793525.bb3.l.png 366 7756534.91205 -363871.738152 0.0 0.000809 0.101188 2.041452 1472150143.793525
/dados/ufes/20160825/1472150146.651628.bb3.l.png 367 7756532.74795 -363867.108298 0.0 -0.004249 0.090115 2.003149 1472150146.651628
/dados/ufes/20160825/1472150148.004468.bb3.l.png 368 7756530.65547 -363862.324355 0.0 -0.009816 0.062034 1.968226 1472150148.004468
/dados/ufes/20160825/1472150148.944582.bb3.l.png 369 7756528.94506 -363857.754371 0.0 -0.017085 0.042937 1.896705 1472150148.944582
/dados/ufes/20160825/1472150149.752500.bb3.l.png 370 7756527.59135 -363852.876682 0.0 -0.019692 0.018584 1.795555 1472150149.752500
/dados/ufes/20160825/1472150150.503966.bb3.l.png 371 7756526.75906 -363847.837793 0.0 -0.012465 0.000425 1.677355 1472150150.503966
/dados/ufes/20160825/1472150151.255765.bb3.l.png 372 7756526.54909 -363842.337486 0.0 -0.000929 -0.01669 1.555098 1472150151.255765
/dados/ufes/20160825/1472150151.834469.bb3.l.png 373 7756526.79534 -363837.71112 0.0 0.007694 -0.028458 1.507652 1472150151.834469
/dados/ufes/20160825/1472150152.522326.bb3.l.png 374 7756527.31178 -363832.006976 0.0 0.018159 -0.032539 1.475245 1472150152.522326
/dados/ufes/20160825/1472150153.151041.bb3.l.png 375 7756527.87856 -363826.774111 0.0 0.012922 -0.032419 1.454944 1472150153.151041
/dados/ufes/20160825/1472150153.779076.bb3.l.png 376 7756528.6006 -363821.397845 0.0 0.028767 -0.042045 1.451655 1472150153.779076
/dados/ufes/20160825/1472150154.319218.bb3.l.png 377 7756529.24319 -363816.640879 0.0 0.028532 -0.035436 1.445477 1472150154.319218
/dados/ufes/20160825/1472150154.946521.bb3.l.png 378 7756530.03302 -363811.086653 0.0 0.030884 -0.039305 1.439621 1472150154.946521
/dados/ufes/20160825/1472150155.521109.bb3.l.png 379 7756530.74644 -363805.989684 0.0 0.024892 -0.039158 1.437554 1472150155.521109
/dados/ufes/20160825/1472150156.163742.bb3.l.png 380 7756531.55537 -363800.40174 0.0 0.015056 -0.040984 1.424484 1472150156.163742
/dados/ufes/20160825/1472150156.789213.bb3.l.png 381 7756532.47366 -363795.004051 0.0 0.015095 -0.039669 1.38681 1472150156.789213
/dados/ufes/20160825/1472150157.401261.bb3.l.png 382 7756533.65636 -363789.679592 0.0 0.001008 -0.03085 1.322813 1472150157.401261
/dados/ufes/20160825/1472150158.031366.bb3.l.png 383 7756535.24652 -363784.173075 0.0 -0.000837 -0.028065 1.253882 1472150158.031366
/dados/ufes/20160825/1472150158.640473.bb3.l.png 384 7756537.09055 -363779.040227 0.0 -0.00216 -0.036704 1.173836 1472150158.640473
/dados/ufes/20160825/1472150159.201088.bb3.l.png 385 7756539.29732 -363774.450751 0.0 -0.003363 -0.029041 1.080688 1472150159.201088
/dados/ufes/20160825/1472150159.835449.bb3.l.png 386 7756542.24554 -363769.546572 0.0 -0.007754 -0.028578 0.986529 1472150159.835449
/dados/ufes/20160825/1472150160.583170.bb3.l.png 387 7756546.37731 -363763.920105 0.0 -0.023763 -0.027243 0.876686 1472150160.583170
/dados/ufes/20160825/1472150161.141332.bb3.l.png 388 7756549.90384 -363760.028538 0.0 -0.043085 -0.04101 0.80297 1472150161.141332
/dados/ufes/20160825/1472150161.643865.bb3.l.png 389 7756553.32797 -363756.681607 0.0 -0.054888 -0.036747 0.738816 1472150161.643865
/dados/ufes/20160825/1472150162.204483.bb3.l.png 390 7756557.49935 -363753.093175 0.0 -0.042831 -0.025535 0.693509 1472150162.204483
/dados/ufes/20160825/1472150162.694721.bb3.l.png 391 7756561.30529 -363750.043477 0.0 -0.040742 -0.032478 0.672268 1472150162.694721
/dados/ufes/20160825/1472150163.204451.bb3.l.png 392 7756565.43637 -363746.893058 0.0 -0.038932 -0.037282 0.665345 1472150163.204451
/dados/ufes/20160825/1472150163.769793.bb3.l.png 393 7756570.07073 -363743.307405 0.0 -0.037205 -0.03637 0.669284 1472150163.769793
/dados/ufes/20160825/1472150164.219278.bb3.l.png 394 7756573.97462 -363740.214033 0.0 -0.031708 -0.038946 0.67327 1472150164.219278
/dados/ufes/20160825/1472150164.787784.bb3.l.png 395 7756578.73434 -363736.55922 0.0 -0.031585 -0.032471 0.674101 1472150164.787784
/dados/ufes/20160825/1472150165.288213.bb3.l.png 396 7756582.98927 -363733.250604 0.0 -0.039791 -0.043504 0.670599 1472150165.288213
/dados/ufes/20160825/1472150165.789818.bb3.l.png 397 7756587.25517 -363729.805389 0.0 -0.034297 -0.038295 0.675153 1472150165.789818
/dados/ufes/20160825/1472150166.225303.bb3.l.png 398 7756591.07772 -363726.829519 0.0 -0.028645 -0.030325 0.682723 1472150166.225303
/dados/ufes/20160825/1472150166.729896.bb3.l.png 399 7756595.4655 -363723.3454 0.0 -0.029077 -0.037388 0.672313 1472150166.729896
/dados/ufes/20160825/1472150167.227565.bb3.l.png 400 7756599.88089 -363719.855342 0.0 -0.042421 -0.03612 0.672458 1472150167.227565
/dados/ufes/20160825/1472150167.658311.bb3.l.png 401 7756603.69645 -363716.865042 0.0 -0.014677 -0.033984 0.667706 1472150167.658311
/dados/ufes/20160825/1472150168.172260.bb3.l.png 402 7756608.27116 -363713.326102 0.0 -0.000608 -0.01993 0.662859 1472150168.172260
/dados/ufes/20160825/1472150168.563164.bb3.l.png 403 7756611.75186 -363710.705133 0.0 -0.001854 -0.040568 0.659988 1472150168.563164
/dados/ufes/20160825/1472150169.054055.bb3.l.png 404 7756616.25517 -363707.219911 0.0 -0.000331 -0.017545 0.661896 1472150169.054055
/dados/ufes/20160825/1472150169.478549.bb3.l.png 405 7756620.02135 -363704.310004 0.0 0.016322 -0.023988 0.657231 1472150169.478549
/dados/ufes/20160825/1472150169.971381.bb3.l.png 406 7756624.54186 -363700.819226 0.0 0.021339 -0.015721 0.66371 1472150169.971381
/dados/ufes/20160825/1472150170.407770.bb3.l.png 407 7756628.51176 -363697.771036 0.0 0.024814 -0.017957 0.66984 1472150170.407770
/dados/ufes/20160825/1472150170.850181.bb3.l.png 408 7756632.42255 -363694.71506 0.0 0.028189 -0.013309 0.666899 1472150170.850181
/dados/ufes/20160825/1472150171.285657.bb3.l.png 409 7756636.31484 -363691.669716 0.0 0.041046 -0.006822 0.667943 1472150171.285657
/dados/ufes/20160825/1472150171.726577.bb3.l.png 410 7756640.24047 -363688.68447 0.0 0.038511 -0.004955 0.666711 1472150171.726577
/dados/ufes/20160825/1472150172.225995.bb3.l.png 411 7756644.6921 -363685.203756 0.0 0.031142 -0.006153 0.664977 1472150172.225995
/dados/ufes/20160825/1472150172.654985.bb3.l.png 412 7756648.45317 -363682.319845 0.0 0.053047 -0.007374 0.66687 1472150172.654985
/dados/ufes/20160825/1472150173.152059.bb3.l.png 413 7756652.86161 -363678.974748 0.0 0.052331 -0.006254 0.652852 1472150173.152059
/dados/ufes/20160825/1472150173.646064.bb3.l.png 414 7756657.10807 -363675.873636 0.0 0.046197 -0.001541 0.625732 1472150173.646064
/dados/ufes/20160825/1472150174.142229.bb3.l.png 415 7756661.53801 -363672.768962 0.0 0.032012 0.001895 0.584199 1472150174.142229
/dados/ufes/20160825/1472150174.642788.bb3.l.png 416 7756666.2022 -363669.884629 0.0 0.034787 0.003688 0.534563 1472150174.642788
/dados/ufes/20160825/1472150175.148330.bb3.l.png 417 7756671.01314 -363667.234947 0.0 0.021421 0.018061 0.472121 1472150175.148330
/dados/ufes/20160825/1472150175.646634.bb3.l.png 418 7756675.90346 -363664.878392 0.0 0.019755 -6.3e-05 0.421769 1472150175.646634
/dados/ufes/20160825/1472150176.084560.bb3.l.png 419 7756680.38272 -363662.989932 0.0 0.012395 0.011545 0.386516 1472150176.084560
/dados/ufes/20160825/1472150176.639745.bb3.l.png 420 7756686.09998 -363660.853695 0.0 0.006592 0.011359 0.346122 1472150176.639745
/dados/ufes/20160825/1472150177.077219.bb3.l.png 421 7756690.84376 -363659.276977 0.0 0.003843 0.007388 0.313393 1472150177.077219
/dados/ufes/20160825/1472150177.512130.bb3.l.png 422 7756695.42715 -363657.855909 0.0 -0.00681 0.005567 0.278044 1472150177.512130
/dados/ufes/20160825/1472150178.010342.bb3.l.png 423 7756700.77274 -363656.499566 0.0 -0.021086 0.007158 0.221513 1472150178.010342
/dados/ufes/20160825/1472150178.455379.bb3.l.png 424 7756705.79837 -363655.476887 0.0 -0.017107 0.002356 0.181713 1472150178.455379
/dados/ufes/20160825/1472150178.900986.bb3.l.png 425 7756710.82856 -363654.702153 0.0 -0.033392 -0.019308 0.131611 1472150178.900986
/dados/ufes/20160825/1472150179.342205.bb3.l.png 426 7756715.75982 -363654.166739 0.0 -0.042826 -0.015765 0.082372 1472150179.342205
/dados/ufes/20160825/1472150179.842101.bb3.l.png 427 7756721.53388 -363653.819384 0.0 -0.044803 -0.020471 0.034449 1472150179.842101
/dados/ufes/20160825/1472150180.278608.bb3.l.png 428 7756726.50106 -363653.808307 0.0 -0.040377 -0.014332 0.00131 1472150180.278608
/dados/ufes/20160825/1472150180.767431.bb3.l.png 429 7756731.98252 -363653.911344 0.0 -0.053071 -0.02216 -0.035245 1472150180.767431
/dados/ufes/20160825/1472150181.190589.bb3.l.png 430 7756737.02148 -363654.192114 0.0 -0.064394 -0.026076 -0.065969 1472150181.190589
/dados/ufes/20160825/1472150181.634261.bb3.l.png 431 7756742.09098 -363654.652039 0.0 -0.058343 -0.036338 -0.092851 1472150181.634261
/dados/ufes/20160825/1472150182.066951.bb3.l.png 432 7756747.27507 -363655.167404 0.0 -0.054078 -0.033948 -0.101134 1472150182.066951
/dados/ufes/20160825/1472150182.565656.bb3.l.png 433 7756753.09057 -363655.873343 0.0 -0.048946 -0.029336 -0.108455 1472150182.565656
/dados/ufes/20160825/1472150183.005742.bb3.l.png 434 7756758.21383 -363656.490047 0.0 -0.050319 -0.031916 -0.116182 1472150183.005742
/dados/ufes/20160825/1472150183.508774.bb3.l.png 435 7756763.96156 -363657.23084 0.0 -0.050244 -0.028196 -0.115904 1472150183.508774
/dados/ufes/20160825/1472150183.949731.bb3.l.png 436 7756769.04262 -363657.905644 0.0 -0.050611 -0.022077 -0.116824 1472150183.949731
/dados/ufes/20160825/1472150184.391780.bb3.l.png 437 7756774.16938 -363658.574242 0.0 -0.042866 -0.020185 -0.1166 1472150184.391780
/dados/ufes/20160825/1472150184.882729.bb3.l.png 438 7756779.93605 -363659.275024 0.0 -0.042188 -0.011551 -0.117112 1472150184.882729
/dados/ufes/20160825/1472150185.382564.bb3.l.png 439 7756785.49758 -363659.972346 0.0 -0.037899 -0.012944 -0.122456 1472150185.382564
/dados/ufes/20160825/1472150185.823740.bb3.l.png 440 7756790.57287 -363660.666201 0.0 -0.027497 -0.015282 -0.121417 1472150185.823740
/dados/ufes/20160825/1472150186.320989.bb3.l.png 441 7756796.13311 -363661.386619 0.0 -0.025285 -0.0005 -0.125087 1472150186.320989
/dados/ufes/20160825/1472150186.815738.bb3.l.png 442 7756801.85858 -363662.136489 0.0 -0.020708 -0.000573 -0.123518 1472150186.815738
/dados/ufes/20160825/1472150187.253258.bb3.l.png 443 7756806.63336 -363662.782152 0.0 -0.011747 0.004992 -0.124178 1472150187.253258
/dados/ufes/20160825/1472150187.753435.bb3.l.png 444 7756812.28141 -363663.491194 0.0 -0.002935 0.003343 -0.118972 1472150187.753435
/dados/ufes/20160825/1472150188.190638.bb3.l.png 445 7756817.32313 -363664.163111 0.0 0.000606 0.017568 -0.117361 1472150188.190638
/dados/ufes/20160825/1472150188.696040.bb3.l.png 446 7756822.95508 -363664.91362 0.0 0.00576 -6.6e-05 -0.116422 1472150188.696040
/dados/ufes/20160825/1472150189.128129.bb3.l.png 447 7756827.84273 -363665.538394 0.0 0.01024 0.016697 -0.12031 1472150189.128129
/dados/ufes/20160825/1472150189.630763.bb3.l.png 448 7756833.54659 -363666.308567 0.0 0.007155 0.012586 -0.119125 1472150189.630763
/dados/ufes/20160825/1472150190.129881.bb3.l.png 449 7756839.30368 -363667.000776 0.0 0.007619 0.021265 -0.119521 1472150190.129881
/dados/ufes/20160825/1472150190.628259.bb3.l.png 450 7756844.93681 -363667.736404 0.0 0.015208 0.01288 -0.11791 1472150190.628259
/dados/ufes/20160825/1472150191.066108.bb3.l.png 451 7756849.98441 -363668.377556 0.0 0.011926 0.018463 -0.120898 1472150191.066108
/dados/ufes/20160825/1472150191.511966.bb3.l.png 452 7756855.12125 -363669.052896 0.0 0.013836 0.027207 -0.121791 1472150191.511966
/dados/ufes/20160825/1472150191.953309.bb3.l.png 453 7756860.23125 -363669.745657 0.0 0.019077 -0.000108 -0.118291 1472150191.953309
/dados/ufes/20160825/1472150192.453871.bb3.l.png 454 7756865.97961 -363670.44915 0.0 0.018055 0.036335 -0.116375 1472150192.453871
/dados/ufes/20160825/1472150192.885398.bb3.l.png 455 7756870.96307 -363671.129554 0.0 0.015373 0.036617 -0.115744 1472150192.885398
/dados/ufes/20160825/1472150193.324256.bb3.l.png 456 7756875.97312 -363671.745576 0.0 0.020363 0.034703 -0.117921 1472150193.324256
/dados/ufes/20160825/1472150193.822300.bb3.l.png 457 7756881.65157 -363672.463254 0.0 0.017848 0.029022 -0.125718 1472150193.822300
/dados/ufes/20160825/1472150194.328777.bb3.l.png 458 7756887.28157 -363673.21904 0.0 0.020883 0.033063 -0.12646 1472150194.328777
/dados/ufes/20160825/1472150194.760797.bb3.l.png 459 7756892.18562 -363673.91997 0.0 0.026782 0.026052 -0.125723 1472150194.760797
/dados/ufes/20160825/1472150195.197681.bb3.l.png 460 7756897.37259 -363674.570975 0.0 0.030251 0.041134 -0.122136 1472150195.197681
/dados/ufes/20160825/1472150195.703217.bb3.l.png 461 7756903.05256 -363675.338066 0.0 0.021121 0.024737 -0.122114 1472150195.703217
/dados/ufes/20160825/1472150196.132788.bb3.l.png 462 7756907.8428 -363675.941935 0.0 0.020852 0.033981 -0.120104 1472150196.132788
/dados/ufes/20160825/1472150196.628411.bb3.l.png 463 7756913.41159 -363676.627805 0.0 0.018057 0.027125 -0.113022 1472150196.628411
/dados/ufes/20160825/1472150197.077722.bb3.l.png 464 7756918.3563 -363677.238926 0.0 0.021387 0.03517 -0.117771 1472150197.077722
/dados/ufes/20160825/1472150197.576669.bb3.l.png 465 7756923.87119 -363677.959 0.0 0.022312 0.040238 -0.120504 1472150197.576669
/dados/ufes/20160825/1472150198.076974.bb3.l.png 466 7756929.28398 -363678.609754 0.0 0.018401 0.032712 -0.117389 1472150198.076974
/dados/ufes/20160825/1472150198.591165.bb3.l.png 467 7756934.80034 -363679.327848 0.0 0.023545 0.033343 -0.122279 1472150198.591165
/dados/ufes/20160825/1472150199.088529.bb3.l.png 468 7756940.04343 -363680.047314 0.0 0.022877 0.034373 -0.123778 1472150199.088529
/dados/ufes/20160825/1472150199.572928.bb3.l.png 469 7756945.19386 -363680.673288 0.0 0.027886 0.039195 -0.121347 1472150199.572928
/dados/ufes/20160825/1472150200.141579.bb3.l.png 470 7756951.08935 -363681.433751 0.0 0.028108 0.025908 -0.124893 1472150200.141579
/dados/ufes/20160825/1472150200.647828.bb3.l.png 471 7756956.28081 -363682.110821 0.0 0.024212 0.036324 -0.123898 1472150200.647828
/dados/ufes/20160825/1472150201.193394.bb3.l.png 472 7756961.77044 -363682.824267 0.0 0.025416 0.032265 -0.122745 1472150201.193394
/dados/ufes/20160825/1472150201.759732.bb3.l.png 473 7756967.40747 -363683.528772 0.0 0.019388 0.042344 -0.118178 1472150201.759732
/dados/ufes/20160825/1472150202.264060.bb3.l.png 474 7756972.40967 -363684.158486 0.0 0.011013 0.036902 -0.120685 1472150202.264060
/dados/ufes/20160825/1472150202.827448.bb3.l.png 475 7756977.93004 -363684.843883 0.0 0.018898 0.043308 -0.121239 1472150202.827448
/dados/ufes/20160825/1472150203.329690.bb3.l.png 476 7756982.73229 -363685.501835 0.0 0.024948 0.040135 -0.121873 1472150203.329690
/dados/ufes/20160825/1472150204.089803.bb3.l.png 477 7756989.94383 -363686.425035 0.0 0.030424 0.035107 -0.123566 1472150204.089803
/dados/ufes/20160825/1472150204.602689.bb3.l.png 478 7756994.7982 -363687.093115 0.0 0.029731 0.049734 -0.123241 1472150204.602689
/dados/ufes/20160825/1472150205.182383.bb3.l.png 479 7757000.10875 -363687.787792 0.0 0.032926 0.017965 -0.125811 1472150205.182383
/dados/ufes/20160825/1472150205.746309.bb3.l.png 480 7757005.22161 -363688.457176 0.0 0.023137 0.050652 -0.12473 1472150205.746309
/dados/ufes/20160825/1472150206.373640.bb3.l.png 481 7757010.57213 -363689.18797 0.0 0.025601 0.05016 -0.122654 1472150206.373640
/dados/ufes/20160825/1472150207.063231.bb3.l.png 482 7757016.2234 -363689.901417 0.0 0.027841 0.049346 -0.12315 1472150207.063231
/dados/ufes/20160825/1472150207.877202.bb3.l.png 483 7757022.38289 -363690.742498 0.0 0.038244 0.046743 -0.120084 1472150207.877202
/dados/ufes/20160825/1472150208.682955.bb3.l.png 484 7757027.76286 -363691.38704 0.0 0.041504 0.052328 -0.122161 1472150208.682955
/dados/ufes/20160825/1472150209.579282.bb3.l.png 485 7757032.92171 -363692.102223 0.0 0.045795 0.064686 -0.126168 1472150209.579282
/dados/ufes/20160825/1472150210.699607.bb3.l.png 486 7757037.92255 -363692.775948 0.0 0.038511 0.0669 -0.133276 1472150210.699607
/dados/ufes/20160825/1472150212.186658.bb3.l.png 487 7757043.14661 -363693.481118 0.0 0.037175 0.077777 -0.126509 1472150212.186658
/dados/ufes/20160825/1472150213.627485.bb3.l.png 488 7757048.04548 -363694.175785 0.0 0.032678 0.099605 -0.130387 1472150213.627485
/dados/ufes/20160825/1472150214.861326.bb3.l.png 489 7757053.19602 -363694.942775 0.0 0.02304 0.065077 -0.142537 1472150214.861326
/dados/ufes/20160825/1472150215.871901.bb3.l.png 490 7757058.29633 -363695.726983 0.0 0.018242 0.05486 -0.138713 1472150215.871901
/dados/ufes/20160825/1472150216.746384.bb3.l.png 491 7757063.27476 -363696.477376 0.0 0.01383 0.053187 -0.125032 1472150216.746384
/dados/ufes/20160825/1472150217.625372.bb3.l.png 492 7757068.6042 -363697.046519 0.0 0.014968 0.048873 -0.015581 1472150217.625372
/dados/ufes/20160825/1472150218.505080.bb3.l.png 493 7757074.0511 -363696.465818 0.0 0.030733 0.041615 0.252492 1472150218.505080
/dados/ufes/20160825/1472150219.325305.bb3.l.png 494 7757079.0605 -363694.651321 0.0 0.028501 0.042088 0.433729 1472150219.325305
/dados/ufes/20160825/1472150220.070597.bb3.l.png 495 7757083.56712 -363692.423748 0.0 0.057744 0.037063 0.486096 1472150220.070597
/dados/ufes/20160825/1472150220.832027.bb3.l.png 496 7757088.06503 -363690.013756 0.0 0.073717 0.030626 0.512925 1472150220.832027
/dados/ufes/20160825/1472150221.769331.bb3.l.png 497 7757093.32664 -363686.973078 0.0 0.078662 0.024434 0.536488 1472150221.769331
/dados/ufes/20160825/1472150222.762223.bb3.l.png 498 7757097.71488 -363684.379094 0.0 0.084535 0.025626 0.554361 1472150222.762223
/dados/ufes/20160825/1472150224.208545.bb3.l.png 499 7757102.15164 -363681.678039 0.0 0.065767 -0.012806 0.551054 1472150224.208545
/dados/ufes/20160825/1472150225.588915.bb3.l.png 500 7757106.60653 -363679.035441 0.0 0.047651 0.005989 0.540468 1472150225.588915
/dados/ufes/20160825/1472150226.546550.bb3.l.png 501 7757110.94287 -363676.483947 0.0 0.061004 0.016789 0.531222 1472150226.546550
/dados/ufes/20160825/1472150227.405451.bb3.l.png 502 7757115.52083 -363673.880895 0.0 0.060088 0.012089 0.528548 1472150227.405451
/dados/ufes/20160825/1472150228.144250.bb3.l.png 503 7757119.92665 -363671.377962 0.0 0.046029 0.008112 0.525367 1472150228.144250
/dados/ufes/20160825/1472150228.882180.bb3.l.png 504 7757124.57482 -363668.767316 0.0 0.046576 0.004766 0.523035 1472150228.882180
/dados/ufes/20160825/1472150229.583212.bb3.l.png 505 7757129.19408 -363666.26139 0.0 0.049127 -0.00283 0.517869 1472150229.583212
/dados/ufes/20160825/1472150230.266704.bb3.l.png 506 7757133.85157 -363663.674773 0.0 0.041162 -0.004545 0.51296 1472150230.266704
/dados/ufes/20160825/1472150230.877902.bb3.l.png 507 7757138.01861 -363661.38867 0.0 0.053057 -0.003777 0.513427 1472150230.877902
/dados/ufes/20160825/1472150231.559797.bb3.l.png 508 7757142.73929 -363658.745172 0.0 0.044752 -0.002649 0.516673 1472150231.559797
/dados/ufes/20160825/1472150232.258015.bb3.l.png 509 7757147.42625 -363656.179446 0.0 0.037248 -0.006648 0.512447 1472150232.258015
/dados/ufes/20160825/1472150232.905364.bb3.l.png 510 7757151.73732 -363653.759144 0.0 0.033271 -0.015597 0.527547 1472150232.905364
/dados/ufes/20160825/1472150233.604168.bb3.l.png 511 7757156.19906 -363651.047131 0.0 0.022664 -0.004547 0.581594 1472150233.604168
/dados/ufes/20160825/1472150234.349200.bb3.l.png 512 7757160.45967 -363647.856577 0.0 0.023999 0.000722 0.708676 1472150234.349200
/dados/ufes/20160825/1472150235.104579.bb3.l.png 513 7757164.31446 -363643.968216 0.0 0.038471 0.005489 0.905396 1472150235.104579
/dados/ufes/20160825/1472150235.836686.bb3.l.png 514 7757167.26894 -363639.576825 0.0 0.043579 -0.010903 1.082822 1472150235.836686
/dados/ufes/20160825/1472150236.560474.bb3.l.png 515 7757169.2792 -363635.027436 0.0 0.054165 -0.027854 1.217907 1472150236.560474
/dados/ufes/20160825/1472150237.310346.bb3.l.png 516 7757171.02786 -363629.945455 0.0 0.05795 -0.035008 1.262355 1472150237.310346
/dados/ufes/20160825/1472150238.053506.bb3.l.png 517 7757172.76286 -363624.626833 0.0 0.068854 -0.039736 1.236334 1472150238.053506
/dados/ufes/20160825/1472150238.724118.bb3.l.png 518 7757174.62476 -363619.795141 0.0 0.062533 -0.031579 1.15802 1472150238.724118
/dados/ufes/20160825/1472150239.457542.bb3.l.png 519 7757177.16219 -363614.882703 0.0 0.056604 -0.01352 1.032049 1472150239.457542
/dados/ufes/20160825/1472150240.196330.bb3.l.png 520 7757180.50732 -363610.158581 0.0 0.059489 -0.00111 0.889192 1472150240.196330
/dados/ufes/20160825/1472150240.773737.bb3.l.png 521 7757183.66786 -363606.70579 0.0 0.051365 0.006274 0.778394 1472150240.773737
/dados/ufes/20160825/1472150241.455816.bb3.l.png 522 7757187.98291 -363603.012078 0.0 0.037945 0.018354 0.652848 1472150241.455816
/dados/ufes/20160825/1472150242.074264.bb3.l.png 523 7757192.23998 -363599.980996 0.0 0.041789 0.031064 0.600158 1472150242.074264
/dados/ufes/20160825/1472150242.698042.bb3.l.png 524 7757196.68701 -363597.027752 0.0 0.021047 0.011113 0.584491 1472150242.698042
/dados/ufes/20160825/1472150243.319975.bb3.l.png 525 7757201.28041 -363594.03215 0.0 0.000848 0.028523 0.579707 1472150243.319975
/dados/ufes/20160825/1472150243.890745.bb3.l.png 526 7757205.6261 -363591.25843 0.0 -0.021237 0.026396 0.57716 1472150243.890745
/dados/ufes/20160825/1472150244.444840.bb3.l.png 527 7757209.8855 -363588.555742 0.0 -0.025025 0.022255 0.578351 1472150244.444840
/dados/ufes/20160825/1472150245.075842.bb3.l.png 528 7757214.73584 -363585.452727 0.0 -0.0125 0.026684 0.590873 1472150245.075842
/dados/ufes/20160825/1472150245.706651.bb3.l.png 529 7757219.43645 -363582.351505 0.0 -0.036354 0.031625 0.590486 1472150245.706651
/dados/ufes/20160825/1472150246.282559.bb3.l.png 530 7757223.90226 -363579.399045 0.0 -0.019013 0.022663 0.597601 1472150246.282559
/dados/ufes/20160825/1472150246.912303.bb3.l.png 531 7757228.65805 -363576.148126 0.0 -0.017696 0.016919 0.622866 1472150246.912303
/dados/ufes/20160825/1472150247.535823.bb3.l.png 532 7757233.20674 -363572.875567 0.0 -0.020984 0.020834 0.645095 1472150247.535823
/dados/ufes/20160825/1472150248.100967.bb3.l.png 533 7757237.60625 -363569.532875 0.0 -0.012007 0.010899 0.667792 1472150248.100967
/dados/ufes/20160825/1472150248.603107.bb3.l.png 534 7757241.13135 -363566.793161 0.0 0.004515 0.001867 0.686648 1472150248.603107
/dados/ufes/20160825/1472150249.233117.bb3.l.png 535 7757245.69376 -363562.970855 0.0 0.001025 0.01327 0.70841 1472150249.233117
/dados/ufes/20160825/1472150249.790399.bb3.l.png 536 7757249.67782 -363559.555509 0.0 0.013419 0.008762 0.717653 1472150249.790399
/dados/ufes/20160825/1472150250.294210.bb3.l.png 537 7757253.34151 -363556.352496 0.0 0.003532 0.007644 0.722731 1472150250.294210
/dados/ufes/20160825/1472150250.933014.bb3.l.png 538 7757257.89038 -363552.390014 0.0 0.016441 0.005167 0.734587 1472150250.933014
/dados/ufes/20160825/1472150251.497182.bb3.l.png 539 7757261.87968 -363548.76267 0.0 0.023711 0.008242 0.744647 1472150251.497182
/dados/ufes/20160825/1472150252.061011.bb3.l.png 540 7757265.83496 -363545.195953 0.0 0.021462 0.007633 0.750997 1472150252.061011
/dados/ufes/20160825/1472150252.626582.bb3.l.png 541 7757269.76413 -363541.529151 0.0 0.034234 0.009071 0.760707 1472150252.626582
/dados/ufes/20160825/1472150253.184844.bb3.l.png 542 7757273.51327 -363538.057782 0.0 0.038417 0.012736 0.772744 1472150253.184844
/dados/ufes/20160825/1472150253.798790.bb3.l.png 543 7757277.55886 -363534.091635 0.0 0.042853 0.017396 0.778016 1472150253.798790
/dados/ufes/20160825/1472150254.358601.bb3.l.png 544 7757281.25382 -363530.463421 0.0 0.05523 0.021863 0.785143 1472150254.358601
/dados/ufes/20160825/1472150254.982049.bb3.l.png 545 7757285.26884 -363526.526369 0.0 0.061067 0.031066 0.786795 1472150254.982049
/dados/ufes/20160825/1472150255.541250.bb3.l.png 546 7757288.8572 -363522.980962 0.0 0.070426 0.022156 0.798743 1472150255.541250
/dados/ufes/20160825/1472150256.088600.bb3.l.png 547 7757292.5576 -363519.219413 0.0 0.067029 0.023553 0.807092 1472150256.088600
/dados/ufes/20160825/1472150256.707428.bb3.l.png 548 7757296.49234 -363515.17586 0.0 0.067603 0.022221 0.804469 1472150256.707428
/dados/ufes/20160825/1472150257.326806.bb3.l.png 549 7757300.30674 -363511.328606 0.0 0.052294 0.007403 0.798798 1472150257.326806
/dados/ufes/20160825/1472150257.889948.bb3.l.png 550 7757303.71785 -363507.924731 0.0 0.045713 0.001944 0.793513 1472150257.889948
/dados/ufes/20160825/1472150258.510874.bb3.l.png 551 7757307.45055 -363504.166436 0.0 0.037485 0.00379 0.774431 1472150258.510874
/dados/ufes/20160825/1472150259.135493.bb3.l.png 552 7757311.35174 -363500.612882 0.0 0.026758 0.009176 0.708364 1472150259.135493
/dados/ufes/20160825/1472150259.820978.bb3.l.png 553 7757315.96087 -363497.175134 0.0 0.027176 0.00645 0.568053 1472150259.820978
/dados/ufes/20160825/1472150260.448080.bb3.l.png 554 7757320.42693 -363494.809684 0.0 0.007165 0.021084 0.387655 1472150260.448080
/dados/ufes/20160825/1472150261.067081.bb3.l.png 555 7757325.3439 -363493.359217 0.0 -0.023355 0.01805 0.198593 1472150261.067081
/dados/ufes/20160825/1472150261.755748.bb3.l.png 556 7757330.8703 -363492.738979 0.0 -0.060404 0.001471 -0.003623 1472150261.755748
/dados/ufes/20160825/1472150262.379656.bb3.l.png 557 7757335.91509 -363493.12737 0.0 -0.061881 -0.013909 -0.13501 1472150262.379656
/dados/ufes/20160825/1472150263.067074.bb3.l.png 558 7757341.5496 -363494.204055 0.0 -0.088026 -0.036602 -0.225806 1472150263.067074
/dados/ufes/20160825/1472150263.633332.bb3.l.png 559 7757345.98207 -363495.384085 0.0 -0.110212 -0.044517 -0.277894 1472150263.633332
/dados/ufes/20160825/1472150264.256321.bb3.l.png 560 7757351.07081 -363496.963232 0.0 -0.134514 -0.051443 -0.308966 1472150264.256321
/dados/ufes/20160825/1472150264.879656.bb3.l.png 561 7757356.08025 -363498.649245 0.0 -0.137726 -0.035082 -0.337011 1472150264.879656
/dados/ufes/20160825/1472150265.507645.bb3.l.png 562 7757361.24066 -363500.614712 0.0 -0.143767 -0.044047 -0.387298 1472150265.507645
/dados/ufes/20160825/1472150266.069232.bb3.l.png 563 7757365.77218 -363502.603363 0.0 -0.129398 -0.033722 -0.433737 1472150266.069232
/dados/ufes/20160825/1472150266.692220.bb3.l.png 564 7757370.72571 -363505.030903 0.0 -0.110496 -0.030384 -0.483101 1472150266.692220
/dados/ufes/20160825/1472150267.317322.bb3.l.png 565 7757375.50549 -363507.701638 0.0 -0.108378 -0.043833 -0.538356 1472150267.317322
/dados/ufes/20160825/1472150267.879782.bb3.l.png 566 7757379.70764 -363510.381444 0.0 -0.088378 -0.037431 -0.58942 1472150267.879782
/dados/ufes/20160825/1472150268.511634.bb3.l.png 567 7757384.25555 -363513.636015 0.0 -0.097327 -0.049384 -0.644859 1472150268.511634
/dados/ufes/20160825/1472150269.067275.bb3.l.png 568 7757388.1929 -363516.823013 0.0 -0.103898 -0.039549 -0.706904 1472150269.067275
/dados/ufes/20160825/1472150269.629868.bb3.l.png 569 7757392.09598 -363520.406794 0.0 -0.126425 -0.05628 -0.775803 1472150269.629868
/dados/ufes/20160825/1472150270.201479.bb3.l.png 570 7757395.91308 -363524.372863 0.0 -0.105138 -0.063676 -0.8299 1472150270.201479
/dados/ufes/20160825/1472150270.696086.bb3.l.png 571 7757399.12997 -363528.11583 0.0 -0.089609 -0.052627 -0.871417 1472150270.696086
/dados/ufes/20160825/1472150271.193513.bb3.l.png 572 7757402.20035 -363531.966237 0.0 -0.082046 -0.051139 -0.897015 1472150271.193513
/dados/ufes/20160825/1472150271.762601.bb3.l.png 573 7757405.81918 -363536.656799 0.0 -0.084225 -0.058869 -0.913513 1472150271.762601
/dados/ufes/20160825/1472150272.268165.bb3.l.png 574 7757408.94874 -363540.719779 0.0 -0.080576 -0.050165 -0.913518 1472150272.268165
/dados/ufes/20160825/1472150272.768954.bb3.l.png 575 7757412.06126 -363544.801595 0.0 -0.080745 -0.052957 -0.91468 1472150272.768954
/dados/ufes/20160825/1472150273.332401.bb3.l.png 576 7757415.61851 -363549.519275 0.0 -0.076941 -0.039792 -0.914624 1472150273.332401
/dados/ufes/20160825/1472150273.828125.bb3.l.png 577 7757418.8237 -363553.792301 0.0 -0.065676 -0.030023 -0.912635 1472150273.828125
/dados/ufes/20160825/1472150274.273350.bb3.l.png 578 7757421.82619 -363557.661091 0.0 -0.070897 -0.027281 -0.911204 1472150274.273350
/dados/ufes/20160825/1472150274.825791.bb3.l.png 579 7757425.52773 -363562.386911 0.0 -0.083696 -0.022627 -0.911331 1472150274.825791
/dados/ufes/20160825/1472150275.322317.bb3.l.png 580 7757428.91886 -363566.768565 0.0 -0.082697 -0.015904 -0.910297 1472150275.322317
/dados/ufes/20160825/1472150275.817508.bb3.l.png 581 7757432.23292 -363571.028407 0.0 -0.066536 -0.019142 -0.911202 1472150275.817508
/dados/ufes/20160825/1472150276.319156.bb3.l.png 582 7757435.61791 -363575.499371 0.0 -0.069829 -0.003785 -0.914336 1472150276.319156
/dados/ufes/20160825/1472150276.818127.bb3.l.png 583 7757438.84536 -363579.768872 0.0 -0.053778 -0.000524 -0.91331 1472150276.818127
/dados/ufes/20160825/1472150277.322125.bb3.l.png 584 7757442.1837 -363584.150853 0.0 -0.064588 0.001676 -0.910231 1472150277.322125
/dados/ufes/20160825/1472150277.831246.bb3.l.png 585 7757445.51044 -363588.547341 0.0 -0.049619 0.007846 -0.911571 1472150277.831246
/dados/ufes/20160825/1472150278.326112.bb3.l.png 586 7757448.63365 -363592.716317 0.0 -0.055597 0.013868 -0.912689 1472150278.326112
/dados/ufes/20160825/1472150278.821636.bb3.l.png 587 7757451.88945 -363596.910283 0.0 -0.053549 0.01398 -0.908218 1472150278.821636
/dados/ufes/20160825/1472150279.317439.bb3.l.png 588 7757455.10495 -363601.073196 0.0 -0.054626 0.018011 -0.914492 1472150279.317439
/dados/ufes/20160825/1472150279.817942.bb3.l.png 589 7757458.17587 -363605.083682 0.0 -0.054489 0.022151 -0.919019 1472150279.817942
/dados/ufes/20160825/1472150280.318064.bb3.l.png 590 7757461.18819 -363609.13275 0.0 -0.056963 0.026897 -0.917807 1472150280.318064
/dados/ufes/20160825/1472150280.824824.bb3.l.png 591 7757464.36699 -363613.264191 0.0 -0.052977 0.037415 -0.919558 1472150280.824824
/dados/ufes/20160825/1472150281.285038.bb3.l.png 592 7757467.2405 -363617.203381 0.0 -0.041672 0.031337 -0.91426 1472150281.285038
/dados/ufes/20160825/1472150281.789555.bb3.l.png 593 7757470.3376 -363621.2511 0.0 -0.036186 0.035587 -0.906549 1472150281.789555
/dados/ufes/20160825/1472150282.277992.bb3.l.png 594 7757473.42716 -363625.181161 0.0 -0.029704 0.033807 -0.889077 1472150282.277992
/dados/ufes/20160825/1472150282.843789.bb3.l.png 595 7757477.14827 -363629.744886 0.0 -0.023937 0.040047 -0.863779 1472150282.843789
/dados/ufes/20160825/1472150283.328192.bb3.l.png 596 7757480.30679 -363633.407508 0.0 -0.009857 0.047088 -0.822633 1472150283.328192
/dados/ufes/20160825/1472150283.894120.bb3.l.png 597 7757484.01479 -363637.244568 0.0 -0.015696 0.050521 -0.769284 1472150283.894120
/dados/ufes/20160825/1472150284.453234.bb3.l.png 598 7757488.21618 -363641.149897 0.0 -0.005438 0.047621 -0.700407 1472150284.453234
/dados/ufes/20160825/1472150285.006858.bb3.l.png 599 7757492.40519 -363644.575072 0.0 0.006978 0.056567 -0.622109 1472150285.006858
/dados/ufes/20160825/1472150285.567570.bb3.l.png 600 7757496.84089 -363647.549942 0.0 0.005284 0.04684 -0.544703 1472150285.567570
/dados/ufes/20160825/1472150286.137845.bb3.l.png 601 7757501.82815 -363650.367634 0.0 0.031738 0.054093 -0.473108 1472150286.137845
/dados/ufes/20160825/1472150286.702516.bb3.l.png 602 7757506.78031 -363652.751016 0.0 0.047153 0.062574 -0.397624 1472150286.702516
/dados/ufes/20160825/1472150287.255206.bb3.l.png 603 7757511.74705 -363654.715189 0.0 0.046492 0.050948 -0.325367 1472150287.255206
/dados/ufes/20160825/1472150287.817679.bb3.l.png 604 7757516.91262 -363656.367955 0.0 0.06247 0.043041 -0.26684 1472150287.817679
/dados/ufes/20160825/1472150288.317693.bb3.l.png 605 7757521.58258 -363657.591942 0.0 0.059237 0.048978 -0.217768 1472150288.317693
/dados/ufes/20160825/1472150288.885508.bb3.l.png 606 7757527.1013 -363658.72104 0.0 0.083121 0.042484 -0.150611 1472150288.885508
/dados/ufes/20160825/1472150289.380167.bb3.l.png 607 7757532.01562 -363659.369994 0.0 0.075173 0.037385 -0.09163 1472150289.380167
/dados/ufes/20160825/1472150289.880179.bb3.l.png 608 7757537.11798 -363659.776448 0.0 0.06853 0.036657 -0.045679 1472150289.880179
/dados/ufes/20160825/1472150290.380252.bb3.l.png 609 7757542.23571 -363659.98365 0.0 0.072423 0.028516 -0.019152 1472150290.380252
/dados/ufes/20160825/1472150290.883481.bb3.l.png 610 7757547.39418 -363660.045071 0.0 0.075733 0.021849 0.005925 1472150290.883481
/dados/ufes/20160825/1472150291.449870.bb3.l.png 611 7757553.17126 -363659.992791 0.0 0.068057 0.009258 0.03477 1472150291.449870
/dados/ufes/20160825/1472150291.896414.bb3.l.png 612 7757557.81462 -363659.821155 0.0 0.070832 0.028883 0.062035 1472150291.896414
/dados/ufes/20160825/1472150292.400210.bb3.l.png 613 7757562.92215 -363659.48933 0.0 0.063804 0.006849 0.089791 1472150292.400210
/dados/ufes/20160825/1472150292.899384.bb3.l.png 614 7757568.07272 -363659.016195 0.0 0.068683 0.017794 0.120585 1472150292.899384
/dados/ufes/20160825/1472150293.446510.bb3.l.png 615 7757573.51618 -363658.309481 0.0 0.06532 -0.009561 0.156627 1472150293.446510
/dados/ufes/20160825/1472150293.942786.bb3.l.png 616 7757578.4741 -363657.493446 0.0 0.078496 -0.019493 0.187632 1472150293.942786
/dados/ufes/20160825/1472150294.513275.bb3.l.png 617 7757583.94682 -363656.409336 0.0 0.067095 -0.020661 0.215971 1472150294.513275
/dados/ufes/20160825/1472150295.067717.bb3.l.png 618 7757589.28259 -363655.189652 0.0 0.069327 -0.019541 0.245476 1472150295.067717
/dados/ufes/20160825/1472150295.567842.bb3.l.png 619 7757594.03768 -363653.992636 0.0 0.065978 -0.018389 0.265789 1472150295.567842
/dados/ufes/20160825/1472150296.133979.bb3.l.png 620 7757599.35163 -363652.516728 0.0 0.052566 -0.037639 0.295009 1472150296.133979
/dados/ufes/20160825/1472150296.637678.bb3.l.png 621 7757604.08341 -363651.056488 0.0 0.045731 -0.021079 0.32166 1472150296.637678
/dados/ufes/20160825/1472150297.143230.bb3.l.png 622 7757608.85958 -363649.460636 0.0 0.021568 -0.028646 0.351544 1472150297.143230
/dados/ufes/20160825/1472150297.706058.bb3.l.png 623 7757613.98006 -363647.448638 0.0 0.049016 -0.024742 0.40815 1472150297.706058
/dados/ufes/20160825/1472150298.201358.bb3.l.png 624 7757618.36076 -363645.429886 0.0 0.07183 -0.021007 0.47616 1472150298.201358
/dados/ufes/20160825/1472150298.692772.bb3.l.png 625 7757622.63584 -363643.105435 0.0 0.092555 -0.021913 0.55286 1472150298.692772
/dados/ufes/20160825/1472150299.266493.bb3.l.png 626 7757627.3209 -363640.072416 0.0 0.106919 -0.022036 0.63513 1472150299.266493
/dados/ufes/20160825/1472150299.766865.bb3.l.png 627 7757631.07598 -363637.256231 0.0 0.106888 -0.023289 0.661033 1472150299.766865
/dados/ufes/20160825/1472150300.276856.bb3.l.png 628 7757634.97402 -363634.263809 0.0 0.099353 -0.026112 0.664263 1472150300.276856
/dados/ufes/20160825/1472150300.835535.bb3.l.png 629 7757639.20247 -363631.002315 0.0 0.095445 -0.021604 0.662797 1472150300.835535
/dados/ufes/20160825/1472150301.391089.bb3.l.png 630 7757643.30777 -363627.749878 0.0 0.095464 -0.010868 0.660454 1472150301.391089
/dados/ufes/20160825/1472150301.945159.bb3.l.png 631 7757647.55145 -363624.533074 0.0 0.09207 -0.005096 0.652833 1472150301.945159
/dados/ufes/20160825/1472150302.515337.bb3.l.png 632 7757651.81862 -363621.342576 0.0 0.095361 -0.004083 0.648654 1472150302.515337
/dados/ufes/20160825/1472150303.076485.bb3.l.png 633 7757656.15449 -363618.029269 0.0 0.087392 -0.001968 0.654703 1472150303.076485
/dados/ufes/20160825/1472150303.587599.bb3.l.png 634 7757660.06389 -363615.061632 0.0 0.082008 0.003805 0.662935 1472150303.587599
/dados/ufes/20160825/1472150304.130588.bb3.l.png 635 7757664.18251 -363611.938412 0.0 0.080654 0.006525 0.666302 1472150304.130588
/dados/ufes/20160825/1472150304.697966.bb3.l.png 636 7757668.61418 -363608.508522 0.0 0.069227 0.003839 0.670035 1472150304.697966
/dados/ufes/20160825/1472150305.255408.bb3.l.png 637 7757672.91092 -363605.1344 0.0 0.054329 0.010379 0.672886 1472150305.255408
/dados/ufes/20160825/1472150305.759518.bb3.l.png 638 7757676.89357 -363602.051139 0.0 0.04708 0.012669 0.663452 1472150305.759518
/dados/ufes/20160825/1472150306.319057.bb3.l.png 639 7757681.22164 -363598.690872 0.0 0.043233 0.016913 0.658951 1472150306.319057
/dados/ufes/20160825/1472150306.890237.bb3.l.png 640 7757685.60087 -363595.36402 0.0 0.048007 0.019585 0.662772 1472150306.890237
/dados/ufes/20160825/1472150307.447094.bb3.l.png 641 7757689.88971 -363592.099307 0.0 0.049445 0.018192 0.659804 1472150307.447094
/dados/ufes/20160825/1472150308.068110.bb3.l.png 642 7757694.61121 -363588.493719 0.0 0.040426 0.028442 0.660072 1472150308.068110
/dados/ufes/20160825/1472150308.568094.bb3.l.png 643 7757698.46648 -363585.541852 0.0 0.037895 0.030973 0.655778 1472150308.568094
/dados/ufes/20160825/1472150309.132547.bb3.l.png 644 7757702.78557 -363582.254817 0.0 0.03803 0.022101 0.655272 1472150309.132547
/dados/ufes/20160825/1472150309.705452.bb3.l.png 645 7757707.11899 -363579.019461 0.0 0.033787 0.030755 0.659866 1472150309.705452
/dados/ufes/20160825/1472150310.325839.bb3.l.png 646 7757711.75949 -363575.479757 0.0 0.030675 0.03211 0.65403 1472150310.325839
/dados/ufes/20160825/1472150310.822686.bb3.l.png 647 7757715.63347 -363572.58233 0.0 0.033497 0.031087 0.651315 1472150310.822686
/dados/ufes/20160825/1472150311.389541.bb3.l.png 648 7757720.04691 -363569.259455 0.0 0.029933 0.030037 0.651248 1472150311.389541
/dados/ufes/20160825/1472150311.901117.bb3.l.png 649 7757724.12328 -363566.17059 0.0 0.03842 0.0362 0.655435 1472150311.901117
/dados/ufes/20160825/1472150312.402454.bb3.l.png 650 7757728.12963 -363563.129413 0.0 0.049646 0.045857 0.65598 1472150312.402454
