7757730.59215 -363561.54727 0.644966 /dados/ufes/20160825/1472149903.313134.bb3.l.png
7757734.50851 -363558.56517 0.659499 /dados/ufes/20160825/1472149905.001289.bb3.l.png
7757738.55802 -363555.49752 0.667449 /dados/ufes/20160825/1472149906.060165.bb3.l.png
7757742.82367 -363552.192685 0.672689 /dados/ufes/20160825/1472149906.997631.bb3.l.png
7757746.94701 -363548.955468 0.675331 /dados/ufes/20160825/1472149907.816586.bb3.l.png
7757751.15289 -363545.679128 0.67479 /dados/ufes/20160825/1472149908.632024.bb3.l.png
7757755.17749 -363542.536042 0.671567 /dados/ufes/20160825/1472149909.497773.bb3.l.png
7757759.34431 -363539.334225 0.669612 /dados/ufes/20160825/1472149910.250272.bb3.l.png
7757763.5803 -363536.048717 0.668036 /dados/ufes/20160825/1472149911.127982.bb3.l.png
7757767.53628 -363533.035064 0.636806 /dados/ufes/20160825/1472149911.747816.bb3.l.png
7757771.70943 -363530.125684 0.569409 /dados/ufes/20160825/1472149912.269294.bb3.l.png
7757776.34855 -363527.381462 0.470586 /dados/ufes/20160825/1472149912.834065.bb3.l.png
7757781.01848 -363525.260511 0.369402 /dados/ufes/20160825/1472149913.465572.bb3.l.png
7757785.36068 -363523.79814 0.280425 /dados/ufes/20160825/1472149914.035793.bb3.l.png
7757790.34175 -363522.668803 0.176091 /dados/ufes/20160825/1472149914.647974.bb3.l.png
7757795.56737 -363522.085883 0.052423 /dados/ufes/20160825/1472149915.272514.bb3.l.png
7757800.77125 -363522.055879 -0.062353 /dados/ufes/20160825/1472149915.871040.bb3.l.png
7757806.26278 -363522.71966 -0.173494 /dados/ufes/20160825/1472149916.497833.bb3.l.png
7757811.35976 -363523.889793 -0.271096 /dados/ufes/20160825/1472149917.059107.bb3.l.png
7757816.32276 -363525.560282 -0.37834 /dados/ufes/20160825/1472149917.626861.bb3.l.png
7757820.90523 -363527.692024 -0.500061 /dados/ufes/20160825/1472149918.181418.bb3.l.png
7757825.64337 -363530.684053 -0.616288 /dados/ufes/20160825/1472149918.789165.bb3.l.png
7757829.79265 -363533.912298 -0.693108 /dados/ufes/20160825/1472149919.336405.bb3.l.png
7757833.42125 -363537.052726 -0.701289 /dados/ufes/20160825/1472149919.827234.bb3.l.png
7757837.58636 -363540.67058 -0.707463 /dados/ufes/20160825/1472149920.390376.bb3.l.png
7757841.5445 -363544.121042 -0.701073 /dados/ufes/20160825/1472149920.880758.bb3.l.png
7757845.43247 -363547.456204 -0.698103 /dados/ufes/20160825/1472149921.381091.bb3.l.png
7757849.45367 -363550.902591 -0.700273 /dados/ufes/20160825/1472149921.943010.bb3.l.png
7757853.9874 -363554.761927 -0.702074 /dados/ufes/20160825/1472149922.504589.bb3.l.png
7757857.81597 -363558.076782 -0.703569 /dados/ufes/20160825/1472149923.002408.bb3.l.png
7757861.52515 -363561.432695 -0.716709 /dados/ufes/20160825/1472149923.498026.bb3.l.png
7757865.42484 -363564.906026 -0.72191 /dados/ufes/20160825/1472149923.999866.bb3.l.png
7757869.4296 -363568.522296 -0.72542 /dados/ufes/20160825/1472149924.562725.bb3.l.png
7757873.02388 -363571.793945 -0.727357 /dados/ufes/20160825/1472149925.064332.bb3.l.png
7757876.66819 -363575.144485 -0.720287 /dados/ufes/20160825/1472149925.562382.bb3.l.png
7757880.50372 -363578.518952 -0.707829 /dados/ufes/20160825/1472149926.064568.bb3.l.png
7757885.64818 -363583.020982 -0.708929 /dados/ufes/20160825/1472149926.760054.bb3.l.png
7757890.37642 -363587.036748 -0.717669 /dados/ufes/20160825/1472149927.435633.bb3.l.png
7757894.05192 -363590.258822 -0.727141 /dados/ufes/20160825/1472149927.947594.bb3.l.png
7757898.01463 -363593.812205 -0.725935 /dados/ufes/20160825/1472149928.441478.bb3.l.png
7757902.01732 -363597.571602 -0.718945 /dados/ufes/20160825/1472149929.063583.bb3.l.png
7757905.68983 -363600.915088 -0.717476 /dados/ufes/20160825/1472149929.560629.bb3.l.png
7757909.38304 -363603.995146 -0.707219 /dados/ufes/20160825/1472149930.062595.bb3.l.png
7757913.5756 -363607.59206 -0.712471 /dados/ufes/20160825/1472149930.623047.bb3.l.png
7757917.81822 -363611.316676 -0.71519 /dados/ufes/20160825/1472149931.185713.bb3.l.png
7757922.13562 -363615.113435 -0.714389 /dados/ufes/20160825/1472149931.752006.bb3.l.png
7757925.85602 -363618.36568 -0.711953 /dados/ufes/20160825/1472149932.249370.bb3.l.png
7757929.97365 -363622.000239 -0.708393 /dados/ufes/20160825/1472149932.815446.bb3.l.png
7757933.94579 -363625.458315 -0.711825 /dados/ufes/20160825/1472149933.373155.bb3.l.png
7757938.23286 -363629.128618 -0.704112 /dados/ufes/20160825/1472149933.944246.bb3.l.png
7757942.1714 -363632.568696 -0.711611 /dados/ufes/20160825/1472149934.500219.bb3.l.png
7757946.14951 -363636.065778 -0.717012 /dados/ufes/20160825/1472149935.060777.bb3.l.png
7757949.74553 -363639.230695 -0.73552 /dados/ufes/20160825/1472149935.564164.bb3.l.png
7757953.43865 -363642.795916 -0.801289 /dados/ufes/20160825/1472149936.123197.bb3.l.png
7757956.77978 -363646.621979 -0.907552 /dados/ufes/20160825/1472149936.685729.bb3.l.png
7757959.88822 -363651.168199 -1.068569 /dados/ufes/20160825/1472149937.312499.bb3.l.png
7757962.00772 -363655.683707 -1.214058 /dados/ufes/20160825/1472149937.879103.bb3.l.png
7757963.51253 -363660.984204 -1.385341 /dados/ufes/20160825/1472149938.508389.bb3.l.png
7757964.1616 -363666.421167 -1.544773 /dados/ufes/20160825/1472149939.127868.bb3.l.png
7757963.82476 -363672.056538 -1.72421 /dados/ufes/20160825/1472149939.751607.bb3.l.png
7757962.66811 -363677.049068 -1.889842 /dados/ufes/20160825/1472149940.310774.bb3.l.png
7757960.5931 -363681.996841 -2.0441 /dados/ufes/20160825/1472149940.877723.bb3.l.png
7757957.70291 -363686.746781 -2.201471 /dados/ufes/20160825/1472149941.455397.bb3.l.png
7757954.28664 -363690.812964 -2.348439 /dados/ufes/20160825/1472149942.013508.bb3.l.png
7757950.24582 -363694.447454 -2.455638 /dados/ufes/20160825/1472149942.568157.bb3.l.png
7757946.30395 -363697.464911 -2.485638 /dados/ufes/20160825/1472149943.065095.bb3.l.png
7757941.80065 -363700.959472 -2.481743 /dados/ufes/20160825/1472149943.626484.bb3.l.png
7757937.71568 -363704.048381 -2.479135 /dados/ufes/20160825/1472149944.128802.bb3.l.png
7757933.49539 -363707.288776 -2.47648 /dados/ufes/20160825/1472149944.640596.bb3.l.png
7757929.22819 -363710.6063 -2.477621 /dados/ufes/20160825/1472149945.148952.bb3.l.png
7757925.38832 -363713.575945 -2.479799 /dados/ufes/20160825/1472149945.588606.bb3.l.png
7757920.96015 -363716.968975 -2.481965 /dados/ufes/20160825/1472149946.096089.bb3.l.png
7757916.59497 -363720.236317 -2.484716 /dados/ufes/20160825/1472149946.598297.bb3.l.png
7757912.09243 -363723.682475 -2.484125 /dados/ufes/20160825/1472149947.101921.bb3.l.png
7757908.18864 -363726.641923 -2.484286 /dados/ufes/20160825/1472149947.539938.bb3.l.png
7757904.11608 -363729.744498 -2.48541 /dados/ufes/20160825/1472149947.998269.bb3.l.png
7757900.08395 -363732.823495 -2.486242 /dados/ufes/20160825/1472149948.449487.bb3.l.png
7757895.69236 -363736.152471 -2.476295 /dados/ufes/20160825/1472149948.940363.bb3.l.png
7757891.1131 -363739.714416 -2.467928 /dados/ufes/20160825/1472149949.438291.bb3.l.png
7757886.85994 -363743.063371 -2.471676 /dados/ufes/20160825/1472149949.924107.bb3.l.png
7757882.46769 -363746.462933 -2.475704 /dados/ufes/20160825/1472149950.424529.bb3.l.png
7757878.10546 -363749.861746 -2.476308 /dados/ufes/20160825/1472149950.912266.bb3.l.png
7757873.70686 -363753.241844 -2.472649 /dados/ufes/20160825/1472149951.409369.bb3.l.png
7757869.51202 -363756.504479 -2.476986 /dados/ufes/20160825/1472149951.889648.bb3.l.png
7757865.101 -363759.945442 -2.473286 /dados/ufes/20160825/1472149952.386284.bb3.l.png
7757860.70709 -363763.367374 -2.469737 /dados/ufes/20160825/1472149952.887341.bb3.l.png
7757856.3357 -363766.774462 -2.468066 /dados/ufes/20160825/1472149953.376702.bb3.l.png
7757851.94506 -363770.285717 -2.47107 /dados/ufes/20160825/1472149953.873640.bb3.l.png
7757847.41368 -363773.793648 -2.475485 /dados/ufes/20160825/1472149954.374889.bb3.l.png
7757843.50057 -363776.778378 -2.478579 /dados/ufes/20160825/1472149954.811414.bb3.l.png
7757839.57475 -363779.806238 -2.477784 /dados/ufes/20160825/1472149955.248667.bb3.l.png
7757835.49719 -363782.836552 -2.48226 /dados/ufes/20160825/1472149955.693918.bb3.l.png
7757831.05116 -363786.190634 -2.48194 /dados/ufes/20160825/1472149956.189852.bb3.l.png
7757827.13785 -363789.165831 -2.485479 /dados/ufes/20160825/1472149956.623800.bb3.l.png
7757822.89112 -363792.512124 -2.479657 /dados/ufes/20160825/1472149957.123592.bb3.l.png
7757818.04907 -363796.287585 -2.479323 /dados/ufes/20160825/1472149957.686398.bb3.l.png
7757813.74008 -363799.644675 -2.483774 /dados/ufes/20160825/1472149958.189825.bb3.l.png
7757809.5604 -363802.836711 -2.483131 /dados/ufes/20160825/1472149958.686213.bb3.l.png
7757805.50949 -363805.940099 -2.490183 /dados/ufes/20160825/1472149959.186244.bb3.l.png
7757801.04489 -363809.338938 -2.489969 /dados/ufes/20160825/1472149959.748944.bb3.l.png
7757796.75297 -363812.599774 -2.484407 /dados/ufes/20160825/1472149960.315383.bb3.l.png
7757792.79205 -363815.620602 -2.482064 /dados/ufes/20160825/1472149960.877423.bb3.l.png
7757788.63007 -363818.884044 -2.474915 /dados/ufes/20160825/1472149961.498750.bb3.l.png
7757784.18868 -363822.350988 -2.476151 /dados/ufes/20160825/1472149962.311326.bb3.l.png
7757779.81774 -363825.793959 -2.481361 /dados/ufes/20160825/1472149963.373742.bb3.l.png
7757775.88751 -363828.752472 -2.476421 /dados/ufes/20160825/1472149964.828526.bb3.l.png
7757771.96411 -363831.813119 -2.476883 /dados/ufes/20160825/1472149966.326074.bb3.l.png
7757767.92061 -363834.927419 -2.471332 /dados/ufes/20160825/1472149967.505499.bb3.l.png
7757763.69967 -363838.21589 -2.474406 /dados/ufes/20160825/1472149968.561373.bb3.l.png
7757759.65248 -363841.315672 -2.474211 /dados/ufes/20160825/1472149969.373934.bb3.l.png
7757755.43377 -363844.539475 -2.475296 /dados/ufes/20160825/1472149970.186454.bb3.l.png
7757751.24216 -363847.771309 -2.480633 /dados/ufes/20160825/1472149970.937614.bb3.l.png
7757747.03641 -363851.029005 -2.483014 /dados/ufes/20160825/1472149971.624506.bb3.l.png
7757742.95913 -363854.13283 -2.482686 /dados/ufes/20160825/1472149972.248862.bb3.l.png
7757738.3489 -363857.633066 -2.480609 /dados/ufes/20160825/1472149972.950956.bb3.l.png
7757734.10276 -363860.816592 -2.479967 /dados/ufes/20160825/1472149973.625248.bb3.l.png
7757730.1126 -363863.933145 -2.469887 /dados/ufes/20160825/1472149974.311428.bb3.l.png
7757725.91047 -363867.12502 -2.474674 /dados/ufes/20160825/1472149975.249069.bb3.l.png
7757721.9148 -363870.24285 -2.467796 /dados/ufes/20160825/1472149976.874064.bb3.l.png
7757717.85175 -363873.307185 -2.476394 /dados/ufes/20160825/1472149978.696604.bb3.l.png
7757713.73596 -363876.491522 -2.475006 /dados/ufes/20160825/1472149979.878355.bb3.l.png
7757709.53428 -363879.736744 -2.477577 /dados/ufes/20160825/1472149980.811532.bb3.l.png
7757705.24861 -363882.936709 -2.480238 /dados/ufes/20160825/1472149981.626337.bb3.l.png
7757701.25086 -363885.99765 -2.48031 /dados/ufes/20160825/1472149982.331103.bb3.l.png
7757696.88229 -363889.343671 -2.484675 /dados/ufes/20160825/1472149983.062722.bb3.l.png
7757692.81113 -363892.424156 -2.489634 /dados/ufes/20160825/1472149983.686752.bb3.l.png
7757688.46725 -363895.762269 -2.488822 /dados/ufes/20160825/1472149984.320132.bb3.l.png
7757684.47103 -363898.778582 -2.493678 /dados/ufes/20160825/1472149984.881250.bb3.l.png
7757680.23605 -363901.897669 -2.492521 /dados/ufes/20160825/1472149985.436648.bb3.l.png
7757675.80218 -363905.240643 -2.490172 /dados/ufes/20160825/1472149986.000117.bb3.l.png
7757671.38221 -363908.598425 -2.488036 /dados/ufes/20160825/1472149986.561768.bb3.l.png
7757667.37003 -363911.628117 -2.480446 /dados/ufes/20160825/1472149987.064370.bb3.l.png
7757663.52382 -363914.609319 -2.479089 /dados/ufes/20160825/1472149987.561801.bb3.l.png
7757659.67865 -363917.587377 -2.473352 /dados/ufes/20160825/1472149988.061867.bb3.l.png
7757654.97165 -363921.241892 -2.475486 /dados/ufes/20160825/1472149988.689679.bb3.l.png
7757650.83849 -363924.486152 -2.47867 /dados/ufes/20160825/1472149989.249375.bb3.l.png
7757646.69 -363927.697651 -2.474774 /dados/ufes/20160825/1472149989.813746.bb3.l.png
7757642.20637 -363931.161789 -2.476787 /dados/ufes/20160825/1472149990.436796.bb3.l.png
7757638.55051 -363934.003557 -2.469573 /dados/ufes/20160825/1472149990.936779.bb3.l.png
7757634.20251 -363937.373064 -2.470066 /dados/ufes/20160825/1472149991.564417.bb3.l.png
7757629.69895 -363940.892853 -2.474385 /dados/ufes/20160825/1472149992.191584.bb3.l.png
7757625.05327 -363944.446085 -2.478499 /dados/ufes/20160825/1472149992.817484.bb3.l.png
7757621.27206 -363947.345969 -2.482488 /dados/ufes/20160825/1472149993.316320.bb3.l.png
7757616.82767 -363950.723916 -2.484549 /dados/ufes/20160825/1472149993.879169.bb3.l.png
7757611.87057 -363954.506587 -2.485983 /dados/ufes/20160825/1472149994.499775.bb3.l.png
7757608.10745 -363957.374113 -2.486479 /dados/ufes/20160825/1472149994.936932.bb3.l.png
7757603.82208 -363960.680334 -2.477371 /dados/ufes/20160825/1472149995.442231.bb3.l.png
7757599.59899 -363963.987981 -2.46785 /dados/ufes/20160825/1472149995.936878.bb3.l.png
7757595.71033 -363967.077969 -2.469098 /dados/ufes/20160825/1472149996.382847.bb3.l.png
7757591.78396 -363970.165401 -2.473512 /dados/ufes/20160825/1472149996.817146.bb3.l.png
7757587.75403 -363973.372348 -2.482854 /dados/ufes/20160825/1472149997.261863.bb3.l.png
7757583.6494 -363976.432803 -2.494023 /dados/ufes/20160825/1472149997.697284.bb3.l.png
7757578.88407 -363979.882901 -2.498833 /dados/ufes/20160825/1472149998.200529.bb3.l.png
7757574.83193 -363982.8278 -2.508048 /dados/ufes/20160825/1472149998.626040.bb3.l.png
7757570.02932 -363986.278625 -2.516588 /dados/ufes/20160825/1472149999.124487.bb3.l.png
7757566.3404 -363988.911153 -2.526022 /dados/ufes/20160825/1472149999.502986.bb3.l.png
7757562.02417 -363991.880749 -2.547429 /dados/ufes/20160825/1472149999.938778.bb3.l.png
7757556.99529 -363995.228107 -2.566079 /dados/ufes/20160825/1472150000.441756.bb3.l.png
7757553.15873 -363997.600901 -2.583826 /dados/ufes/20160825/1472150000.818612.bb3.l.png
7757548.63047 -364000.351856 -2.598754 /dados/ufes/20160825/1472150001.258098.bb3.l.png
7757543.51046 -364003.350998 -2.610971 /dados/ufes/20160825/1472150001.759544.bb3.l.png
7757538.53879 -364006.189304 -2.613392 /dados/ufes/20160825/1472150002.260798.bb3.l.png
7757534.25983 -364008.684844 -2.610996 /dados/ufes/20160825/1472150002.694820.bb3.l.png
7757529.30573 -364011.541589 -2.59941 /dados/ufes/20160825/1472150003.193779.bb3.l.png
7757524.55568 -364014.410297 -2.572831 /dados/ufes/20160825/1472150003.687030.bb3.l.png
7757519.96355 -364017.398794 -2.534491 /dados/ufes/20160825/1472150004.190719.bb3.l.png
7757514.42537 -364021.236382 -2.496351 /dados/ufes/20160825/1472150004.813882.bb3.l.png
7757510.50675 -364024.278315 -2.47166 /dados/ufes/20160825/1472150005.255809.bb3.l.png
7757505.87205 -364027.918305 -2.461543 /dados/ufes/20160825/1472150005.813602.bb3.l.png
7757501.74706 -364031.205311 -2.454465 /dados/ufes/20160825/1472150006.321547.bb3.l.png
7757497.82264 -364034.339748 -2.449773 /dados/ufes/20160825/1472150006.825704.bb3.l.png
7757493.90994 -364037.527371 -2.437216 /dados/ufes/20160825/1472150007.321881.bb3.l.png
7757490.19554 -364040.724169 -2.420229 /dados/ufes/20160825/1472150007.821084.bb3.l.png
7757486.02519 -364044.434391 -2.413466 /dados/ufes/20160825/1472150008.374667.bb3.l.png
7757482.54825 -364047.499787 -2.418407 /dados/ufes/20160825/1472150008.874607.bb3.l.png
7757478.45844 -364051.015211 -2.442648 /dados/ufes/20160825/1472150009.439657.bb3.l.png
7757474.49847 -364054.223855 -2.466835 /dados/ufes/20160825/1472150009.999707.bb3.l.png
7757470.41186 -364057.347107 -2.491653 /dados/ufes/20160825/1472150010.562989.bb3.l.png
7757466.26737 -364060.416114 -2.510054 /dados/ufes/20160825/1472150011.133119.bb3.l.png
7757461.77848 -364063.620525 -2.530181 /dados/ufes/20160825/1472150011.749650.bb3.l.png
7757457.45574 -364066.458386 -2.56376 /dados/ufes/20160825/1472150012.312292.bb3.l.png
7757452.99917 -364069.236 -2.598885 /dados/ufes/20160825/1472150012.884666.bb3.l.png
7757447.74747 -364072.232401 -2.641553 /dados/ufes/20160825/1472150013.562242.bb3.l.png
7757442.92379 -364074.730572 -2.678752 /dados/ufes/20160825/1472150014.191254.bb3.l.png
7757438.1515 -364077.012438 -2.706828 /dados/ufes/20160825/1472150014.874750.bb3.l.png
7757433.60607 -364079.010418 -2.731571 /dados/ufes/20160825/1472150015.564025.bb3.l.png
7757428.31994 -364081.184133 -2.747201 /dados/ufes/20160825/1472150016.381723.bb3.l.png
7757423.91777 -364082.929308 -2.771239 /dados/ufes/20160825/1472150017.001890.bb3.l.png
7757418.79073 -364084.784515 -2.800434 /dados/ufes/20160825/1472150017.692004.bb3.l.png
7757414.43321 -364086.276898 -2.819115 /dados/ufes/20160825/1472150018.257317.bb3.l.png
7757409.47213 -364087.808601 -2.838507 /dados/ufes/20160825/1472150018.881694.bb3.l.png
7757404.33633 -364089.318081 -2.860289 /dados/ufes/20160825/1472150019.501724.bb3.l.png
7757399.58841 -364090.602787 -2.876733 /dados/ufes/20160825/1472150020.062284.bb3.l.png
7757394.41708 -364091.960519 -2.891924 /dados/ufes/20160825/1472150020.687375.bb3.l.png
7757389.09657 -364093.270043 -2.90691 /dados/ufes/20160825/1472150021.312412.bb3.l.png
7757384.17886 -364094.390322 -2.91496 /dados/ufes/20160825/1472150021.880146.bb3.l.png
7757378.5606 -364095.596441 -2.925896 /dados/ufes/20160825/1472150022.570349.bb3.l.png
7757373.88077 -364096.583048 -2.941697 /dados/ufes/20160825/1472150023.187438.bb3.l.png
7757368.57123 -364097.553087 -2.951542 /dados/ufes/20160825/1472150024.003245.bb3.l.png
7757363.3878 -364098.443418 -2.973503 /dados/ufes/20160825/1472150025.064414.bb3.l.png
7757358.33438 -364099.241227 -2.986922 /dados/ufes/20160825/1472150026.510224.bb3.l.png
7757353.27446 -364099.936284 -3.004926 /dados/ufes/20160825/1472150027.887348.bb3.l.png
7757348.28227 -364100.516219 -3.029855 /dados/ufes/20160825/1472150029.216041.bb3.l.png
7757343.18409 -364101.031538 -3.045923 /dados/ufes/20160825/1472150030.694454.bb3.l.png
7757337.94849 -364101.396867 -3.089994 /dados/ufes/20160825/1472150033.198776.bb3.l.png
7757332.81436 -364101.457633 -3.137409 /dados/ufes/20160825/1472150035.063560.bb3.l.png
7757332.60786 -364101.453358 -3.140514 /dados/ufes/20160825/1472150035.127990.bb3.l.png
7757327.23947 -364101.338632 3.11877 /dados/ufes/20160825/1472150036.312765.bb3.l.png
7757322.16021 -364101.097757 3.102322 /dados/ufes/20160825/1472150037.319842.bb3.l.png
7757316.84374 -364100.746452 3.078959 /dados/ufes/20160825/1472150038.383135.bb3.l.png
7757311.77612 -364100.355639 3.063883 /dados/ufes/20160825/1472150039.588440.bb3.l.png
7757306.64827 -364099.891337 3.058741 /dados/ufes/20160825/1472150041.375223.bb3.l.png
7757301.50698 -364099.43081 3.046978 /dados/ufes/20160825/1472150042.753973.bb3.l.png
7757296.26262 -364098.814494 3.023354 /dados/ufes/20160825/1472150043.766012.bb3.l.png
7757291.38401 -364098.178685 3.010508 /dados/ufes/20160825/1472150044.570019.bb3.l.png
7757285.01979 -364097.244612 3.009654 /dados/ufes/20160825/1472150045.500284.bb3.l.png
7757279.9969 -364096.516608 3.008241 /dados/ufes/20160825/1472150046.187922.bb3.l.png
7757275.04033 -364095.767431 3.006468 /dados/ufes/20160825/1472150046.812911.bb3.l.png
7757269.79836 -364095.039789 3.006778 /dados/ufes/20160825/1472150047.440373.bb3.l.png
7757264.83645 -364094.26988 2.999681 /dados/ufes/20160825/1472150048.001983.bb3.l.png
7757259.77433 -364093.536335 3.006283 /dados/ufes/20160825/1472150048.569412.bb3.l.png
7757254.00884 -364092.639261 2.997606 /dados/ufes/20160825/1472150049.187989.bb3.l.png
7757248.71301 -364091.774861 2.994919 /dados/ufes/20160825/1472150049.750501.bb3.l.png
7757243.26121 -364090.926913 2.990547 /dados/ufes/20160825/1472150050.318523.bb3.l.png
7757238.40784 -364090.087525 2.978078 /dados/ufes/20160825/1472150050.822532.bb3.l.png
7757233.54755 -364089.227175 2.965831 /dados/ufes/20160825/1472150051.315896.bb3.l.png
7757228.72221 -364088.249089 2.950129 /dados/ufes/20160825/1472150051.818365.bb3.l.png
7757223.14529 -364087.061178 2.930061 /dados/ufes/20160825/1472150052.382326.bb3.l.png
7757218.27043 -364085.953865 2.917205 /dados/ufes/20160825/1472150052.875609.bb3.l.png
7757213.16059 -364084.722193 2.911163 /dados/ufes/20160825/1472150053.375440.bb3.l.png
7757208.02115 -364083.41239 2.917747 /dados/ufes/20160825/1472150053.878843.bb3.l.png
7757203.51059 -364082.336016 2.919813 /dados/ufes/20160825/1472150054.322121.bb3.l.png
7757198.35352 -364081.120998 2.921478 /dados/ufes/20160825/1472150054.830982.bb3.l.png
7757193.42429 -364079.986206 2.932889 /dados/ufes/20160825/1472150055.316385.bb3.l.png
7757188.29452 -364078.886095 2.957324 /dados/ufes/20160825/1472150055.815446.bb3.l.png
7757183.19355 -364077.972699 2.98554 /dados/ufes/20160825/1472150056.313158.bb3.l.png
7757178.58628 -364077.202124 3.021025 /dados/ufes/20160825/1472150056.756240.bb3.l.png
7757173.36646 -364076.598459 3.047628 /dados/ufes/20160825/1472150057.258266.bb3.l.png
7757168.26298 -364076.13454 3.062347 /dados/ufes/20160825/1472150057.750590.bb3.l.png
7757162.9277 -364075.676071 3.069358 /dados/ufes/20160825/1472150058.255754.bb3.l.png
7757157.7331 -364075.244297 3.069891 /dados/ufes/20160825/1472150058.754327.bb3.l.png
7757152.95165 -364074.864319 3.068042 /dados/ufes/20160825/1472150059.209506.bb3.l.png
7757147.69818 -364074.416728 3.064649 /dados/ufes/20160825/1472150059.712089.bb3.l.png
7757142.5004 -364073.966999 3.058794 /dados/ufes/20160825/1472150060.194423.bb3.l.png
7757135.02861 -364073.260215 3.052157 /dados/ufes/20160825/1472150060.887724.bb3.l.png
7757130.32942 -364072.766222 3.047655 /dados/ufes/20160825/1472150061.326641.bb3.l.png
7757125.34905 -364072.216656 3.033642 /dados/ufes/20160825/1472150061.773047.bb3.l.png
7757119.84964 -364071.541046 3.023902 /dados/ufes/20160825/1472150062.270016.bb3.l.png
7757114.9685 -364070.895086 3.018492 /dados/ufes/20160825/1472150062.705260.bb3.l.png
7757109.52924 -364070.171332 3.016007 /dados/ufes/20160825/1472150063.202188.bb3.l.png
7757104.52659 -364069.479769 3.015007 /dados/ufes/20160825/1472150063.639833.bb3.l.png
7757099.85027 -364068.852787 3.021516 /dados/ufes/20160825/1472150064.063151.bb3.l.png
7757094.8216 -364068.189257 3.038275 /dados/ufes/20160825/1472150064.510811.bb3.l.png
7757089.38602 -364067.623777 3.062171 /dados/ufes/20160825/1472150065.009071.bb3.l.png
7757083.28555 -364067.170365 3.099377 /dados/ufes/20160825/1472150065.565959.bb3.l.png
7757078.38571 -364066.938143 3.116449 /dados/ufes/20160825/1472150066.006749.bb3.l.png
7757072.72995 -364066.751365 3.118582 /dados/ufes/20160825/1472150066.512227.bb3.l.png
7757067.41057 -364066.588916 3.105927 /dados/ufes/20160825/1472150067.000804.bb3.l.png
7757061.79439 -364066.358755 3.094124 /dados/ufes/20160825/1472150067.502008.bb3.l.png
7757056.74628 -364066.030056 3.080734 /dados/ufes/20160825/1472150067.941418.bb3.l.png
7757051.56314 -364065.613692 3.064794 /dados/ufes/20160825/1472150068.383043.bb3.l.png
7757046.84409 -364065.164967 3.048012 /dados/ufes/20160825/1472150068.820526.bb3.l.png
7757040.81808 -364064.521736 3.036718 /dados/ufes/20160825/1472150069.329131.bb3.l.png
7757035.07728 -364063.814747 3.03109 /dados/ufes/20160825/1472150069.820361.bb3.l.png
7757030.07773 -364063.202275 3.029806 /dados/ufes/20160825/1472150070.250825.bb3.l.png
7757024.92548 -364062.568138 3.026969 /dados/ufes/20160825/1472150070.688329.bb3.l.png
7757019.0529 -364061.849236 3.024304 /dados/ufes/20160825/1472150071.194785.bb3.l.png
7757013.79057 -364061.201829 3.020656 /dados/ufes/20160825/1472150071.637867.bb3.l.png
7757008.12761 -364060.471717 3.017318 /dados/ufes/20160825/1472150072.125970.bb3.l.png
7757002.91942 -364059.749941 3.018163 /dados/ufes/20160825/1472150072.574388.bb3.l.png
7756996.63169 -364058.924026 3.017597 /dados/ufes/20160825/1472150073.130006.bb3.l.png
7756991.65522 -364058.261581 3.01769 /dados/ufes/20160825/1472150073.569003.bb3.l.png
7756986.83626 -364057.580728 3.015448 /dados/ufes/20160825/1472150074.000847.bb3.l.png
7756981.30861 -364056.837876 3.013587 /dados/ufes/20160825/1472150074.500905.bb3.l.png
7756976.35134 -364056.139077 3.014599 /dados/ufes/20160825/1472150074.946513.bb3.l.png
7756970.99731 -364055.422582 3.011559 /dados/ufes/20160825/1472150075.440302.bb3.l.png
7756966.30767 -364054.788311 3.010242 /dados/ufes/20160825/1472150075.883958.bb3.l.png
7756960.9729 -364054.055593 3.011462 /dados/ufes/20160825/1472150076.375956.bb3.l.png
7756956.27327 -364053.412342 3.011848 /dados/ufes/20160825/1472150076.813453.bb3.l.png
7756950.16747 -364052.576946 3.014426 /dados/ufes/20160825/1472150077.375915.bb3.l.png
7756944.83625 -364051.877995 3.019647 /dados/ufes/20160825/1472150077.876350.bb3.l.png
7756939.59703 -364051.221502 3.021307 /dados/ufes/20160825/1472150078.375972.bb3.l.png
7756934.98351 -364050.633445 3.018806 /dados/ufes/20160825/1472150078.813521.bb3.l.png
7756929.40268 -364049.863335 3.015678 /dados/ufes/20160825/1472150079.375951.bb3.l.png
7756924.05514 -364049.162865 3.016201 /dados/ufes/20160825/1472150079.939595.bb3.l.png
7756918.34433 -364048.40811 3.01177 /dados/ufes/20160825/1472150080.563563.bb3.l.png
7756913.37831 -364047.759411 3.01591 /dados/ufes/20160825/1472150081.188535.bb3.l.png
7756908.27965 -364047.098441 3.016798 /dados/ufes/20160825/1472150081.938550.bb3.l.png
7756902.22313 -364046.282172 3.018137 /dados/ufes/20160825/1472150083.128909.bb3.l.png
7756897.08167 -364045.633405 3.020818 /dados/ufes/20160825/1472150084.501102.bb3.l.png
7756892.12722 -364044.987293 3.015846 /dados/ufes/20160825/1472150085.711351.bb3.l.png
7756886.77887 -364044.283909 3.018395 /dados/ufes/20160825/1472150086.757049.bb3.l.png
7756881.57852 -364043.596696 3.022008 /dados/ufes/20160825/1472150087.628891.bb3.l.png
7756876.57324 -364042.930241 3.024149 /dados/ufes/20160825/1472150088.377887.bb3.l.png
7756871.69498 -364042.352173 3.025426 /dados/ufes/20160825/1472150089.073684.bb3.l.png
7756866.37363 -364041.687822 3.026674 /dados/ufes/20160825/1472150089.821781.bb3.l.png
7756861.27828 -364041.033441 3.019735 /dados/ufes/20160825/1472150090.517506.bb3.l.png
7756856.01133 -364040.303715 3.006844 /dados/ufes/20160825/1472150091.267730.bb3.l.png
7756850.84619 -364039.555785 3.003729 /dados/ufes/20160825/1472150092.010518.bb3.l.png
7756845.6774 -364038.796477 2.99709 /dados/ufes/20160825/1472150092.818766.bb3.l.png
7756840.71662 -364038.00093 2.986356 /dados/ufes/20160825/1472150093.753451.bb3.l.png
7756835.56446 -364037.104479 2.976806 /dados/ufes/20160825/1472150095.069498.bb3.l.png
7756830.35956 -364036.226854 2.970535 /dados/ufes/20160825/1472150096.563918.bb3.l.png
7756825.26053 -364035.281985 2.958271 /dados/ufes/20160825/1472150097.646502.bb3.l.png
7756820.15459 -364034.230547 2.934755 /dados/ufes/20160825/1472150098.565811.bb3.l.png
7756815.20874 -364033.100369 2.909798 /dados/ufes/20160825/1472150099.385609.bb3.l.png
7756808.63297 -364031.34484 2.877247 /dados/ufes/20160825/1472150100.438873.bb3.l.png
7756803.62006 -364029.893521 2.85284 /dados/ufes/20160825/1472150101.257642.bb3.l.png
7756798.77813 -364028.379064 2.839037 /dados/ufes/20160825/1472150102.065209.bb3.l.png
7756793.53099 -364026.648422 2.828488 /dados/ufes/20160825/1472150103.001420.bb3.l.png
7756788.76795 -364025.001258 2.804906 /dados/ufes/20160825/1472150104.003951.bb3.l.png
7756783.98714 -364023.241526 2.791722 /dados/ufes/20160825/1472150105.259554.bb3.l.png
7756779.12523 -364021.416589 2.790558 /dados/ufes/20160825/1472150106.939161.bb3.l.png
7756774.39197 -364019.621019 2.79307 /dados/ufes/20160825/1472150109.501650.bb3.l.png
7756769.51381 -364017.897303 2.804478 /dados/ufes/20160825/1472150111.002577.bb3.l.png
7756764.79205 -364016.184073 2.799958 /dados/ufes/20160825/1472150112.006464.bb3.l.png
7756759.51946 -364014.246501 2.791681 /dados/ufes/20160825/1472150112.940917.bb3.l.png
7756754.78906 -364012.440608 2.777735 /dados/ufes/20160825/1472150113.699949.bb3.l.png
7756750.02787 -364010.539535 2.759041 /dados/ufes/20160825/1472150114.392367.bb3.l.png
7756744.80584 -364008.266836 2.729305 /dados/ufes/20160825/1472150115.153961.bb3.l.png
7756740.64126 -364006.360483 2.706917 /dados/ufes/20160825/1472150115.719309.bb3.l.png
7756735.70606 -364003.98041 2.689148 /dados/ufes/20160825/1472150116.406875.bb3.l.png
7756731.06288 -364001.624954 2.668797 /dados/ufes/20160825/1472150117.034022.bb3.l.png
7756726.50857 -363999.225959 2.652954 /dados/ufes/20160825/1472150117.655573.bb3.l.png
7756721.82042 -363996.616719 2.626943 /dados/ufes/20160825/1472150118.280734.bb3.l.png
7756717.14609 -363993.830497 2.610441 /dados/ufes/20160825/1472150118.888545.bb3.l.png
7756713.03002 -363991.337786 2.601219 /dados/ufes/20160825/1472150119.439575.bb3.l.png
7756708.25902 -363988.403998 2.591001 /dados/ufes/20160825/1472150120.065249.bb3.l.png
7756703.96027 -363985.737993 2.597636 /dados/ufes/20160825/1472150120.627049.bb3.l.png
7756699.16882 -363982.800025 2.596452 /dados/ufes/20160825/1472150121.251774.bb3.l.png
7756694.4459 -363979.838038 2.589986 /dados/ufes/20160825/1472150121.876866.bb3.l.png
7756689.69445 -363976.898305 2.595094 /dados/ufes/20160825/1472150122.504799.bb3.l.png
7756684.95245 -363973.9509 2.59596 /dados/ufes/20160825/1472150123.126980.bb3.l.png
7756680.67289 -363971.31227 2.594349 /dados/ufes/20160825/1472150123.694476.bb3.l.png
7756675.49191 -363968.136279 2.60066 /dados/ufes/20160825/1472150124.377329.bb3.l.png
7756671.26194 -363965.546801 2.597969 /dados/ufes/20160825/1472150124.939399.bb3.l.png
7756666.37775 -363962.548933 2.599241 /dados/ufes/20160825/1472150125.565707.bb3.l.png
7756661.43836 -363959.517166 2.597031 /dados/ufes/20160825/1472150126.196759.bb3.l.png
7756657.43342 -363957.047822 2.600831 /dados/ufes/20160825/1472150126.699443.bb3.l.png
7756652.37308 -363953.933908 2.594732 /dados/ufes/20160825/1472150127.320409.bb3.l.png
7756647.6746 -363951.038209 2.597457 /dados/ufes/20160825/1472150127.893678.bb3.l.png
7756642.94216 -363948.09335 2.592761 /dados/ufes/20160825/1472150128.461912.bb3.l.png
7756638.17302 -363945.136699 2.595065 /dados/ufes/20160825/1472150129.020551.bb3.l.png
7756633.70045 -363942.361249 2.593925 /dados/ufes/20160825/1472150129.538081.bb3.l.png
7756628.72898 -363939.295779 2.595522 /dados/ufes/20160825/1472150130.108755.bb3.l.png
7756624.46009 -363936.656783 2.595343 /dados/ufes/20160825/1472150130.604476.bb3.l.png
7756619.62016 -363933.646946 2.596801 /dados/ufes/20160825/1472150131.166282.bb3.l.png
7756614.73945 -363930.634927 2.601422 /dados/ufes/20160825/1472150131.727243.bb3.l.png
7756610.35062 -363927.959869 2.599945 /dados/ufes/20160825/1472150132.222863.bb3.l.png
7756605.56616 -363925.022107 2.597536 /dados/ufes/20160825/1472150132.781481.bb3.l.png
7756601.19683 -363922.32418 2.597447 /dados/ufes/20160825/1472150133.286041.bb3.l.png
7756595.74083 -363918.933106 2.598792 /dados/ufes/20160825/1472150133.904980.bb3.l.png
7756591.32273 -363916.205129 2.598617 /dados/ufes/20160825/1472150134.402842.bb3.l.png
7756587.03175 -363913.570593 2.601818 /dados/ufes/20160825/1472150134.889625.bb3.l.png
7756582.35072 -363910.738003 2.604643 /dados/ufes/20160825/1472150135.382538.bb3.l.png
7756578.38924 -363908.323903 2.606832 /dados/ufes/20160825/1472150135.814606.bb3.l.png
7756573.789 -363905.566783 2.612001 /dados/ufes/20160825/1472150136.315914.bb3.l.png
7756568.8049 -363902.589224 2.604309 /dados/ufes/20160825/1472150136.878250.bb3.l.png
7756564.69765 -363900.042609 2.595558 /dados/ufes/20160825/1472150137.377280.bb3.l.png
7756560.17668 -363897.223743 2.582444 /dados/ufes/20160825/1472150137.948572.bb3.l.png
7756556.04568 -363894.558405 2.558146 /dados/ufes/20160825/1472150138.505853.bb3.l.png
7756551.49325 -363891.370214 2.504564 /dados/ufes/20160825/1472150139.197801.bb3.l.png
7756547.39096 -363888.098012 2.438757 /dados/ufes/20160825/1472150139.888934.bb3.l.png
7756543.58734 -363884.480424 2.336878 /dados/ufes/20160825/1472150140.643994.bb3.l.png
7756540.35531 -363880.686392 2.223973 /dados/ufes/20160825/1472150141.457979.bb3.l.png
7756537.4008 -363876.290646 2.116504 /dados/ufes/20160825/1472150142.406153.bb3.l.png
7756534.91205 -363871.738152 2.041452 /dados/ufes/20160825/1472150143.793525.bb3.l.png
7756532.74795 -363867.108298 2.003149 /dados/ufes/20160825/1472150146.651628.bb3.l.png
7756530.65547 -363862.324355 1.968226 /dados/ufes/20160825/1472150148.004468.bb3.l.png
7756528.94506 -363857.754371 1.896705 /dados/ufes/20160825/1472150148.944582.bb3.l.png
7756527.59135 -363852.876682 1.795555 /dados/ufes/20160825/1472150149.752500.bb3.l.png
7756526.75906 -363847.837793 1.677355 /dados/ufes/20160825/1472150150.503966.bb3.l.png
7756526.54909 -363842.337486 1.555098 /dados/ufes/20160825/1472150151.255765.bb3.l.png
7756526.79534 -363837.71112 1.507652 /dados/ufes/20160825/1472150151.834469.bb3.l.png
7756527.31178 -363832.006976 1.475245 /dados/ufes/20160825/1472150152.522326.bb3.l.png
7756527.87856 -363826.774111 1.454944 /dados/ufes/20160825/1472150153.151041.bb3.l.png
7756528.6006 -363821.397845 1.451655 /dados/ufes/20160825/1472150153.779076.bb3.l.png
7756529.24319 -363816.640879 1.445477 /dados/ufes/20160825/1472150154.319218.bb3.l.png
7756530.03302 -363811.086653 1.439621 /dados/ufes/20160825/1472150154.946521.bb3.l.png
7756530.74644 -363805.989684 1.437554 /dados/ufes/20160825/1472150155.521109.bb3.l.png
7756531.55537 -363800.40174 1.424484 /dados/ufes/20160825/1472150156.163742.bb3.l.png
7756532.47366 -363795.004051 1.38681 /dados/ufes/20160825/1472150156.789213.bb3.l.png
7756533.65636 -363789.679592 1.322813 /dados/ufes/20160825/1472150157.401261.bb3.l.png
7756535.24652 -363784.173075 1.253882 /dados/ufes/20160825/1472150158.031366.bb3.l.png
7756537.09055 -363779.040227 1.173836 /dados/ufes/20160825/1472150158.640473.bb3.l.png
7756539.29732 -363774.450751 1.080688 /dados/ufes/20160825/1472150159.201088.bb3.l.png
7756542.24554 -363769.546572 0.986529 /dados/ufes/20160825/1472150159.835449.bb3.l.png
7756546.37731 -363763.920105 0.876686 /dados/ufes/20160825/1472150160.583170.bb3.l.png
7756549.90384 -363760.028538 0.80297 /dados/ufes/20160825/1472150161.141332.bb3.l.png
7756553.32797 -363756.681607 0.738816 /dados/ufes/20160825/1472150161.643865.bb3.l.png
7756557.49935 -363753.093175 0.693509 /dados/ufes/20160825/1472150162.204483.bb3.l.png
7756561.30529 -363750.043477 0.672268 /dados/ufes/20160825/1472150162.694721.bb3.l.png
7756565.43637 -363746.893058 0.665345 /dados/ufes/20160825/1472150163.204451.bb3.l.png
7756570.07073 -363743.307405 0.669284 /dados/ufes/20160825/1472150163.769793.bb3.l.png
7756573.97462 -363740.214033 0.67327 /dados/ufes/20160825/1472150164.219278.bb3.l.png
7756578.73434 -363736.55922 0.674101 /dados/ufes/20160825/1472150164.787784.bb3.l.png
7756582.98927 -363733.250604 0.670599 /dados/ufes/20160825/1472150165.288213.bb3.l.png
7756587.25517 -363729.805389 0.675153 /dados/ufes/20160825/1472150165.789818.bb3.l.png
7756591.07772 -363726.829519 0.682723 /dados/ufes/20160825/1472150166.225303.bb3.l.png
7756595.4655 -363723.3454 0.672313 /dados/ufes/20160825/1472150166.729896.bb3.l.png
7756599.88089 -363719.855342 0.672458 /dados/ufes/20160825/1472150167.227565.bb3.l.png
7756603.69645 -363716.865042 0.667706 /dados/ufes/20160825/1472150167.658311.bb3.l.png
7756608.27116 -363713.326102 0.662859 /dados/ufes/20160825/1472150168.172260.bb3.l.png
7756611.75186 -363710.705133 0.659988 /dados/ufes/20160825/1472150168.563164.bb3.l.png
7756616.25517 -363707.219911 0.661896 /dados/ufes/20160825/1472150169.054055.bb3.l.png
7756620.02135 -363704.310004 0.657231 /dados/ufes/20160825/1472150169.478549.bb3.l.png
7756624.54186 -363700.819226 0.66371 /dados/ufes/20160825/1472150169.971381.bb3.l.png
7756628.51176 -363697.771036 0.66984 /dados/ufes/20160825/1472150170.407770.bb3.l.png
7756632.42255 -363694.71506 0.666899 /dados/ufes/20160825/1472150170.850181.bb3.l.png
7756636.31484 -363691.669716 0.667943 /dados/ufes/20160825/1472150171.285657.bb3.l.png
7756640.24047 -363688.68447 0.666711 /dados/ufes/20160825/1472150171.726577.bb3.l.png
7756644.6921 -363685.203756 0.664977 /dados/ufes/20160825/1472150172.225995.bb3.l.png
7756648.45317 -363682.319845 0.66687 /dados/ufes/20160825/1472150172.654985.bb3.l.png
7756652.86161 -363678.974748 0.652852 /dados/ufes/20160825/1472150173.152059.bb3.l.png
7756657.10807 -363675.873636 0.625732 /dados/ufes/20160825/1472150173.646064.bb3.l.png
7756661.53801 -363672.768962 0.584199 /dados/ufes/20160825/1472150174.142229.bb3.l.png
7756666.2022 -363669.884629 0.534563 /dados/ufes/20160825/1472150174.642788.bb3.l.png
7756671.01314 -363667.234947 0.472121 /dados/ufes/20160825/1472150175.148330.bb3.l.png
7756675.90346 -363664.878392 0.421769 /dados/ufes/20160825/1472150175.646634.bb3.l.png
7756680.38272 -363662.989932 0.386516 /dados/ufes/20160825/1472150176.084560.bb3.l.png
7756686.09998 -363660.853695 0.346122 /dados/ufes/20160825/1472150176.639745.bb3.l.png
7756690.84376 -363659.276977 0.313393 /dados/ufes/20160825/1472150177.077219.bb3.l.png
7756695.42715 -363657.855909 0.278044 /dados/ufes/20160825/1472150177.512130.bb3.l.png
7756700.77274 -363656.499566 0.221513 /dados/ufes/20160825/1472150178.010342.bb3.l.png
7756705.79837 -363655.476887 0.181713 /dados/ufes/20160825/1472150178.455379.bb3.l.png
7756710.82856 -363654.702153 0.131611 /dados/ufes/20160825/1472150178.900986.bb3.l.png
7756715.75982 -363654.166739 0.082372 /dados/ufes/20160825/1472150179.342205.bb3.l.png
7756721.53388 -363653.819384 0.034449 /dados/ufes/20160825/1472150179.842101.bb3.l.png
7756726.50106 -363653.808307 0.00131 /dados/ufes/20160825/1472150180.278608.bb3.l.png
7756731.98252 -363653.911344 -0.035245 /dados/ufes/20160825/1472150180.767431.bb3.l.png
7756737.02148 -363654.192114 -0.065969 /dados/ufes/20160825/1472150181.190589.bb3.l.png
7756742.09098 -363654.652039 -0.092851 /dados/ufes/20160825/1472150181.634261.bb3.l.png
7756747.27507 -363655.167404 -0.101134 /dados/ufes/20160825/1472150182.066951.bb3.l.png
7756753.09057 -363655.873343 -0.108455 /dados/ufes/20160825/1472150182.565656.bb3.l.png
7756758.21383 -363656.490047 -0.116182 /dados/ufes/20160825/1472150183.005742.bb3.l.png
7756763.96156 -363657.23084 -0.115904 /dados/ufes/20160825/1472150183.508774.bb3.l.png
7756769.04262 -363657.905644 -0.116824 /dados/ufes/20160825/1472150183.949731.bb3.l.png
7756774.16938 -363658.574242 -0.1166 /dados/ufes/20160825/1472150184.391780.bb3.l.png
7756779.93605 -363659.275024 -0.117112 /dados/ufes/20160825/1472150184.882729.bb3.l.png
7756785.49758 -363659.972346 -0.122456 /dados/ufes/20160825/1472150185.382564.bb3.l.png
7756790.57287 -363660.666201 -0.121417 /dados/ufes/20160825/1472150185.823740.bb3.l.png
7756796.13311 -363661.386619 -0.125087 /dados/ufes/20160825/1472150186.320989.bb3.l.png
7756801.85858 -363662.136489 -0.123518 /dados/ufes/20160825/1472150186.815738.bb3.l.png
7756806.63336 -363662.782152 -0.124178 /dados/ufes/20160825/1472150187.253258.bb3.l.png
7756812.28141 -363663.491194 -0.118972 /dados/ufes/20160825/1472150187.753435.bb3.l.png
7756817.32313 -363664.163111 -0.117361 /dados/ufes/20160825/1472150188.190638.bb3.l.png
7756822.95508 -363664.91362 -0.116422 /dados/ufes/20160825/1472150188.696040.bb3.l.png
7756827.84273 -363665.538394 -0.12031 /dados/ufes/20160825/1472150189.128129.bb3.l.png
7756833.54659 -363666.308567 -0.119125 /dados/ufes/20160825/1472150189.630763.bb3.l.png
7756839.30368 -363667.000776 -0.119521 /dados/ufes/20160825/1472150190.129881.bb3.l.png
7756844.93681 -363667.736404 -0.11791 /dados/ufes/20160825/1472150190.628259.bb3.l.png
7756849.98441 -363668.377556 -0.120898 /dados/ufes/20160825/1472150191.066108.bb3.l.png
7756855.12125 -363669.052896 -0.121791 /dados/ufes/20160825/1472150191.511966.bb3.l.png
7756860.23125 -363669.745657 -0.118291 /dados/ufes/20160825/1472150191.953309.bb3.l.png
7756865.97961 -363670.44915 -0.116375 /dados/ufes/20160825/1472150192.453871.bb3.l.png
7756870.96307 -363671.129554 -0.115744 /dados/ufes/20160825/1472150192.885398.bb3.l.png
7756875.97312 -363671.745576 -0.117921 /dados/ufes/20160825/1472150193.324256.bb3.l.png
7756881.65157 -363672.463254 -0.125718 /dados/ufes/20160825/1472150193.822300.bb3.l.png
7756887.28157 -363673.21904 -0.12646 /dados/ufes/20160825/1472150194.328777.bb3.l.png
7756892.18562 -363673.91997 -0.125723 /dados/ufes/20160825/1472150194.760797.bb3.l.png
7756897.37259 -363674.570975 -0.122136 /dados/ufes/20160825/1472150195.197681.bb3.l.png
7756903.05256 -363675.338066 -0.122114 /dados/ufes/20160825/1472150195.703217.bb3.l.png
7756907.8428 -363675.941935 -0.120104 /dados/ufes/20160825/1472150196.132788.bb3.l.png
7756913.41159 -363676.627805 -0.113022 /dados/ufes/20160825/1472150196.628411.bb3.l.png
7756918.3563 -363677.238926 -0.117771 /dados/ufes/20160825/1472150197.077722.bb3.l.png
7756923.87119 -363677.959 -0.120504 /dados/ufes/20160825/1472150197.576669.bb3.l.png
7756929.28398 -363678.609754 -0.117389 /dados/ufes/20160825/1472150198.076974.bb3.l.png
7756934.80034 -363679.327848 -0.122279 /dados/ufes/20160825/1472150198.591165.bb3.l.png
7756940.04343 -363680.047314 -0.123778 /dados/ufes/20160825/1472150199.088529.bb3.l.png
7756945.19386 -363680.673288 -0.121347 /dados/ufes/20160825/1472150199.572928.bb3.l.png
7756951.08935 -363681.433751 -0.124893 /dados/ufes/20160825/1472150200.141579.bb3.l.png
7756956.28081 -363682.110821 -0.123898 /dados/ufes/20160825/1472150200.647828.bb3.l.png
7756961.77044 -363682.824267 -0.122745 /dados/ufes/20160825/1472150201.193394.bb3.l.png
7756967.40747 -363683.528772 -0.118178 /dados/ufes/20160825/1472150201.759732.bb3.l.png
7756972.40967 -363684.158486 -0.120685 /dados/ufes/20160825/1472150202.264060.bb3.l.png
7756977.93004 -363684.843883 -0.121239 /dados/ufes/20160825/1472150202.827448.bb3.l.png
7756982.73229 -363685.501835 -0.121873 /dados/ufes/20160825/1472150203.329690.bb3.l.png
7756989.94383 -363686.425035 -0.123566 /dados/ufes/20160825/1472150204.089803.bb3.l.png
7756994.7982 -363687.093115 -0.123241 /dados/ufes/20160825/1472150204.602689.bb3.l.png
7757000.10875 -363687.787792 -0.125811 /dados/ufes/20160825/1472150205.182383.bb3.l.png
7757005.22161 -363688.457176 -0.12473 /dados/ufes/20160825/1472150205.746309.bb3.l.png
7757010.57213 -363689.18797 -0.122654 /dados/ufes/20160825/1472150206.373640.bb3.l.png
7757016.2234 -363689.901417 -0.12315 /dados/ufes/20160825/1472150207.063231.bb3.l.png
7757022.38289 -363690.742498 -0.120084 /dados/ufes/20160825/1472150207.877202.bb3.l.png
7757027.76286 -363691.38704 -0.122161 /dados/ufes/20160825/1472150208.682955.bb3.l.png
7757032.92171 -363692.102223 -0.126168 /dados/ufes/20160825/1472150209.579282.bb3.l.png
7757037.92255 -363692.775948 -0.133276 /dados/ufes/20160825/1472150210.699607.bb3.l.png
7757043.14661 -363693.481118 -0.126509 /dados/ufes/20160825/1472150212.186658.bb3.l.png
7757048.04548 -363694.175785 -0.130387 /dados/ufes/20160825/1472150213.627485.bb3.l.png
7757053.19602 -363694.942775 -0.142537 /dados/ufes/20160825/1472150214.861326.bb3.l.png
7757058.29633 -363695.726983 -0.138713 /dados/ufes/20160825/1472150215.871901.bb3.l.png
7757063.27476 -363696.477376 -0.125032 /dados/ufes/20160825/1472150216.746384.bb3.l.png
7757068.6042 -363697.046519 -0.015581 /dados/ufes/20160825/1472150217.625372.bb3.l.png
7757074.0511 -363696.465818 0.252492 /dados/ufes/20160825/1472150218.505080.bb3.l.png
7757079.0605 -363694.651321 0.433729 /dados/ufes/20160825/1472150219.325305.bb3.l.png
7757083.56712 -363692.423748 0.486096 /dados/ufes/20160825/1472150220.070597.bb3.l.png
7757088.06503 -363690.013756 0.512925 /dados/ufes/20160825/1472150220.832027.bb3.l.png
7757093.32664 -363686.973078 0.536488 /dados/ufes/20160825/1472150221.769331.bb3.l.png
7757097.71488 -363684.379094 0.554361 /dados/ufes/20160825/1472150222.762223.bb3.l.png
7757102.15164 -363681.678039 0.551054 /dados/ufes/20160825/1472150224.208545.bb3.l.png
7757106.60653 -363679.035441 0.540468 /dados/ufes/20160825/1472150225.588915.bb3.l.png
7757110.94287 -363676.483947 0.531222 /dados/ufes/20160825/1472150226.546550.bb3.l.png
7757115.52083 -363673.880895 0.528548 /dados/ufes/20160825/1472150227.405451.bb3.l.png
7757119.92665 -363671.377962 0.525367 /dados/ufes/20160825/1472150228.144250.bb3.l.png
7757124.57482 -363668.767316 0.523035 /dados/ufes/20160825/1472150228.882180.bb3.l.png
7757129.19408 -363666.26139 0.517869 /dados/ufes/20160825/1472150229.583212.bb3.l.png
7757133.85157 -363663.674773 0.51296 /dados/ufes/20160825/1472150230.266704.bb3.l.png
7757138.01861 -363661.38867 0.513427 /dados/ufes/20160825/1472150230.877902.bb3.l.png
7757142.73929 -363658.745172 0.516673 /dados/ufes/20160825/1472150231.559797.bb3.l.png
7757147.42625 -363656.179446 0.512447 /dados/ufes/20160825/1472150232.258015.bb3.l.png
7757151.73732 -363653.759144 0.527547 /dados/ufes/20160825/1472150232.905364.bb3.l.png
7757156.19906 -363651.047131 0.581594 /dados/ufes/20160825/1472150233.604168.bb3.l.png
7757160.45967 -363647.856577 0.708676 /dados/ufes/20160825/1472150234.349200.bb3.l.png
7757164.31446 -363643.968216 0.905396 /dados/ufes/20160825/1472150235.104579.bb3.l.png
7757167.26894 -363639.576825 1.082822 /dados/ufes/20160825/1472150235.836686.bb3.l.png
7757169.2792 -363635.027436 1.217907 /dados/ufes/20160825/1472150236.560474.bb3.l.png
7757171.02786 -363629.945455 1.262355 /dados/ufes/20160825/1472150237.310346.bb3.l.png
7757172.76286 -363624.626833 1.236334 /dados/ufes/20160825/1472150238.053506.bb3.l.png
7757174.62476 -363619.795141 1.15802 /dados/ufes/20160825/1472150238.724118.bb3.l.png
7757177.16219 -363614.882703 1.032049 /dados/ufes/20160825/1472150239.457542.bb3.l.png
7757180.50732 -363610.158581 0.889192 /dados/ufes/20160825/1472150240.196330.bb3.l.png
7757183.66786 -363606.70579 0.778394 /dados/ufes/20160825/1472150240.773737.bb3.l.png
7757187.98291 -363603.012078 0.652848 /dados/ufes/20160825/1472150241.455816.bb3.l.png
7757192.23998 -363599.980996 0.600158 /dados/ufes/20160825/1472150242.074264.bb3.l.png
7757196.68701 -363597.027752 0.584491 /dados/ufes/20160825/1472150242.698042.bb3.l.png
7757201.28041 -363594.03215 0.579707 /dados/ufes/20160825/1472150243.319975.bb3.l.png
7757205.6261 -363591.25843 0.57716 /dados/ufes/20160825/1472150243.890745.bb3.l.png
7757209.8855 -363588.555742 0.578351 /dados/ufes/20160825/1472150244.444840.bb3.l.png
7757214.73584 -363585.452727 0.590873 /dados/ufes/20160825/1472150245.075842.bb3.l.png
7757219.43645 -363582.351505 0.590486 /dados/ufes/20160825/1472150245.706651.bb3.l.png
7757223.90226 -363579.399045 0.597601 /dados/ufes/20160825/1472150246.282559.bb3.l.png
7757228.65805 -363576.148126 0.622866 /dados/ufes/20160825/1472150246.912303.bb3.l.png
7757233.20674 -363572.875567 0.645095 /dados/ufes/20160825/1472150247.535823.bb3.l.png
7757237.60625 -363569.532875 0.667792 /dados/ufes/20160825/1472150248.100967.bb3.l.png
7757241.13135 -363566.793161 0.686648 /dados/ufes/20160825/1472150248.603107.bb3.l.png
7757245.69376 -363562.970855 0.70841 /dados/ufes/20160825/1472150249.233117.bb3.l.png
7757249.67782 -363559.555509 0.717653 /dados/ufes/20160825/1472150249.790399.bb3.l.png
7757253.34151 -363556.352496 0.722731 /dados/ufes/20160825/1472150250.294210.bb3.l.png
7757257.89038 -363552.390014 0.734587 /dados/ufes/20160825/1472150250.933014.bb3.l.png
7757261.87968 -363548.76267 0.744647 /dados/ufes/20160825/1472150251.497182.bb3.l.png
7757265.83496 -363545.195953 0.750997 /dados/ufes/20160825/1472150252.061011.bb3.l.png
7757269.76413 -363541.529151 0.760707 /dados/ufes/20160825/1472150252.626582.bb3.l.png
7757273.51327 -363538.057782 0.772744 /dados/ufes/20160825/1472150253.184844.bb3.l.png
7757277.55886 -363534.091635 0.778016 /dados/ufes/20160825/1472150253.798790.bb3.l.png
7757281.25382 -363530.463421 0.785143 /dados/ufes/20160825/1472150254.358601.bb3.l.png
7757285.26884 -363526.526369 0.786795 /dados/ufes/20160825/1472150254.982049.bb3.l.png
7757288.8572 -363522.980962 0.798743 /dados/ufes/20160825/1472150255.541250.bb3.l.png
7757292.5576 -363519.219413 0.807092 /dados/ufes/20160825/1472150256.088600.bb3.l.png
7757296.49234 -363515.17586 0.804469 /dados/ufes/20160825/1472150256.707428.bb3.l.png
7757300.30674 -363511.328606 0.798798 /dados/ufes/20160825/1472150257.326806.bb3.l.png
7757303.71785 -363507.924731 0.793513 /dados/ufes/20160825/1472150257.889948.bb3.l.png
7757307.45055 -363504.166436 0.774431 /dados/ufes/20160825/1472150258.510874.bb3.l.png
7757311.35174 -363500.612882 0.708364 /dados/ufes/20160825/1472150259.135493.bb3.l.png
7757315.96087 -363497.175134 0.568053 /dados/ufes/20160825/1472150259.820978.bb3.l.png
7757320.42693 -363494.809684 0.387655 /dados/ufes/20160825/1472150260.448080.bb3.l.png
7757325.3439 -363493.359217 0.198593 /dados/ufes/20160825/1472150261.067081.bb3.l.png
7757330.8703 -363492.738979 -0.003623 /dados/ufes/20160825/1472150261.755748.bb3.l.png
7757335.91509 -363493.12737 -0.13501 /dados/ufes/20160825/1472150262.379656.bb3.l.png
7757341.5496 -363494.204055 -0.225806 /dados/ufes/20160825/1472150263.067074.bb3.l.png
7757345.98207 -363495.384085 -0.277894 /dados/ufes/20160825/1472150263.633332.bb3.l.png
7757351.07081 -363496.963232 -0.308966 /dados/ufes/20160825/1472150264.256321.bb3.l.png
7757356.08025 -363498.649245 -0.337011 /dados/ufes/20160825/1472150264.879656.bb3.l.png
7757361.24066 -363500.614712 -0.387298 /dados/ufes/20160825/1472150265.507645.bb3.l.png
7757365.77218 -363502.603363 -0.433737 /dados/ufes/20160825/1472150266.069232.bb3.l.png
7757370.72571 -363505.030903 -0.483101 /dados/ufes/20160825/1472150266.692220.bb3.l.png
7757375.50549 -363507.701638 -0.538356 /dados/ufes/20160825/1472150267.317322.bb3.l.png
7757379.70764 -363510.381444 -0.58942 /dados/ufes/20160825/1472150267.879782.bb3.l.png
7757384.25555 -363513.636015 -0.644859 /dados/ufes/20160825/1472150268.511634.bb3.l.png
7757388.1929 -363516.823013 -0.706904 /dados/ufes/20160825/1472150269.067275.bb3.l.png
7757392.09598 -363520.406794 -0.775803 /dados/ufes/20160825/1472150269.629868.bb3.l.png
7757395.91308 -363524.372863 -0.8299 /dados/ufes/20160825/1472150270.201479.bb3.l.png
7757399.12997 -363528.11583 -0.871417 /dados/ufes/20160825/1472150270.696086.bb3.l.png
7757402.20035 -363531.966237 -0.897015 /dados/ufes/20160825/1472150271.193513.bb3.l.png
7757405.81918 -363536.656799 -0.913513 /dados/ufes/20160825/1472150271.762601.bb3.l.png
7757408.94874 -363540.719779 -0.913518 /dados/ufes/20160825/1472150272.268165.bb3.l.png
7757412.06126 -363544.801595 -0.91468 /dados/ufes/20160825/1472150272.768954.bb3.l.png
7757415.61851 -363549.519275 -0.914624 /dados/ufes/20160825/1472150273.332401.bb3.l.png
7757418.8237 -363553.792301 -0.912635 /dados/ufes/20160825/1472150273.828125.bb3.l.png
7757421.82619 -363557.661091 -0.911204 /dados/ufes/20160825/1472150274.273350.bb3.l.png
7757425.52773 -363562.386911 -0.911331 /dados/ufes/20160825/1472150274.825791.bb3.l.png
7757428.91886 -363566.768565 -0.910297 /dados/ufes/20160825/1472150275.322317.bb3.l.png
7757432.23292 -363571.028407 -0.911202 /dados/ufes/20160825/1472150275.817508.bb3.l.png
7757435.61791 -363575.499371 -0.914336 /dados/ufes/20160825/1472150276.319156.bb3.l.png
7757438.84536 -363579.768872 -0.91331 /dados/ufes/20160825/1472150276.818127.bb3.l.png
7757442.1837 -363584.150853 -0.910231 /dados/ufes/20160825/1472150277.322125.bb3.l.png
7757445.51044 -363588.547341 -0.911571 /dados/ufes/20160825/1472150277.831246.bb3.l.png
7757448.63365 -363592.716317 -0.912689 /dados/ufes/20160825/1472150278.326112.bb3.l.png
7757451.88945 -363596.910283 -0.908218 /dados/ufes/20160825/1472150278.821636.bb3.l.png
7757455.10495 -363601.073196 -0.914492 /dados/ufes/20160825/1472150279.317439.bb3.l.png
7757458.17587 -363605.083682 -0.919019 /dados/ufes/20160825/1472150279.817942.bb3.l.png
7757461.18819 -363609.13275 -0.917807 /dados/ufes/20160825/1472150280.318064.bb3.l.png
7757464.36699 -363613.264191 -0.919558 /dados/ufes/20160825/1472150280.824824.bb3.l.png
7757467.2405 -363617.203381 -0.91426 /dados/ufes/20160825/1472150281.285038.bb3.l.png
7757470.3376 -363621.2511 -0.906549 /dados/ufes/20160825/1472150281.789555.bb3.l.png
7757473.42716 -363625.181161 -0.889077 /dados/ufes/20160825/1472150282.277992.bb3.l.png
7757477.14827 -363629.744886 -0.863779 /dados/ufes/20160825/1472150282.843789.bb3.l.png
7757480.30679 -363633.407508 -0.822633 /dados/ufes/20160825/1472150283.328192.bb3.l.png
7757484.01479 -363637.244568 -0.769284 /dados/ufes/20160825/1472150283.894120.bb3.l.png
7757488.21618 -363641.149897 -0.700407 /dados/ufes/20160825/1472150284.453234.bb3.l.png
7757492.40519 -363644.575072 -0.622109 /dados/ufes/20160825/1472150285.006858.bb3.l.png
7757496.84089 -363647.549942 -0.544703 /dados/ufes/20160825/1472150285.567570.bb3.l.png
7757501.82815 -363650.367634 -0.473108 /dados/ufes/20160825/1472150286.137845.bb3.l.png
7757506.78031 -363652.751016 -0.397624 /dados/ufes/20160825/1472150286.702516.bb3.l.png
7757511.74705 -363654.715189 -0.325367 /dados/ufes/20160825/1472150287.255206.bb3.l.png
7757516.91262 -363656.367955 -0.26684 /dados/ufes/20160825/1472150287.817679.bb3.l.png
7757521.58258 -363657.591942 -0.217768 /dados/ufes/20160825/1472150288.317693.bb3.l.png
7757527.1013 -363658.72104 -0.150611 /dados/ufes/20160825/1472150288.885508.bb3.l.png
7757532.01562 -363659.369994 -0.09163 /dados/ufes/20160825/1472150289.380167.bb3.l.png
7757537.11798 -363659.776448 -0.045679 /dados/ufes/20160825/1472150289.880179.bb3.l.png
7757542.23571 -363659.98365 -0.019152 /dados/ufes/20160825/1472150290.380252.bb3.l.png
7757547.39418 -363660.045071 0.005925 /dados/ufes/20160825/1472150290.883481.bb3.l.png
7757553.17126 -363659.992791 0.03477 /dados/ufes/20160825/1472150291.449870.bb3.l.png
7757557.81462 -363659.821155 0.062035 /dados/ufes/20160825/1472150291.896414.bb3.l.png
7757562.92215 -363659.48933 0.089791 /dados/ufes/20160825/1472150292.400210.bb3.l.png
7757568.07272 -363659.016195 0.120585 /dados/ufes/20160825/1472150292.899384.bb3.l.png
7757573.51618 -363658.309481 0.156627 /dados/ufes/20160825/1472150293.446510.bb3.l.png
7757578.4741 -363657.493446 0.187632 /dados/ufes/20160825/1472150293.942786.bb3.l.png
7757583.94682 -363656.409336 0.215971 /dados/ufes/20160825/1472150294.513275.bb3.l.png
7757589.28259 -363655.189652 0.245476 /dados/ufes/20160825/1472150295.067717.bb3.l.png
7757594.03768 -363653.992636 0.265789 /dados/ufes/20160825/1472150295.567842.bb3.l.png
7757599.35163 -363652.516728 0.295009 /dados/ufes/20160825/1472150296.133979.bb3.l.png
7757604.08341 -363651.056488 0.32166 /dados/ufes/20160825/1472150296.637678.bb3.l.png
7757608.85958 -363649.460636 0.351544 /dados/ufes/20160825/1472150297.143230.bb3.l.png
7757613.98006 -363647.448638 0.40815 /dados/ufes/20160825/1472150297.706058.bb3.l.png
7757618.36076 -363645.429886 0.47616 /dados/ufes/20160825/1472150298.201358.bb3.l.png
7757622.63584 -363643.105435 0.55286 /dados/ufes/20160825/1472150298.692772.bb3.l.png
7757627.3209 -363640.072416 0.63513 /dados/ufes/20160825/1472150299.266493.bb3.l.png
7757631.07598 -363637.256231 0.661033 /dados/ufes/20160825/1472150299.766865.bb3.l.png
7757634.97402 -363634.263809 0.664263 /dados/ufes/20160825/1472150300.276856.bb3.l.png
7757639.20247 -363631.002315 0.662797 /dados/ufes/20160825/1472150300.835535.bb3.l.png
7757643.30777 -363627.749878 0.660454 /dados/ufes/20160825/1472150301.391089.bb3.l.png
7757647.55145 -363624.533074 0.652833 /dados/ufes/20160825/1472150301.945159.bb3.l.png
7757651.81862 -363621.342576 0.648654 /dados/ufes/20160825/1472150302.515337.bb3.l.png
7757656.15449 -363618.029269 0.654703 /dados/ufes/20160825/1472150303.076485.bb3.l.png
7757660.06389 -363615.061632 0.662935 /dados/ufes/20160825/1472150303.587599.bb3.l.png
7757664.18251 -363611.938412 0.666302 /dados/ufes/20160825/1472150304.130588.bb3.l.png
7757668.61418 -363608.508522 0.670035 /dados/ufes/20160825/1472150304.697966.bb3.l.png
7757672.91092 -363605.1344 0.672886 /dados/ufes/20160825/1472150305.255408.bb3.l.png
7757676.89357 -363602.051139 0.663452 /dados/ufes/20160825/1472150305.759518.bb3.l.png
7757681.22164 -363598.690872 0.658951 /dados/ufes/20160825/1472150306.319057.bb3.l.png
7757685.60087 -363595.36402 0.662772 /dados/ufes/20160825/1472150306.890237.bb3.l.png
7757689.88971 -363592.099307 0.659804 /dados/ufes/20160825/1472150307.447094.bb3.l.png
7757694.61121 -363588.493719 0.660072 /dados/ufes/20160825/1472150308.068110.bb3.l.png
7757698.46648 -363585.541852 0.655778 /dados/ufes/20160825/1472150308.568094.bb3.l.png
7757702.78557 -363582.254817 0.655272 /dados/ufes/20160825/1472150309.132547.bb3.l.png
7757707.11899 -363579.019461 0.659866 /dados/ufes/20160825/1472150309.705452.bb3.l.png
7757711.75949 -363575.479757 0.65403 /dados/ufes/20160825/1472150310.325839.bb3.l.png
7757715.63347 -363572.58233 0.651315 /dados/ufes/20160825/1472150310.822686.bb3.l.png
7757720.04691 -363569.259455 0.651248 /dados/ufes/20160825/1472150311.389541.bb3.l.png
7757724.12328 -363566.17059 0.655435 /dados/ufes/20160825/1472150311.901117.bb3.l.png
7757728.12963 -363563.129413 0.65598 /dados/ufes/20160825/1472150312.402454.bb3.l.png
