7757903.299000 -363594.918000 2.444778 2.777778 0.000000 1605034759.588318
7757902.914120 -363594.595769 2.444778 2.777778 0.000000 1605034759.769024
7757902.529433 -363594.273840 2.444778 2.777778 -0.000000 1605034759.949607
7757902.147346 -363593.954088 2.444778 2.777778 -0.000000 1605034760.128970
7757901.762697 -363593.632191 2.444778 2.777778 0.000000 1605034760.309535
7757901.382256 -363593.313816 2.444778 2.777778 0.000000 1605034760.488125
7757900.994382 -363592.989220 2.444778 2.777778 -0.000000 1605034760.670204
7757900.614321 -363592.671163 2.444778 2.777778 0.000000 1605034760.848615
7757900.234488 -363592.353297 2.444778 2.777778 0.000000 1605034761.026920
7757899.851387 -363592.032696 2.444778 2.777778 -0.000000 1605034761.206758
7757899.468141 -363591.711974 2.444778 2.777778 -0.000000 1605034761.386665
7757899.078757 -363591.386114 2.444778 2.777778 0.000000 1605034761.569453
7757898.703092 -363591.071737 2.444778 2.777778 -0.000000 1605034761.745800
7757898.316240 -363590.747996 2.444778 2.777778 0.000000 1605034761.927400
7757897.928393 -363590.423423 2.444778 2.777778 -0.000000 1605034762.109466
7757897.550637 -363590.107295 2.444778 2.777778 0.000000 1605034762.286795
7757897.164772 -363589.784381 2.444778 2.777778 -0.000000 1605034762.467931
7757896.781470 -363589.463612 2.444778 2.777778 0.000000 1605034762.647864
7757896.401741 -363589.145832 2.444778 2.777778 -0.000000 1605034762.826120
7757896.016007 -363588.823027 2.444778 2.777778 0.000000 1605034763.007194
7757895.635334 -363588.504458 2.444778 2.777778 0.000000 1605034763.185892
7757895.249762 -363588.181789 2.444778 2.777778 -0.000000 1605034763.366891
7757894.870570 -363587.864459 2.444778 2.777778 0.000000 1605034763.544894
7757894.487468 -363587.543857 2.444778 2.777778 0.000000 1605034763.724734
7757894.100811 -363587.220280 2.444778 2.777778 0.000000 1605034763.906241
7757893.722134 -363586.903382 2.444778 2.777778 0.000000 1605034764.084003
7757893.340765 -363586.584230 2.444778 2.777778 -0.000000 1605034764.263028
7757892.957028 -363586.263096 2.444778 2.777778 -0.000000 1605034764.443165
7757892.571249 -363585.940255 2.444778 2.777778 0.000000 1605034764.624261
7757892.183755 -363585.615977 2.444778 2.777778 0.000000 1605034764.806161
7757891.806326 -363585.300123 2.444778 2.777778 0.000000 1605034764.983337
7757891.416405 -363584.973814 2.444778 2.777778 -0.000000 1605034765.166377
7757891.037235 -363584.656502 2.444778 2.777778 0.000000 1605034765.344371
7757890.657658 -363584.338850 2.444778 2.777778 -0.000000 1605034765.522555
7757890.277972 -363584.021107 2.444778 2.777778 -0.000000 1605034765.700790
7757889.886983 -363583.693905 2.444778 2.777778 -0.000000 1605034765.884332
7757889.507994 -363583.376745 2.444778 2.777778 0.000000 1605034766.062240
7757889.118355 -363583.050672 2.444778 2.777778 -0.000000 1605034766.245147
7757888.741291 -363582.735123 2.444778 2.777778 -0.000000 1605034766.422152
7757888.354268 -363582.411240 2.444778 2.777778 0.000000 1605034766.603832
7757887.969056 -363582.088872 2.444778 2.777778 -0.000000 1605034766.784661
7757887.597215 -363581.777694 2.444778 2.777778 0.000000 1605034766.959213
7757887.205370 -363581.449776 2.444778 2.777778 -0.000000 1605034767.143157
7757886.827548 -363581.133592 2.444778 2.777778 0.000000 1605034767.320517
7757886.441870 -363580.810835 2.444778 2.777778 -0.000000 1605034767.501565
7757886.059849 -363580.491137 2.444778 2.777778 -0.000000 1605034767.680897
7757885.681839 -363580.174797 2.444778 2.777778 0.000000 1605034767.858345
7757885.297590 -363579.853234 2.444778 2.777778 -0.000000 1605034768.038723
7757884.907887 -363579.527109 2.444778 2.777778 0.000000 1605034768.221660
7757884.523895 -363579.205761 2.444778 2.777778 -0.000000 1605034768.401917
7757884.146031 -363578.889543 2.444778 2.777778 -0.000000 1605034768.579297
7757883.764776 -363578.570487 2.444778 2.777778 0.000000 1605034768.758269
7757883.381148 -363578.249445 2.444778 2.777778 -0.000000 1605034768.938354
7757882.996255 -363577.927344 2.444778 2.777778 0.000000 1605034769.119034
7757882.611299 -363577.605191 2.444778 2.777778 -0.000000 1605034769.299743
7757882.227580 -363577.284072 2.444778 2.777778 -0.000000 1605034769.479872
7757881.846503 -363576.965165 2.444778 2.777778 0.000000 1605034769.658760
7757881.469582 -363576.649735 2.444778 2.777778 -0.000000 1605034769.835698
7757881.082298 -363576.325634 2.444778 2.777778 -0.000000 1605034770.017500
7757880.696312 -363576.002618 2.444778 2.777778 0.000000 1605034770.198693
7757880.314882 -363575.683415 2.444778 2.777778 0.000000 1605034770.377747
7757879.934802 -363575.365342 2.444778 2.777778 -0.000000 1605034770.556167
7757879.549009 -363575.042489 2.444778 2.777778 0.000000 1605034770.737269
7757879.167257 -363574.723017 2.444778 2.777778 -0.000000 1605034770.916474
7757878.786119 -363574.404058 2.444778 2.777778 0.000000 1605034771.095391
7757878.402107 -363574.082695 2.444778 2.777778 -0.000000 1605034771.275657
7757878.021172 -363573.763906 2.444778 2.777778 0.000000 1605034771.454479
7757877.639077 -363573.444147 2.444778 2.777778 0.000000 1605034771.633845
7757877.250392 -363573.118872 2.444778 2.777778 0.000000 1605034771.816305
7757876.867997 -363572.798862 2.444778 2.777778 -0.000000 1605034771.995812
7757876.485919 -363572.479117 2.444778 2.777778 0.000000 1605034772.175170
7757876.107678 -363572.162583 2.444778 2.777778 0.000000 1605034772.352727
7757875.340922 -363571.520917 2.444778 2.777778 -0.000000 1605034772.712664
7757874.957520 -363571.200065 2.444778 2.777778 0.000000 1605034772.892644
7757874.567990 -363570.874083 2.444778 2.777778 -0.000000 1605034773.075501
7757874.187080 -363570.555315 2.444778 2.777778 -0.000000 1605034773.254310
7757874.614698 -363570.840063 2.504855 -2.777778 -0.019695 1605034759.664406
7757875.021963 -363571.140037 2.508650 -2.777778 -0.020356 1605034759.846215
7757875.426293 -363571.435471 2.512534 -2.777778 -0.021901 1605034760.029915
7757875.833130 -363571.730233 2.516726 -2.777778 -0.024297 1605034760.212011
7757876.250575 -363572.029851 2.521483 -2.777778 -0.027668 1605034760.392479
7757876.659459 -363572.320233 2.526771 -2.777778 -0.032330 1605034760.576782
7757877.074192 -363572.611204 2.533013 -2.777778 -0.038937 1605034760.755056
7757877.488734 -363572.897840 2.540492 -2.777778 -0.048648 1605034760.941064
7757877.907652 -363573.182348 2.549884 -2.777778 -0.063687 1605034761.118571
7757878.323651 -363573.458446 2.562014 -2.777778 -0.089623 1605034761.304103
7757878.756936 -363573.736985 2.579648 -2.777778 -0.134939 1605034761.486491
7757879.181536 -363573.997145 2.605402 -2.777778 -0.105549 1605034761.664068
7757879.615983 -363574.249731 2.625684 -2.777778 -0.141854 1605034761.849604
7757880.065667 -363574.496892 2.653601 -2.777778 -0.178591 1605034762.031803
7757880.513740 -363574.725234 2.688185 -2.777778 -0.215304 1605034762.213485
7757880.969731 -363574.936072 2.730038 -2.777778 -0.251856 1605034762.392478
7757881.434416 -363575.125764 2.779239 -2.777778 0.024658 1605034762.574444
7757881.905556 -363575.305544 2.774501 -2.777778 -0.107763 1605034762.755062
7757882.382234 -363575.484558 2.795486 -2.777778 -0.268840 1605034762.936451
7757882.864478 -363575.645557 2.848846 -2.777778 -0.428445 1605034763.119326
7757883.352219 -363575.771120 2.936479 -2.777778 -0.577278 1605034763.302980
7757883.845386 -363575.843825 3.060160 -2.777778 -0.650554 1605034763.482783
7757884.353896 -363575.846300 -3.075589 -2.777778 -0.502915 1605034763.665338
7757884.853674 -363575.786248 -2.970102 -2.777778 -0.465585 1605034763.846552
7757885.348472 -363575.675235 -2.873044 -2.777778 -0.435814 1605034764.029618
7757885.823605 -363575.521286 -2.784441 -2.777778 -0.414999 1605034764.209077
7757886.293429 -363575.322494 -2.698816 -2.777778 -0.404093 1605034764.390389
7757886.743007 -363575.085999 -2.616062 -2.777778 -0.407265 1605034764.573417
7757887.168135 -363574.815556 -2.533259 -2.777778 -0.343617 1605034764.756723
7757887.569171 -363574.514079 -2.464871 -2.777778 -0.250839 1605034764.938262
7757887.954913 -363574.187435 -2.415531 -2.777778 -0.192328 1605034765.118950
7757888.320309 -363573.850250 -2.378646 -2.777778 -0.153296 1605034765.299805
7757888.679680 -363573.495923 -2.348941 -2.777778 -0.125756 1605034765.480850
7757889.030390 -363573.131027 -2.324566 -2.777778 -0.105627 1605034765.665577
7757889.379072 -363572.751506 -2.303750 -2.777778 -0.090789 1605034765.846490
7757889.705880 -363572.382035 -2.286643 -2.777778 -0.079557 1605034766.025758
7757890.035348 -363571.997162 -2.271256 -2.777778 -0.070652 1605034766.211190
7757890.364741 -363571.600799 -2.257362 -2.777778 -0.063786 1605034766.390933
7757890.674965 -363571.217544 -2.245364 -2.777778 -0.058443 1605034766.573235
7757890.995307 -363570.812144 -2.233847 -2.777778 -0.054369 1605034766.754672
7757891.298091 -363570.420286 -2.223580 -2.777778 -0.051515 1605034766.937056
7757891.606985 -363570.012026 -2.213524 -2.777778 -0.049949 1605034767.117598
7757891.905533 -363569.609318 -2.203978 -2.777778 -0.050226 1605034767.302580
7757892.202865 -363569.200113 -2.194291 -2.777778 -0.054445 1605034767.483443
7757892.498659 -363568.784314 -2.183697 -2.777778 -0.097191 1605034767.663717
7757892.786000 -363568.369000 -2.164939 -2.777778 0.000000 1605034767.845811
