7471791.821375 -681529.055621 0.000000 1.610944 2.735000 0.001876 1630070526.717031
7471791.814831 -681528.929481 0.000000 1.610937 2.735000 0.001876 1630070526.766403
7471791.808123 -681528.799895 0.000000 1.610935 2.755000 0.001876 1630070526.816378
7471791.801363 -681528.669569 0.000000 1.610932 2.775000 0.001876 1630070526.866321
7471791.794504 -681528.537363 0.000000 1.610929 2.785000 0.001876 1630070526.917005
7471791.787742 -681528.408178 0.000000 1.610922 2.803000 0.001876 1630070526.966199
7471791.780882 -681528.277075 0.000000 1.610919 2.813000 0.001876 1630070527.016112
7471791.773943 -681528.144584 0.000000 1.610915 2.833000 0.001876 1630070527.066046
7471791.766970 -681528.011783 0.000000 1.610909 2.851000 0.001876 1630070527.115869
7471791.759968 -681527.878813 0.000000 1.610904 2.861000 0.001876 1630070527.165774
7471791.752855 -681527.743596 0.000000 1.610899 2.891000 0.001876 1630070527.215652
7471791.745747 -681527.609009 0.000000 1.610894 2.901000 0.001876 1630070527.265543
7471791.738573 -681527.473268 0.000000 1.610888 2.919000 0.001876 1630070527.315442
7471791.731376 -681527.337435 0.000000 1.610882 2.929000 0.001876 1630070527.365391
7471791.724146 -681527.201251 0.000000 1.610875 2.939000 0.001876 1630070527.415345
7471791.716805 -681527.062790 0.000000 1.610869 2.967000 0.001876 1630070527.465345
7471791.709525 -681526.926293 0.000000 1.610861 2.959000 0.001876 1630070527.515342
7471791.702248 -681526.790247 0.000000 1.610853 2.959000 0.001876 1630070527.565240
7471791.694834 -681526.651206 0.000000 1.610847 2.987000 0.001876 1630070527.615257
7471791.687345 -681526.510671 0.000000 1.610840 3.017000 0.001876 1630070527.665288
7471791.680032 -681526.375042 0.000000 1.610829 2.987000 0.001876 1630070527.715233
7471791.672562 -681526.235796 0.000000 1.610821 3.007000 0.001876 1630070527.765265
7471791.664978 -681526.094058 0.000000 1.610814 3.045000 0.001876 1630070527.815243
7471791.657532 -681525.956124 0.000000 1.610803 3.025000 0.001876 1630070527.865299
7471791.649982 -681525.815956 0.000000 1.610794 3.055000 0.001876 1630070527.915315
7471791.642368 -681525.674452 0.000000 1.610785 3.055000 0.001876 1630070527.965354
7471791.634804 -681525.534545 0.000000 1.610774 3.055000 0.001876 1630070528.015373
7471791.627352 -681525.397752 0.000000 1.610762 3.025000 0.001876 1630070528.065400
7471791.619560 -681525.252693 0.000000 1.610754 3.093000 0.001876 1630070528.115460
7471791.612052 -681525.115066 0.000000 1.610742 3.055000 0.001876 1630070528.165485
7471791.604421 -681524.974613 0.000000 1.610730 3.065000 0.001876 1630070528.215529
7471791.596790 -681524.834404 0.000000 1.610718 3.075000 0.001876 1630070528.265536
7471791.589089 -681524.692667 0.000000 1.610708 3.075000 0.001876 1630070528.316082
7471791.581515 -681524.554311 0.000000 1.610692 3.075000 0.001876 1630070528.365568
7471791.573883 -681524.414762 0.000000 1.610681 3.075000 0.001876 1630070528.415483
7471791.564703 -681524.289265 0.000000 1.610522 3.075000 0.001876 1630070528.465445
7471791.558555 -681524.134582 0.000000 1.610655 3.075000 0.001876 1630070528.515788
7471791.550894 -681523.994779 0.000000 1.610640 3.093000 0.001876 1630070528.565321
7471791.541708 -681523.870063 0.000000 1.610479 3.075000 0.001876 1630070528.615262
7471791.535613 -681523.716548 0.000000 1.610611 3.075000 0.001876 1630070528.665225
7471791.526283 -681523.588804 0.000000 1.610449 3.103000 0.001876 1630070528.715550
7471791.520173 -681523.434787 0.000000 1.610582 3.103000 0.001876 1630070528.765224
7471791.512324 -681523.290801 0.000000 1.610569 3.141000 0.001876 1630070528.815204
7471791.504510 -681523.147729 0.000000 1.610554 3.151000 0.001876 1630070528.865211
7471791.496774 -681523.006651 0.000000 1.610538 3.123000 0.001876 1630070528.915672
7471791.488904 -681522.862216 0.000000 1.610521 3.171000 0.001876 1630070528.965255
7471791.481086 -681522.719104 0.000000 1.610505 3.171000 0.001876 1630070529.015218
7471791.473195 -681522.574204 0.000000 1.610489 3.191000 0.001876 1630070529.065149
7471791.465273 -681522.428559 0.000000 1.610472 3.209000 0.001876 1630070529.115096
7471791.457382 -681522.283687 0.000000 1.610454 3.209000 0.001876 1630070529.165110
7471791.449573 -681522.140936 0.000000 1.610435 3.191000 0.001876 1630070529.215055
7471791.441655 -681521.995453 0.000000 1.610418 3.209000 0.001876 1630070529.265042
7471791.433694 -681521.848945 0.000000 1.610400 3.229000 0.001876 1630070529.315036
7471791.425698 -681521.701604 0.000000 1.610381 3.249000 0.001876 1630070529.365007
7471791.417704 -681521.554319 0.000000 1.610362 3.257000 0.001876 1630070529.415051
7471791.409806 -681521.409492 0.000000 1.610341 3.239000 0.001876 1630070529.465044
7471791.401829 -681521.262680 0.000000 1.610322 3.249000 0.001876 1630070529.515092
7471791.393773 -681521.113821 0.000000 1.610302 3.277000 0.001876 1630070529.565087
7471791.385813 -681520.967331 0.000000 1.610281 3.267000 0.001876 1630070529.615118
7471791.377797 -681520.819315 0.000000 1.610260 3.277000 0.001876 1630070529.665184
7471791.369891 -681520.673976 0.000000 1.610237 3.257000 0.001876 1630070529.715221
7471791.361987 -681520.528544 0.000000 1.610215 3.249000 0.001876 1630070529.765248
7471791.353964 -681520.379918 0.000000 1.610194 3.277000 0.001876 1630070529.815298
7471791.346085 -681520.234792 0.000000 1.610170 3.257000 0.001876 1630070529.865342
7471791.338247 -681520.090612 0.000000 1.610146 3.239000 0.001876 1630070529.915364
7471791.330374 -681519.945462 0.000000 1.610123 3.239000 0.001876 1630070529.965429
7471791.322403 -681519.797690 0.000000 1.610100 3.267000 0.001876 1630070530.015462
7471791.314492 -681519.651392 0.000000 1.610076 3.267000 0.001876 1630070530.065494
7471791.306660 -681519.507061 0.000000 1.610051 3.249000 0.001876 1630070530.115497
7471791.298728 -681519.360139 0.000000 1.610027 3.267000 0.001876 1630070530.165490
7471791.290838 -681519.214255 0.000000 1.610001 3.267000 0.001876 1630070530.215461
7471791.282958 -681519.068584 0.000000 1.609975 3.267000 0.001876 1630070530.265388
7471791.275015 -681518.921232 0.000000 1.609951 3.267000 0.001876 1630070530.315850
7471791.267382 -681518.781757 0.000000 1.609920 3.219000 0.001876 1630070530.365386
7471791.259534 -681518.636686 0.000000 1.609895 3.239000 0.001876 1630070530.415311
7471791.251684 -681518.491422 0.000000 1.609869 3.249000 0.001876 1630070530.465313
7471791.243726 -681518.343292 0.000000 1.609844 3.267000 0.001876 1630070530.515813
7471791.235967 -681518.200084 0.000000 1.609813 3.257000 0.001876 1630070530.565404
7471791.228157 -681518.055310 0.000000 1.609786 3.257000 0.001876 1630070530.615339
7471791.220418 -681517.912190 0.000000 1.609757 3.239000 0.001876 1630070530.665336
7471791.212532 -681517.765085 0.000000 1.609730 3.257000 0.001876 1630070530.715746
7471791.204753 -681517.620540 0.000000 1.609699 3.267000 0.001876 1630070530.765354
7471791.197018 -681517.476908 0.000000 1.609671 3.249000 0.001876 1630070530.815403
7471791.189173 -681517.330146 0.000000 1.609642 3.267000 0.001876 1630070530.865449
7471791.181337 -681517.183344 0.000000 1.609613 3.267000 0.001876 1630070530.915952
7471791.173588 -681517.038606 0.000000 1.609580 3.277000 0.001876 1630070530.965530
7471791.165770 -681516.891831 0.000000 1.609551 3.287000 0.001876 1630070531.015595
7471791.158065 -681516.747761 0.000000 1.609519 3.267000 0.001876 1630070531.065611
7471791.150244 -681516.600464 0.000000 1.609488 3.287000 0.001876 1630070531.115710
7471791.142411 -681516.452676 0.000000 1.609457 3.305000 0.001876 1630070531.165726
7471791.134725 -681516.308437 0.000000 1.609423 3.277000 0.001876 1630070531.215801
7471791.127102 -681516.165622 0.000000 1.609390 3.249000 0.001876 1630070531.265883
7471791.119338 -681516.018902 0.000000 1.609358 3.277000 0.001876 1630070531.315886
7471791.111628 -681515.873323 0.000000 1.609325 3.277000 0.001876 1630070531.365979
7471791.103858 -681515.725962 0.000000 1.609292 3.297000 0.001876 1630070531.416017
7471791.096217 -681515.581658 0.000000 1.609257 3.277000 0.001876 1630070531.466050
7471791.088680 -681515.439869 0.000000 1.609222 3.239000 0.001876 1630070531.516182
7471791.081214 -681515.299659 0.000000 1.609185 3.209000 0.001876 1630070531.566175
7471791.073687 -681515.157599 0.000000 1.609150 3.209000 0.001876 1630070531.616287
7471791.066107 -681515.013861 0.000000 1.609116 3.229000 0.001876 1630070531.666308
7471791.058282 -681514.863472 0.000000 1.609083 3.305000 0.001876 1630070531.716356
7471791.050906 -681514.724537 0.000000 1.609044 3.229000 0.001876 1630070531.766395
7471791.043546 -681514.585760 0.000000 1.609006 3.191000 0.001876 1630070531.816394
7471791.036018 -681514.442329 0.000000 1.608970 3.219000 0.001876 1630070531.866389
7471791.028629 -681514.302250 0.000000 1.608933 3.199000 0.001876 1630070531.916407
7471791.021248 -681514.162147 0.000000 1.608895 3.181000 0.001876 1630070531.966408
7471791.013814 -681514.020380 0.000000 1.608858 3.199000 0.001876 1630070532.016375
7471791.006446 -681513.880111 0.000000 1.608819 3.191000 0.001876 1630070532.066413
7471790.999233 -681513.743703 0.000000 1.608779 3.151000 0.001876 1630070532.116375
7471790.991867 -681513.603060 0.000000 1.608742 3.171000 0.001876 1630070532.166416
7471790.984595 -681513.464580 0.000000 1.608702 3.161000 0.001876 1630070532.216411
7471790.977382 -681513.327391 0.000000 1.608662 3.141000 0.001876 1630070532.266479
7471790.970036 -681513.186379 0.000000 1.608625 3.151000 0.001876 1630070532.317132
7471790.962909 -681513.050898 0.000000 1.608581 3.141000 0.001876 1630070532.366508
7471790.955700 -681512.913015 0.000000 1.608543 3.141000 0.001876 1630070532.416492
7471790.948601 -681512.777739 0.000000 1.608501 3.113000 0.001876 1630070532.466543
7471790.941439 -681512.640635 0.000000 1.608461 3.103000 0.001876 1630070532.517060
7471790.934371 -681512.505731 0.000000 1.608417 3.113000 0.001876 1630070532.566387
7471790.927226 -681512.368542 0.000000 1.608378 3.123000 0.001876 1630070532.616296
7471790.920216 -681512.234727 0.000000 1.608335 3.093000 0.001876 1630070532.666245
7471790.913043 -681512.096246 0.000000 1.608295 3.103000 0.001876 1630070532.716898
7471790.906107 -681511.963909 0.000000 1.608249 3.093000 0.001876 1630070532.766054
7471790.899119 -681511.829883 0.000000 1.608207 3.083000 0.001876 1630070532.815916
7471790.892109 -681511.695022 0.000000 1.608165 3.083000 0.001876 1630070532.865892
7471790.885097 -681511.559836 0.000000 1.608122 3.075000 0.001876 1630070532.916237
7471790.878213 -681511.427817 0.000000 1.608076 3.065000 0.001876 1630070532.965746
7471790.871344 -681511.295949 0.000000 1.608033 3.045000 0.001876 1630070533.015692
7471790.864369 -681511.160957 0.000000 1.607989 3.065000 0.001876 1630070533.065685
7471790.857445 -681511.027078 0.000000 1.607945 3.065000 0.001876 1630070533.115641
7471790.850581 -681510.894574 0.000000 1.607899 3.035000 0.001876 1630070533.165636
7471790.843728 -681510.762120 0.000000 1.607854 3.035000 0.001876 1630070533.215615
7471790.836847 -681510.628640 0.000000 1.607809 3.045000 0.001876 1630070533.265604
7471790.829995 -681510.495641 0.000000 1.607763 3.045000 0.001876 1630070533.315599
7471790.823143 -681510.362392 0.000000 1.607718 3.045000 0.001876 1630070533.365674
7471790.816382 -681510.231290 0.000000 1.607670 3.025000 0.001876 1630070533.415700
7471790.809630 -681510.100121 0.000000 1.607624 3.017000 0.001876 1630070533.465681
7471790.802905 -681509.969385 0.000000 1.607576 3.007000 0.001876 1630070533.515717
7471790.796141 -681509.837327 0.000000 1.607530 3.017000 0.001876 1630070533.565691
7471790.789403 -681509.705670 0.000000 1.607483 3.017000 0.001876 1630070533.615697
7471790.782722 -681509.575231 0.000000 1.607434 3.007000 0.001876 1630070533.665628
7471790.776136 -681509.447063 0.000000 1.607385 2.977000 0.001876 1630070533.715632
7471790.769454 -681509.315988 0.000000 1.607338 2.997000 0.001876 1630070533.765602
7471790.762809 -681509.185556 0.000000 1.607289 2.997000 0.001876 1630070533.815522
7471790.756204 -681509.055868 0.000000 1.607240 2.977000 0.001876 1630070533.865525
7471790.749594 -681508.925702 0.000000 1.607192 2.987000 0.001876 1630070533.915518
7471790.743008 -681508.795894 0.000000 1.607141 2.977000 0.001876 1630070533.965553
7471790.736465 -681508.666970 0.000000 1.607091 2.959000 0.001876 1630070534.015591
7471790.729961 -681508.538753 0.000000 1.607041 2.949000 0.001876 1630070534.065555
7471790.723446 -681508.409857 0.000000 1.606991 2.959000 0.001876 1630070534.115576
7471790.716961 -681508.281456 0.000000 1.606940 2.949000 0.001876 1630070534.165592
7471790.710481 -681508.152819 0.000000 1.606890 2.949000 0.001876 1630070534.215683
7471790.704023 -681508.024410 0.000000 1.606839 2.949000 0.001876 1630070534.265693
7471790.697518 -681507.894293 0.000000 1.606789 2.949000 0.001876 1630070534.316277
7471790.691185 -681507.768512 0.000000 1.606734 2.939000 0.001876 1630070534.365723
7471790.684783 -681507.640411 0.000000 1.606684 2.939000 0.001876 1630070534.415781
7471790.678429 -681507.513217 0.000000 1.606631 2.929000 0.001876 1630070534.465866
7471790.672065 -681507.385368 0.000000 1.606580 2.919000 0.001876 1630070534.516342
7471790.665787 -681507.259494 0.000000 1.606525 2.919000 0.001876 1630070534.565961
7471790.659472 -681507.132091 0.000000 1.606474 2.919000 0.001876 1630070534.616098
7471790.653232 -681507.006384 0.000000 1.606420 2.909000 0.001876 1630070534.665990
7471790.646885 -681506.877215 0.000000 1.606368 2.919000 0.001876 1630070534.716549
7471790.640689 -681506.751814 0.000000 1.606313 2.909000 0.001876 1630070534.766322
7471790.634534 -681506.627127 0.000000 1.606258 2.901000 0.001876 1630070534.815942
7471790.628350 -681506.501119 0.000000 1.606205 2.901000 0.001876 1630070534.865873
7471790.622083 -681506.372285 0.000000 1.606153 2.909000 0.001876 1630070534.916494
7471790.615987 -681506.247834 0.000000 1.606094 2.909000 0.001876 1630070534.965734
7471790.609863 -681506.122186 0.000000 1.606041 2.901000 0.001876 1630070535.015651
7471790.603711 -681505.995192 0.000000 1.605986 2.909000 0.001876 1630070535.065613
7471790.597616 -681505.869405 0.000000 1.605931 2.901000 0.001876 1630070535.115563
7471790.591495 -681505.742412 0.000000 1.605875 2.909000 0.001876 1630070535.165504
7471790.585425 -681505.616330 0.000000 1.605820 2.901000 0.001876 1630070535.215534
7471790.579306 -681505.488360 0.000000 1.605764 2.919000 0.001876 1630070535.265448
7471790.573263 -681505.361944 0.000000 1.605707 2.909000 0.001876 1630070535.315471
7471790.567190 -681505.234135 0.000000 1.605652 2.919000 0.001876 1630070535.365445
7471790.561152 -681505.106730 0.000000 1.605595 2.919000 0.001876 1630070535.415442
7471790.555127 -681504.979136 0.000000 1.605538 2.919000 0.001876 1630070535.465494
7471790.549092 -681504.850664 0.000000 1.605481 2.929000 0.001876 1630070535.515494
7471790.543088 -681504.722545 0.000000 1.605423 2.929000 0.001876 1630070535.565532
7471790.537072 -681504.593438 0.000000 1.605367 2.939000 0.001876 1630070535.615554
7471790.531066 -681504.463945 0.000000 1.605309 2.949000 0.001876 1630070535.665526
7471790.525076 -681504.334313 0.000000 1.605251 2.949000 0.001876 1630070535.715534
7471790.519135 -681504.205438 0.000000 1.605192 2.949000 0.001876 1630070535.765441
7471790.513163 -681504.075036 0.000000 1.605135 2.959000 0.001876 1630070535.815515
7471790.507226 -681503.945011 0.000000 1.605076 2.967000 0.001876 1630070535.865484
7471790.501304 -681503.814788 0.000000 1.605017 2.967000 0.001876 1630070535.915507
7471790.495400 -681503.684359 0.000000 1.604958 2.967000 0.001876 1630070535.965585
7471790.489531 -681503.554318 0.000000 1.604897 2.967000 0.001876 1630070536.015520
7471790.483562 -681503.420675 0.000000 1.604841 2.987000 0.001876 1630070536.065980
7471790.477736 -681503.290481 0.000000 1.604779 2.987000 0.001876 1630070536.115606
7471790.471891 -681503.159004 0.000000 1.604720 2.987000 0.001876 1630070536.165645
7471790.466034 -681503.026466 0.000000 1.604660 2.997000 0.001876 1630070536.215691
7471790.460184 -681502.893341 0.000000 1.604600 3.007000 0.001876 1630070536.265752
7471790.454343 -681502.759697 0.000000 1.604539 3.017000 0.001876 1630070536.315805
7471790.448501 -681502.625227 0.000000 1.604479 3.025000 0.001876 1630070536.365850
7471790.442697 -681502.491134 0.000000 1.604418 3.035000 0.001876 1630070536.415887
7471790.436917 -681502.356954 0.000000 1.604357 3.035000 0.001876 1630070536.465938
7471790.431166 -681502.222784 0.000000 1.604296 3.035000 0.001876 1630070536.515971
7471790.425418 -681502.087897 0.000000 1.604234 3.045000 0.001876 1630070536.566057
7471790.419684 -681501.952581 0.000000 1.604173 3.055000 0.001876 1630070536.616103
7471790.413975 -681501.817149 0.000000 1.604111 3.055000 0.001876 1630070536.666170
7471790.408296 -681501.681751 0.000000 1.604049 3.055000 0.001876 1630070536.716209
7471790.402641 -681501.546213 0.000000 1.603987 3.055000 0.001876 1630070536.766274
7471790.396996 -681501.410102 0.000000 1.603924 3.065000 0.001876 1630070536.816346
7471790.391391 -681501.274268 0.000000 1.603861 3.055000 0.001876 1630070536.866473
7471790.385791 -681501.137692 0.000000 1.603798 3.075000 0.001876 1630070536.916496
7471790.380169 -681500.999577 0.000000 1.603737 3.103000 0.001876 1630070536.966544
7471790.374617 -681500.862643 0.000000 1.603673 3.083000 0.001876 1630070537.016514
7471790.369002 -681500.722703 0.000000 1.603611 3.093000 0.001876 1630070537.067275
7471790.363552 -681500.586925 0.000000 1.603544 3.103000 0.001876 1630070537.116511
7471790.358041 -681500.448368 0.000000 1.603483 3.113000 0.001876 1630070537.166460
7471790.352535 -681500.308964 0.000000 1.603419 3.123000 0.001876 1630070537.216501
7471790.347054 -681500.169427 0.000000 1.603356 3.133000 0.001876 1630070537.266404
7471790.341606 -681500.029893 0.000000 1.603291 3.123000 0.001876 1630070537.316445
7471790.336207 -681499.890902 0.000000 1.603227 3.113000 0.001876 1630070537.366450
7471790.330798 -681499.750609 0.000000 1.603163 3.141000 0.001876 1630070537.416402
7471790.325390 -681499.609296 0.000000 1.603099 3.151000 0.001876 1630070537.466498
7471790.320043 -681499.468818 0.000000 1.603034 3.141000 0.001876 1630070537.516465
7471790.314692 -681499.327118 0.000000 1.602970 3.151000 0.001876 1630070537.566478
7471790.309310 -681499.183357 0.000000 1.602906 3.191000 0.001876 1630070537.616488
7471790.303913 -681499.038085 0.000000 1.602843 3.191000 0.001876 1630070537.667105
7471790.298664 -681498.896334 0.000000 1.602774 3.191000 0.001876 1630070537.716595
7471790.293410 -681498.753276 0.000000 1.602710 3.191000 0.001876 1630070537.766623
7471790.288176 -681498.609723 0.000000 1.602644 3.191000 0.001876 1630070537.816627
7471790.282895 -681498.463669 0.000000 1.602581 3.199000 0.001876 1630070537.867138
7471790.277743 -681498.320560 0.000000 1.602512 3.209000 0.001876 1630070537.916514
7471790.272580 -681498.175999 0.000000 1.602448 3.209000 0.001876 1630070537.966473
7471790.267510 -681498.033379 0.000000 1.602381 3.191000 0.001876 1630070538.016359
7471790.262404 -681497.888475 0.000000 1.602316 3.191000 0.001876 1630070538.066652
7471790.257356 -681497.744315 0.000000 1.602249 3.209000 0.001876 1630070538.116122
7471790.252253 -681497.597252 0.000000 1.602186 3.257000 0.001876 1630070538.166007
7471790.247210 -681497.450955 0.000000 1.602119 3.239000 0.001876 1630070538.215907
7471790.242215 -681497.305095 0.000000 1.602053 3.229000 0.001876 1630070538.265803
7471790.237252 -681497.159097 0.000000 1.601986 3.229000 0.001876 1630070538.315718
7471790.232378 -681497.026873 0.000000 1.601714 3.249000 0.001876 1630070538.365667
7471790.227366 -681496.864813 0.000000 1.601854 3.249000 0.001876 1630070538.415571
7471790.222411 -681496.715504 0.000000 1.601789 3.257000 0.001876 1630070538.465886
7471790.217543 -681496.567842 0.000000 1.601720 3.267000 0.001876 1630070538.515491
7471790.212714 -681496.420089 0.000000 1.601654 3.249000 0.001876 1630070538.565519
7471790.207960 -681496.273526 0.000000 1.601587 3.239000 0.001876 1630070538.615458
7471790.203137 -681496.123361 0.000000 1.601523 3.267000 0.001876 1630070538.665886
7471790.198419 -681495.975231 0.000000 1.601454 3.277000 0.001876 1630070538.715505
7471790.193715 -681495.826271 0.000000 1.601388 3.267000 0.001876 1630070538.765492
7471790.189337 -681495.690097 0.000000 1.601113 3.287000 0.001876 1630070538.815523
7471790.184318 -681495.524580 0.000000 1.601256 3.287000 0.001876 1630070538.865901
7471790.179792 -681495.377324 0.000000 1.601186 3.267000 0.001876 1630070538.915566
7471790.175189 -681495.226530 0.000000 1.601121 3.287000 0.001876 1630070538.965654
7471790.171022 -681495.088784 0.000000 1.600846 3.297000 0.001876 1630070539.015682
7471790.166037 -681494.922927 0.000000 1.600989 3.297000 0.001876 1630070539.066010
7471790.162009 -681494.785457 0.000000 1.600712 3.297000 0.001876 1630070539.115781
7471790.157074 -681494.620536 0.000000 1.600854 3.297000 0.001876 1630070539.165825
7471790.152669 -681494.469677 0.000000 1.600787 3.287000 0.001876 1630070539.215871
7471790.148391 -681494.321544 0.000000 1.600719 3.239000 0.001876 1630070539.266363
7471790.144016 -681494.168802 0.000000 1.600651 3.287000 0.001876 1630070539.316010
7471790.139601 -681494.013354 0.000000 1.600587 3.325000 0.001876 1630070539.366021
7471790.135317 -681493.860606 0.000000 1.600520 3.315000 0.001876 1630070539.416045
7471790.130970 -681493.704441 0.000000 1.600455 3.325000 0.001876 1630070539.466602
7471790.126796 -681493.552514 0.000000 1.600385 3.315000 0.001876 1630070539.516138
7471790.122651 -681493.399875 0.000000 1.600319 3.305000 0.001876 1630070539.566141
7471790.118542 -681493.246444 0.000000 1.600252 3.305000 0.001876 1630070539.616185
7471790.114454 -681493.092002 0.000000 1.600187 3.297000 0.001876 1630070539.666607
7471790.110491 -681492.940152 0.000000 1.600118 3.297000 0.001876 1630070539.716191
7471790.106488 -681492.785123 0.000000 1.600053 3.315000 0.001876 1630070539.766143
7471790.102559 -681492.631263 0.000000 1.599986 3.305000 0.001876 1630070539.816114
7471790.099575 -681492.487451 0.000000 1.599712 3.297000 0.001876 1630070539.866568
7471790.094869 -681492.324747 0.000000 1.599852 3.297000 0.001876 1630070539.915938
7471790.091070 -681492.170610 0.000000 1.599788 3.305000 0.001876 1630070539.965843
7471790.087284 -681492.015314 0.000000 1.599722 3.315000 0.001876 1630070540.015745
7471790.083514 -681491.860099 0.000000 1.599657 3.297000 0.001876 1630070540.066045
7471790.079832 -681491.707568 0.000000 1.599588 3.297000 0.001876 1630070540.115530
7471790.076134 -681491.554054 0.000000 1.599524 3.287000 0.001876 1630070540.165464
7471790.072465 -681491.401146 0.000000 1.599458 3.277000 0.001876 1630070540.215365
7471790.068779 -681491.247239 0.000000 1.599394 3.267000 0.001876 1630070540.265723
7471790.065182 -681491.096023 0.000000 1.599326 3.267000 0.001876 1630070540.315256
7471790.061573 -681490.943958 0.000000 1.599261 3.257000 0.001876 1630070540.365202
7471790.057953 -681490.791132 0.000000 1.599197 3.267000 0.001876 1630070540.415227
7471790.054316 -681490.637248 0.000000 1.599133 3.277000 0.001876 1630070540.465421
7471790.050744 -681490.485254 0.000000 1.599067 3.267000 0.001876 1630070540.515189
7471790.047150 -681490.332105 0.000000 1.599003 3.277000 0.001876 1630070540.565157
7471790.043567 -681490.178924 0.000000 1.598938 3.277000 0.001876 1630070540.615134
7471790.039973 -681490.024893 0.000000 1.598875 3.267000 0.001876 1630070540.665523
7471790.036470 -681489.873750 0.000000 1.598807 3.257000 0.001876 1630070540.715179
7471790.032945 -681489.721378 0.000000 1.598744 3.257000 0.001876 1630070540.765211
7471790.029417 -681489.568504 0.000000 1.598681 3.267000 0.001876 1630070540.815243
7471790.025882 -681489.414924 0.000000 1.598617 3.257000 0.001876 1630070540.865644
7471790.022454 -681489.264835 0.000000 1.598550 3.239000 0.001876 1630070540.915246
7471790.018971 -681489.112339 0.000000 1.598488 3.257000 0.001876 1630070540.965312
7471790.015508 -681488.960123 0.000000 1.598424 3.257000 0.001876 1630070541.015291
7471790.012016 -681488.806417 0.000000 1.598362 3.267000 0.001876 1630070541.065572
7471790.008569 -681488.653960 0.000000 1.598297 3.277000 0.001876 1630070541.115317
7471790.005126 -681488.501198 0.000000 1.598235 3.277000 0.001876 1630070541.165306
7471790.001677 -681488.347868 0.000000 1.598172 3.277000 0.001876 1630070541.215315
7471789.998212 -681488.193448 0.000000 1.598110 3.277000 0.001876 1630070541.265656
7471789.994841 -681488.042084 0.000000 1.598044 3.257000 0.001876 1630070541.315366
7471789.991461 -681487.889943 0.000000 1.597982 3.249000 0.001876 1630070541.365436
7471789.988074 -681487.737154 0.000000 1.597920 3.267000 0.001876 1630070541.415428
7471789.984664 -681487.583071 0.000000 1.597858 3.267000 0.001876 1630070541.465814
7471789.981341 -681487.431795 0.000000 1.597793 3.257000 0.001876 1630070541.515492
7471789.978006 -681487.279671 0.000000 1.597731 3.249000 0.001876 1630070541.565551
7471789.974675 -681487.127274 0.000000 1.597669 3.257000 0.001876 1630070541.615570
7471789.971293 -681486.972519 0.000000 1.597609 3.277000 0.001876 1630070541.666002
7471789.967976 -681486.819796 0.000000 1.597545 3.287000 0.001876 1630070541.715661
7471789.964659 -681486.666694 0.000000 1.597484 3.267000 0.001876 1630070541.765738
7471789.961360 -681486.513829 0.000000 1.597422 3.267000 0.001876 1630070541.815741
7471789.958050 -681486.360085 0.000000 1.597361 3.257000 0.001876 1630070541.866166
7471789.954812 -681486.208716 0.000000 1.597297 3.257000 0.001876 1630070541.915860
7471789.951559 -681486.056319 0.000000 1.597237 3.257000 0.001876 1630070541.965868
7471789.948312 -681485.903718 0.000000 1.597175 3.257000 0.001876 1630070542.015937
7471789.944999 -681485.748259 0.000000 1.597116 3.267000 0.001876 1630070542.066573
7471789.941801 -681485.596754 0.000000 1.597052 3.277000 0.001876 1630070542.115999
7471789.938572 -681485.443566 0.000000 1.596993 3.267000 0.001876 1630070542.166089
7471789.935377 -681485.291348 0.000000 1.596931 3.249000 0.001876 1630070542.216157
7471789.932136 -681485.136926 0.000000 1.596873 3.257000 0.001876 1630070542.266777
7471789.928987 -681484.985680 0.000000 1.596809 3.257000 0.001876 1630070542.316264
7471789.925801 -681484.832562 0.000000 1.596751 3.267000 0.001876 1630070542.366326
7471789.922630 -681484.679591 0.000000 1.596690 3.267000 0.001876 1630070542.416341
7471789.919434 -681484.525295 0.000000 1.596631 3.257000 0.001876 1630070542.466915
7471789.916338 -681484.374441 0.000000 1.596568 3.257000 0.001876 1630070542.516430
7471789.913178 -681484.220746 0.000000 1.596510 3.277000 0.001876 1630070542.566508
7471789.910037 -681484.067316 0.000000 1.596450 3.277000 0.001876 1630070542.616503
7471789.906855 -681483.911928 0.000000 1.596392 3.277000 0.001876 1630070542.667094
7471789.903800 -681483.761069 0.000000 1.596329 3.267000 0.001876 1630070542.716451
7471789.899655 -681483.597895 0.000000 1.596469 3.267000 0.001876 1630070542.766413
7471789.897630 -681483.455889 0.000000 1.596211 3.257000 0.001876 1630070542.816372
7471789.894527 -681483.301990 0.000000 1.596153 3.257000 0.001876 1630070542.866808
7471789.891520 -681483.151415 0.000000 1.596091 3.257000 0.001876 1630070542.916221
7471789.888471 -681482.998844 0.000000 1.596034 3.257000 0.001876 1630070542.966245
7471789.885442 -681482.846594 0.000000 1.595975 3.257000 0.001876 1630070543.016168
7471789.882358 -681482.691769 0.000000 1.595918 3.267000 0.001876 1630070543.066725
7471789.879394 -681482.541416 0.000000 1.595856 3.249000 0.001876 1630070543.116183
7471789.876401 -681482.389385 0.000000 1.595799 3.249000 0.001876 1630070543.166155
7471789.873423 -681482.237670 0.000000 1.595740 3.239000 0.001876 1630070543.216182
7471789.870384 -681482.083035 0.000000 1.595685 3.249000 0.001876 1630070543.266951
7471789.867473 -681481.933189 0.000000 1.595623 3.249000 0.001876 1630070543.316244
7471789.864521 -681481.781221 0.000000 1.595567 3.239000 0.001876 1630070543.366342
7471789.861590 -681481.629777 0.000000 1.595508 3.239000 0.001876 1630070543.416276
7471789.858622 -681481.476428 0.000000 1.595452 3.249000 0.001876 1630070543.466640
7471789.855726 -681481.325584 0.000000 1.595393 3.249000 0.001876 1630070543.516231
7471789.852804 -681481.173325 0.000000 1.595336 3.249000 0.001876 1630070543.566255
7471789.849897 -681481.021247 0.000000 1.595279 3.249000 0.001876 1630070543.616221
7471789.846952 -681480.867286 0.000000 1.595223 3.249000 0.001876 1630070543.666764
7471789.844115 -681480.717353 0.000000 1.595163 3.239000 0.001876 1630070543.716217
7471789.841230 -681480.564988 0.000000 1.595108 3.249000 0.001876 1630070543.766264
7471789.838381 -681480.413798 0.000000 1.595050 3.229000 0.001876 1630070543.816254
7471789.835504 -681480.261088 0.000000 1.594994 3.219000 0.001876 1630070543.866870
7471789.832699 -681480.111014 0.000000 1.594935 3.239000 0.001876 1630070543.916200
7471789.829850 -681479.958711 0.000000 1.594881 3.249000 0.001876 1630070543.966218
7471789.827042 -681479.807687 0.000000 1.594824 3.229000 0.001876 1630070544.016147
7471789.824198 -681479.654803 0.000000 1.594769 3.229000 0.001876 1630070544.066650
7471789.821421 -681479.504394 0.000000 1.594711 3.249000 0.001876 1630070544.116077
7471789.818622 -681479.352668 0.000000 1.594656 3.239000 0.001876 1630070544.166061
7471789.815853 -681479.201841 0.000000 1.594600 3.219000 0.001876 1630070544.216074
7471789.813025 -681479.048191 0.000000 1.594546 3.229000 0.001876 1630070544.266804
7471789.810321 -681478.899429 0.000000 1.594487 3.229000 0.001876 1630070544.316017
7471789.807502 -681478.745393 0.000000 1.594435 3.257000 0.001876 1630070544.366001
7471789.804760 -681478.594279 0.000000 1.594379 3.239000 0.001876 1630070544.416061
7471789.801999 -681478.442021 0.000000 1.594324 3.229000 0.001876 1630070544.466504
7471789.799252 -681478.289980 0.000000 1.594268 3.249000 0.001876 1630070544.516103
7471789.796550 -681478.139496 0.000000 1.594213 3.229000 0.001876 1630070544.566144
7471789.793821 -681477.987542 0.000000 1.594158 3.239000 0.001876 1630070544.616175
7471789.791077 -681477.834576 0.000000 1.594105 3.239000 0.001876 1630070544.666516
7471789.788419 -681477.685027 0.000000 1.594048 3.229000 0.001876 1630070544.716108
7471789.785753 -681477.534753 0.000000 1.593994 3.219000 0.001876 1630070544.766074
7471789.783086 -681477.384081 0.000000 1.593940 3.219000 0.001876 1630070544.816007
7471789.780393 -681477.231981 0.000000 1.593888 3.209000 0.001876 1630070544.866694
7471789.777782 -681477.083089 0.000000 1.593830 3.219000 0.001876 1630070544.915911
7471789.775110 -681476.931282 0.000000 1.593779 3.229000 0.001876 1630070544.965880
7471789.772459 -681476.779999 0.000000 1.593725 3.229000 0.001876 1630070545.015837
7471789.769775 -681476.626952 0.000000 1.593672 3.229000 0.001876 1630070545.066337
7471789.767267 -681476.481280 0.000000 1.593614 3.181000 0.001876 1630070545.115754
7471789.764628 -681476.329523 0.000000 1.593564 3.209000 0.001876 1630070545.165730
7471789.762025 -681476.179079 0.000000 1.593510 3.209000 0.001876 1630070545.215725
7471789.759431 -681476.028625 0.000000 1.593457 3.209000 0.001876 1630070545.265720
7471789.756871 -681475.879366 0.000000 1.593403 3.199000 0.001876 1630070545.315651
7471789.754319 -681475.730119 0.000000 1.593350 3.191000 0.001876 1630070545.365669
7471789.751814 -681475.582584 0.000000 1.593297 3.171000 0.001876 1630070545.415649
7471789.749226 -681475.431109 0.000000 1.593246 3.199000 0.001876 1630070545.465670
7471789.746666 -681475.280421 0.000000 1.593194 3.191000 0.001876 1630070545.516005
7471789.744157 -681475.131714 0.000000 1.593140 3.191000 0.001876 1630070545.565716
7471789.741617 -681474.981317 0.000000 1.593089 3.199000 0.001876 1630070545.615704
7471789.739115 -681474.832163 0.000000 1.593036 3.191000 0.001876 1630070545.665674
7471789.736630 -681474.683477 0.000000 1.592984 3.181000 0.001876 1630070545.715682
7471789.734142 -681474.534270 0.000000 1.592932 3.181000 0.001876 1630070545.765694
7471789.731663 -681474.385086 0.000000 1.592880 3.181000 0.001876 1630070545.815695
7471789.729188 -681474.235831 0.000000 1.592829 3.181000 0.001876 1630070545.865715
7471789.726728 -681474.086792 0.000000 1.592777 3.181000 0.001876 1630070545.915664
7471789.724270 -681473.937516 0.000000 1.592726 3.181000 0.001876 1630070545.965684
7471789.721842 -681473.789249 0.000000 1.592674 3.161000 0.001876 1630070546.015698
7471789.719463 -681473.642851 0.000000 1.592622 3.141000 0.001876 1630070546.065750
7471789.717073 -681473.495609 0.000000 1.592571 3.141000 0.001876 1630070546.115749
7471789.714689 -681473.348171 0.000000 1.592520 3.141000 0.001876 1630070546.165808
7471789.712287 -681473.199435 0.000000 1.592469 3.141000 0.001876 1630070546.215800
7471789.709906 -681473.051102 0.000000 1.592419 3.141000 0.001876 1630070546.266140
7471789.707599 -681472.905785 0.000000 1.592367 3.133000 0.001876 1630070546.315771
7471789.705258 -681472.758261 0.000000 1.592318 3.141000 0.001876 1630070546.365723
7471789.702911 -681472.609921 0.000000 1.592268 3.151000 0.001876 1630070546.415741
7471789.700559 -681472.460886 0.000000 1.592219 3.151000 0.001876 1630070546.466136
7471789.698302 -681472.315712 0.000000 1.592165 3.133000 0.001876 1630070546.515586
7471789.696028 -681472.169149 0.000000 1.592117 3.133000 0.001876 1630070546.565478
7471789.693805 -681472.024465 0.000000 1.592067 3.113000 0.001876 1630070546.615405
7471789.691545 -681471.877467 0.000000 1.592018 3.113000 0.001876 1630070546.665753
7471789.689404 -681471.735540 0.000000 1.591965 3.075000 0.001876 1630070546.715235
7471789.687234 -681471.591628 0.000000 1.591916 3.075000 0.001876 1630070546.765197
7471789.685075 -681471.447738 0.000000 1.591867 3.075000 0.001876 1630070546.815149
7471789.682825 -681471.298921 0.000000 1.591821 3.113000 0.001876 1630070546.865463
7471789.680735 -681471.157140 0.000000 1.591769 3.083000 0.001876 1630070546.915086
7471789.678582 -681471.011849 0.000000 1.591721 3.093000 0.001876 1630070546.965033
7471789.676547 -681470.871595 0.000000 1.591671 3.045000 0.001876 1630070547.015061
7471789.674447 -681470.727709 0.000000 1.591623 3.045000 0.001876 1630070547.065492
7471789.672395 -681470.585549 0.000000 1.591573 3.055000 0.001876 1630070547.115025
7471789.670334 -681470.442388 0.000000 1.591526 3.055000 0.001876 1630070547.165048
7471789.668283 -681470.299157 0.000000 1.591478 3.055000 0.001876 1630070547.215091
7471789.666267 -681470.157120 0.000000 1.591429 3.045000 0.001876 1630070547.265068
7471789.664309 -681470.017330 0.000000 1.591380 3.017000 0.001876 1630070547.315059
7471789.662370 -681469.877889 0.000000 1.591331 2.997000 0.001876 1630070547.365131
7471789.660423 -681469.737524 0.000000 1.591284 2.997000 0.001876 1630070547.415174
7471789.658471 -681469.596337 0.000000 1.591236 3.007000 0.001876 1630070547.465155
7471789.656537 -681469.455501 0.000000 1.591189 3.007000 0.001876 1630070547.515183
7471789.654694 -681469.318630 0.000000 1.591141 2.967000 0.001876 1630070547.565220
7471789.652824 -681469.179905 0.000000 1.591094 2.967000 0.001876 1630070547.615204
7471789.651012 -681469.043448 0.000000 1.591045 2.929000 0.001876 1630070547.665195
7471789.649210 -681468.906991 0.000000 1.590998 2.919000 0.001876 1630070547.715217
7471789.647428 -681468.770976 0.000000 1.590950 2.909000 0.001876 1630070547.765256
7471789.645657 -681468.635000 0.000000 1.590904 2.909000 0.001876 1630070547.815278
7471789.643883 -681468.498264 0.000000 1.590858 2.929000 0.001876 1630070547.865214
7471789.642111 -681468.361181 0.000000 1.590812 2.929000 0.001876 1630070547.915266
7471789.640322 -681468.222623 0.000000 1.590767 2.939000 0.001876 1630070547.965305
7471789.638680 -681468.091004 0.000000 1.590717 2.861000 0.001876 1630070548.015294
7471789.637005 -681467.957325 0.000000 1.590671 2.861000 0.001876 1630070548.065334
7471789.635325 -681467.822747 0.000000 1.590626 2.871000 0.001876 1630070548.115335
7471789.633663 -681467.688541 0.000000 1.590581 2.871000 0.001876 1630070548.165377
7471789.632014 -681467.554555 0.000000 1.590534 2.861000 0.001876 1630070548.215513
7471789.630337 -681467.418680 0.000000 1.590491 2.871000 0.001876 1630070548.265954
7471789.628769 -681467.287786 0.000000 1.590443 2.851000 0.001876 1630070548.315526
7471789.627198 -681467.156304 0.000000 1.590398 2.833000 0.001876 1630070548.365576
7471789.625641 -681467.024954 0.000000 1.590353 2.823000 0.001876 1630070548.415613
7471789.624052 -681466.891565 0.000000 1.590308 2.813000 0.001876 1630070548.466015
7471789.622531 -681466.761175 0.000000 1.590262 2.813000 0.001876 1630070548.515702
7471789.621002 -681466.629793 0.000000 1.590218 2.813000 0.001876 1630070548.565737
7471789.619500 -681466.499393 0.000000 1.590174 2.803000 0.001876 1630070548.615774
7471789.617989 -681466.368004 0.000000 1.590131 2.793000 0.001876 1630070548.666339
7471789.616551 -681466.239982 0.000000 1.590083 2.785000 0.001876 1630070548.715801
7471789.615146 -681466.113162 0.000000 1.590039 2.755000 0.001876 1630070548.765752
7471789.613866 -681465.992431 0.000000 1.589992 2.677000 0.001876 1630070548.815779
7471789.612601 -681465.871980 0.000000 1.589950 2.707000 0.001876 1630070548.866181
7471789.611265 -681465.747379 0.000000 1.589905 2.707000 0.001876 1630070548.915633
7471789.609752 -681465.612953 0.000000 1.589866 2.793000 0.001876 1630070548.965554
7471789.608471 -681465.490318 0.000000 1.589820 2.717000 0.001876 1630070549.015486
7471789.607200 -681465.367750 0.000000 1.589775 2.669000 0.001876 1630070549.065762
7471789.605818 -681465.238917 0.000000 1.589733 2.727000 0.001876 1630070549.115313
7471789.604490 -681465.112398 0.000000 1.589691 2.717000 0.001876 1630070549.165262
7471789.603203 -681464.987708 0.000000 1.589647 2.697000 0.001876 1630070549.215268
7471789.601937 -681464.863632 0.000000 1.589604 2.677000 0.001876 1630070549.265226
7471789.600668 -681464.738975 0.000000 1.589561 2.677000 0.001876 1630070549.315208
7471789.599408 -681464.614337 0.000000 1.589519 2.677000 0.001876 1630070549.365178
7471789.598171 -681464.490456 0.000000 1.589477 2.669000 0.001876 1630070549.415157
7471789.596969 -681464.368118 0.000000 1.589434 2.649000 0.001876 1630070549.465152
7471789.595791 -681464.246650 0.000000 1.589391 2.629000 0.001876 1630070549.515190
7471789.594621 -681464.125194 0.000000 1.589350 2.619000 0.001876 1630070549.565217
7471789.593458 -681464.003694 0.000000 1.589307 2.611000 0.001876 1630070549.615217
7471789.592318 -681463.883005 0.000000 1.589266 2.601000 0.001876 1630070549.665283
7471789.591190 -681463.762614 0.000000 1.589223 2.591000 0.001876 1630070549.715228
7471789.591320 -681463.651423 0.000000 1.589030 2.639000 0.001876 1630070549.765267
7471789.590159 -681463.528265 0.000000 1.588989 2.793000 0.001876 1630070549.815333
7471789.587617 -681463.388576 0.000000 1.589109 2.793000 0.001876 1630070549.865355
7471789.586585 -681463.271793 0.000000 1.589056 2.513000 0.001876 1630070549.915387
7471789.585732 -681463.164517 0.000000 1.589012 2.417000 0.001876 1630070549.965452
7471789.585978 -681463.057106 0.000000 1.588827 2.619000 0.001876 1630070550.015470
7471789.583615 -681462.926086 0.000000 1.588940 2.619000 0.001876 1630070550.065505
7471789.582461 -681462.801032 0.000000 1.588902 2.677000 0.001876 1630070550.115535
7471789.581481 -681462.685178 0.000000 1.588854 2.495000 0.001876 1630070550.165520
7471789.580497 -681462.568699 0.000000 1.588815 2.503000 0.001876 1630070550.215587
7471789.579456 -681462.448709 0.000000 1.588778 2.551000 0.001876 1630070550.266081
7471789.578531 -681462.334850 0.000000 1.588734 2.513000 0.001876 1630070550.315655
7471789.577564 -681462.218197 0.000000 1.588696 2.503000 0.001876 1630070550.365769
7471789.576656 -681462.104504 0.000000 1.588656 2.475000 0.001876 1630070550.415813
7471789.575694 -681461.987358 0.000000 1.588617 2.485000 0.001876 1630070550.466474
7471789.574802 -681461.873834 0.000000 1.588575 2.475000 0.001876 1630070550.515868
7471789.573903 -681461.759587 0.000000 1.588537 2.455000 0.001876 1630070550.565951
7471789.573015 -681461.645537 0.000000 1.588499 2.455000 0.001876 1630070550.615946
7471789.572097 -681461.529359 0.000000 1.588461 2.465000 0.001876 1630070550.666594
7471789.571237 -681461.416123 0.000000 1.588420 2.465000 0.001876 1630070550.716040
7471789.570396 -681461.303632 0.000000 1.588382 2.445000 0.001876 1630070550.765982
7471789.569573 -681461.191844 0.000000 1.588343 2.427000 0.001876 1630070550.815960
7471789.568659 -681461.074429 0.000000 1.588307 2.455000 0.001876 1630070550.866716
7471789.567863 -681460.963381 0.000000 1.588265 2.427000 0.001876 1630070550.915793
7471789.567038 -681460.850371 0.000000 1.588230 2.435000 0.001876 1630070550.965715
7471789.566221 -681460.737430 0.000000 1.588192 2.435000 0.001876 1630070551.015601
7471789.565385 -681460.623067 0.000000 1.588155 2.435000 0.001876 1630070551.066062
7471789.564614 -681460.512079 0.000000 1.588115 2.427000 0.001876 1630070551.115457
7471789.563820 -681460.399319 0.000000 1.588078 2.427000 0.001876 1630070551.165408
7471789.563045 -681460.287377 0.000000 1.588041 2.417000 0.001876 1630070551.215425
7471789.562280 -681460.175575 0.000000 1.588003 2.407000 0.001876 1630070551.265376
7471789.561520 -681460.063768 0.000000 1.587966 2.407000 0.001876 1630070551.315321
7471789.560797 -681459.953736 0.000000 1.587930 2.387000 0.001876 1630070551.365350
7471789.560068 -681459.842877 0.000000 1.587893 2.387000 0.001876 1630070551.415299
7471789.559302 -681459.729497 0.000000 1.587857 2.407000 0.001876 1630070551.465457
7471789.558587 -681459.618766 0.000000 1.587820 2.397000 0.001876 1630070551.515336
7471789.557882 -681459.508246 0.000000 1.587784 2.387000 0.001876 1630070551.565326
7471789.557140 -681459.395103 0.000000 1.587749 2.407000 0.001876 1630070551.615359
7471789.556469 -681459.285829 0.000000 1.587711 2.379000 0.001876 1630070551.665356
7471789.555766 -681459.174207 0.000000 1.587676 2.387000 0.001876 1630070551.715405
7471789.555058 -681459.062000 0.000000 1.587640 2.397000 0.001876 1630070551.765439
7471789.554381 -681458.951188 0.000000 1.587605 2.387000 0.001876 1630070551.815509
7471789.553707 -681458.840141 0.000000 1.587569 2.387000 0.001876 1630070551.865459
7471789.553065 -681458.730639 0.000000 1.587533 2.369000 0.001876 1630070551.915507
7471789.552398 -681458.619244 0.000000 1.587498 2.379000 0.001876 1630070551.965544
7471789.551745 -681458.508324 0.000000 1.587463 2.379000 0.001876 1630070552.015582
7471789.551131 -681458.399376 0.000000 1.587428 2.359000 0.001876 1630070552.065624
7471789.550505 -681458.289228 0.000000 1.587393 2.359000 0.001876 1630070552.115742
7471789.549900 -681458.180049 0.000000 1.587358 2.349000 0.001876 1630070552.165865
7471789.549301 -681458.070751 0.000000 1.587323 2.349000 0.001876 1630070552.215817
7471789.548666 -681457.958973 0.000000 1.587291 2.359000 0.001876 1630070552.266387
7471789.548101 -681457.851033 0.000000 1.587254 2.349000 0.001876 1630070552.315958
7471789.547532 -681457.742516 0.000000 1.587221 2.339000 0.001876 1630070552.365975
7471789.546928 -681457.631348 0.000000 1.587188 2.359000 0.001876 1630070552.416048
7471789.546333 -681457.520484 0.000000 1.587155 2.349000 0.001876 1630070552.466836
7471789.545794 -681457.412570 0.000000 1.587119 2.339000 0.001876 1630070552.516573
7471789.545273 -681457.305509 0.000000 1.587084 2.329000 0.001876 1630070552.566144
7471789.544715 -681457.195777 0.000000 1.587053 2.339000 0.001876 1630070552.616212
7471789.544146 -681457.085049 0.000000 1.587021 2.339000 0.001876 1630070552.666909
7471789.543654 -681456.978659 0.000000 1.586985 2.329000 0.001876 1630070552.716169
7471789.543111 -681456.868763 0.000000 1.586953 2.339000 0.001876 1630070552.766071
7471789.542572 -681456.758795 0.000000 1.586921 2.349000 0.001876 1630070552.815990
7471789.542054 -681456.649767 0.000000 1.586888 2.329000 0.001876 1630070552.866567
7471789.541559 -681456.541833 0.000000 1.586854 2.339000 0.001876 1630070552.915809
7471789.541054 -681456.432858 0.000000 1.586823 2.339000 0.001876 1630070552.965702
7471789.540569 -681456.324857 0.000000 1.586790 2.329000 0.001876 1630070553.015597
7471789.540047 -681456.214141 0.000000 1.586759 2.339000 0.001876 1630070553.066004
7471789.539577 -681456.106446 0.000000 1.586725 2.339000 0.001876 1630070553.115323
7471789.539105 -681455.998318 0.000000 1.586695 2.329000 0.001876 1630070553.165243
7471789.538590 -681455.887043 0.000000 1.586664 2.359000 0.001876 1630070553.215009
7471789.538085 -681455.776040 0.000000 1.586634 2.369000 0.001876 1630070553.264864
7471789.537620 -681455.667323 0.000000 1.586601 2.349000 0.001876 1630070553.314797
7471789.537129 -681455.556673 0.000000 1.586570 2.359000 0.001876 1630070553.364694
7471789.536636 -681455.445489 0.000000 1.586540 2.369000 0.001876 1630070553.414598
7471789.536154 -681455.334737 0.000000 1.586509 2.369000 0.001876 1630070553.464521
7471789.535691 -681455.224875 0.000000 1.586477 2.359000 0.001876 1630070553.514480
7471789.535223 -681455.114487 0.000000 1.586447 2.359000 0.001876 1630070553.564442
7471789.534729 -681455.002075 0.000000 1.586417 2.379000 0.001876 1630070553.614406
7471789.534273 -681454.891705 0.000000 1.586387 2.369000 0.001876 1630070553.664342
7471789.533796 -681454.779807 0.000000 1.586357 2.379000 0.001876 1630070553.714282
7471789.533301 -681454.666369 0.000000 1.586328 2.397000 0.001876 1630070553.764313
7471789.532826 -681454.553939 0.000000 1.586298 2.397000 0.001876 1630070553.814290
7471789.532339 -681454.440440 0.000000 1.586269 2.407000 0.001876 1630070553.864287
7471789.531877 -681454.328319 0.000000 1.586239 2.397000 0.001876 1630070553.914325
7471789.531415 -681454.215803 0.000000 1.586209 2.397000 0.001876 1630070553.964310
7471789.530956 -681454.103310 0.000000 1.586180 2.397000 0.001876 1630070554.014277
7471789.530483 -681453.989621 0.000000 1.586152 2.407000 0.001876 1630070554.064316
7471789.530025 -681453.876570 0.000000 1.586123 2.407000 0.001876 1630070554.114288
7471789.529568 -681453.763311 0.000000 1.586094 2.407000 0.001876 1630070554.164337
7471789.529116 -681453.650122 0.000000 1.586065 2.407000 0.001876 1630070554.214348
7471789.528624 -681453.534155 0.000000 1.586038 2.427000 0.001876 1630070554.264670
7471789.528206 -681453.422538 0.000000 1.586008 2.407000 0.001876 1630070554.314427
7471789.527748 -681453.308188 0.000000 1.585980 2.417000 0.001876 1630070554.364477
7471789.527303 -681453.194423 0.000000 1.585952 2.417000 0.001876 1630070554.414481
7471789.526839 -681453.079052 0.000000 1.585925 2.427000 0.001876 1630070554.464725
7471789.526391 -681452.964377 0.000000 1.585897 2.435000 0.001876 1630070554.514549
7471789.525940 -681452.849438 0.000000 1.585870 2.435000 0.001876 1630070554.564637
7471789.525507 -681452.735320 0.000000 1.585843 2.427000 0.001876 1630070554.614707
7471789.525054 -681452.619552 0.000000 1.585816 2.435000 0.001876 1630070554.665115
7471789.524617 -681452.504604 0.000000 1.585787 2.445000 0.001876 1630070554.714766
7471789.524176 -681452.389165 0.000000 1.585761 2.445000 0.001876 1630070554.764814
7471789.523735 -681452.273606 0.000000 1.585734 2.445000 0.001876 1630070554.814902
7471789.523254 -681452.155097 0.000000 1.585710 2.465000 0.001876 1630070554.865364
7471789.522822 -681452.039591 0.000000 1.585681 2.465000 0.001876 1630070554.915005
7471789.522378 -681451.923630 0.000000 1.585656 2.455000 0.001876 1630070554.965026
7471789.521918 -681451.806732 0.000000 1.585630 2.465000 0.001876 1630070555.015015
7471789.521434 -681451.688399 0.000000 1.585604 2.475000 0.001876 1630070555.065374
7471789.520978 -681451.572285 0.000000 1.585578 2.475000 0.001876 1630070555.115032
7471789.520538 -681451.457371 0.000000 1.585552 2.455000 0.001876 1630070555.165002
7471789.520086 -681451.341867 0.000000 1.585525 2.445000 0.001876 1630070555.215005
7471789.519619 -681451.225481 0.000000 1.585501 2.455000 0.001876 1630070555.264953
7471789.519140 -681451.108552 0.000000 1.585475 2.465000 0.001876 1630070555.314911
7471789.518651 -681450.991132 0.000000 1.585450 2.475000 0.001876 1630070555.364858
7471789.518166 -681450.874183 0.000000 1.585425 2.475000 0.001876 1630070555.414809
7471789.517661 -681450.756186 0.000000 1.585401 2.485000 0.001876 1630070555.464772
7471789.517160 -681450.638602 0.000000 1.585377 2.485000 0.001876 1630070555.514762
7471789.516627 -681450.519126 0.000000 1.585353 2.503000 0.001876 1630070555.564781
7471789.516104 -681450.400551 0.000000 1.585329 2.503000 0.001876 1630070555.614792
7471789.515579 -681450.282090 0.000000 1.585305 2.503000 0.001876 1630070555.664749
7471789.515047 -681450.163454 0.000000 1.585281 2.503000 0.001876 1630070555.714768
7471789.514470 -681450.041868 0.000000 1.585258 2.533000 0.001876 1630070555.764759
7471789.513924 -681449.922730 0.000000 1.585234 2.523000 0.001876 1630070555.814762
7471789.513369 -681449.803161 0.000000 1.585209 2.523000 0.001876 1630070555.864730
7471789.512792 -681449.682314 0.000000 1.585187 2.533000 0.001876 1630070555.914799
7471789.512221 -681449.562177 0.000000 1.585163 2.533000 0.001876 1630070555.964777
7471789.511630 -681449.440884 0.000000 1.585140 2.543000 0.001876 1630070556.014808
7471789.511045 -681449.320244 0.000000 1.585117 2.543000 0.001876 1630070556.064770
7471789.510442 -681449.198581 0.000000 1.585095 2.551000 0.001876 1630070556.114812
7471789.509846 -681449.077553 0.000000 1.585072 2.551000 0.001876 1630070556.164752
7471789.509243 -681448.956341 0.000000 1.585049 2.551000 0.001876 1630070556.214756
7471789.508594 -681448.831995 0.000000 1.585029 2.571000 0.001876 1630070556.265191
7471789.507971 -681448.709822 0.000000 1.585005 2.581000 0.001876 1630070556.314773
7471789.507340 -681448.586623 0.000000 1.584983 2.591000 0.001876 1630070556.364749
7471789.506714 -681448.463229 0.000000 1.584962 2.591000 0.001876 1630070556.414795
7471789.506080 -681448.338828 0.000000 1.584940 2.591000 0.001876 1630070556.465224
7471789.505465 -681448.215478 0.000000 1.584918 2.601000 0.001876 1630070556.514856
7471789.504854 -681448.091659 0.000000 1.584897 2.601000 0.001876 1630070556.564857
7471789.504231 -681447.966738 0.000000 1.584875 2.611000 0.001876 1630070556.614892
7471789.503588 -681447.839799 0.000000 1.584856 2.629000 0.001876 1630070556.665195
7471789.502997 -681447.716194 0.000000 1.584833 2.619000 0.001876 1630070556.714947
7471789.502381 -681447.590327 0.000000 1.584813 2.629000 0.001876 1630070556.764985
7471789.501765 -681447.464006 0.000000 1.584793 2.639000 0.001876 1630070556.814999
7471789.501148 -681447.337149 0.000000 1.584772 2.639000 0.001876 1630070556.865400
7471789.500575 -681447.213022 0.000000 1.584750 2.629000 0.001876 1630070556.915141
7471789.499978 -681447.086648 0.000000 1.584731 2.649000 0.001876 1630070556.965159
7471789.499387 -681446.960396 0.000000 1.584711 2.649000 0.001876 1630070557.015126
7471789.498770 -681446.831837 0.000000 1.584691 2.659000 0.001876 1630070557.065579
7471789.498183 -681446.704896 0.000000 1.584670 2.669000 0.001876 1630070557.115230
7471789.497607 -681446.578468 0.000000 1.584650 2.649000 0.001876 1630070557.165247
7471789.497013 -681446.450283 0.000000 1.584632 2.669000 0.001876 1630070557.215355
7471789.496441 -681446.323315 0.000000 1.584611 2.659000 0.001876 1630070557.265376
7471789.495873 -681446.196278 0.000000 1.584593 2.659000 0.001876 1630070557.315418
7471789.495303 -681446.068718 0.000000 1.584573 2.669000 0.001876 1630070557.365463
7471789.494732 -681445.940754 0.000000 1.584554 2.677000 0.001876 1630070557.415504
7471789.494179 -681445.813775 0.000000 1.584534 2.659000 0.001876 1630070557.465508
7471789.493628 -681445.686639 0.000000 1.584517 2.659000 0.001876 1630070557.515565
7471789.493076 -681445.559069 0.000000 1.584498 2.669000 0.001876 1630070557.565592
7471789.492537 -681445.432136 0.000000 1.584478 2.659000 0.001876 1630070557.615562
7471789.491997 -681445.304841 0.000000 1.584461 2.659000 0.001876 1630070557.665662
7471789.492733 -681445.183598 0.000000 1.584310 2.669000 0.001876 1630070557.715504
7471789.490931 -681445.050267 0.000000 1.584425 2.669000 0.001876 1630070557.765464
7471789.490402 -681444.922842 0.000000 1.584407 2.669000 0.001876 1630070557.815408
7471789.489852 -681444.793674 0.000000 1.584390 2.669000 0.001876 1630070557.865999
7471789.489368 -681444.668962 0.000000 1.584370 2.659000 0.001876 1630070557.915289
7471789.488868 -681444.542791 0.000000 1.584353 2.649000 0.001876 1630070557.965305
7471789.488363 -681444.416191 0.000000 1.584336 2.649000 0.001876 1630070558.015291
7471789.487865 -681444.289663 0.000000 1.584319 2.649000 0.001876 1630070558.065244
7471789.487367 -681444.162959 0.000000 1.584302 2.649000 0.001876 1630070558.115257
7471789.486885 -681444.037269 0.000000 1.584285 2.639000 0.001876 1630070558.165259
7471789.486400 -681443.911009 0.000000 1.584269 2.639000 0.001876 1630070558.215281
7471789.485917 -681443.784777 0.000000 1.584252 2.639000 0.001876 1630070558.265286
7471789.485451 -681443.659518 0.000000 1.584235 2.629000 0.001876 1630070558.315294
7471789.484996 -681443.534851 0.000000 1.584219 2.619000 0.001876 1630070558.365261
7471789.484534 -681443.409465 0.000000 1.584203 2.619000 0.001876 1630070558.415305
7471789.484063 -681443.283196 0.000000 1.584187 2.629000 0.001876 1630070558.465297
7471789.483613 -681443.158190 0.000000 1.584171 2.619000 0.001876 1630070558.515373
7471789.483172 -681443.033679 0.000000 1.584155 2.611000 0.001876 1630070558.565368
7471789.482740 -681442.909634 0.000000 1.584139 2.601000 0.001876 1630070558.615407
7471789.482304 -681442.785120 0.000000 1.584124 2.601000 0.001876 1630070558.665427
7471789.481897 -681442.662599 0.000000 1.584108 2.581000 0.001876 1630070558.715443
7471789.481519 -681442.541975 0.000000 1.584092 2.551000 0.001876 1630070558.765492
7471789.481122 -681442.419851 0.000000 1.584077 2.551000 0.001876 1630070558.815534
7471789.480675 -681442.293758 0.000000 1.584065 2.591000 0.001876 1630070558.865556
7471789.480309 -681442.173575 0.000000 1.584048 2.551000 0.001876 1630070558.915607
7471789.479892 -681442.049365 0.000000 1.584035 2.571000 0.001876 1630070558.965660
7471789.479502 -681441.927101 0.000000 1.584020 2.561000 0.001876 1630070559.015728
7471789.479133 -681441.806306 0.000000 1.584005 2.543000 0.001876 1630070559.065723
7471789.478763 -681441.685379 0.000000 1.583991 2.533000 0.001876 1630070559.115801
7471789.478404 -681441.565111 0.000000 1.583977 2.523000 0.001876 1630070559.165810
7471789.478039 -681441.444292 0.000000 1.583964 2.523000 0.001876 1630070559.215831
7471789.477662 -681441.322520 0.000000 1.583951 2.533000 0.001876 1630070559.265826
7471789.477262 -681441.198804 0.000000 1.583938 2.561000 0.001876 1630070559.315869
7471789.476876 -681441.076079 0.000000 1.583925 2.561000 0.001876 1630070559.365870
7471789.476590 -681440.960949 0.000000 1.583909 2.485000 0.001876 1630070559.415864
7471789.476432 -681440.855609 0.000000 1.583891 2.349000 0.001876 1630070559.465853
7471789.476234 -681440.747114 0.000000 1.583877 2.311000 0.001876 1630070559.515901
7471789.475788 -681440.619415 0.000000 1.583871 2.485000 0.001876 1630070559.565896
7471789.475432 -681440.498596 0.000000 1.583860 2.503000 0.001876 1630070559.615894
7471789.475165 -681440.384461 0.000000 1.583845 2.445000 0.001876 1630070559.665891
7471789.474895 -681440.270272 0.000000 1.583832 2.417000 0.001876 1630070559.715860
7471789.474560 -681440.150768 0.000000 1.583822 2.455000 0.001876 1630070559.765869
7471789.474278 -681440.035412 0.000000 1.583809 2.435000 0.001876 1630070559.815767
7471789.473975 -681439.918339 0.000000 1.583799 2.427000 0.001876 1630070559.866281
7471789.473715 -681439.804499 0.000000 1.583784 2.417000 0.001876 1630070559.915702
7471789.473431 -681439.688885 0.000000 1.583774 2.417000 0.001876 1630070559.965639
7471789.473147 -681439.573091 0.000000 1.583763 2.417000 0.001876 1630070560.015642
7471789.472876 -681439.458367 0.000000 1.583751 2.407000 0.001876 1630070560.065608
7471789.472599 -681439.343075 0.000000 1.583741 2.407000 0.001876 1630070560.115592
7471789.472347 -681439.229751 0.000000 1.583729 2.387000 0.001876 1630070560.165581
7471789.472094 -681439.116295 0.000000 1.583717 2.379000 0.001876 1630070560.215532
7471789.471846 -681439.003406 0.000000 1.583707 2.369000 0.001876 1630070560.265488
7471789.471606 -681438.891085 0.000000 1.583695 2.359000 0.001876 1630070560.315406
7471789.471382 -681438.780050 0.000000 1.583685 2.339000 0.001876 1630070560.365405
7471789.471167 -681438.669927 0.000000 1.583674 2.319000 0.001876 1630070560.415433
7471789.470966 -681438.560779 0.000000 1.583663 2.301000 0.001876 1630070560.465376
7471789.470751 -681438.450607 0.000000 1.583654 2.301000 0.001876 1630070560.515363
7471789.470543 -681438.341036 0.000000 1.583643 2.291000 0.001876 1630070560.565297
7471789.470332 -681438.231378 0.000000 1.583633 2.291000 0.001876 1630070560.615258
7471789.470144 -681438.123594 0.000000 1.583624 2.271000 0.001876 1630070560.665265
7471789.469953 -681438.015590 0.000000 1.583614 2.263000 0.001876 1630070560.715271
7471789.469756 -681437.907303 0.000000 1.583605 2.263000 0.001876 1630070560.765215
7471789.469568 -681437.799785 0.000000 1.583596 2.253000 0.001876 1630070560.815251
7471789.469387 -681437.692898 0.000000 1.583586 2.243000 0.001876 1630070560.865219
7471789.469196 -681437.585489 0.000000 1.583577 2.243000 0.001876 1630070560.915186
7471789.469003 -681437.477994 0.000000 1.583570 2.243000 0.001876 1630070560.965181
7471789.468831 -681437.372322 0.000000 1.583560 2.223000 0.001876 1630070561.015245
7471789.468661 -681437.266831 0.000000 1.583551 2.213000 0.001876 1630070561.065217
7471789.468502 -681437.162539 0.000000 1.583542 2.195000 0.001876 1630070561.115224
7471789.468343 -681437.058256 0.000000 1.583534 2.185000 0.001876 1630070561.165261
7471789.468187 -681436.954484 0.000000 1.583526 2.175000 0.001876 1630070561.215283
7471789.468035 -681436.851140 0.000000 1.583517 2.165000 0.001876 1630070561.265327
7471789.467888 -681436.748359 0.000000 1.583509 2.155000 0.001876 1630070561.315332
7471789.467742 -681436.645791 0.000000 1.583500 2.147000 0.001876 1630070561.365365
7471789.467602 -681436.543875 0.000000 1.583493 2.137000 0.001876 1630070561.415364
7471789.467477 -681436.443343 0.000000 1.583485 2.117000 0.001876 1630070561.465405
7471789.467362 -681436.343734 0.000000 1.583476 2.097000 0.001876 1630070561.515472
7471789.467233 -681436.243212 0.000000 1.583469 2.097000 0.001876 1630070561.565486
7471789.467101 -681436.142646 0.000000 1.583462 2.097000 0.001876 1630070561.615509
7471789.466979 -681436.043067 0.000000 1.583456 2.087000 0.001876 1630070561.665526
7471789.466847 -681435.942886 0.000000 1.583449 2.087000 0.001876 1630070561.715580
7471789.466723 -681435.843532 0.000000 1.583442 2.079000 0.001876 1630070561.765610
7471789.466610 -681435.745269 0.000000 1.583435 2.059000 0.001876 1630070561.815632
7471789.466487 -681435.646346 0.000000 1.583428 2.059000 0.001876 1630070561.865719
7471789.466384 -681435.549440 0.000000 1.583421 2.039000 0.001876 1630070561.915787
7471789.466259 -681435.451595 0.000000 1.583415 2.039000 0.001876 1630070561.965811
7471789.466132 -681435.354530 0.000000 1.583408 2.031000 0.001876 1630070562.015833
7471789.465996 -681435.257882 0.000000 1.583402 2.021000 0.001876 1630070562.065933
7471789.465859 -681435.162017 0.000000 1.583395 2.011000 0.001876 1630070562.115880
7471789.465717 -681435.066698 0.000000 1.583389 2.001000 0.001876 1630070562.165791
7471789.465566 -681434.971725 0.000000 1.583384 1.991000 0.001876 1630070562.215765
7471789.465423 -681434.878268 0.000000 1.583377 1.971000 0.001876 1630070562.265717
7471789.465264 -681434.784537 0.000000 1.583371 1.963000 0.001876 1630070562.315694
7471789.465117 -681434.692845 0.000000 1.583364 1.933000 0.001876 1630070562.365687
7471789.464946 -681434.600157 0.000000 1.583359 1.933000 0.001876 1630070562.415666
7471789.464774 -681434.508354 0.000000 1.583353 1.915000 0.001876 1630070562.465638
7471789.464598 -681434.417070 0.000000 1.583348 1.905000 0.001876 1630070562.515585
7471789.464407 -681434.325714 0.000000 1.583343 1.905000 0.001876 1630070562.565558
7471789.464213 -681434.234919 0.000000 1.583337 1.895000 0.001876 1630070562.615485
7471789.464010 -681434.144461 0.000000 1.583332 1.885000 0.001876 1630070562.665485
7471789.463801 -681434.054529 0.000000 1.583328 1.875000 0.001876 1630070562.715458
7471789.463586 -681433.965027 0.000000 1.583322 1.865000 0.001876 1630070562.765455
7471789.463364 -681433.875995 0.000000 1.583318 1.855000 0.001876 1630070562.815454
7471789.463134 -681433.787233 0.000000 1.583313 1.847000 0.001876 1630070562.865510
7471789.462942 -681433.702568 0.000000 1.583306 1.789000 0.001876 1630070562.915444
7471789.462743 -681433.618265 0.000000 1.583301 1.759000 0.001876 1630070562.965439
7471789.462532 -681433.533944 0.000000 1.583297 1.759000 0.001876 1630070563.015431
7471789.462309 -681433.449619 0.000000 1.583292 1.759000 0.001876 1630070563.065410
7471789.462097 -681433.367138 0.000000 1.583286 1.721000 0.001876 1630070563.115405
7471789.461869 -681433.284500 0.000000 1.583283 1.721000 0.001876 1630070563.165476
7471789.461632 -681433.201970 0.000000 1.583279 1.721000 0.001876 1630070563.215470
7471789.461441 -681433.124147 0.000000 1.583273 1.673000 0.001876 1630070563.265502
7471789.461208 -681433.043862 0.000000 1.583269 1.673000 0.001876 1630070563.315555
7471789.460988 -681432.965635 0.000000 1.583264 1.653000 0.001876 1630070563.365557
7471789.460780 -681432.889314 0.000000 1.583260 1.623000 0.001876 1630070563.415601
7471789.460551 -681432.812291 0.000000 1.583256 1.615000 0.001876 1630070563.465629
7471789.460342 -681432.737869 0.000000 1.583251 1.585000 0.001876 1630070563.515639
7471789.460156 -681432.665750 0.000000 1.583246 1.547000 0.001876 1630070563.565636
7471789.459998 -681432.596481 0.000000 1.583241 1.499000 0.001876 1630070563.615654
7471789.459863 -681432.529590 0.000000 1.583235 1.451000 0.001876 1630070563.665675
7471789.459694 -681432.460423 0.000000 1.583231 1.451000 0.001876 1630070563.715598
7471789.459614 -681432.398939 0.000000 1.583225 1.373000 0.001876 1630070563.765584
7471789.459493 -681432.334595 0.000000 1.583222 1.363000 0.001876 1630070563.815531
7471789.459334 -681432.267750 0.000000 1.583219 1.383000 0.001876 1630070563.865468
7471789.459174 -681432.201187 0.000000 1.583217 1.391000 0.001876 1630070563.915333
7471789.459012 -681432.134983 0.000000 1.583214 1.391000 0.001876 1630070563.965214
7471789.458865 -681432.070558 0.000000 1.583210 1.373000 0.001876 1630070564.015095
7471789.458714 -681432.006191 0.000000 1.583207 1.363000 0.001876 1630070564.064992
7471789.458564 -681431.942276 0.000000 1.583203 1.353000 0.001876 1630070564.114911
7471789.458424 -681431.879605 0.000000 1.583199 1.335000 0.001876 1630070564.164857
7471789.458267 -681431.816108 0.000000 1.583196 1.335000 0.001876 1630070564.214736
7471789.458116 -681431.753491 0.000000 1.583193 1.325000 0.001876 1630070564.264689
7471789.457972 -681431.691827 0.000000 1.583189 1.305000 0.001876 1630070564.314665
7471789.457817 -681431.629639 0.000000 1.583187 1.305000 0.001876 1630070564.364645
7471789.457655 -681431.567456 0.000000 1.583184 1.305000 0.001876 1630070564.414609
7471789.457514 -681431.507300 0.000000 1.583181 1.285000 0.001876 1630070564.464535
7471789.457365 -681431.447038 0.000000 1.583178 1.275000 0.001876 1630070564.514530
7471789.457205 -681431.386249 0.000000 1.583175 1.275000 0.001876 1630070564.564531
7471789.457051 -681431.326263 0.000000 1.583172 1.267000 0.001876 1630070564.614516
7471789.456885 -681431.265873 0.000000 1.583169 1.267000 0.001876 1630070564.664489
7471789.456713 -681431.205414 0.000000 1.583168 1.267000 0.001876 1630070564.714501
7471789.456560 -681431.146930 0.000000 1.583165 1.247000 0.001876 1630070564.764518
7471789.456389 -681431.087377 0.000000 1.583162 1.247000 0.001876 1630070564.814575
7471789.456036 -681431.013531 0.000000 1.583166 1.391000 0.001876 1630070564.864530
7471789.455943 -681430.961234 0.000000 1.583158 1.247000 0.001876 1630070564.914506
7471789.455742 -681430.900552 0.000000 1.583155 1.257000 0.001876 1630070564.964619
7471789.455580 -681430.843584 0.000000 1.583152 1.227000 0.001876 1630070565.014546
7471789.455394 -681430.785007 0.000000 1.583150 1.227000 0.001876 1630070565.064544
7471789.455178 -681430.724445 0.000000 1.583149 1.247000 0.001876 1630070565.114515
7471789.454969 -681430.664854 0.000000 1.583147 1.247000 0.001876 1630070565.164493
7471789.454727 -681430.603163 0.000000 1.583146 1.267000 0.001876 1630070565.214535
7471789.454495 -681430.542573 0.000000 1.583143 1.267000 0.001876 1630070565.264481
7471789.454221 -681430.479092 0.000000 1.583143 1.295000 0.001876 1630070565.314484
7471789.453959 -681430.416995 0.000000 1.583141 1.295000 0.001876 1630070565.364482
7471789.453680 -681430.353860 0.000000 1.583139 1.305000 0.001876 1630070565.414495
7471789.453354 -681430.287392 0.000000 1.583139 1.343000 0.001876 1630070565.464516
7471789.453019 -681430.220757 0.000000 1.583138 1.363000 0.001876 1630070565.514570
7471789.452682 -681430.154223 0.000000 1.583136 1.373000 0.001876 1630070565.564536
7471789.452313 -681430.085663 0.000000 1.583136 1.421000 0.001876 1630070565.614578
7471789.451921 -681430.015646 0.000000 1.583136 1.451000 0.001876 1630070565.664574
7471789.451513 -681429.944643 0.000000 1.583135 1.469000 0.001876 1630070565.714616
7471789.451093 -681429.873217 0.000000 1.583134 1.479000 0.001876 1630070565.764591
7471789.450665 -681429.801640 0.000000 1.583133 1.479000 0.001876 1630070565.814654
7471789.450197 -681429.727280 0.000000 1.583132 1.507000 0.001876 1630070565.864691
7471789.449679 -681429.649313 0.000000 1.583132 1.557000 0.001876 1630070565.914718
7471789.449199 -681429.574783 0.000000 1.583131 1.547000 0.001876 1630070565.964774
7471789.448709 -681429.499851 0.000000 1.583129 1.547000 0.001876 1630070566.014755
7471789.448165 -681429.420947 0.000000 1.583129 1.585000 0.001876 1630070566.064833
7471789.447604 -681429.340986 0.000000 1.583129 1.615000 0.001876 1630070566.114870
7471789.447069 -681429.263509 0.000000 1.583127 1.605000 0.001876 1630070566.164906
7471789.446500 -681429.183678 0.000000 1.583127 1.623000 0.001876 1630070566.214963
7471789.445915 -681429.102879 0.000000 1.583126 1.643000 0.001876 1630070566.264926
7471789.445325 -681429.021969 0.000000 1.583125 1.653000 0.001876 1630070566.314946
7471789.444709 -681428.939581 0.000000 1.583125 1.673000 0.001876 1630070566.364940
7471789.444068 -681428.855384 0.000000 1.583124 1.701000 0.001876 1630070566.414929
7471789.443425 -681428.771417 0.000000 1.583124 1.711000 0.001876 1630070566.465005
7471789.442784 -681428.688097 0.000000 1.583123 1.711000 0.001876 1630070566.514984
7471789.442115 -681428.602779 0.000000 1.583122 1.731000 0.001876 1630070566.564951
7471789.441464 -681428.519274 0.000000 1.583121 1.721000 0.001876 1630070566.615014
7471789.440780 -681428.433592 0.000000 1.583121 1.739000 0.001876 1630070566.664993
