7471792.340756 -681531.611908 1.711095 1630070524.816540
7471792.324793 -681531.498872 1.711647 1630070524.866587
7471792.312789 -681531.413904 1.711733 1630070524.917350
7471792.299066 -681531.317194 1.711788 1630070524.966683
7471792.286140 -681531.226210 1.711695 1630070525.016649
7471792.273504 -681531.137217 1.711456 1630070525.066650
7471792.262165 -681531.057101 1.711104 1630070525.116595
7471792.247680 -681530.954700 1.710553 1630070525.166620
7471792.234640 -681530.862101 1.709972 1630070525.216527
7471792.221775 -681530.770336 1.709334 1630070525.266451
7471792.209945 -681530.685422 1.708764 1630070525.316403
7471792.196207 -681530.586652 1.707967 1630070525.366260
7471792.183582 -681530.495222 1.707193 1630070525.416164
7471792.170803 -681530.402153 1.706418 1630070525.466141
7471792.158381 -681530.311016 1.705577 1630070525.516063
7471792.144751 -681530.210732 1.704688 1630070525.566040
7471792.132032 -681530.116322 1.703840 1630070525.615994
7471792.119143 -681530.020034 1.702975 1630070525.665917
7471792.107535 -681529.932522 1.702189 1630070525.715932
7471792.093634 -681529.827588 1.701253 1630070525.765937
7471792.081056 -681529.731737 1.700395 1630070525.815907
7471792.068339 -681529.634122 1.699521 1630070525.865903
7471792.056361 -681529.541425 1.698726 1630070525.915925
7471792.042524 -681529.434082 1.697800 1630070525.965948
7471792.029677 -681529.333496 1.696933 1630070526.015965
7471792.016921 -681529.232919 1.696096 1630070526.066044
7471792.005731 -681529.143820 1.695367 1630070526.116004
7471791.991798 -681529.032851 1.694502 1630070526.166050
7471791.978979 -681528.929739 1.693734 1630070526.216086
7471791.966306 -681528.827112 1.693018 1630070526.266113
7471791.954646 -681528.731973 1.692398 1630070526.316746
7471791.941389 -681528.623634 1.691703 1630070526.366221
7471791.928533 -681528.517799 1.691197 1630070526.416234
7471791.915644 -681528.411172 1.690650 1630070526.466278
7471791.904025 -681528.314528 1.690184 1630070526.516955
7471791.890722 -681528.203730 1.689698 1630070526.566430
7471791.877693 -681528.094628 1.689265 1630070526.616406
7471791.865274 -681527.990197 1.688839 1630070526.666424
7471791.853101 -681527.887445 1.688433 1630070526.717031
7471791.839720 -681527.774317 1.687993 1630070526.766403
7471791.826778 -681527.664422 1.687561 1630070526.816378
7471791.814043 -681527.555859 1.687147 1630070526.866321
7471791.801925 -681527.452070 1.686736 1630070526.917005
7471791.788608 -681527.337835 1.686293 1630070526.966199
7471791.775455 -681527.224501 1.685857 1630070527.016112
7471791.762580 -681527.113093 1.685426 1630070527.066046
7471791.751200 -681527.014104 1.685042 1630070527.115869
7471791.736792 -681526.888744 1.684550 1630070527.165774
7471791.723805 -681526.775097 1.684116 1630070527.215652
7471791.710840 -681526.661170 1.683672 1630070527.265543
7471791.698868 -681526.555433 1.683262 1630070527.315442
7471791.684875 -681526.431702 1.682783 1630070527.365391
7471791.671791 -681526.315345 1.682332 1630070527.415345
7471791.658738 -681526.198817 1.681880 1630070527.465345
7471791.646671 -681526.090518 1.681460 1630070527.515342
7471791.632644 -681525.964432 1.680972 1630070527.565240
7471791.619373 -681525.844497 1.680507 1630070527.615257
7471791.606835 -681525.730648 1.680066 1630070527.665288
7471791.594588 -681525.618891 1.679633 1630070527.715233
7471791.580378 -681525.489018 1.679136 1630070527.765265
7471791.567656 -681525.372055 1.678676 1630070527.815243
7471791.554909 -681525.254340 1.678223 1630070527.865299
7471791.542322 -681525.137507 1.677770 1630070527.915315
7471791.528782 -681525.011584 1.677282 1630070527.965354
7471791.516142 -681524.893320 1.676824 1630070528.015373
7471791.502599 -681524.766093 1.676330 1630070528.065400
7471791.491489 -681524.661006 1.675929 1630070528.115460
7471791.477560 -681524.529226 1.675413 1630070528.165485
7471791.464539 -681524.405265 1.674936 1630070528.215529
7471791.451886 -681524.284199 1.674466 1630070528.265536
7471791.439882 -681524.168701 1.674019 1630070528.316082
7471791.426652 -681524.041156 1.673525 1630070528.365568
7471791.414128 -681523.919680 1.673054 1630070528.415483
7471791.401621 -681523.797805 1.672589 1630070528.465445
7471791.389866 -681523.682562 1.672135 1630070528.515788
7471791.376923 -681523.555442 1.671645 1630070528.565321
7471791.364691 -681523.434564 1.671177 1630070528.615262
7471791.352293 -681523.311469 1.670700 1630070528.665225
7471791.340790 -681523.196559 1.670255 1630070528.715550
7471791.327480 -681523.063390 1.669743 1630070528.765224
7471791.315269 -681522.940387 1.669260 1630070528.815204
7471791.303367 -681522.819893 1.668793 1630070528.865211
7471791.291530 -681522.699340 1.668320 1630070528.915672
7471791.278653 -681522.567952 1.667791 1630070528.965255
7471791.266528 -681522.443345 1.667291 1630070529.015218
7471791.254311 -681522.317124 1.666785 1630070529.065149
7471791.243577 -681522.205409 1.666337 1630070529.115096
7471791.230271 -681522.066896 1.665782 1630070529.165110
7471791.218041 -681521.938533 1.665267 1630070529.215055
7471791.205873 -681521.810121 1.664745 1630070529.265042
7471791.194732 -681521.691702 1.664261 1630070529.315036
7471791.181838 -681521.554398 1.663696 1630070529.365007
7471791.170110 -681521.428496 1.663174 1630070529.415051
7471791.158110 -681521.298977 1.662640 1630070529.465044
7471791.146900 -681521.177076 1.662144 1630070529.515092
7471791.134339 -681521.040204 1.661578 1630070529.565087
7471791.122567 -681520.910893 1.661056 1630070529.615118
7471791.110972 -681520.782770 1.660532 1630070529.665184
7471791.100137 -681520.662158 1.660039 1630070529.715221
7471791.087713 -681520.523538 1.659465 1630070529.765248
7471791.076320 -681520.395414 1.658941 1630070529.815298
7471791.065177 -681520.269282 1.658422 1630070529.865342
7471791.054489 -681520.147430 1.657927 1630070529.915364
7471791.042189 -681520.006932 1.657352 1630070529.965429
7471791.031145 -681519.879626 1.656832 1630070530.015462
7471791.020180 -681519.752497 1.656312 1630070530.065494
7471791.010200 -681519.635812 1.655830 1630070530.115497
7471790.998006 -681519.493167 1.655250 1630070530.165490
7471790.987067 -681519.363961 1.654718 1630070530.215461
7471790.976216 -681519.234965 1.654191 1630070530.265388
7471790.966315 -681519.116276 1.653700 1630070530.315850
7471790.954884 -681518.978985 1.653145 1630070530.365386
7471790.944181 -681518.849301 1.652615 1630070530.415311
7471790.933703 -681518.721509 1.652086 1630070530.465313
7471790.923881 -681518.600735 1.651595 1630070530.515813
7471790.912801 -681518.464175 1.651037 1630070530.565404
7471790.902552 -681518.336710 1.650517 1630070530.615339
7471790.892162 -681518.206660 1.649985 1630070530.665336
7471790.882370 -681518.083073 1.649480 1630070530.715746
7471790.871760 -681517.948754 1.648929 1630070530.765354
7471790.861503 -681517.817743 1.648394 1630070530.815403
7471790.851599 -681517.690318 1.647873 1630070530.865449
7471790.842061 -681517.566631 1.647362 1630070530.915952
7471790.831541 -681517.429785 1.646809 1630070530.965530
7471790.821771 -681517.301512 1.646285 1630070531.015595
7471790.811896 -681517.170911 1.645748 1630070531.065611
7471790.802993 -681517.052064 1.645262 1630070531.115710
7471790.792360 -681516.910001 1.644684 1630070531.165726
7471790.782881 -681516.781939 1.644161 1630070531.215801
7471790.773102 -681516.648889 1.643617 1630070531.265883
7471790.764395 -681516.529250 1.643152 1630070531.315886
7471790.754062 -681516.387047 1.642653 1630070531.365979
7471790.744834 -681516.258758 1.642251 1630070531.416017
7471790.735843 -681516.133010 1.641906 1630070531.466050
7471790.727184 -681516.011280 1.641634 1630070531.516182
7471790.717484 -681515.874710 1.641337 1630070531.566175
7471790.708305 -681515.744743 1.641090 1630070531.616287
7471790.698891 -681515.610989 1.640854 1630070531.666308
7471790.691101 -681515.499818 1.640668 1630070531.716356
7471790.681525 -681515.363128 1.640425 1630070531.766395
7471790.672262 -681515.230317 1.640192 1630070531.816394
7471790.663472 -681515.103857 1.639963 1630070531.866389
7471790.655358 -681514.986611 1.639760 1630070531.916407
7471790.646001 -681514.851282 1.639522 1630070531.966408
7471790.637323 -681514.725199 1.639300 1630070532.016375
7471790.628914 -681514.602627 1.639085 1630070532.066413
7471790.621269 -681514.490712 1.638889 1630070532.116375
7471790.611695 -681514.350544 1.638641 1630070532.166416
7471790.603218 -681514.225808 1.638422 1630070532.216411
7471790.594573 -681514.098188 1.638198 1630070532.266479
7471790.586984 -681513.985613 1.638000 1630070532.317132
7471790.578181 -681513.854921 1.637771 1630070532.366508
7471790.569589 -681513.726911 1.637546 1630070532.416492
7471790.561320 -681513.603216 1.637329 1630070532.466543
7471790.553389 -681513.484090 1.637120 1630070532.517060
7471790.544807 -681513.354986 1.636894 1630070532.566387
7471790.536797 -681513.233976 1.636671 1630070532.616296
7471790.528653 -681513.110537 1.636455 1630070532.666245
7471790.520942 -681512.993162 1.636251 1630070532.716898
7471790.512490 -681512.864365 1.636026 1630070532.766054
7471790.504553 -681512.742840 1.635805 1630070532.815916
7471790.496606 -681512.620779 1.635598 1630070532.865892
7471790.489226 -681512.506947 1.635399 1630070532.916237
7471790.481004 -681512.379968 1.635176 1630070532.965746
7471790.473027 -681512.256244 1.634952 1630070533.015692
7471790.465225 -681512.134814 1.634746 1630070533.065685
7471790.458395 -681512.028013 1.634559 1630070533.115641
7471790.449993 -681511.896602 1.634328 1630070533.165636
7471790.442145 -681511.773268 1.634112 1630070533.215615
7471790.434548 -681511.653441 1.633902 1630070533.265604
7471790.427483 -681511.541512 1.633706 1630070533.315599
7471790.419427 -681511.413772 1.633482 1630070533.365674
7471790.411921 -681511.294166 1.633262 1630070533.415700
7471790.404454 -681511.174765 1.633056 1630070533.465681
7471790.397378 -681511.061175 1.632863 1630070533.515717
7471790.389457 -681510.933827 1.632640 1630070533.565691
7471790.382125 -681510.815420 1.632443 1630070533.615697
7471790.374983 -681510.699681 1.632249 1630070533.665628
7471790.368002 -681510.586114 1.632055 1630070533.715632
7471790.360176 -681510.458658 1.631842 1630070533.765602
7471790.352943 -681510.340331 1.631644 1630070533.815522
7471790.345851 -681510.223898 1.631456 1630070533.865525
7471790.339085 -681510.112378 1.631263 1630070533.915518
7471790.331436 -681509.986179 1.631052 1630070533.965553
7471790.324407 -681509.869653 1.630857 1630070534.015591
7471790.317297 -681509.751433 1.630660 1630070534.065555
7471790.311021 -681509.646577 1.630489 1630070534.115576
7471790.303341 -681509.518252 1.630272 1630070534.165592
7471790.296303 -681509.400069 1.630074 1630070534.215683
7471790.289373 -681509.283306 1.629879 1630070534.265693
7471790.282878 -681509.173389 1.629695 1630070534.316277
7471790.275615 -681509.050352 1.629492 1630070534.365723
7471790.268779 -681508.934021 1.629297 1630070534.415781
7471790.261979 -681508.817926 1.629103 1630070534.465866
7471790.255553 -681508.707728 1.628925 1630070534.516342
7471790.248375 -681508.584524 1.628713 1630070534.565961
7471790.241738 -681508.470029 1.628522 1630070534.616098
7471790.235011 -681508.353626 1.628321 1630070534.665990
7471790.228733 -681508.244515 1.628130 1630070534.716549
7471790.221713 -681508.122350 1.627906 1630070534.766322
7471790.215157 -681508.007687 1.627699 1630070534.815942
7471790.208597 -681507.892516 1.627491 1630070534.865873
7471790.202383 -681507.782920 1.627283 1630070534.916494
7471790.195598 -681507.663086 1.627039 1630070534.965734
7471790.189111 -681507.547909 1.626770 1630070535.015651
7471790.182676 -681507.433108 1.626488 1630070535.065613
7471790.176928 -681507.329815 1.626224 1630070535.115563
7471790.169974 -681507.204755 1.625913 1630070535.165504
7471790.163445 -681507.086482 1.625627 1630070535.215534
7471790.157164 -681506.972034 1.625344 1630070535.265448
7471790.151298 -681506.864440 1.625078 1630070535.315471
7471790.144572 -681506.740852 1.624773 1630070535.365445
7471790.138307 -681506.624925 1.624487 1630070535.415442
7471790.132081 -681506.509060 1.624207 1630070535.465494
7471790.126322 -681506.401152 1.623934 1630070535.515494
7471790.119640 -681506.275757 1.623624 1630070535.565532
7471790.113513 -681506.159857 1.623338 1630070535.615554
7471790.107337 -681506.042444 1.623034 1630070535.665526
7471790.101684 -681505.934159 1.622731 1630070535.715534
7471790.095136 -681505.808504 1.622322 1630070535.765441
7471790.089136 -681505.692235 1.621916 1630070535.815515
7471790.083108 -681505.574602 1.621463 1630070535.865484
7471790.077586 -681505.465531 1.620995 1630070535.915507
7471790.071258 -681505.340042 1.620458 1630070535.965585
7471790.065279 -681505.219825 1.619896 1630070536.015520
7471790.059451 -681505.101261 1.619382 1630070536.065980
7471790.054405 -681504.997005 1.618914 1630070536.115606
7471790.048043 -681504.865560 1.618335 1630070536.165645
7471790.042341 -681504.745722 1.617793 1630070536.215691
7471790.036725 -681504.626347 1.617269 1630070536.265752
7471790.031500 -681504.513629 1.616769 1630070536.315805
7471790.025681 -681504.387572 1.616209 1630070536.365850
7471790.020143 -681504.265800 1.615667 1630070536.415887
7471790.014788 -681504.146463 1.615137 1630070536.465938
7471790.009851 -681504.034783 1.614635 1630070536.515971
7471790.004182 -681503.906015 1.614069 1630070536.566057
7471789.998882 -681503.783681 1.613522 1630070536.616103
7471789.993704 -681503.662584 1.612984 1630070536.666170
7471789.988959 -681503.549745 1.612483 1630070536.716209
7471789.983563 -681503.420890 1.611910 1630070536.766274
7471789.978547 -681503.298943 1.611368 1630070536.816346
7471789.973609 -681503.177352 1.610828 1630070536.866473
7471789.969038 -681503.062761 1.610313 1630070536.916496
7471789.963834 -681502.931715 1.609736 1630070536.966544
7471789.959186 -681502.812361 1.609203 1630070537.016514
7471789.954381 -681502.687351 1.608647 1630070537.067275
7471789.950246 -681502.577521 1.608159 1630070537.116511
7471789.945165 -681502.442434 1.607559 1630070537.166460
7471789.940578 -681502.317794 1.607005 1630070537.216501
7471789.936087 -681502.193856 1.606454 1630070537.266404
7471789.932047 -681502.080006 1.605942 1630070537.316445
7471789.927383 -681501.948066 1.605362 1630070537.366450
7471789.923008 -681501.821558 1.604796 1630070537.416402
7471789.918758 -681501.696609 1.604241 1630070537.466498
7471789.914940 -681501.581896 1.603731 1630070537.516465
7471789.910494 -681501.447707 1.603134 1630070537.566478
7471789.906350 -681501.319689 1.602558 1630070537.616488
7471789.902326 -681501.193052 1.602002 1630070537.667105
7471789.898760 -681501.078165 1.601492 1630070537.716595
7471789.894592 -681500.943128 1.600891 1630070537.766623
7471789.890741 -681500.815294 1.600323 1630070537.816627
7471789.886904 -681500.685509 1.599746 1630070537.867138
7471789.883556 -681500.569120 1.599228 1630070537.916514
7471789.879753 -681500.436162 1.598637 1630070537.966473
7471789.876226 -681500.309468 1.598074 1630070538.016359
7471789.871824 -681500.148137 1.597357 1630070538.066652
7471789.867609 -681499.989444 1.596651 1630070538.116122
7471789.863408 -681499.827023 1.595929 1630070538.166007
7471789.859347 -681499.665448 1.595210 1630070538.215907
7471789.855414 -681499.504382 1.594494 1630070538.265803
7471789.851583 -681499.342753 1.593775 1630070538.315718
7471789.847854 -681499.180511 1.593054 1630070538.365667
7471789.844236 -681499.018014 1.592331 1630070538.415571
7471789.840697 -681498.853673 1.591600 1630070538.465886
7471789.841430 -681499.037401 1.592429 1630070538.515491
7471789.837796 -681498.877569 1.591749 1630070538.565519
7471789.834119 -681498.715863 1.591047 1630070538.615458
7471789.830262 -681498.546215 1.590310 1630070538.665886
7471789.826514 -681498.381388 1.589619 1630070538.715505
7471789.822865 -681498.220893 1.588927 1630070538.765492
7471789.818978 -681498.049963 1.588188 1630070538.815523
7471789.815409 -681497.892960 1.587475 1630070538.865901
7471789.811720 -681497.730752 1.586812 1630070538.915566
7471789.807911 -681497.559564 1.586163 1630070538.965654
7471789.805257 -681497.412840 1.585759 1630070539.015682
7471789.803379 -681497.282856 1.585383 1630070539.066010
7471789.801587 -681497.154634 1.585679 1630070539.115781
7471789.800347 -681497.039676 1.585469 1630070539.165825
7471789.798788 -681496.927897 1.585700 1630070539.215871
7471789.796608 -681496.770275 1.585959 1630070539.266363
7471789.794754 -681496.622017 1.586299 1630070539.316010
7471789.793764 -681496.506073 1.586532 1630070539.366021
7471789.791918 -681496.362034 1.586845 1630070539.416045
7471789.790558 -681496.229999 1.586672 1630070539.466602
7471789.789628 -681496.115559 1.586714 1630070539.516138
7471789.788658 -681495.990832 1.586136 1630070539.566141
7471789.787095 -681495.850510 1.585734 1630070539.616185
7471789.785879 -681495.721501 1.585332 1630070539.666607
7471789.784586 -681495.583226 1.584879 1630070539.716191
7471789.783599 -681495.460500 1.584424 1630070539.766143
7471789.782158 -681495.329023 1.584263 1630070539.816114
7471789.780800 -681495.200911 1.584017 1630070539.866568
7471789.779333 -681495.070369 1.583831 1630070539.915938
7471789.777827 -681494.938526 1.583678 1630070539.965843
7471789.776056 -681494.798556 1.583605 1630070540.015745
7471789.774509 -681494.675561 1.583552 1630070540.066045
7471789.772867 -681494.545435 1.583501 1630070540.115530
7471789.771417 -681494.428239 1.583456 1630070540.165464
7471789.769720 -681494.294847 1.583457 1630070540.215365
7471789.768136 -681494.168168 1.583410 1630070540.265723
7471789.766518 -681494.038285 1.583362 1630070540.315256
7471789.765066 -681493.920481 1.583278 1630070540.365202
7471789.763265 -681493.777801 1.583280 1630070540.415227
7471789.761541 -681493.639655 1.583237 1630070540.465421
7471789.759983 -681493.513854 1.583150 1630070540.515189
7471789.758426 -681493.386119 1.583156 1630070540.565157
7471789.756688 -681493.246785 1.583114 1630070540.615134
7471789.755122 -681493.119525 1.583077 1630070540.665523
7471789.753607 -681492.995457 1.582991 1630070540.715179
7471789.752110 -681492.871928 1.582818 1630070540.765211
7471789.750368 -681492.730598 1.582633 1630070540.815243
7471789.748837 -681492.604286 1.582405 1630070540.865644
7471789.747417 -681492.486168 1.582185 1630070540.915246
7471789.745805 -681492.352194 1.581922 1630070540.965312
7471789.744153 -681492.215872 1.581582 1630070541.015291
7471789.742506 -681492.079137 1.581204 1630070541.065572
7471789.740959 -681491.949856 1.580884 1630070541.115317
7471789.739439 -681491.821391 1.580784 1630070541.165306
7471789.737799 -681491.684506 1.580609 1630070541.215315
7471789.736274 -681491.554263 1.580514 1630070541.265656
7471789.734920 -681491.436602 1.580335 1630070541.315366
7471789.733605 -681491.317723 1.580080 1630070541.365436
7471789.731947 -681491.172057 1.579706 1630070541.415428
7471789.730538 -681491.041544 1.579460 1630070541.465814
7471789.729273 -681490.919359 1.579316 1630070541.515492
7471789.728165 -681490.801834 1.579227 1630070541.565551
7471789.726720 -681490.660046 1.579021 1630070541.615570
7471789.725379 -681490.517564 1.578821 1630070541.666002
7471789.724178 -681490.383323 1.578626 1630070541.715661
7471789.723302 -681490.270618 1.578487 1630070541.765738
7471789.722066 -681490.133727 1.578269 1630070541.815741
7471789.721055 -681490.007758 1.578069 1630070541.866166
7471789.720106 -681489.880471 1.577846 1630070541.915860
7471789.719327 -681489.757521 1.577619 1630070541.965868
7471789.718242 -681489.615680 1.577348 1630070542.015937
7471789.717366 -681489.483871 1.577096 1630070542.066573
7471789.716531 -681489.351851 1.576843 1630070542.115999
7471789.715934 -681489.234253 1.576618 1630070542.166089
7471789.715116 -681489.106808 1.576375 1630070542.216157
7471789.714292 -681488.964837 1.576103 1630070542.266777
7471789.713657 -681488.841907 1.575868 1630070542.316264
7471789.713098 -681488.713772 1.575622 1630070542.366326
7471789.712332 -681488.577281 1.575361 1630070542.416341
7471789.711754 -681488.450775 1.575119 1630070542.466915
7471789.711208 -681488.323123 1.574875 1630070542.516430
7471789.710849 -681488.196022 1.574631 1630070542.566508
7471789.710121 -681488.054118 1.574360 1630070542.616503
7471789.709626 -681487.921099 1.574105 1630070542.667094
7471789.709256 -681487.799169 1.573873 1630070542.716451
7471789.708984 -681487.676573 1.573638 1630070542.766413
7471789.708524 -681487.545763 1.573388 1630070542.816372
7471789.708181 -681487.414707 1.573043 1630070542.866808
7471789.707888 -681487.287297 1.572468 1630070542.916221
7471789.707734 -681487.164371 1.571917 1630070542.966245
7471789.707375 -681487.028265 1.571217 1630070543.016168
7471789.707130 -681486.891477 1.570475 1630070543.066725
7471789.707017 -681486.774221 1.569653 1630070543.116183
7471789.706973 -681486.650297 1.568854 1630070543.166155
7471789.706779 -681486.519426 1.568328 1630070543.216182
7471789.706654 -681486.380544 1.567993 1630070543.266951
7471789.706625 -681486.253750 1.567760 1630070543.316244
7471789.706742 -681486.136149 1.567603 1630070543.366342
7471789.706667 -681485.999959 1.567270 1630070543.416276
7471789.706755 -681485.864122 1.567014 1630070543.466640
7471789.706943 -681485.736163 1.566717 1630070543.516231
7471789.707387 -681485.613906 1.566419 1630070543.566255
7471789.707626 -681485.477154 1.565953 1630070543.616221
7471789.708124 -681485.345177 1.565530 1630070543.666764
7471789.708794 -681485.224300 1.565104 1630070543.716217
7471789.709681 -681485.096369 1.564630 1630070543.766264
7471789.710343 -681484.972536 1.564173 1630070543.816254
7471789.711156 -681484.839709 1.563729 1630070543.866870
7471789.712089 -681484.707967 1.563194 1630070543.916200
7471789.713231 -681484.581318 1.562725 1630070543.966218
7471789.714089 -681484.456095 1.562265 1630070544.016147
7471789.715190 -681484.325558 1.561786 1630070544.066650
7471789.716372 -681484.187507 1.561278 1630070544.116077
7471789.717708 -681484.070450 1.560845 1630070544.166061
7471789.718822 -681483.945804 1.560432 1630070544.216074
7471789.720197 -681483.808879 1.559925 1630070544.266804
7471789.721670 -681483.668013 1.559403 1630070544.316017
7471789.723200 -681483.555319 1.558944 1630070544.366001
7471789.724564 -681483.425798 1.558468 1630070544.416061
7471789.726211 -681483.284625 1.557945 1630070544.466504
7471789.727793 -681483.168922 1.557518 1630070544.516103
7471789.729623 -681483.047053 1.557067 1630070544.566144
7471789.731310 -681482.905803 1.556591 1630070544.616175
7471789.733088 -681482.781031 1.556224 1630070544.666516
7471789.734940 -681482.659649 1.555868 1630070544.716108
7471789.736975 -681482.537758 1.555462 1630070544.766074
7471789.738835 -681482.409248 1.555087 1630070544.816007
7471789.740953 -681482.272250 1.554913 1630070544.866694
7471789.743137 -681482.140651 1.554613 1630070544.915911
7471789.745411 -681482.018817 1.554146 1630070544.965880
7471789.747575 -681481.883810 1.553663 1630070545.015837
7471789.749729 -681481.769981 1.553420 1630070545.066337
7471789.752138 -681481.638218 1.553166 1630070545.115754
7471789.754619 -681481.516248 1.552976 1630070545.165730
7471789.757024 -681481.380916 1.552840 1630070545.215725
7471789.759460 -681481.257714 1.552676 1630070545.265720
7471789.761960 -681481.135310 1.552511 1630070545.315651
7471789.764432 -681481.024650 1.552311 1630070545.365669
7471789.767222 -681480.875490 1.551967 1630070545.415649
7471789.769870 -681480.747135 1.551560 1630070545.465670
7471789.772529 -681480.622666 1.551157 1630070545.516005
7471789.775362 -681480.499116 1.550730 1630070545.565716
7471789.778049 -681480.367071 1.550360 1630070545.615704
7471789.780738 -681480.245953 1.549996 1630070545.665674
7471789.783523 -681480.118465 1.549697 1630070545.715682
7471789.786300 -681479.997439 1.549376 1630070545.765694
7471789.789125 -681479.863660 1.549016 1630070545.815695
7471789.791932 -681479.736946 1.548726 1630070545.865715
7471789.794738 -681479.610081 1.548406 1630070545.915664
7471789.797514 -681479.490077 1.548201 1630070545.965684
7471789.800015 -681479.379165 1.547960 1630070546.015698
7471789.802905 -681479.252153 1.547694 1630070546.065750
7471789.805830 -681479.125778 1.547429 1630070546.115749
7471789.809083 -681478.989047 1.547141 1630070546.165808
7471789.811795 -681478.871938 1.546896 1630070546.215800
7471789.814735 -681478.749688 1.546643 1630070546.266140
7471789.817856 -681478.619687 1.546370 1630070546.315771
7471789.821007 -681478.493884 1.546106 1630070546.365723
7471789.824173 -681478.361763 1.545874 1630070546.415741
7471789.827356 -681478.234562 1.545558 1630070546.466136
7471789.830289 -681478.120111 1.545318 1630070546.515586
7471789.833186 -681478.011672 1.545091 1630070546.565478
7471789.836443 -681477.881162 1.544817 1630070546.615405
7471789.839593 -681477.759916 1.544563 1630070546.665753
7471789.842474 -681477.652447 1.544338 1630070546.715235
7471789.845754 -681477.532185 1.544086 1630070546.765197
7471789.849620 -681477.381371 1.543813 1630070546.815149
7471789.852618 -681477.272409 1.543540 1630070546.865463
7471789.856118 -681477.143519 1.543270 1630070546.915086
7471789.858879 -681477.049415 1.543074 1630070546.965033
7471789.862396 -681476.919561 1.542801 1630070547.015061
7471789.866052 -681476.787865 1.542524 1630070547.065492
7471789.869526 -681476.665577 1.542312 1630070547.115025
7471789.872993 -681476.547013 1.542063 1630070547.165048
7471789.876470 -681476.424114 1.541762 1630070547.215091
7471789.879667 -681476.314969 1.541533 1630070547.265068
7471789.882948 -681476.204436 1.541302 1630070547.315059
7471789.886478 -681476.087641 1.541061 1630070547.365131
7471789.890362 -681475.953419 1.540736 1630070547.415174
7471789.894043 -681475.830428 1.540565 1630070547.465155
7471789.897164 -681475.730123 1.540312 1630070547.515183
7471789.900783 -681475.614146 1.540069 1630070547.565220
7471789.904446 -681475.492700 1.539814 1630070547.615204
7471789.907750 -681475.387245 1.539597 1630070547.665195
7471789.911370 -681475.271969 1.539317 1630070547.715217
7471789.914972 -681475.160632 1.539125 1630070547.765256
7471789.918867 -681475.034922 1.538862 1630070547.815278
7471789.923001 -681474.904516 1.538588 1630070547.865214
7471789.927159 -681474.774207 1.538314 1630070547.915266
7471789.930180 -681474.686795 1.538128 1630070547.965305
7471789.933510 -681474.584117 1.537917 1630070548.015294
7471789.937607 -681474.458821 1.537654 1630070548.065334
7471789.941500 -681474.341731 1.537408 1630070548.115335
7471789.945352 -681474.228927 1.537172 1630070548.165377
7471789.949401 -681474.105988 1.536914 1630070548.215513
7471789.953060 -681473.998732 1.536687 1630070548.265954
7471789.956660 -681473.894482 1.536469 1630070548.315526
7471789.960365 -681473.789411 1.536209 1630070548.365576
7471789.964793 -681473.657986 1.535891 1630070548.415613
7471789.968360 -681473.556939 1.535681 1630070548.466015
7471789.972435 -681473.440656 1.535396 1630070548.515702
7471789.976213 -681473.336799 1.535143 1630070548.565737
7471789.980195 -681473.222373 1.534820 1630070548.615774
7471789.984183 -681473.110893 1.534506 1630070548.666339
7471789.987691 -681473.015208 1.534307 1630070548.715801
7471789.990319 -681472.947842 1.534144 1630070548.765752
7471789.992083 -681472.903090 1.534065 1630070548.815779
7471789.999255 -681472.699340 1.533573 1630070548.866181
7471790.004931 -681472.542143 1.533268 1630070548.915633
7471790.007585 -681472.476402 1.533141 1630070548.965554
7471790.010994 -681472.385129 1.532946 1630070549.015486
7471790.016311 -681472.241438 1.532628 1630070549.065762
7471790.020514 -681472.130794 1.532384 1630070549.115313
7471790.024097 -681472.040728 1.532185 1630070549.165262
7471790.028270 -681471.931134 1.531893 1630070549.215268
7471790.032383 -681471.825291 1.531688 1630070549.265226
7471790.036648 -681471.716503 1.531435 1630070549.315208
7471790.040530 -681471.620493 1.531211 1630070549.365178
7471790.044314 -681471.523659 1.530946 1630070549.415157
7471790.048204 -681471.426676 1.530568 1630070549.465152
7471790.052444 -681471.321265 1.530134 1630070549.515190
7471790.056666 -681471.218825 1.529756 1630070549.565217
7471790.060729 -681471.117151 1.529249 1630070549.615217
7471790.065146 -681471.008874 1.528959 1630070549.665283
7471790.069359 -681470.906572 1.528575 1630070549.715228
7471790.074657 -681470.778332 1.528196 1630070549.765267
7471790.082427 -681470.583450 1.527657 1630070549.815333
7471790.086921 -681470.476240 1.527363 1630070549.865355
7471790.083440 -681470.574679 1.527763 1630070549.915387
7471790.087845 -681470.471572 1.527537 1630070549.965452
7471790.096702 -681470.253635 1.526910 1630070550.015470
7471790.101228 -681470.148596 1.526635 1630070550.065505
7471790.107019 -681470.013774 1.526249 1630070550.115535
7471790.107513 -681470.013463 1.526280 1630070550.165520
7471790.112377 -681469.901308 1.525943 1630070550.215587
7471790.117262 -681469.791578 1.525608 1630070550.266081
7471790.121837 -681469.690555 1.525297 1630070550.315655
7471790.125678 -681469.609788 1.525050 1630070550.365769
7471790.130771 -681469.496684 1.524702 1630070550.415813
7471790.135684 -681469.389304 1.524369 1630070550.466474
7471790.139804 -681469.301565 1.524100 1630070550.515868
7471790.143863 -681469.217548 1.523840 1630070550.565951
7471790.148836 -681469.109539 1.523540 1630070550.615946
7471790.154168 -681468.996268 1.523153 1630070550.666594
7471790.158360 -681468.909176 1.522884 1630070550.716040
7471790.162543 -681468.824899 1.522623 1630070550.765982
7471790.168200 -681468.704402 1.522249 1630070550.815960
7471790.173384 -681468.596918 1.521915 1630070550.866716
7471790.177191 -681468.521121 1.521681 1630070550.915793
7471790.182068 -681468.423390 1.521378 1630070550.965715
7471790.187058 -681468.320784 1.521095 1630070551.015601
7471790.191815 -681468.225187 1.520799 1630070551.066062
7471790.196612 -681468.129636 1.520468 1630070551.115457
7471790.201105 -681468.042698 1.520198 1630070551.165408
7471790.206199 -681467.940224 1.519848 1630070551.215425
7471790.210912 -681467.848132 1.519600 1630070551.265376
7471790.215365 -681467.761928 1.519334 1630070551.315321
7471790.220175 -681467.670263 1.519050 1630070551.365350
7471790.225870 -681467.557837 1.518701 1630070551.415299
7471790.230655 -681467.466301 1.518417 1630070551.465457
7471790.235417 -681467.376019 1.518140 1630070551.515336
7471790.240858 -681467.273885 1.517721 1630070551.565326
7471790.245411 -681467.187206 1.517281 1630070551.615359
7471790.250770 -681467.086148 1.516691 1630070551.665356
7471790.256192 -681466.984872 1.516028 1630070551.715405
7471790.260929 -681466.899092 1.515577 1630070551.765439
7471790.266283 -681466.798619 1.515141 1630070551.815509
7471790.270974 -681466.713200 1.514855 1630070551.865459
7471790.276448 -681466.612803 1.514538 1630070551.915507
7471790.281480 -681466.523069 1.514249 1630070551.965544
7471790.286364 -681466.434119 1.513997 1630070552.015582
7471790.291689 -681466.338234 1.513657 1630070552.065624
7471790.296714 -681466.249184 1.513410 1630070552.115742
7471790.301967 -681466.158077 1.513084 1630070552.165865
7471790.307820 -681466.053546 1.512688 1630070552.215817
7471790.313093 -681465.962629 1.512337 1630070552.266387
7471790.318281 -681465.874588 1.511986 1630070552.315958
7471790.324263 -681465.774099 1.511611 1630070552.365975
7471790.329767 -681465.679522 1.511226 1630070552.416048
7471790.335166 -681465.589408 1.510858 1630070552.466836
7471790.340495 -681465.501030 1.510500 1630070552.516573
7471790.346145 -681465.410290 1.510230 1630070552.566144
7471790.352133 -681465.308544 1.509920 1630070552.616212
7471790.357659 -681465.218298 1.509653 1630070552.666909
7471790.363886 -681465.116652 1.509408 1630070552.716169
7471790.369453 -681465.028663 1.509305 1630070552.766071
7471790.374835 -681464.941291 1.509326 1630070552.815990
7471790.381084 -681464.840819 1.509435 1630070552.866567
7471790.386797 -681464.750634 1.509635 1630070552.915809
7471790.392208 -681464.667626 1.509704 1630070552.965702
7471790.398646 -681464.564476 1.509550 1630070553.015597
7471790.404664 -681464.470401 1.509282 1630070553.066004
7471790.410171 -681464.385533 1.508930 1630070553.115323
7471790.416890 -681464.282167 1.508482 1630070553.165243
7471790.423423 -681464.179611 1.508153 1630070553.215009
7471790.428771 -681464.098102 1.507876 1630070553.264864
7471790.435096 -681464.000749 1.507521 1630070553.314797
7471790.441225 -681463.907328 1.507253 1630070553.364694
7471790.447453 -681463.809922 1.507024 1630070553.414598
7471790.453092 -681463.722971 1.506817 1630070553.464521
7471790.459058 -681463.630098 1.506643 1630070553.514480
7471790.465324 -681463.533124 1.506641 1630070553.564442
7471790.471275 -681463.440055 1.506858 1630070553.614406
7471790.477610 -681463.341715 1.507275 1630070553.664342
7471790.484157 -681463.240360 1.507624 1630070553.714282
7471790.489949 -681463.151867 1.507882 1630070553.764313
7471790.496667 -681463.047720 1.508060 1630070553.814290
7471790.502430 -681462.959497 1.508076 1630070553.864287
7471790.508531 -681462.866245 1.507948 1630070553.914325
7471790.514385 -681462.777726 1.507780 1630070553.964310
7471790.521179 -681462.673426 1.507625 1630070554.014277
7471790.527342 -681462.579898 1.507465 1630070554.064316
7471790.533486 -681462.486375 1.507330 1630070554.114288
7471790.539333 -681462.397417 1.507199 1630070554.164337
7471790.546468 -681462.287339 1.507147 1630070554.214348
7471790.551925 -681462.203111 1.507102 1630070554.264670
7471790.558332 -681462.103460 1.507094 1630070554.314427
7471790.564050 -681462.013863 1.507112 1630070554.364477
7471790.570843 -681461.907564 1.507142 1630070554.414481
7471790.577242 -681461.807208 1.507172 1630070554.464725
7471790.583229 -681461.713162 1.507203 1630070554.514549
7471790.588642 -681461.627986 1.507229 1630070554.564637
7471790.595076 -681461.527050 1.507259 1630070554.614707
7471790.601846 -681461.420724 1.507291 1630070554.665115
7471790.607873 -681461.325937 1.507320 1630070554.714766
7471790.613616 -681461.235456 1.507347 1630070554.764814
7471790.620713 -681461.123940 1.507274 1630070554.814902
7471790.626901 -681461.026519 1.507232 1630070554.865364
7471790.632870 -681460.932446 1.507261 1630070554.915005
7471790.638625 -681460.841612 1.507291 1630070554.965026
7471790.645410 -681460.734790 1.507320 1630070555.015015
7471790.651601 -681460.637120 1.507349 1630070555.065374
7471790.656945 -681460.552701 1.507341 1630070555.115032
7471790.662719 -681460.461384 1.507337 1630070555.165002
7471790.669134 -681460.360185 1.507151 1630070555.215005
7471790.675562 -681460.258590 1.506933 1630070555.264953
7471790.682092 -681460.155390 1.506709 1630070555.314911
7471790.687899 -681460.063648 1.506531 1630070555.364858
7471790.694714 -681459.956180 1.506314 1630070555.414809
7471790.700937 -681459.857964 1.506113 1630070555.464772
7471790.707669 -681459.751685 1.505872 1630070555.514762
7471790.713539 -681459.658905 1.505703 1630070555.564781
7471790.720086 -681459.555565 1.505650 1630070555.614792
7471790.726267 -681459.457996 1.505663 1630070555.664749
7471790.733477 -681459.344267 1.505650 1630070555.714768
7471790.738965 -681459.258192 1.505634 1630070555.764759
7471790.745499 -681459.155714 1.505586 1630070555.814762
7471790.752091 -681459.052837 1.505466 1630070555.864730
7471790.758458 -681458.954105 1.505324 1630070555.914799
7471790.764806 -681458.856387 1.505075 1630070555.964777
7471790.771507 -681458.752807 1.504822 1630070556.014808
7471790.778248 -681458.649417 1.504190 1630070556.064770
7471790.784719 -681458.550972 1.503665 1630070556.114812
7471790.790922 -681458.457293 1.503247 1630070556.164752
7471790.798483 -681458.341678 1.502757 1630070556.214756
7471790.805454 -681458.236001 1.502427 1630070556.265191
7471790.812029 -681458.136750 1.502226 1630070556.314773
7471790.818661 -681458.037483 1.502089 1630070556.364749
7471790.825680 -681457.931343 1.501903 1630070556.414795
7471790.832833 -681457.824008 1.501739 1630070556.465224
7471790.839450 -681457.725596 1.501595 1630070556.514856
7471790.846350 -681457.624359 1.501385 1630070556.564857
7471790.854157 -681457.508522 1.501119 1630070556.614892
7471790.860835 -681457.411553 1.500897 1630070556.665195
7471790.868131 -681457.306241 1.500627 1630070556.714947
7471790.875284 -681457.204830 1.500351 1630070556.764985
7471790.882754 -681457.097387 1.500038 1630070556.814999
7471790.889706 -681456.999481 1.499747 1630070556.865400
7471790.896863 -681456.899355 1.499450 1630070556.915141
7471790.904670 -681456.790700 1.499161 1630070556.965159
7471790.912749 -681456.676194 1.498782 1630070557.015126
7471790.920635 -681456.566397 1.498455 1630070557.065579
7471790.928000 -681456.464990 1.498150 1630070557.115230
7471790.934801 -681456.373425 1.497876 1630070557.165247
7471790.943057 -681456.258877 1.497532 1630070557.215355
7471790.950423 -681456.158232 1.497269 1630070557.265376
7471790.958091 -681456.054247 1.496918 1630070557.315418
7471790.965794 -681455.951741 1.496610 1630070557.365463
7471790.974296 -681455.835181 1.496105 1630070557.415504
7471790.981253 -681455.743109 1.495565 1630070557.465508
7471790.989238 -681455.635968 1.495051 1630070557.515565
7471790.997205 -681455.531256 1.494594 1630070557.565592
7471791.005060 -681455.426299 1.493539 1630070557.615562
7471791.013131 -681455.319809 1.492948 1630070557.665662
7471791.021346 -681455.212397 1.491867 1630070557.715504
7471791.029204 -681455.110578 1.491249 1630070557.765464
7471791.037626 -681454.999569 1.490750 1630070557.815408
7471791.045477 -681454.898018 1.490298 1630070557.865999
7471791.053087 -681454.800249 1.489984 1630070557.915289
7471791.060927 -681454.701480 1.489750 1630070557.965305
7471791.068865 -681454.602341 1.489482 1630070558.015291
7471791.077930 -681454.483903 1.488959 1630070558.065244
7471791.085935 -681454.383853 1.488599 1630070558.115257
7471791.094192 -681454.283190 1.488184 1630070558.165259
7471791.103049 -681454.172879 1.487715 1630070558.215281
7471791.111368 -681454.072325 1.487199 1630070558.265286
7471791.119721 -681453.973044 1.486705 1630070558.315294
7471791.128380 -681453.872067 1.486222 1630070558.365261
7471791.138004 -681453.756005 1.485617 1630070558.415305
7471791.146547 -681453.656514 1.485098 1630070558.465297
7471791.155178 -681453.556737 1.484653 1630070558.515373
7471791.163571 -681453.461906 1.484267 1630070558.565368
7471791.172970 -681453.351529 1.483770 1630070558.615407
7471791.181295 -681453.257044 1.483352 1630070558.665427
7471791.189112 -681453.169898 1.483113 1630070558.715443
7471791.198145 -681453.069481 1.482940 1630070558.765492
7471791.209460 -681452.938800 1.482775 1630070558.815534
7471791.217018 -681452.855975 1.482766 1630070558.865556
7471791.227227 -681452.742147 1.482737 1630070558.915607
7471791.235934 -681452.648272 1.482669 1630070558.965660
7471791.244834 -681452.549538 1.482774 1630070559.015728
7471791.253855 -681452.451505 1.482695 1630070559.065723
7471791.262918 -681452.353300 1.482369 1630070559.115801
7471791.272154 -681452.255221 1.481839 1630070559.165810
7471791.282445 -681452.142268 1.481403 1630070559.215831
7471791.292820 -681452.030037 1.480904 1630070559.265826
7471791.302633 -681451.924702 1.480442 1630070559.315869
7471791.308154 -681451.868905 1.480138 1630070559.365870
7471791.311434 -681451.836079 1.479877 1630070559.415864
7471791.318967 -681451.755466 1.479590 1630070559.465853
7471791.336724 -681451.559787 1.479115 1630070559.515901
7471791.346605 -681451.453361 1.479228 1630070559.565896
7471791.353445 -681451.379485 1.479410 1630070559.615894
7471791.361347 -681451.294422 1.479282 1630070559.665891
7471791.372427 -681451.174196 1.479133 1630070559.715860
7471791.380410 -681451.089230 1.479127 1630070559.765869
7471791.389615 -681450.989780 1.479203 1630070559.815767
7471791.398658 -681450.892899 1.479091 1630070559.866281
7471791.407968 -681450.793460 1.478900 1630070559.915702
7471791.416803 -681450.699912 1.478627 1630070559.965639
7471791.425451 -681450.607374 1.478476 1630070560.015642
7471791.434126 -681450.514895 1.478255 1630070560.065608
7471791.442307 -681450.427892 1.478094 1630070560.115592
7471791.450848 -681450.337331 1.477864 1630070560.165581
7471791.459808 -681450.241364 1.477621 1630070560.215532
7471791.468226 -681450.151721 1.477457 1630070560.265488
7471791.476296 -681450.065730 1.477350 1630070560.315406
7471791.483979 -681449.984046 1.477266 1630070560.365405
7471791.492393 -681449.893991 1.477169 1630070560.415433
7471791.501371 -681449.798144 1.476968 1630070560.465376
7471791.510294 -681449.703051 1.476702 1630070560.515363
7471791.518398 -681449.617147 1.476300 1630070560.565297
7471791.526695 -681449.528694 1.475675 1630070560.615258
7471791.535284 -681449.437433 1.474928 1630070560.665265
7471791.544146 -681449.343516 1.474106 1630070560.715271
7471791.552202 -681449.258625 1.473522 1630070560.765215
7471791.560890 -681449.166532 1.472979 1630070560.815251
7471791.569741 -681449.073043 1.472763 1630070560.865219
7471791.578465 -681448.981081 1.472659 1630070560.915186
7471791.585871 -681448.903533 1.472648 1630070560.965181
7471791.594310 -681448.814688 1.472494 1630070561.015245
7471791.602143 -681448.732674 1.472390 1630070561.065217
7471791.610300 -681448.647753 1.472269 1630070561.115224
7471791.618288 -681448.565988 1.472146 1630070561.165261
7471791.626832 -681448.477987 1.471838 1630070561.215283
7471791.635121 -681448.393816 1.471570 1630070561.265327
7471791.643576 -681448.308649 1.471257 1630070561.315332
7471791.651697 -681448.228503 1.470929 1630070561.365365
7471791.659815 -681448.146983 1.470596 1630070561.415364
7471791.667698 -681448.069020 1.470278 1630070561.465405
7471791.676605 -681447.980869 1.469917 1630070561.515472
7471791.685298 -681447.895692 1.469568 1630070561.565486
7471791.693881 -681447.810642 1.469220 1630070561.615509
7471791.702750 -681447.723534 1.468864 1630070561.665526
7471791.711134 -681447.641811 1.468532 1630070561.715580
7471791.719158 -681447.564707 1.468275 1630070561.765610
7471791.727701 -681447.481092 1.468082 1630070561.815632
7471791.735447 -681447.406510 1.467951 1630070561.865719
7471791.744241 -681447.321623 1.467604 1630070561.915787
7471791.752346 -681447.244562 1.467281 1630070561.965811
7471791.760779 -681447.163168 1.466952 1630070562.015833
7471791.768946 -681447.085217 1.466633 1630070562.065933
7471791.777049 -681447.008285 1.466287 1630070562.115880
7471791.784948 -681446.934187 1.466004 1630070562.165791
7471791.792792 -681446.859579 1.465702 1630070562.215765
7471791.801102 -681446.781136 1.465380 1630070562.265717
7471791.808683 -681446.710174 1.465118 1630070562.315694
7471791.816599 -681446.636389 1.464861 1630070562.365687
7471791.825455 -681446.552583 1.464576 1630070562.415666
7471791.833031 -681446.481938 1.464338 1630070562.465638
7471791.841077 -681446.406905 1.464112 1630070562.515585
7471791.849431 -681446.329630 1.463846 1630070562.565558
7471791.857686 -681446.252438 1.463587 1630070562.615485
7471791.865713 -681446.178139 1.463360 1630070562.665485
7471791.873652 -681446.104972 1.463111 1630070562.715458
7471791.881385 -681446.034350 1.462867 1630070562.765455
7471791.889485 -681445.959496 1.462590 1630070562.815454
7471791.896363 -681445.896756 1.462355 1630070562.865510
7471791.902507 -681445.841100 1.462119 1630070562.915444
7471791.908940 -681445.783230 1.461928 1630070562.965439
7471791.917415 -681445.705309 1.461624 1630070563.015431
7471791.925648 -681445.630324 1.461381 1630070563.065410
7471791.931720 -681445.575720 1.461184 1630070563.115405
7471791.939852 -681445.502286 1.460925 1630070563.165476
7471791.945464 -681445.451709 1.460725 1630070563.215470
7471791.953714 -681445.376992 1.460491 1630070563.265502
7471791.960728 -681445.314013 1.460252 1630070563.315555
7471791.967050 -681445.257833 1.460082 1630070563.365557
7471791.974814 -681445.187707 1.459842 1630070563.415601
7471791.981103 -681445.131647 1.459648 1630070563.465629
7471791.986735 -681445.081720 1.459478 1630070563.515639
7471791.991588 -681445.039263 1.459312 1630070563.565636
7471791.996601 -681444.994720 1.459160 1630070563.615654
7471792.004386 -681444.925230 1.458922 1630070563.665675
7471792.007371 -681444.899642 1.458836 1630070563.715598
7471792.014438 -681444.837125 1.458640 1630070563.765584
7471792.023061 -681444.760100 1.458356 1630070563.815531
7471792.030981 -681444.689855 1.458136 1630070563.865468
7471792.038330 -681444.624957 1.457894 1630070563.915333
7471792.044443 -681444.571467 1.457711 1630070563.965214
7471792.051126 -681444.512461 1.457509 1630070564.015095
7471792.057625 -681444.455439 1.457315 1630070564.064992
7471792.063481 -681444.404265 1.457157 1630070564.114911
7471792.070097 -681444.346558 1.456939 1630070564.164857
7471792.076199 -681444.293038 1.456755 1630070564.214736
7471792.082154 -681444.241133 1.456595 1630070564.264689
7471792.087718 -681444.192777 1.456411 1630070564.314665
7471792.093688 -681444.141028 1.456234 1630070564.364645
7471792.098911 -681444.095644 1.456079 1630070564.414609
7471792.104663 -681444.045762 1.455908 1630070564.464535
7471792.110983 -681443.991010 1.455719 1630070564.514530
7471792.116581 -681443.942887 1.455553 1630070564.564531
7471792.122976 -681443.887423 1.455362 1630070564.614516
7471792.129163 -681443.834052 1.455198 1630070564.664489
7471792.134054 -681443.792136 1.455035 1630070564.714501
7471792.139998 -681443.741227 1.454861 1630070564.764518
7471792.155146 -681443.609483 1.454408 1630070564.814575
7471792.152339 -681443.635088 1.454497 1630070564.864530
7471792.158945 -681443.578471 1.454302 1630070564.914506
7471792.162961 -681443.544641 1.454203 1630070564.964619
7471792.169066 -681443.492334 1.454005 1630070565.014546
7471792.176213 -681443.431217 1.453794 1630070565.064544
7471792.182112 -681443.381039 1.453639 1630070565.114515
7471792.188985 -681443.322662 1.453420 1630070565.164493
7471792.195129 -681443.270345 1.453240 1630070565.214535
7471792.202771 -681443.205357 1.453016 1630070565.264481
7471792.208579 -681443.156278 1.452865 1630070565.314484
7471792.214727 -681443.104518 1.452686 1630070565.364482
7471792.223807 -681443.027392 1.452402 1630070565.414495
7471792.230922 -681442.967360 1.452195 1630070565.464516
7471792.237458 -681442.912394 1.452026 1630070565.514570
7471792.242806 -681442.867847 1.451853 1630070565.564536
7471792.252018 -681442.789990 1.451605 1630070565.614578
7471792.259877 -681442.723988 1.451358 1630070565.664574
7471792.266861 -681442.665621 1.451157 1630070565.714616
7471792.272940 -681442.615267 1.451004 1630070565.764591
7471792.281284 -681442.545305 1.450763 1630070565.814654
7471792.290624 -681442.467276 1.450473 1630070565.864691
7471792.296180 -681442.421418 1.450317 1630070565.914718
7471792.301903 -681442.374458 1.450177 1630070565.964774
7471792.311220 -681442.296834 1.449909 1630070566.014755
7471792.319732 -681442.226357 1.449668 1630070566.064833
7471792.325608 -681442.178273 1.449502 1630070566.114870
7471792.332801 -681442.119377 1.449277 1630070566.164906
7471792.341600 -681442.046706 1.449026 1630070566.214963
7471792.349288 -681441.983716 1.448809 1630070566.264926
7471792.357639 -681441.915359 1.448598 1630070566.314946
7471792.366043 -681441.846949 1.448340 1630070566.364940
7471792.374557 -681441.777230 1.448124 1630070566.414929
7471792.382118 -681441.715930 1.447912 1630070566.465005
7471792.390966 -681441.644009 1.447665 1630070566.514984
7471792.397274 -681441.593596 1.447493 1630070566.564951
7471792.406700 -681441.516908 1.447230 1630070566.615014
7471792.415959 -681441.442043 1.446973 1630070566.664993
7471792.423788 -681441.379203 1.446756 1630070566.715077
7471792.431921 -681441.314237 1.446531 1630070566.765032
7471792.441150 -681441.239837 1.446275 1630070566.815095
7471792.449973 -681441.169195 1.446033 1630070566.865093
7471792.458925 -681441.097678 1.445786 1630070566.915067
7471792.467356 -681441.030929 1.445557 1630070566.965093
7471792.477012 -681440.953654 1.445292 1630070567.015177
7471792.486184 -681440.880804 1.445042 1630070567.065061
7471792.496159 -681440.801606 1.444770 1630070567.115119
7471792.504076 -681440.739684 1.444558 1630070567.165077
7471792.515922 -681440.645278 1.444233 1630070567.215073
7471792.524092 -681440.581196 1.444014 1630070567.265119
7471792.532971 -681440.511535 1.443775 1630070567.315110
7471792.540652 -681440.452079 1.443571 1630070567.365166
7471792.550818 -681440.372018 1.443296 1630070567.415161
7471792.560030 -681440.300062 1.443129 1630070567.465197
7471792.565944 -681440.254689 1.443180 1630070567.515234
7471792.568371 -681440.237462 1.443445 1630070567.565303
7471792.572587 -681440.205326 1.443698 1630070567.615195
7471792.598282 -681440.003009 1.443656 1630070567.665174
7471792.604528 -681439.955341 1.443829 1630070567.715189
7471792.609793 -681439.915800 1.443887 1630070567.765152
7471792.622939 -681439.813605 1.443887 1630070567.815186
7471792.630509 -681439.755808 1.443676 1630070567.865171
7471792.640029 -681439.682923 1.443410 1630070567.915213
7471792.648136 -681439.621369 1.443169 1630070567.965206
7471792.657427 -681439.549967 1.442967 1630070568.015200
7471792.665704 -681439.486820 1.442756 1630070568.065279
7471792.675764 -681439.409579 1.442568 1630070568.115253
7471792.683602 -681439.349669 1.442414 1630070568.165840
7471792.690917 -681439.293352 1.442296 1630070568.215292
7471792.700270 -681439.221179 1.442200 1630070568.265809
7471792.708854 -681439.154920 1.442132 1630070568.315322
7471792.716331 -681439.097258 1.442082 1630070568.365324
7471792.725219 -681439.028531 1.442024 1630070568.415273
7471792.733174 -681438.967162 1.441997 1630070568.465586
7471792.741674 -681438.901554 1.441940 1630070568.515148
7471792.750488 -681438.833621 1.441859 1630070568.565078
7471792.759840 -681438.761394 1.441822 1630070568.614928
7471792.768180 -681438.697116 1.441767 1630070568.665215
7471792.776299 -681438.634615 1.441691 1630070568.714747
7471792.783718 -681438.577568 1.441667 1630070568.764578
7471792.791712 -681438.515980 1.441613 1630070568.814893
7471792.799859 -681438.453302 1.441559 1630070568.864713
7471792.808579 -681438.386223 1.441500 1630070568.914343
7471792.815570 -681438.332599 1.441433 1630070568.964302
7471792.823266 -681438.273405 1.441382 1630070569.014253
7471792.831185 -681438.212566 1.441353 1630070569.064329
7471792.838259 -681438.158285 1.441285 1630070569.114155
7471792.844592 -681438.109816 1.441264 1630070569.164140
7471792.851216 -681438.058992 1.441199 1630070569.214122
7471792.857802 -681438.008502 1.441157 1630070569.264136
7471792.864831 -681437.954627 1.441132 1630070569.314081
7471792.871644 -681437.902485 1.441069 1630070569.364128
7471792.878767 -681437.847865 1.441023 1630070569.414128
7471792.884830 -681437.801489 1.440984 1630070569.464107
7471792.891085 -681437.753636 1.440962 1630070569.514096
7471792.897054 -681437.708043 1.440903 1630070569.564091
7471792.902460 -681437.666691 1.440851 1630070569.614064
7471792.907766 -681437.626162 1.440781 1630070569.664107
7471792.913536 -681437.582085 1.440712 1630070569.714138
7471792.917966 -681437.548333 1.440656 1630070569.764167
7471792.922817 -681437.511266 1.440609 1630070569.814147
7471792.928135 -681437.470665 1.440548 1630070569.864159
7471792.932797 -681437.435102 1.440493 1630070569.914213
7471792.938025 -681437.395224 1.440468 1630070569.964224
7471792.943085 -681437.356591 1.440437 1630070570.014243
7471792.947952 -681437.319462 1.440411 1630070570.064283
7471792.952205 -681437.287067 1.440391 1630070570.114307
7471792.956931 -681437.251064 1.440363 1630070570.164401
7471792.961273 -681437.217954 1.440334 1630070570.214257
7471792.965431 -681437.186289 1.440293 1630070570.264236
7471792.968893 -681437.159971 1.440278 1630070570.314108
7471792.973052 -681437.128356 1.440244 1630070570.364059
7471792.976515 -681437.102004 1.440215 1630070570.414074
7471792.980064 -681437.075026 1.440183 1630070570.464377
7471792.982558 -681437.056104 1.440160 1630070570.514004
7471792.985966 -681437.030223 1.440129 1630070570.563977
7471792.987466 -681437.018865 1.440116 1630070570.613957
7471792.988941 -681437.007713 1.440095 1630070570.663971
7471792.991604 -681436.987486 1.440079 1630070570.713930
7471792.994315 -681436.966908 1.440054 1630070570.763896
7471792.996498 -681436.950327 1.440034 1630070570.813922
7471792.998054 -681436.938535 1.440020 1630070570.864247
7471793.001484 -681436.912466 1.439989 1630070570.913932
7471793.003502 -681436.897163 1.439971 1630070570.963924
7471793.005710 -681436.880390 1.439951 1630070571.013959
7471793.007203 -681436.869068 1.439938 1630070571.063965
7471793.008625 -681436.858281 1.439925 1630070571.113962
7471793.010824 -681436.841592 1.439904 1630070571.163959
7471793.012962 -681436.825358 1.439884 1630070571.214027
7471793.013617 -681436.820401 1.439879 1630070571.263954
7471793.013435 -681436.821804 1.439878 1630070571.313996
7471793.015444 -681436.806551 1.439860 1630070571.363921
7471793.015592 -681436.805438 1.439859 1630070571.413921
7471793.016208 -681436.800766 1.439855 1630070571.463895
7471793.015575 -681436.805583 1.439861 1630070571.513951
7471793.018412 -681436.784036 1.439837 1630070571.563910
7471793.017896 -681436.787961 1.439840 1630070571.613940
7471793.016244 -681436.800512 1.439855 1630070571.663915
7471793.016961 -681436.795063 1.439848 1630070571.713940
