7471792.040281 -681533.715368 1.610876 1630070524.766443
7471792.035619 -681533.600460 1.610876 1630070524.816540
7471792.030959 -681533.486938 1.610876 1630070524.866587
7471792.026190 -681533.372046 1.610876 1630070524.917350
7471792.021453 -681533.259200 1.610876 1630070524.966683
7471792.016603 -681533.144754 1.610876 1630070525.016649
7471792.011727 -681533.030886 1.610876 1630070525.066650
7471792.006800 -681532.916997 1.610876 1630070525.116595
7471792.001809 -681532.802678 1.610876 1630070525.166620
7471791.996752 -681532.687888 1.610875 1630070525.216527
7471791.991640 -681532.572807 1.610875 1630070525.266451
7471791.986470 -681532.457402 1.610875 1630070525.316403
7471791.981275 -681532.342463 1.610875 1630070525.366260
7471791.976063 -681532.228150 1.610874 1630070525.416164
7471791.970811 -681532.113901 1.610874 1630070525.466141
7471791.965436 -681531.997617 1.610873 1630070525.516063
7471791.960004 -681531.880936 1.610872 1630070525.566040
7471791.954525 -681531.764041 1.610872 1630070525.615994
7471791.948981 -681531.646552 1.610871 1630070525.665917
7471791.943379 -681531.528559 1.610870 1630070525.715932
7471791.937708 -681531.409813 1.610869 1630070525.765937
7471791.932031 -681531.291877 1.610867 1630070525.815907
7471791.926284 -681531.173096 1.610866 1630070525.865903
7471791.920451 -681531.053065 1.610865 1630070525.915925
7471791.914533 -681530.931746 1.610863 1630070525.965948
7471791.908575 -681530.810257 1.610862 1630070526.015965
7471791.902566 -681530.688321 1.610860 1630070526.066044
7471791.896546 -681530.566894 1.610858 1630070526.116004
7471791.890495 -681530.445454 1.610856 1630070526.166050
7471791.884384 -681530.323248 1.610853 1630070526.216086
7471791.878210 -681530.200269 1.610851 1630070526.266113
7471791.871933 -681530.075409 1.610848 1630070526.316746
7471791.865756 -681529.953772 1.610846 1630070526.366221
7471791.859426 -681529.829031 1.610843 1630070526.416234
7471791.852978 -681529.702006 1.610840 1630070526.466278
7471791.846461 -681529.573975 1.610836 1630070526.516955
7471791.840035 -681529.448869 1.610833 1630070526.566430
7471791.833476 -681529.321109 1.610829 1630070526.616406
7471791.826914 -681529.193920 1.610825 1630070526.666424
7471791.820234 -681529.064405 1.610821 1630070526.717031
7471791.813632 -681528.937466 1.610817 1630070526.766403
7471791.806908 -681528.808050 1.610813 1630070526.816378
7471791.800150 -681528.678405 1.610808 1630070526.866321
7471791.793257 -681528.545958 1.610803 1630070526.917005
7471791.786497 -681528.417368 1.610798 1630070526.966199
7471791.779600 -681528.285934 1.610793 1630070527.016112
7471791.772649 -681528.153715 1.610787 1630070527.066046
7471791.765675 -681528.021477 1.610781 1630070527.115869
7471791.758618 -681527.887678 1.610775 1630070527.165774
7471791.751531 -681527.753627 1.610769 1630070527.215652
7471791.744393 -681527.618807 1.610763 1630070527.265543
7471791.737221 -681527.483619 1.610756 1630070527.315442
7471791.730010 -681527.347948 1.610749 1630070527.365391
7471791.722729 -681527.211022 1.610741 1630070527.415345
7471791.715432 -681527.074116 1.610734 1630070527.465345
7471791.708142 -681526.937777 1.610726 1630070527.515342
7471791.700797 -681526.800488 1.610718 1630070527.565240
7471791.693368 -681526.661494 1.610710 1630070527.615257
7471791.685984 -681526.524109 1.610701 1630070527.665288
7471791.678563 -681526.386122 1.610692 1630070527.715233
7471791.671046 -681526.246120 1.610683 1630070527.765265
7471791.663568 -681526.107423 1.610673 1630070527.815243
7471791.656072 -681525.968633 1.610663 1630070527.865299
7471791.648459 -681525.827200 1.610653 1630070527.915315
7471791.640891 -681525.687232 1.610643 1630070527.965354
7471791.633379 -681525.548963 1.610632 1630070528.015373
7471791.625725 -681525.407406 1.610621 1630070528.065400
7471791.618135 -681525.267771 1.610610 1630070528.115460
7471791.610524 -681525.127877 1.610598 1630070528.165485
7471791.602907 -681524.988054 1.610586 1630070528.215529
7471791.595270 -681524.847973 1.610574 1630070528.265536
7471791.587564 -681524.706360 1.610561 1630070528.316082
7471791.579983 -681524.568130 1.610549 1630070528.365568
7471791.572346 -681524.428707 1.610535 1630070528.415483
7471791.564703 -681524.289265 1.610522 1630070528.465445
7471791.556976 -681524.147863 1.610508 1630070528.515788
7471791.549350 -681524.009085 1.610494 1630070528.565321
7471791.541708 -681523.870063 1.610479 1630070528.615262
7471791.534028 -681523.730190 1.610465 1630070528.665225
7471791.526283 -681523.588804 1.610449 1630070528.715550
7471791.518545 -681523.447665 1.610434 1630070528.765224
7471791.510752 -681523.305178 1.610418 1630070528.815204
7471791.503014 -681523.164117 1.610402 1630070528.865211
7471791.495127 -681523.019320 1.610386 1630070528.915672
7471791.487354 -681522.877413 1.610369 1630070528.965255
7471791.479496 -681522.733409 1.610352 1630070529.015218
7471791.471608 -681522.588714 1.610334 1630070529.065149
7471791.463723 -681522.444057 1.610316 1630070529.115096
7471791.455867 -681522.300186 1.610298 1630070529.165110
7471791.447987 -681522.155737 1.610280 1630070529.215055
7471791.440063 -681522.010250 1.610261 1630070529.265042
7471791.432100 -681521.863833 1.610241 1630070529.315036
7471791.424128 -681521.717186 1.610222 1630070529.365007
7471791.416185 -681521.571294 1.610202 1630070529.415051
7471791.408232 -681521.425159 1.610182 1630070529.465044
7471791.400221 -681521.277528 1.610161 1630070529.515092
7471791.392242 -681521.130656 1.610140 1630070529.565087
7471791.384247 -681520.983254 1.610119 1630070529.615118
7471791.376294 -681520.836820 1.610097 1630070529.665184
7471791.368370 -681520.690957 1.610075 1630070529.715221
7471791.360401 -681520.543806 1.610053 1630070529.765248
7471791.352478 -681520.397659 1.610030 1630070529.815298
7471791.344598 -681520.252509 1.610007 1630070529.865342
7471791.336727 -681520.107498 1.609983 1630070529.915364
7471791.328803 -681519.961022 1.609959 1630070529.965429
7471791.320888 -681519.814722 1.609935 1630070530.015462
7471791.313013 -681519.669397 1.609911 1630070530.065494
7471791.305111 -681519.523341 1.609886 1630070530.115497
7471791.297214 -681519.377386 1.609861 1630070530.165490
7471791.289324 -681519.231571 1.609835 1630070530.215461
7471791.281445 -681519.085966 1.609809 1630070530.265388
7471791.273597 -681518.941092 1.609783 1630070530.315850
7471791.265832 -681518.798271 1.609756 1630070530.365386
7471791.258007 -681518.653755 1.609729 1630070530.415311
7471791.250143 -681518.508151 1.609702 1630070530.465313
7471791.242245 -681518.361479 1.609674 1630070530.515813
7471791.234474 -681518.217826 1.609646 1630070530.565404
7471791.226703 -681518.074008 1.609618 1630070530.615339
7471791.218900 -681517.929147 1.609589 1630070530.665336
7471791.211034 -681517.782488 1.609560 1630070530.715746
7471791.203315 -681517.639395 1.609531 1630070530.765354
7471791.195500 -681517.493524 1.609501 1630070530.815403
7471791.187716 -681517.348214 1.609471 1630070530.865449
7471791.179865 -681517.200952 1.609440 1630070530.915952
7471791.172123 -681517.056272 1.609409 1630070530.965530
7471791.164368 -681516.911041 1.609378 1630070531.015595
7471791.156591 -681516.765018 1.609346 1630070531.065611
7471791.148777 -681516.617856 1.609315 1630070531.115710
7471791.141039 -681516.472411 1.609282 1630070531.165726
7471791.133357 -681516.328218 1.609250 1630070531.215801
7471791.125632 -681516.182641 1.609217 1630070531.265883
7471791.117928 -681516.037357 1.609184 1630070531.315886
7471791.110184 -681515.890816 1.609150 1630070531.365979
7471791.102498 -681515.745495 1.609116 1630070531.416017
7471791.094895 -681515.602128 1.609082 1630070531.466050
7471791.087349 -681515.459969 1.609047 1630070531.516182
7471791.079831 -681515.318291 1.609012 1630070531.566175
7471791.072272 -681515.175261 1.608977 1630070531.616287
7471791.064590 -681515.028761 1.608941 1630070531.666308
7471791.057062 -681514.885996 1.608905 1630070531.716356
7471791.049619 -681514.745191 1.608869 1630070531.766395
7471791.042138 -681514.603146 1.608832 1630070531.816394
7471791.034708 -681514.462142 1.608795 1630070531.866389
7471791.027284 -681514.321085 1.608758 1630070531.916407
7471791.019874 -681514.180110 1.608720 1630070531.966408
7471791.012494 -681514.039667 1.608682 1630070532.016375
7471791.005190 -681513.901021 1.608644 1630070532.066413
7471790.997865 -681513.761626 1.608605 1630070532.116375
7471790.990563 -681513.622502 1.608566 1630070532.166416
7471790.983314 -681513.484542 1.608527 1630070532.216411
7471790.976050 -681513.345873 1.608488 1630070532.266479
7471790.968747 -681513.205878 1.608448 1630070532.317132
7471790.961604 -681513.069904 1.608408 1630070532.366508
7471790.954453 -681512.933438 1.608367 1630070532.416492
7471790.947321 -681512.797279 1.608326 1630070532.466543
7471790.940126 -681512.659178 1.608285 1630070532.517060
7471790.933061 -681512.524299 1.608244 1630070532.566387
7471790.925994 -681512.389111 1.608202 1630070532.616296
7471790.918914 -681512.253312 1.608160 1630070532.666245
7471790.911780 -681512.115842 1.608118 1630070532.716898
7471790.904848 -681511.983501 1.608075 1630070532.766054
7471790.897845 -681511.848991 1.608032 1630070532.815916
7471790.890854 -681511.714540 1.607989 1630070532.865892
7471790.883849 -681511.579457 1.607945 1630070532.916237
7471790.876986 -681511.447930 1.607902 1630070532.965746
7471790.870046 -681511.314080 1.607857 1630070533.015692
7471790.863112 -681511.180089 1.607813 1630070533.065685
7471790.856190 -681511.046205 1.607768 1630070533.115641
7471790.849328 -681510.913703 1.607723 1630070533.165636
7471790.842460 -681510.780753 1.607678 1630070533.215615
7471790.835601 -681510.647772 1.607632 1630070533.265604
7471790.828752 -681510.514767 1.607587 1630070533.315599
7471790.821941 -681510.382516 1.607540 1630070533.365674
7471790.815163 -681510.250813 1.607494 1630070533.415700
7471790.808418 -681510.119742 1.607447 1630070533.465681
7471790.801659 -681509.987997 1.607400 1630070533.515717
7471790.794917 -681509.856437 1.607353 1630070533.565691
7471790.788202 -681509.725274 1.607305 1630070533.615697
7471790.781562 -681509.595826 1.607257 1630070533.665628
7471790.774906 -681509.465649 1.607209 1630070533.715632
7471790.768248 -681509.335067 1.607160 1630070533.765602
7471790.761609 -681509.204629 1.607112 1630070533.815522
7471790.755008 -681509.074933 1.607063 1630070533.865525
7471790.748401 -681508.944751 1.607013 1630070533.915518
7471790.741819 -681508.814935 1.606964 1630070533.965553
7471790.735282 -681508.686001 1.606914 1630070534.015591
7471790.728783 -681508.557773 1.606864 1630070534.065555
7471790.722272 -681508.428857 1.606813 1630070534.115576
7471790.715793 -681508.300442 1.606763 1630070534.165592
7471790.709319 -681508.171794 1.606712 1630070534.215683
7471790.702867 -681508.043370 1.606661 1630070534.265693
7471790.696388 -681507.913740 1.606609 1630070534.316277
7471790.690043 -681507.787438 1.606557 1630070534.365723
7471790.683666 -681507.659823 1.606505 1630070534.415781
7471790.677318 -681507.532613 1.606453 1630070534.465866
7471790.670943 -681507.404240 1.606400 1630070534.516342
7471790.664674 -681507.278349 1.606348 1630070534.565961
7471790.658383 -681507.151429 1.606295 1630070534.616098
7471790.652115 -681507.024703 1.606241 1630070534.665990
7471790.645812 -681506.896513 1.606188 1630070534.716549
7471790.639620 -681506.770985 1.606134 1630070534.766322
7471790.633460 -681506.645879 1.606080 1630070534.815942
7471790.627270 -681506.519450 1.606026 1630070534.865873
7471790.621024 -681506.390985 1.605971 1630070534.916494
7471790.614948 -681506.266906 1.605916 1630070534.965734
7471790.608806 -681506.140442 1.605861 1630070535.015651
7471790.602688 -681506.014221 1.605806 1630070535.065613
7471790.596572 -681505.887602 1.605750 1630070535.115563
7471790.590489 -681505.761379 1.605695 1630070535.165504
7471790.584382 -681505.633971 1.605639 1630070535.215534
7471790.578324 -681505.507372 1.605582 1630070535.265448
7471790.572255 -681505.379921 1.605526 1630070535.315471
7471790.566211 -681505.252584 1.605469 1630070535.365445
7471790.560183 -681505.125150 1.605412 1630070535.415442
7471790.554152 -681504.997027 1.605355 1630070535.465494
7471790.548143 -681504.869019 1.605297 1630070535.515494
7471790.542135 -681504.740366 1.605240 1630070535.565532
7471790.536132 -681504.611225 1.605182 1630070535.615554
7471790.530137 -681504.481700 1.605124 1630070535.665526
7471790.524178 -681504.352527 1.605065 1630070535.715534
7471790.518231 -681504.223119 1.605007 1630070535.765441
7471790.512288 -681504.093182 1.604948 1630070535.815515
7471790.506363 -681503.963120 1.604889 1630070535.865484
7471790.500456 -681503.832854 1.604830 1630070535.915507
7471790.494563 -681503.702390 1.604770 1630070535.965585
7471790.488673 -681503.571312 1.604711 1630070536.015520
7471790.482753 -681503.438629 1.604651 1630070536.065980
7471790.476941 -681503.308385 1.604591 1630070536.115606
7471790.471093 -681503.176369 1.604531 1630070536.165645
7471790.465252 -681503.043789 1.604470 1630070536.215691
7471790.459418 -681502.910621 1.604409 1630070536.265752
7471790.453579 -681502.776528 1.604349 1630070536.315805
7471790.447782 -681502.642912 1.604287 1630070536.365850
7471790.441994 -681502.508774 1.604226 1630070536.415887
7471790.436232 -681502.374549 1.604165 1630070536.465938
7471790.430497 -681502.240324 1.604103 1630070536.515971
7471790.424766 -681502.105387 1.604041 1630070536.566057
7471790.419050 -681501.970019 1.603979 1630070536.616103
7471790.413358 -681501.834536 1.603917 1630070536.666170
7471790.407696 -681501.699078 1.603855 1630070536.716209
7471790.402059 -681501.563489 1.603792 1630070536.766274
7471790.396433 -681501.427323 1.603729 1630070536.816346
7471790.390846 -681501.291430 1.603666 1630070536.866473
7471790.385263 -681501.154792 1.603603 1630070536.916496
7471790.379661 -681501.016618 1.603540 1630070536.966544
7471790.374132 -681500.879623 1.603476 1630070537.016514
7471790.368534 -681500.739623 1.603413 1630070537.067275
7471790.363102 -681500.603777 1.603349 1630070537.116511
7471790.357611 -681500.465159 1.603285 1630070537.166460
7471790.352123 -681500.325691 1.603221 1630070537.216501
7471790.346662 -681500.186090 1.603157 1630070537.266404
7471790.341234 -681500.046486 1.603093 1630070537.316445
7471790.335854 -681499.907427 1.603028 1630070537.366450
7471790.330467 -681499.767066 1.602963 1630070537.416402
7471790.325081 -681499.625684 1.602899 1630070537.466498
7471790.319740 -681499.484628 1.602834 1630070537.516465
7471790.314411 -681499.342857 1.602769 1630070537.566478
7471790.309066 -681499.199522 1.602704 1630070537.616488
7471790.303692 -681499.054176 1.602638 1630070537.667105
7471790.298482 -681498.912835 1.602573 1630070537.716595
7471790.293235 -681498.769206 1.602507 1630070537.766623
7471790.288008 -681498.625172 1.602442 1630070537.816627
7471790.282746 -681498.478929 1.602376 1630070537.867138
7471790.277631 -681498.336238 1.602310 1630070537.916514
7471790.272515 -681498.192486 1.602244 1630070537.966473
7471790.267439 -681498.048881 1.602178 1630070538.016359
7471790.262327 -681497.902986 1.602112 1630070538.066652
7471790.257329 -681497.759648 1.602046 1630070538.116122
7471790.252249 -681497.612503 1.601980 1630070538.166007
7471790.247228 -681497.466131 1.601914 1630070538.215907
7471790.242256 -681497.320194 1.601847 1630070538.265803
7471790.237302 -681497.173625 1.601781 1630070538.315718
7471790.232378 -681497.026873 1.601714 1630070538.365667
7471790.227466 -681496.879302 1.601648 1630070538.415571
7471790.222531 -681496.729824 1.601581 1630070538.465886
7471790.217706 -681496.582554 1.601514 1630070538.515491
7471790.212917 -681496.435202 1.601448 1630070538.565519
7471790.208175 -681496.288032 1.601381 1630070538.615458
7471790.203380 -681496.137757 1.601314 1630070538.665886
7471790.198687 -681495.989503 1.601247 1630070538.715505
7471790.194010 -681495.840429 1.601180 1630070538.765492
7471790.189337 -681495.690097 1.601113 1630070538.815523
7471790.184699 -681495.539505 1.601046 1630070538.865901
7471790.180157 -681495.391094 1.600979 1630070538.915566
7471790.175577 -681495.240162 1.600912 1630070538.965654
7471790.171022 -681495.088784 1.600846 1630070539.015682
7471790.166468 -681494.936274 1.600779 1630070539.066010
7471790.162009 -681494.785457 1.600712 1630070539.115781
7471790.157578 -681494.634106 1.600645 1630070539.165825
7471790.153261 -681494.485014 1.600578 1630070539.215871
7471790.148864 -681494.331920 1.600511 1630070539.266363
7471790.144530 -681494.179567 1.600444 1630070539.316010
7471790.140222 -681494.026363 1.600377 1630070539.366021
7471790.135931 -681493.872470 1.600310 1630070539.416045
7471790.131631 -681493.716655 1.600244 1630070539.466602
7471790.127506 -681493.565063 1.600177 1630070539.516138
7471790.123390 -681493.411769 1.600110 1630070539.566141
7471790.119315 -681493.258172 1.600044 1630070539.616185
7471790.115261 -681493.103561 1.599977 1630070539.666607
7471790.111308 -681492.950644 1.599911 1630070539.716191
7471790.107356 -681492.796347 1.599844 1630070539.766143
7471790.103454 -681492.642323 1.599778 1630070539.816114
7471790.099575 -681492.487451 1.599712 1630070539.866568
7471790.095828 -681492.335478 1.599646 1630070539.915938
7471790.092045 -681492.180670 1.599580 1630070539.965843
7471790.088276 -681492.025870 1.599514 1630070540.015745
7471790.084506 -681491.870653 1.599448 1630070540.066045
7471790.080825 -681491.718120 1.599383 1630070540.115530
7471790.077128 -681491.564605 1.599317 1630070540.165464
7471790.073460 -681491.411692 1.599252 1630070540.215365
7471790.069776 -681491.257783 1.599187 1630070540.265723
7471790.066180 -681491.106566 1.599121 1630070540.315256
7471790.062571 -681490.954498 1.599056 1630070540.365202
7471790.058953 -681490.801668 1.598991 1630070540.415227
7471790.055317 -681490.647782 1.598927 1630070540.465421
7471790.051745 -681490.495786 1.598862 1630070540.515189
7471790.048152 -681490.342635 1.598797 1630070540.565157
7471790.044571 -681490.189450 1.598733 1630070540.615134
7471790.040977 -681490.035416 1.598668 1630070540.665523
7471790.037476 -681489.884270 1.598604 1630070540.715179
7471790.033951 -681489.731895 1.598540 1630070540.765211
7471790.030425 -681489.579017 1.598476 1630070540.815243
7471790.026890 -681489.425435 1.598412 1630070540.865644
7471790.023463 -681489.275342 1.598348 1630070540.915246
7471790.019982 -681489.122843 1.598284 1630070540.965312
7471790.016520 -681488.970623 1.598221 1630070541.015291
7471790.013029 -681488.816914 1.598157 1630070541.065572
7471790.009597 -681488.664951 1.598094 1630070541.115317
7471790.006140 -681488.511687 1.598031 1630070541.165306
7471790.002694 -681488.358354 1.597968 1630070541.215315
7471789.999230 -681488.203930 1.597905 1630070541.265656
7471789.995860 -681488.052561 1.597842 1630070541.315366
7471789.992480 -681487.900418 1.597779 1630070541.365436
7471789.989095 -681487.747623 1.597716 1630070541.415428
7471789.985686 -681487.593537 1.597654 1630070541.465814
7471789.982363 -681487.442255 1.597591 1630070541.515492
7471789.979030 -681487.290128 1.597529 1630070541.565551
7471789.975700 -681487.137726 1.597467 1630070541.615570
7471789.972319 -681486.982967 1.597405 1630070541.666002
7471789.969002 -681486.830238 1.597343 1630070541.715661
7471789.965686 -681486.677132 1.597281 1630070541.765738
7471789.962389 -681486.524262 1.597220 1630070541.815741
7471789.959078 -681486.370513 1.597158 1630070541.866166
7471789.955842 -681486.219139 1.597097 1630070541.915860
7471789.952590 -681486.066737 1.597035 1630070541.965868
7471789.949329 -681485.913630 1.596974 1630070542.015937
7471789.946031 -681485.758668 1.596913 1630070542.066573
7471789.942835 -681485.607155 1.596852 1630070542.115999
7471789.939605 -681485.453964 1.596791 1630070542.166089
7471789.936411 -681485.301740 1.596731 1630070542.216157
7471789.933157 -681485.146805 1.596670 1630070542.266777
7471789.930022 -681484.996061 1.596610 1630070542.316264
7471789.926837 -681484.842936 1.596549 1630070542.366326
7471789.923666 -681484.689960 1.596489 1630070542.416341
7471789.920471 -681484.535658 1.596429 1630070542.466915
7471789.917374 -681484.384798 1.596369 1630070542.516430
7471789.914216 -681484.231096 1.596309 1630070542.566508
7471789.911074 -681484.077661 1.596249 1630070542.616503
7471789.907894 -681483.922266 1.596190 1630070542.667094
7471789.904838 -681483.771401 1.596130 1630070542.716451
7471789.901742 -681483.618553 1.596071 1630070542.766413
7471789.898669 -681483.466208 1.596012 1630070542.816372
7471789.895568 -681483.312302 1.595953 1630070542.866808
7471789.892560 -681483.161721 1.595894 1630070542.916221
7471789.889513 -681483.009143 1.595835 1630070542.966245
7471789.886483 -681482.856887 1.595776 1630070543.016168
7471789.883398 -681482.702055 1.595718 1630070543.066725
7471789.880437 -681482.551694 1.595659 1630070543.116183
7471789.877442 -681482.399657 1.595601 1630070543.166155
7471789.874466 -681482.247933 1.595543 1630070543.216182
7471789.871427 -681482.093293 1.595485 1630070543.266951
7471789.868517 -681481.943440 1.595427 1630070543.316244
7471789.865564 -681481.791464 1.595369 1630070543.366342
7471789.862633 -681481.640012 1.595311 1630070543.416276
7471789.859666 -681481.486657 1.595254 1630070543.466640
7471789.856769 -681481.335805 1.595196 1630070543.516231
7471789.853848 -681481.183538 1.595139 1630070543.566255
7471789.850940 -681481.031452 1.595082 1630070543.616221
7471789.847996 -681480.877484 1.595025 1630070543.666764
7471789.845160 -681480.727543 1.594968 1630070543.716217
7471789.842273 -681480.575169 1.594911 1630070543.766264
7471789.839423 -681480.423974 1.594854 1630070543.816254
7471789.836534 -681480.270748 1.594798 1630070543.866870
7471789.833741 -681480.121173 1.594741 1630070543.916200
7471789.830893 -681479.968861 1.594685 1630070543.966218
7471789.828084 -681479.817831 1.594629 1630070544.016147
7471789.825239 -681479.664937 1.594573 1630070544.066650
7471789.822462 -681479.514521 1.594517 1630070544.116077
7471789.819662 -681479.362788 1.594461 1630070544.166061
7471789.816892 -681479.211952 1.594405 1630070544.216074
7471789.814064 -681479.058293 1.594350 1630070544.266804
7471789.811327 -681478.908146 1.594295 1630070544.316017
7471789.808561 -681478.756379 1.594239 1630070544.366001
7471789.805808 -681478.604857 1.594184 1630070544.416061
7471789.803012 -681478.451083 1.594129 1630070544.466504
7471789.800311 -681478.301034 1.594074 1630070544.516103
7471789.797584 -681478.149549 1.594019 1630070544.566144
7471789.794854 -681477.997587 1.593965 1630070544.616175
7471789.792120 -681477.845117 1.593910 1630070544.666516
7471789.789462 -681477.695550 1.593856 1630070544.716108
7471789.786783 -681477.544773 1.593802 1630070544.766074
7471789.784126 -681477.394593 1.593748 1630070544.816007
7471789.781409 -681477.241477 1.593694 1630070544.866694
7471789.778796 -681477.092590 1.593640 1630070544.915911
7471789.776135 -681476.941268 1.593586 1630070544.965880
7471789.773482 -681476.789975 1.593532 1630070545.015837
7471789.770832 -681476.638434 1.593479 1630070545.066337
7471789.768257 -681476.489855 1.593426 1630070545.115754
7471789.765647 -681476.339472 1.593372 1630070545.165730
7471789.763044 -681476.189018 1.593319 1630070545.215725
7471789.760460 -681476.039055 1.593266 1630070545.265720
7471789.757897 -681475.889687 1.593213 1630070545.315651
7471789.755358 -681475.741031 1.593161 1630070545.365669
7471789.752796 -681475.591087 1.593108 1630070545.415649
7471789.750241 -681475.441000 1.593056 1630070545.465670
7471789.747679 -681475.290303 1.593003 1630070545.516005
7471789.745160 -681475.141189 1.592951 1630070545.565716
7471789.742639 -681474.991578 1.592899 1630070545.615704
7471789.740137 -681474.842514 1.592847 1630070545.665674
7471789.737641 -681474.693319 1.592795 1630070545.715682
7471789.735153 -681474.544101 1.592743 1630070545.765694
7471789.732672 -681474.394906 1.592692 1630070545.815695
7471789.730198 -681474.245642 1.592640 1630070545.865715
7471789.727737 -681474.096592 1.592589 1630070545.915664
7471789.725279 -681473.947306 1.592538 1630070545.965684
7471789.722873 -681473.800027 1.592487 1630070546.015698
7471789.720471 -681473.652619 1.592436 1630070546.065750
7471789.718083 -681473.505370 1.592385 1630070546.115749
7471789.715669 -681473.356424 1.592334 1630070546.165808
7471789.713303 -681473.209183 1.592283 1630070546.215800
7471789.710932 -681473.061244 1.592233 1630070546.266140
7471789.708613 -681472.915124 1.592183 1630070546.315771
7471789.706273 -681472.767492 1.592132 1630070546.365723
7471789.703939 -681472.619645 1.592082 1630070546.415741
7471789.701592 -681472.470604 1.592032 1630070546.466136
7471789.699339 -681472.325426 1.591982 1630070546.515586
7471789.697090 -681472.179853 1.591933 1630070546.565478
7471789.694850 -681472.034165 1.591883 1630070546.615405
7471789.692605 -681471.887664 1.591834 1630070546.665753
7471789.690458 -681471.745227 1.591784 1630070546.715235
7471789.688291 -681471.601307 1.591735 1630070546.765197
7471789.686097 -681471.455514 1.591686 1630070546.815149
7471789.683923 -681471.310095 1.591637 1630070546.865463
7471789.681794 -681471.166302 1.591588 1630070546.915086
7471789.679707 -681471.023897 1.591540 1630070546.965033
7471789.677625 -681470.881239 1.591491 1630070547.015061
7471789.675519 -681470.736840 1.591443 1630070547.065492
7471789.673482 -681470.595175 1.591394 1630070547.115025
7471789.671424 -681470.452006 1.591346 1630070547.165048
7471789.669387 -681470.309268 1.591298 1630070547.215091
7471789.667394 -681470.168121 1.591250 1630070547.265068
7471789.665432 -681470.027923 1.591202 1630070547.315059
7471789.663476 -681469.887472 1.591155 1630070547.365131
7471789.661523 -681469.746599 1.591107 1630070547.415174
7471789.659585 -681469.605905 1.591060 1630070547.465155
7471789.657695 -681469.467060 1.591013 1630070547.515183
7471789.655815 -681469.328177 1.590966 1630070547.565220
7471789.653958 -681469.189842 1.590919 1630070547.615204
7471789.652141 -681469.052976 1.590872 1630070547.665195
7471789.650343 -681468.916510 1.590825 1630070547.715217
7471789.648565 -681468.780485 1.590779 1630070547.765256
7471789.646799 -681468.644498 1.590732 1630070547.815278
7471789.645027 -681468.507754 1.590686 1630070547.865214
7471789.643240 -681468.369659 1.590640 1630070547.915266
7471789.641511 -681468.233994 1.590594 1630070547.965305
7471789.639833 -681468.100462 1.590548 1630070548.015294
7471789.638154 -681467.966272 1.590502 1630070548.065334
7471789.636487 -681467.832184 1.590457 1630070548.115335
7471789.634827 -681467.697967 1.590411 1630070548.165377
7471789.633171 -681467.563468 1.590366 1630070548.215513
7471789.631528 -681467.429089 1.590321 1630070548.265954
7471789.629960 -681467.298069 1.590276 1630070548.315526
7471789.628386 -681467.166182 1.590231 1630070548.365576
7471789.626801 -681467.033320 1.590186 1630070548.415613
7471789.625235 -681466.900918 1.590142 1630070548.466015
7471789.623718 -681466.770515 1.590097 1630070548.515702
7471789.622201 -681466.639620 1.590053 1630070548.565737
7471789.620702 -681466.509206 1.590009 1630070548.615774
7471789.619191 -681466.377709 1.589964 1630070548.666339
7471789.617778 -681466.250752 1.589921 1630070548.715801
7471789.616421 -681466.126329 1.589877 1630070548.765752
7471789.615198 -681466.008393 1.589833 1630070548.815779
7471789.613807 -681465.881222 1.589790 1630070548.866181
7471789.612394 -681465.752357 1.589746 1630070548.915633
7471789.611036 -681465.625959 1.589703 1630070548.965554
7471789.609731 -681465.501913 1.589660 1630070549.015486
7471789.608361 -681465.374019 1.589617 1630070549.065762
7471789.607038 -681465.248085 1.589574 1630070549.115313
7471789.605730 -681465.122550 1.589531 1630070549.165262
7471789.604437 -681464.997346 1.589489 1630070549.215268
7471789.603163 -681464.872754 1.589446 1630070549.265226
7471789.601897 -681464.748084 1.589404 1630070549.315208
7471789.600647 -681464.623827 1.589362 1630070549.365178
7471789.599422 -681464.500532 1.589320 1630070549.415157
7471789.598222 -681464.378177 1.589278 1630070549.465152
7471789.597037 -681464.256193 1.589237 1630070549.515190
7471789.595860 -681464.134222 1.589195 1630070549.565217
7471789.594708 -681464.013205 1.589154 1630070549.615217
7471789.593560 -681463.892000 1.589112 1630070549.665283
7471789.592434 -681463.771592 1.589071 1630070549.715228
7471789.591320 -681463.651423 1.589030 1630070549.765267
7471789.590159 -681463.528265 1.588989 1630070549.815333
7471789.588867 -681463.397502 1.588948 1630070549.865355
7471789.587924 -681463.285504 1.588908 1630070549.915387
7471789.586984 -681463.173408 1.588867 1630070549.965452
7471789.585978 -681463.057106 1.588827 1630070550.015470
7471789.584870 -681462.934941 1.588787 1630070550.065505
7471789.583720 -681462.809870 1.588747 1630070550.115535
7471789.582741 -681462.693996 1.588707 1630070550.165520
7471789.581758 -681462.577499 1.588667 1630070550.215587
7471789.580752 -681462.459409 1.588627 1630070550.266081
7471789.579796 -681462.343612 1.588588 1630070550.315655
7471789.578855 -681462.228344 1.588549 1630070550.365769
7471789.577924 -681462.113231 1.588509 1630070550.415813
7471789.576962 -681461.996065 1.588470 1630070550.466474
7471789.576071 -681461.882522 1.588431 1630070550.515868
7471789.575175 -681461.768256 1.588393 1630070550.565951
7471789.574289 -681461.654187 1.588354 1630070550.615946
7471789.573372 -681461.537988 1.588315 1630070550.666594
7471789.572530 -681461.425722 1.588277 1630070550.716040
7471789.571689 -681461.313122 1.588239 1630070550.765982
7471789.570827 -681461.199016 1.588200 1630070550.815960
7471789.569931 -681461.082473 1.588162 1630070550.866716
7471789.569144 -681460.971913 1.588125 1630070550.915793
7471789.568321 -681460.858884 1.588087 1630070550.965715
7471789.567505 -681460.745921 1.588049 1630070551.015601
7471789.566678 -681460.631943 1.588012 1630070551.066062
7471789.565902 -681460.520532 1.587974 1630070551.115457
7471789.565117 -681460.408251 1.587937 1630070551.165408
7471789.564336 -681460.295790 1.587900 1630070551.215425
7471789.563572 -681460.183968 1.587863 1630070551.265376
7471789.562831 -681460.073138 1.587827 1630070551.315321
7471789.562094 -681459.962088 1.587790 1630070551.365350
7471789.561349 -681459.850210 1.587753 1630070551.415299
7471789.560610 -681459.738309 1.587717 1630070551.465457
7471789.559897 -681459.627555 1.587681 1630070551.515336
7471789.559169 -681459.515516 1.587645 1630070551.565326
7471789.558469 -681459.404755 1.587609 1630070551.615359
7471789.557770 -681459.293657 1.587573 1630070551.665356
7471789.557066 -681459.181915 1.587537 1630070551.715405
7471789.556378 -681459.070689 1.587502 1630070551.765439
7471789.555694 -681458.959355 1.587466 1630070551.815509
7471789.555037 -681458.849187 1.587431 1630070551.865459
7471789.554374 -681458.738265 1.587396 1630070551.915507
7471789.553717 -681458.627348 1.587361 1630070551.965544
7471789.553082 -681458.517409 1.587326 1630070552.015582
7471789.552455 -681458.407440 1.587291 1630070552.065624
7471789.551838 -681458.297772 1.587257 1630070552.115742
7471789.551228 -681458.188072 1.587222 1630070552.165865
7471789.550621 -681458.078252 1.587188 1630070552.215817
7471789.550006 -681457.967460 1.587154 1630070552.266387
7471789.549442 -681457.859490 1.587120 1630070552.315958
7471789.548852 -681457.749455 1.587086 1630070552.365975
7471789.548272 -681457.639769 1.587052 1630070552.416048
7471789.547681 -681457.528889 1.587019 1630070552.466836
7471789.547142 -681457.420945 1.586985 1630070552.516573
7471789.546607 -681457.312871 1.586952 1630070552.566144
7471789.546058 -681457.203614 1.586919 1630070552.616212
7471789.545500 -681457.093371 1.586886 1630070552.666909
7471789.544985 -681456.985469 1.586853 1630070552.716169
7471789.544451 -681456.876039 1.586820 1630070552.766071
7471789.543938 -681456.767546 1.586787 1630070552.815990
7471789.543397 -681456.656995 1.586755 1630070552.866567
7471789.542913 -681456.549543 1.586723 1630070552.915809
7471789.542416 -681456.441048 1.586690 1630070552.965702
7471789.541917 -681456.332028 1.586658 1630070553.015597
7471789.541403 -681456.221789 1.586626 1630070553.066004
7471789.540942 -681456.114567 1.586595 1630070553.115323
7471789.540441 -681456.004427 1.586563 1630070553.165243
7471789.539943 -681455.894132 1.586532 1630070553.215009
7471789.539462 -681455.784601 1.586500 1630070553.264864
7471789.538974 -681455.674366 1.586469 1630070553.314797
7471789.538485 -681455.563697 1.586438 1630070553.364694
7471789.538000 -681455.452990 1.586407 1630070553.414598
7471789.537527 -681455.342714 1.586376 1630070553.464521
7471789.537056 -681455.232333 1.586346 1630070553.514480
7471789.536574 -681455.120925 1.586315 1630070553.564442
7471789.536105 -681455.009989 1.586285 1630070553.614406
7471789.535633 -681454.898600 1.586255 1630070553.664342
7471789.535151 -681454.786279 1.586225 1630070553.714282
7471789.534671 -681454.673720 1.586195 1630070553.764313
7471789.534188 -681454.560768 1.586165 1630070553.814290
7471789.533717 -681454.448246 1.586136 1630070553.864287
7471789.533249 -681454.335603 1.586106 1630070553.914325
7471789.532786 -681454.223067 1.586077 1630070553.964310
7471789.532320 -681454.110051 1.586048 1630070554.014277
7471789.531856 -681453.996839 1.586019 1630070554.064316
7471789.531398 -681453.883765 1.585990 1630070554.114288
7471789.530941 -681453.770485 1.585961 1630070554.164337
7471789.530473 -681453.656272 1.585933 1630070554.214348
7471789.530015 -681453.542289 1.585905 1630070554.264670
7471789.529572 -681453.429145 1.585876 1630070554.314427
7471789.529122 -681453.315269 1.585848 1630070554.364477
7471789.528671 -681453.200981 1.585820 1630070554.414481
7471789.528210 -681453.085685 1.585793 1630070554.464725
7471789.527766 -681452.971388 1.585765 1630070554.514549
7471789.527323 -681452.856826 1.585738 1630070554.564637
7471789.526884 -681452.742282 1.585710 1630070554.614707
7471789.526424 -681452.625987 1.585683 1630070554.665115
7471789.525994 -681452.511519 1.585656 1630070554.714766
7471789.525551 -681452.396058 1.585629 1630070554.764814
7471789.525096 -681452.279472 1.585603 1630070554.814902
7471789.524630 -681452.161942 1.585576 1630070554.865364
7471789.524190 -681452.046418 1.585550 1630070554.915005
7471789.523733 -681451.929941 1.585524 1630070554.965026
7471789.523266 -681451.813024 1.585497 1630070555.015015
7471789.522782 -681451.695175 1.585472 1630070555.065374
7471789.522335 -681451.580035 1.585446 1630070555.115032
7471789.521874 -681451.464111 1.585420 1630070555.165002
7471789.521409 -681451.348090 1.585395 1630070555.215005
7471789.520935 -681451.231685 1.585369 1630070555.264953
7471789.520449 -681451.114738 1.585344 1630070555.314911
7471789.519961 -681450.997799 1.585319 1630070555.364858
7471789.519461 -681450.880331 1.585294 1630070555.414809
7471789.518958 -681450.762814 1.585270 1630070555.464772
7471789.518436 -681450.644311 1.585245 1630070555.514762
7471789.517910 -681450.525716 1.585221 1630070555.564781
7471789.517380 -681450.407119 1.585197 1630070555.614792
7471789.516847 -681450.288639 1.585173 1630070555.664749
7471789.516287 -681450.168482 1.585149 1630070555.714768
7471789.515732 -681450.048875 1.585125 1630070555.764759
7471789.515172 -681449.929217 1.585101 1630070555.814762
7471789.514603 -681449.809126 1.585078 1630070555.864730
7471789.514026 -681449.688758 1.585054 1630070555.914799
7471789.513441 -681449.568100 1.585031 1630070555.964777
7471789.512851 -681449.447285 1.585008 1630070556.014808
7471789.512253 -681449.326225 1.584985 1630070556.064770
7471789.511651 -681449.204937 1.584962 1630070556.114812
7471789.511047 -681449.083888 1.584939 1630070556.164752
7471789.510425 -681448.961651 1.584917 1630070556.214756
7471789.509775 -681448.837780 1.584895 1630070556.265191
7471789.509163 -681448.716098 1.584872 1630070556.314773
7471789.508536 -681448.592885 1.584850 1630070556.364749
7471789.507913 -681448.469477 1.584828 1630070556.414795
7471789.507274 -681448.344558 1.584807 1630070556.465224
7471789.506673 -681448.221699 1.584785 1630070556.514856
7471789.506056 -681448.097367 1.584763 1630070556.564857
7471789.505432 -681447.972033 1.584742 1630070556.614892
7471789.504811 -681447.846482 1.584721 1630070556.665195
7471789.504210 -681447.721864 1.584700 1630070556.714947
7471789.503597 -681447.595980 1.584679 1630070556.764985
7471789.502992 -681447.470144 1.584658 1630070556.814999
7471789.502385 -681447.343779 1.584637 1630070556.865400
7471789.501809 -681447.219133 1.584617 1630070556.915141
7471789.501214 -681447.092746 1.584597 1630070556.965159
7471789.500619 -681446.965979 1.584576 1630070557.015126
7471789.500006 -681446.837402 1.584556 1630070557.065579
7471789.499427 -681446.710950 1.584536 1630070557.115230
7471789.498848 -681446.584009 1.584517 1630070557.165247
7471789.498263 -681446.456309 1.584497 1630070557.215355
7471789.497693 -681446.329327 1.584478 1630070557.265376
7471789.497128 -681446.202276 1.584458 1630070557.315418
7471789.496560 -681446.074701 1.584439 1630070557.365463
7471789.495990 -681445.946723 1.584420 1630070557.415504
7471789.495439 -681445.819728 1.584402 1630070557.465508
7471789.494890 -681445.692579 1.584383 1630070557.515565
7471789.494340 -681445.564994 1.584364 1630070557.565592
7471789.493802 -681445.438045 1.584346 1630070557.615562
7471789.493264 -681445.310735 1.584328 1630070557.665662
7471789.492733 -681445.183598 1.584310 1630070557.715504
7471789.492201 -681445.056130 1.584292 1630070557.765464
7471789.491672 -681444.928689 1.584274 1630070557.815408
7471789.491132 -681444.800012 1.584257 1630070557.865999
7471789.490649 -681444.675272 1.584239 1630070557.915289
7471789.490141 -681444.548592 1.584222 1630070557.965305
7471789.489639 -681444.421977 1.584205 1630070558.015291
7471789.489141 -681444.295432 1.584188 1630070558.065244
7471789.488650 -681444.169212 1.584171 1630070558.115257
7471789.488163 -681444.043006 1.584155 1630070558.165259
7471789.487678 -681443.916728 1.584138 1630070558.215281
7471789.487203 -681443.790978 1.584122 1630070558.265286
7471789.486738 -681443.665703 1.584106 1630070558.315294
7471789.486276 -681443.540518 1.584090 1630070558.365261
7471789.485808 -681443.414614 1.584074 1630070558.415305
7471789.485352 -681443.289328 1.584058 1630070558.465297
7471789.484901 -681443.164204 1.584043 1630070558.515373
7471789.484462 -681443.039774 1.584027 1630070558.565368
7471789.484023 -681442.915211 1.584012 1630070558.615407
7471789.483601 -681442.791679 1.583997 1630070558.665427
7471789.483202 -681442.669639 1.583982 1630070558.715443
7471789.482803 -681442.547497 1.583967 1630070558.765492
7471789.482380 -681442.423353 1.583953 1630070558.815534
7471789.481987 -681442.301244 1.583938 1630070558.865556
7471789.481581 -681442.178040 1.583924 1630070558.915607
7471789.481183 -681442.055314 1.583910 1630070558.965660
7471789.480798 -681441.933432 1.583896 1630070559.015728
7471789.480423 -681441.812216 1.583882 1630070559.065723
7471789.480053 -681441.691273 1.583868 1630070559.115801
7471789.479687 -681441.570484 1.583855 1630070559.165810
7471789.479314 -681441.449146 1.583842 1630070559.215831
7471789.478932 -681441.326954 1.583828 1630070559.265826
7471789.478543 -681441.204120 1.583815 1630070559.315869
7471789.478206 -681441.085174 1.583802 1630070559.365870
7471789.477958 -681440.973023 1.583790 1630070559.415864
7471789.477735 -681440.862765 1.583777 1630070559.465853
7471789.477399 -681440.743642 1.583764 1630070559.515901
7471789.477053 -681440.623731 1.583752 1630070559.565896
7471789.476747 -681440.506693 1.583740 1630070559.615894
7471789.476457 -681440.391037 1.583728 1630070559.665891
7471789.476146 -681440.273530 1.583716 1630070559.715860
7471789.475846 -681440.156904 1.583704 1630070559.765869
7471789.475556 -681440.040926 1.583693 1630070559.815767
7471789.475254 -681439.923940 1.583681 1630070559.866281
7471789.474985 -681439.809573 1.583670 1630070559.915702
7471789.474701 -681439.693938 1.583659 1630070559.965639
7471789.474422 -681439.578625 1.583648 1630070560.015642
7471789.474144 -681439.463377 1.583637 1630070560.065608
7471789.473878 -681439.349065 1.583626 1630070560.115592
7471789.473617 -681439.235119 1.583615 1630070560.165581
7471789.473362 -681439.121742 1.583605 1630070560.215532
7471789.473113 -681439.008832 1.583594 1630070560.265488
7471789.472877 -681438.896988 1.583584 1630070560.315406
7471789.472649 -681438.785932 1.583574 1630070560.365405
7471789.472433 -681438.675688 1.583564 1630070560.415433
7471789.472218 -681438.565618 1.583555 1630070560.465376
7471789.472001 -681438.455425 1.583545 1630070560.515363
7471789.471790 -681438.345830 1.583535 1630070560.565297
7471789.471590 -681438.237151 1.583526 1630070560.615258
7471789.471392 -681438.128744 1.583517 1630070560.665265
7471789.471193 -681438.020317 1.583508 1630070560.715271
7471789.471000 -681437.912507 1.583499 1630070560.765215
7471789.470810 -681437.804967 1.583490 1630070560.815251
7471789.470618 -681437.697556 1.583481 1630070560.865219
7471789.470425 -681437.590124 1.583473 1630070560.915186
7471789.470241 -681437.483605 1.583464 1630070560.965181
7471789.470061 -681437.377410 1.583456 1630070561.015245
7471789.469891 -681437.272295 1.583448 1630070561.065217
7471789.469725 -681437.167578 1.583440 1630070561.115224
7471789.469562 -681437.063273 1.583432 1630070561.165261
7471789.469403 -681436.959477 1.583424 1630070561.215283
7471789.469248 -681436.856111 1.583416 1630070561.265327
7471789.469097 -681436.753204 1.583408 1630070561.315332
7471789.468949 -681436.650714 1.583401 1630070561.365365
7471789.468812 -681436.549271 1.583394 1630070561.415364
7471789.468684 -681436.448716 1.583386 1630070561.465405
7471789.468553 -681436.348083 1.583379 1630070561.515472
7471789.468420 -681436.247536 1.583372 1630070561.565486
7471789.468291 -681436.147444 1.583366 1630070561.615509
7471789.468159 -681436.047341 1.583359 1630070561.665526
7471789.468029 -681435.947536 1.583352 1630070561.715580
7471789.467903 -681435.848256 1.583346 1630070561.765610
7471789.467780 -681435.749467 1.583339 1630070561.815632
7471789.467664 -681435.651520 1.583333 1630070561.865719
7471789.467537 -681435.553586 1.583327 1630070561.915787
7471789.467404 -681435.456116 1.583321 1630070561.965811
7471789.467264 -681435.359126 1.583315 1630070562.015833
7471789.467116 -681435.262453 1.583309 1630070562.065933
7471789.466966 -681435.166562 1.583303 1630070562.115880
7471789.466810 -681435.071215 1.583298 1630070562.165791
7471789.466653 -681434.976716 1.583292 1630070562.215765
7471789.466489 -681434.882634 1.583287 1630070562.265717
7471789.466323 -681434.789474 1.583281 1630070562.315694
7471789.466152 -681434.696759 1.583276 1630070562.365687
7471789.465968 -681434.604043 1.583271 1630070562.415666
7471789.465784 -681434.512212 1.583266 1630070562.465638
7471789.465594 -681434.420905 1.583261 1630070562.515585
7471789.465392 -681434.329523 1.583256 1630070562.565558
7471789.465184 -681434.238704 1.583251 1630070562.615485
7471789.464968 -681434.148221 1.583247 1630070562.665485
7471789.464746 -681434.058264 1.583242 1630070562.715458
7471789.464518 -681433.968736 1.583238 1630070562.765455
7471789.464284 -681433.879679 1.583233 1630070562.815454
7471789.464053 -681433.791893 1.583229 1630070562.865510
7471789.463836 -681433.706200 1.583225 1630070562.915444
7471789.463625 -681433.621873 1.583221 1630070562.965439
7471789.463401 -681433.537525 1.583216 1630070563.015431
7471789.463165 -681433.453173 1.583212 1630070563.065410
7471789.462939 -681433.370666 1.583209 1630070563.115405
7471789.462700 -681433.288003 1.583205 1630070563.165476
7471789.462479 -681433.207844 1.583201 1630070563.215470
7471789.462246 -681433.127594 1.583197 1630070563.265502
7471789.462013 -681433.048282 1.583193 1630070563.315555
7471789.461787 -681432.970529 1.583190 1630070563.365557
7471789.461552 -681432.893080 1.583186 1630070563.415601
7471789.461324 -681432.817129 1.583183 1630070563.465629
7471789.461114 -681432.743089 1.583179 1630070563.515639
7471789.460926 -681432.671452 1.583176 1630070563.565636
7471789.460761 -681432.602165 1.583173 1630070563.615654
7471789.460590 -681432.532856 1.583169 1630070563.665675
7471789.460463 -681432.467564 1.583166 1630070563.715598
7471789.460335 -681432.402668 1.583163 1630070563.765584
7471789.460188 -681432.336808 1.583160 1630070563.815531
7471789.460031 -681432.270544 1.583157 1630070563.865468
7471789.459869 -681432.204362 1.583154 1630070563.915333
7471789.459711 -681432.139039 1.583151 1630070563.965214
7471789.459554 -681432.074195 1.583148 1630070564.015095
7471789.459398 -681432.009811 1.583145 1630070564.064992
7471789.459247 -681431.946278 1.583142 1630070564.114911
7471789.459089 -681431.882691 1.583139 1630070564.164857
7471789.458933 -681431.819674 1.583136 1630070564.214736
7471789.458777 -681431.757041 1.583133 1630070564.264689
7471789.458621 -681431.694858 1.583131 1630070564.314665
7471789.458459 -681431.632654 1.583128 1630070564.364645
7471789.458305 -681431.571450 1.583126 1630070564.414609
7471789.458151 -681431.510777 1.583123 1630070564.464535
7471789.457991 -681431.449996 1.583120 1630070564.514530
7471789.457831 -681431.389589 1.583118 1630070564.564531
7471789.457665 -681431.329184 1.583115 1630070564.614516
7471789.457493 -681431.268774 1.583113 1630070564.664489
7471789.457328 -681431.209297 1.583111 1630070564.714501
7471789.457157 -681431.149793 1.583108 1630070564.764518
7471789.456891 -681431.083013 1.583106 1630070564.814575
7471789.456710 -681431.023549 1.583104 1630070564.864530
7471789.456517 -681430.963539 1.583101 1630070564.914506
7471789.456334 -681430.904840 1.583099 1630070564.964619
7471789.456149 -681430.846350 1.583097 1630070565.014546
7471789.455944 -681430.786754 1.583095 1630070565.064544
7471789.455735 -681430.727172 1.583093 1630070565.114515
7471789.455507 -681430.666561 1.583091 1630070565.164493
7471789.455273 -681430.605850 1.583089 1630070565.214535
7471789.455017 -681430.543841 1.583087 1630070565.264481
7471789.454755 -681430.481738 1.583085 1630070565.314484
7471789.454482 -681430.419122 1.583083 1630070565.364482
7471789.454179 -681430.354565 1.583081 1630070565.414495
7471789.453857 -681430.288976 1.583079 1630070565.464516
7471789.453524 -681430.222821 1.583077 1630070565.514570
7471789.453186 -681430.156767 1.583075 1630070565.564536
7471789.452812 -681430.088185 1.583074 1630070565.614578
7471789.452415 -681430.018149 1.583072 1630070565.664574
7471789.452000 -681429.947124 1.583070 1630070565.714616
7471789.451574 -681429.875678 1.583069 1630070565.764591
7471789.451122 -681429.802680 1.583067 1630070565.814654
7471789.450635 -681429.727199 1.583065 1630070565.864691
7471789.450149 -681429.652214 1.583064 1630070565.914718
7471789.449657 -681429.577166 1.583062 1630070565.964774
7471789.449138 -681429.500315 1.583061 1630070566.014755
7471789.448595 -681429.421790 1.583059 1630070566.064833
7471789.448054 -681429.343811 1.583058 1630070566.114870
7471789.447496 -681429.264914 1.583057 1630070566.164906
7471789.446921 -681429.184962 1.583055 1630070566.214963
7471789.446338 -681429.104646 1.583054 1630070566.264926
7471789.445734 -681429.023215 1.583053 1630070566.314946
7471789.445110 -681428.940409 1.583051 1630070566.364940
7471789.444475 -681428.857091 1.583050 1630070566.414929
7471789.443832 -681428.773605 1.583049 1630070566.465005
7471789.443175 -681428.689265 1.583048 1630070566.514984
7471789.442519 -681428.605426 1.583047 1630070566.564951
7471789.441845 -681428.520499 1.583046 1630070566.615014
7471789.441156 -681428.434700 1.583045 1630070566.664993
7471789.440460 -681428.348696 1.583044 1630070566.715077
7471789.439755 -681428.262398 1.583043 1630070566.765032
7471789.439038 -681428.175388 1.583042 1630070566.815095
7471789.438310 -681428.087973 1.583041 1630070566.865093
7471789.437572 -681428.000081 1.583040 1630070566.915067
7471789.436823 -681427.911674 1.583039 1630070566.965093
7471789.436063 -681427.822639 1.583038 1630070567.015177
7471789.435295 -681427.733448 1.583037 1630070567.065061
7471789.434506 -681427.642917 1.583037 1630070567.115119
7471789.433713 -681427.552549 1.583036 1630070567.165077
7471789.432892 -681427.460189 1.583035 1630070567.215073
7471789.432070 -681427.368215 1.583035 1630070567.265119
7471789.431241 -681427.276323 1.583034 1630070567.315110
7471789.430410 -681427.184790 1.583033 1630070567.365166
7471789.429566 -681427.092850 1.583033 1630070567.415161
7471789.428714 -681427.000814 1.583032 1630070567.465197
7471789.427883 -681426.911157 1.583032 1630070567.515234
7471789.427103 -681426.826227 1.583031 1630070567.565303
7471789.426366 -681426.745474 1.583031 1630070567.615195
7471789.425472 -681426.652462 1.583030 1630070567.665174
7471789.424599 -681426.561762 1.583030 1630070567.715189
7471789.423754 -681426.474033 1.583029 1630070567.765152
7471789.422871 -681426.383754 1.583029 1630070567.815186
7471789.421998 -681426.295043 1.583029 1630070567.865171
7471789.421117 -681426.206207 1.583028 1630070567.915213
7471789.420240 -681426.118338 1.583028 1630070567.965206
7471789.419362 -681426.030945 1.583028 1630070568.015200
7471789.418486 -681425.944379 1.583027 1630070568.065279
7471789.417599 -681425.857475 1.583027 1630070568.115253
7471789.416696 -681425.769971 1.583027 1630070568.165840
7471789.415822 -681425.685429 1.583027 1630070568.215292
7471789.414923 -681425.599415 1.583026 1630070568.265809
7471789.414043 -681425.515612 1.583026 1630070568.315322
7471789.413158 -681425.431942 1.583026 1630070568.365324
7471789.412273 -681425.348839 1.583026 1630070568.415273
7471789.411383 -681425.266002 1.583026 1630070568.465586
7471789.410506 -681425.184892 1.583026 1630070568.515148
7471789.409616 -681425.103147 1.583025 1630070568.565078
7471789.408718 -681425.021510 1.583025 1630070568.614928
7471789.407810 -681424.939626 1.583025 1630070568.665215
7471789.406915 -681424.859460 1.583025 1630070568.714747
7471789.406019 -681424.779774 1.583025 1630070568.764578
7471789.405114 -681424.700184 1.583025 1630070568.814893
7471789.404219 -681424.621863 1.583025 1630070568.864713
7471789.403318 -681424.543819 1.583025 1630070568.914343
7471789.402415 -681424.466225 1.583025 1630070568.964302
7471789.401515 -681424.389517 1.583025 1630070569.014253
7471789.400611 -681424.313089 1.583025 1630070569.064329
7471789.399718 -681424.238023 1.583024 1630070569.114155
7471789.398836 -681424.164091 1.583024 1630070569.164140
7471789.397968 -681424.091639 1.583024 1630070569.214122
7471789.397112 -681424.020518 1.583024 1630070569.264136
7471789.396268 -681423.950474 1.583024 1630070569.314081
7471789.395432 -681423.881265 1.583024 1630070569.364128
7471789.394607 -681423.813000 1.583024 1630070569.414128
7471789.393799 -681423.746244 1.583024 1630070569.464107
7471789.393006 -681423.680851 1.583024 1630070569.514096
7471789.392230 -681423.616930 1.583024 1630070569.564091
7471789.391475 -681423.554914 1.583024 1630070569.614064
7471789.390740 -681423.494691 1.583024 1630070569.664107
7471789.390025 -681423.435963 1.583024 1630070569.714138
7471789.389340 -681423.379619 1.583024 1630070569.764167
7471789.388679 -681423.325211 1.583024 1630070569.814147
7471789.388037 -681423.272248 1.583024 1630070569.864159
7471789.387418 -681423.221124 1.583024 1630070569.914213
7471789.386820 -681423.171524 1.583024 1630070569.964224
7471789.386239 -681423.123299 1.583024 1630070570.014243
7471789.385678 -681423.076534 1.583024 1630070570.064283
7471789.385142 -681423.031666 1.583024 1630070570.114307
7471789.384625 -681422.988218 1.583024 1630070570.164401
7471789.384128 -681422.946355 1.583024 1630070570.214257
7471789.383649 -681422.905868 1.583024 1630070570.264236
7471789.383196 -681422.867344 1.583024 1630070570.314108
7471789.382761 -681422.830138 1.583024 1630070570.364059
7471789.382346 -681422.794364 1.583023 1630070570.414074
7471789.381945 -681422.759770 1.583023 1630070570.464377
7471789.381578 -681422.727613 1.583023 1630070570.514004
7471789.381225 -681422.696610 1.583023 1630070570.563977
7471789.380904 -681422.667981 1.583023 1630070570.613957
7471789.380615 -681422.641814 1.583023 1630070570.663971
7471789.380345 -681422.617054 1.583023 1630070570.713930
7471789.380094 -681422.593771 1.583023 1630070570.763896
7471789.379862 -681422.571841 1.583023 1630070570.813922
7471789.379653 -681422.551669 1.583023 1630070570.864247
7471789.379455 -681422.532236 1.583023 1630070570.913932
7471789.379276 -681422.514162 1.583023 1630070570.963924
7471789.379109 -681422.496952 1.583023 1630070571.013959
7471789.378963 -681422.481232 1.583023 1630070571.063965
7471789.378831 -681422.466899 1.583023 1630070571.113962
7471789.378709 -681422.453548 1.583023 1630070571.163959
7471789.378590 -681422.440662 1.583023 1630070571.214027
7471789.378487 -681422.429192 1.583023 1630070571.263954
7471789.378403 -681422.419683 1.583023 1630070571.313996
7471789.378323 -681422.410677 1.583023 1630070571.363921
7471789.378255 -681422.403042 1.583023 1630070571.413921
7471789.378196 -681422.396394 1.583023 1630070571.463895
7471789.378156 -681422.391620 1.583023 1630070571.513951
7471789.378106 -681422.386341 1.583023 1630070571.563910
7471789.378070 -681422.382538 1.583023 1630070571.613940
7471789.378060 -681422.381121 1.583023 1630070571.663915
7471789.378053 -681422.380187 1.583023 1630070571.713940
