7757897.955943 -363568.798919 0.000000 0.867904 3.558895 0.025996 1561485395.815736
7757898.069920 -363568.664392 0.000000 0.870119 3.533234 0.032968 1561485395.865639
7757898.183776 -363568.529403 0.000000 0.872569 3.538169 0.036398 1561485395.915550
7757897.458762 -363569.346468 0.000000 0.828316 3.549025 0.038558 1561485395.965467
7757897.613367 -363569.164778 0.000000 0.837965 3.553960 0.043772 1561485396.015346
7757897.733003 -363569.017716 0.000000 0.847189 3.558895 0.049866 1561485396.065282
7757897.860039 -363568.889097 0.000000 0.858757 3.558895 0.051895 1561485396.115164
7757897.968142 -363568.750299 0.000000 0.868822 3.552973 0.053295 1561485396.165062
7757898.117364 -363568.561038 0.000000 0.877840 3.548039 0.053665 1561485396.215075
7757898.259964 -363568.362856 0.000000 0.887665 3.544091 0.052648 1561485396.264968
7757898.329036 -363568.244018 0.000000 0.890725 3.538169 0.051253 1561485396.314903
7757898.410149 -363568.124449 0.000000 0.894007 3.518430 0.050354 1561485396.364818
7757898.489922 -363567.986450 0.000000 0.896043 3.497705 0.050091 1561485396.414778
7757898.574162 -363567.850854 0.000000 0.899547 3.465136 0.050327 1561485396.464718
7757898.676494 -363567.729881 0.000000 0.899845 3.432567 0.051707 1561485396.514697
7757898.749865 -363567.626779 0.000000 0.902581 3.391116 0.054087 1561485396.564642
7757898.883212 -363567.445284 0.000000 0.905776 3.360520 0.059262 1561485396.614558
7757898.961453 -363567.321319 0.000000 0.905469 3.324991 0.064170 1561485396.664435
7757899.050693 -363567.192846 0.000000 0.911502 3.298343 0.069837 1561485396.714398
7757899.124918 -363567.066745 0.000000 0.911689 3.265775 0.076381 1561485396.764361
7757899.244136 -363566.932069 0.000000 0.923739 3.252944 0.085067 1561485396.814307
7757899.337614 -363566.805462 0.000000 0.928632 3.223336 0.094989 1561485396.864256
7757899.445594 -363566.650830 0.000000 0.933957 3.205571 0.106023 1561485396.914262
7757899.510622 -363566.536258 0.000000 0.938499 3.177937 0.118025 1561485396.964148
7757899.571760 -363566.436321 0.000000 0.943832 3.153264 0.132368 1561485397.014075
7757899.649554 -363566.344128 0.000000 0.950076 3.105891 0.143774 1561485397.064013
7757899.752560 -363566.218807 0.000000 0.956985 3.083191 0.155160 1561485397.113916
7757899.853785 -363566.092289 0.000000 0.966546 3.051609 0.165137 1561485397.163868
7757899.921061 -363565.981576 0.000000 0.974891 3.026936 0.175839 1561485397.213752
7757900.009849 -363565.832051 0.000000 0.983358 3.011145 0.183662 1561485397.263696
7757900.091899 -363565.719484 0.000000 0.996319 2.971667 0.197127 1561485397.313563
7757900.162892 -363565.605653 0.000000 1.008532 2.955876 0.200144 1561485397.363502
7757900.226888 -363565.448916 0.000000 1.017432 2.928242 0.209361 1561485397.413398
7757900.281069 -363565.342704 0.000000 1.027422 2.882843 0.216824 1561485397.463307
7757900.318453 -363565.277070 0.000000 1.037311 2.862117 0.223435 1561485397.513217
7757900.368144 -363565.154390 0.000000 1.046310 2.841392 0.226911 1561485397.563086
7757900.434384 -363565.019790 0.000000 1.059059 2.831522 0.231930 1561485397.612988
7757900.500724 -363564.902035 0.000000 1.074688 2.825601 0.242006 1561485397.662911
7757900.578341 -363564.753503 0.000000 1.084751 2.826588 0.251009 1561485397.712811
7757900.658134 -363564.619206 0.000000 1.100830 2.826588 0.259845 1561485397.762779
7757900.736566 -363564.491172 0.000000 1.119681 2.826588 0.271375 1561485397.812660
7757900.759801 -363564.349872 0.000000 1.130443 2.825601 0.280612 1561485397.862648
7757900.817474 -363564.234114 0.000000 1.145856 2.804875 0.288832 1561485397.912569
7757900.882405 -363564.120876 0.000000 1.163638 2.800927 0.296300 1561485397.962513
7757900.961008 -363563.949579 0.000000 1.178645 2.790071 0.305036 1561485398.012562
7757901.016390 -363563.813161 0.000000 1.191333 2.769345 0.318103 1561485398.062452
7757901.074768 -363563.722952 0.000000 1.211505 2.769345 0.320402 1561485398.112466
7757901.123401 -363563.598507 0.000000 1.229365 2.778228 0.327451 1561485398.162500
7757901.174870 -363563.469007 0.000000 1.248439 2.798953 0.334140 1561485398.212444
7757901.210125 -363563.333593 0.000000 1.263074 2.814744 0.338457 1561485398.262466
7757901.253165 -363563.181071 0.000000 1.278868 2.845339 0.341065 1561485398.312418
7757901.298257 -363563.038967 0.000000 1.300137 2.845339 0.341080 1561485398.362323
7757901.333773 -363562.934172 0.000000 1.318352 2.841392 0.341080 1561485398.412454
7757901.364922 -363562.806085 0.000000 1.338391 2.793032 0.340843 1561485398.462314
7757901.399705 -363562.644925 0.000000 1.354849 2.751580 0.341903 1561485398.512265
7757901.400095 -363562.547282 0.000000 1.373949 2.720985 0.343494 1561485398.562222
7757901.412481 -363562.430127 0.000000 1.391297 2.694338 0.347383 1561485398.612202
7757901.447339 -363562.267719 0.000000 1.411489 2.694338 0.349172 1561485398.662133
7757901.464332 -363562.135566 0.000000 1.428835 2.688416 0.353917 1561485398.712100
7757901.494753 -363561.982762 0.000000 1.445731 2.694338 0.353463 1561485398.762101
7757901.530234 -363561.887024 0.000000 1.470123 2.720985 0.348166 1561485398.811971
7757901.547683 -363561.727183 0.000000 1.486975 2.726907 0.341854 1561485398.861915
7757901.570045 -363561.577595 0.000000 1.506106 2.743685 0.333536 1561485398.911866
7757901.581486 -363561.430086 0.000000 1.523898 2.742698 0.328284 1561485398.961883
7757901.597488 -363561.290740 0.000000 1.544024 2.748620 0.311324 1561485399.011824
7757901.598931 -363561.174375 0.000000 1.554123 2.731842 0.304551 1561485399.061759
7757901.585345 -363561.046867 0.000000 1.573650 2.731842 0.301956 1561485399.111722
7757901.573991 -363560.892031 0.000000 1.586470 2.716051 0.297126 1561485399.161713
7757901.578596 -363560.733150 0.000000 1.600628 2.688416 0.291947 1561485399.211677
7757901.550679 -363560.594678 0.000000 1.618867 2.694338 0.289927 1561485399.261668
7757901.541669 -363560.482048 0.000000 1.624395 2.710129 0.289338 1561485399.311650
7757901.534244 -363560.348399 0.000000 1.643905 2.720985 0.292077 1561485399.361660
7757901.526018 -363560.208524 0.000000 1.659376 2.731842 0.296085 1561485399.411589
7757901.510208 -363560.060876 0.000000 1.677290 2.737763 0.299857 1561485399.461598
7757901.495011 -363559.925951 0.000000 1.691342 2.726907 0.303357 1561485399.511577
7757901.503832 -363559.786649 0.000000 1.709096 2.726907 0.303357 1561485399.561542
7757901.490626 -363559.641046 0.000000 1.724575 2.711116 0.309252 1561485399.611476
7757901.466432 -363559.487442 0.000000 1.740229 2.695325 0.312356 1561485399.661438
7757901.428230 -363559.368599 0.000000 1.755630 2.695325 0.313837 1561485399.711408
7757901.406440 -363559.288236 0.000000 1.771843 2.678547 0.317858 1561485399.761357
7757901.397725 -363559.149154 0.000000 1.788075 2.662756 0.319101 1561485399.811285
7757901.375270 -363559.037429 0.000000 1.811070 2.657821 0.319419 1561485399.861236
7757901.330889 -363558.889293 0.000000 1.820438 2.652887 0.319406 1561485399.911193
7757901.329535 -363558.745143 0.000000 1.839892 2.652887 0.319393 1561485399.961139
7757901.297070 -363558.637705 0.000000 1.856757 2.652887 0.319969 1561485400.011155
7757901.261527 -363558.520070 0.000000 1.869548 2.657821 0.320085 1561485400.061064
7757901.219300 -363558.387007 0.000000 1.894970 2.651900 0.320663 1561485400.111009
7757901.164146 -363558.242938 0.000000 1.914280 2.650913 0.321005 1561485400.160892
7757901.127076 -363558.119215 0.000000 1.923352 2.651900 0.320426 1561485400.210869
7757901.070313 -363557.984773 0.000000 1.946420 2.650913 0.316947 1561485400.260815
7757901.024896 -363557.849628 0.000000 1.956919 2.651900 0.312316 1561485400.310832
7757901.001908 -363557.738947 0.000000 1.974752 2.651900 0.307688 1561485400.360708
7757900.924378 -363557.624371 0.000000 1.985216 2.652887 0.299185 1561485400.410714
7757900.836383 -363557.487123 0.000000 2.009260 2.652887 0.287478 1561485400.460670
7757900.783565 -363557.380927 0.000000 2.027667 2.648939 0.274154 1561485400.510651
7757900.743492 -363557.250229 0.000000 2.038607 2.643017 0.262896 1561485400.560609
7757900.681323 -363557.104716 0.000000 2.043797 2.647952 0.255517 1561485400.610617
7757900.645952 -363556.991360 0.000000 2.058950 2.652887 0.250518 1561485400.660556
7757900.591158 -363556.888089 0.000000 2.076444 2.668678 0.248364 1561485400.710538
7757900.525688 -363556.769393 0.000000 2.086473 2.690390 0.245068 1561485400.760483
7757900.449037 -363556.631499 0.000000 2.099850 2.707168 0.243313 1561485400.810572
7757900.403950 -363556.528272 0.000000 2.117420 2.718024 0.241059 1561485400.860494
7757900.323647 -363556.389626 0.000000 2.129147 2.729868 0.237249 1561485400.910486
7757900.274407 -363556.319690 0.000000 2.141809 2.723946 0.234003 1561485400.960521
7757900.178634 -363556.173796 0.000000 2.151719 2.719011 0.222158 1561485401.010487
7757900.091027 -363556.070736 0.000000 2.162327 2.714077 0.211859 1561485401.060421
7757900.016552 -363555.958241 0.000000 2.169595 2.712103 0.204315 1561485401.110390
7757899.921170 -363555.814080 0.000000 2.186770 2.711116 0.191860 1561485401.160406
7757899.851934 -363555.718661 0.000000 2.200179 2.711116 0.178887 1561485401.210420
7757899.748182 -363555.612744 0.000000 2.199127 2.711116 0.160427 1561485401.260434
7757899.676254 -363555.486877 0.000000 2.212976 2.711116 0.152770 1561485401.310478
7757899.589017 -363555.357067 0.000000 2.224049 2.711116 0.149183 1561485401.360504
7757899.513239 -363555.260210 0.000000 2.228135 2.721972 0.132324 1561485401.410574
7757899.422993 -363555.144279 0.000000 2.237872 2.737763 0.120646 1561485401.460594
7757899.345303 -363555.040794 0.000000 2.241040 2.747633 0.117037 1561485401.510710
7757899.276307 -363554.937272 0.000000 2.246254 2.763424 0.112317 1561485401.560662
7757899.182606 -363554.829827 0.000000 2.256967 2.773293 0.108831 1561485401.610747
7757899.121630 -363554.750577 0.000000 2.263773 2.774280 0.105960 1561485401.660758
7757899.031510 -363554.631288 0.000000 2.275388 2.774280 0.103835 1561485401.710732
7757898.965600 -363554.550052 0.000000 2.274009 2.763424 0.098458 1561485401.760743
7757898.862173 -363554.429402 0.000000 2.282580 2.769345 0.097322 1561485401.810720
7757898.756534 -363554.280469 0.000000 2.286743 2.768358 0.092569 1561485401.860682
7757898.686198 -363554.202519 0.000000 2.293569 2.782175 0.088189 1561485401.910648
7757898.571478 -363554.113604 0.000000 2.299734 2.793032 0.083431 1561485401.960593
7757898.486463 -363554.013397 0.000000 2.304818 2.813757 0.078674 1561485402.010529
7757898.386705 -363553.902241 0.000000 2.306364 2.824614 0.076295 1561485402.060559
7757898.271041 -363553.759238 0.000000 2.312854 2.840405 0.072040 1561485402.110580
7757898.200898 -363553.654292 0.000000 2.316304 2.846326 0.070409 1561485402.160468
7757898.104848 -363553.560351 0.000000 2.320882 2.863104 0.069159 1561485402.210398
7757898.019783 -363553.443780 0.000000 2.324167 2.863104 0.067276 1561485402.260370
7757897.918501 -363553.308957 0.000000 2.328594 2.869026 0.062120 1561485402.310272
7757897.791053 -363553.191540 0.000000 2.331070 2.884817 0.057343 1561485402.360223
7757897.675546 -363553.087609 0.000000 2.333521 2.900608 0.051430 1561485402.410154
7757897.570809 -363552.942634 0.000000 2.334908 2.912451 0.044248 1561485402.460101
7757897.471628 -363552.859549 0.000000 2.338772 2.933177 0.034414 1561485402.510042
7757897.386131 -363552.746444 0.000000 2.333683 2.949955 0.025074 1561485402.559984
7757897.288793 -363552.655714 0.000000 2.334280 2.965746 0.015476 1561485402.609928
7757897.216433 -363552.566284 0.000000 2.333340 2.991406 0.006504 1561485402.659881
7757897.086651 -363552.431666 0.000000 2.330867 3.005223 -0.001840 1561485402.709809
7757896.992239 -363552.323160 0.000000 2.331727 3.021014 -0.005508 1561485402.759832
7757896.891544 -363552.225332 0.000000 2.334181 3.041740 -0.006141 1561485402.809752
7757896.767597 -363552.088053 0.000000 2.337148 3.051609 -0.005256 1561485402.859706
7757896.654485 -363551.994223 0.000000 2.339333 3.083191 -0.002475 1561485402.909666
7757896.539161 -363551.854902 0.000000 2.334389 3.094047 -0.002095 1561485402.959581
7757896.429478 -363551.726362 0.000000 2.332589 3.125629 0.002841 1561485403.009506
7757896.347840 -363551.618269 0.000000 2.338460 3.135499 0.006512 1561485403.059428
7757896.225857 -363551.475256 0.000000 2.338228 3.145368 0.010437 1561485403.109346
7757896.099200 -363551.335591 0.000000 2.339952 3.151290 0.012463 1561485403.159245
7757895.989233 -363551.217533 0.000000 2.340062 3.162146 0.012971 1561485403.209126
7757895.886023 -363551.120304 0.000000 2.345933 3.176950 0.013480 1561485403.259042
7757895.763056 -363551.005184 0.000000 2.349780 3.203598 0.011076 1561485403.308955
7757895.620317 -363550.863327 0.000000 2.349626 3.224323 0.007912 1561485403.358863
7757895.481084 -363550.734485 0.000000 2.350197 3.245049 0.004618 1561485403.408751
7757895.387773 -363550.643837 0.000000 2.353871 3.276631 0.002084 1561485403.458775
7757895.293041 -363550.582017 0.000000 2.352082 3.298343 -0.001340 1561485403.508630
7757895.150923 -363550.458066 0.000000 2.352954 3.319069 -0.003876 1561485403.558565
7757895.007202 -363550.325660 0.000000 2.352945 3.333873 -0.005907 1561485403.608678
7757894.843564 -363550.174740 0.000000 2.353214 3.343743 -0.006415 1561485403.658345
7757894.737216 -363550.070007 0.000000 2.354161 3.360520 -0.006416 1561485403.708247
7757894.648700 -363549.952809 0.000000 2.356345 3.382233 -0.003879 1561485403.758229
7757894.555655 -363549.829093 0.000000 2.354572 3.392102 -0.001595 1561485403.808045
7757894.423668 -363549.674521 0.000000 2.354798 3.412828 0.000944 1561485403.857913
7757894.310503 -363549.556562 0.000000 2.354729 3.417763 0.002848 1561485403.907857
7757894.141193 -363549.387655 0.000000 2.356472 3.444410 0.005769 1561485403.957772
7757894.019847 -363549.254787 0.000000 2.358149 3.459214 0.006659 1561485404.007671
7757893.925715 -363549.152326 0.000000 2.350686 3.475992 0.006914 1561485404.057571
7757893.797995 -363549.024287 0.000000 2.350532 3.480927 0.006915 1561485404.107466
7757893.718492 -363548.945352 0.000000 2.353187 3.496718 0.007424 1561485404.157397
7757893.579992 -363548.795775 0.000000 2.355034 3.496718 0.008314 1561485404.207325
7757893.436936 -363548.671052 0.000000 2.353959 3.529287 0.011367 1561485404.257210
7757893.325356 -363548.546216 0.000000 2.357223 3.541130 0.013657 1561485404.307125
7757893.162318 -363548.400911 0.000000 2.359006 3.551986 0.014421 1561485404.357045
7757893.054071 -363548.276498 0.000000 2.359472 3.571725 0.014042 1561485404.406989
7757892.930521 -363548.141638 0.000000 2.358270 3.583568 0.013408 1561485404.456912
7757892.794674 -363547.998588 0.000000 2.358318 3.586529 0.011119 1561485404.506788
7757892.672406 -363547.884452 0.000000 2.364187 3.597385 0.010230 1561485404.556746
7757892.530241 -363547.721332 0.000000 2.366788 3.626993 0.007434 1561485404.606762
7757892.386487 -363547.575148 0.000000 2.368265 3.622059 0.006544 1561485404.656697
7757892.321883 -363547.487365 0.000000 2.367903 3.636863 0.005526 1561485404.706650
7757892.203163 -363547.353477 0.000000 2.369071 3.648706 0.005526 1561485404.756566
7757892.075537 -363547.213796 0.000000 2.369000 3.648706 0.005526 1561485404.806518
7757897.025664 -363569.518035 0.000000 0.849366 3.543104 0.030179 1561485395.815736
7757897.150022 -363569.400003 0.000000 0.855784 3.533234 0.032968 1561485395.865639
7757897.294846 -363569.263741 0.000000 0.857038 3.538169 0.036398 1561485395.915550
7757897.433278 -363569.133001 0.000000 0.861308 3.549025 0.038558 1561485395.965467
7757897.558426 -363568.994565 0.000000 0.865703 3.553960 0.043772 1561485396.015346
7757897.688591 -363568.843676 0.000000 0.866251 3.558895 0.049866 1561485396.065282
7757897.764868 -363568.740053 0.000000 0.871837 3.558895 0.051895 1561485396.115164
7757897.876393 -363568.592093 0.000000 0.872660 3.552973 0.053295 1561485396.165062
7757897.949428 -363568.479754 0.000000 0.880886 3.548039 0.053665 1561485396.215075
7757898.076140 -363568.292010 0.000000 0.878048 3.545078 0.052268 1561485396.264968
7757898.153126 -363568.194513 0.000000 0.883108 3.538169 0.051253 1561485396.314903
7757898.259618 -363568.043381 0.000000 0.884971 3.518430 0.050354 1561485396.364818
7757898.370251 -363567.921522 0.000000 0.892003 3.497705 0.050091 1561485396.414778
7757898.506074 -363567.777974 0.000000 0.892448 3.449345 0.050576 1561485396.464718
7757898.615578 -363567.634114 0.000000 0.894809 3.432567 0.051707 1561485396.514697
7757898.688061 -363567.531599 0.000000 0.898193 3.391116 0.054087 1561485396.564642
7757898.764025 -363567.421404 0.000000 0.899993 3.360520 0.059262 1561485396.614558
7757898.878650 -363567.282604 0.000000 0.902297 3.324991 0.064170 1561485396.664435
7757898.982073 -363567.153454 0.000000 0.908465 3.298343 0.069837 1561485396.714398
7757899.082701 -363567.031574 0.000000 0.909812 3.265775 0.076381 1561485396.764361
7757899.173367 -363566.898847 0.000000 0.920157 3.239127 0.087954 1561485396.814307
7757899.257232 -363566.784381 0.000000 0.921826 3.223336 0.094989 1561485396.864256
7757899.345092 -363566.686951 0.000000 0.925419 3.216428 0.098368 1561485396.914262
7757899.454939 -363566.539756 0.000000 0.937935 3.177937 0.118025 1561485396.964148
7757899.542878 -363566.422284 0.000000 0.943343 3.153264 0.132368 1561485397.014075
7757899.603839 -363566.335975 0.000000 0.948060 3.105891 0.143774 1561485397.064013
7757899.692226 -363566.204466 0.000000 0.948754 3.083191 0.155160 1561485397.113916
7757899.800782 -363566.061423 0.000000 0.958653 3.051609 0.165137 1561485397.163868
7757899.872186 -363565.964086 0.000000 0.969766 3.026936 0.175839 1561485397.213752
7757899.945613 -363565.827961 0.000000 0.979353 3.011145 0.183662 1561485397.263696
7757900.055497 -363565.675093 0.000000 0.991051 2.971667 0.197127 1561485397.313563
7757900.103080 -363565.576922 0.000000 1.000089 2.955876 0.200144 1561485397.363502
7757900.188410 -363565.440660 0.000000 1.015732 2.928242 0.209361 1561485397.413398
7757900.261716 -363565.308864 0.000000 1.027093 2.882843 0.216824 1561485397.463307
7757900.325385 -363565.215115 0.000000 1.038247 2.862117 0.223435 1561485397.513217
7757900.385399 -363565.101671 0.000000 1.047673 2.836457 0.228681 1561485397.563086
7757900.451250 -363564.987294 0.000000 1.057041 2.826588 0.234812 1561485397.612988
7757900.506928 -363564.867359 0.000000 1.074157 2.825601 0.242006 1561485397.662911
7757900.571077 -363564.754247 0.000000 1.085627 2.826588 0.251009 1561485397.712811
7757900.649353 -363564.609895 0.000000 1.100274 2.826588 0.259845 1561485397.762779
7757900.708263 -363564.483365 0.000000 1.117179 2.826588 0.271375 1561485397.812660
7757900.752797 -363564.368823 0.000000 1.131312 2.825601 0.280612 1561485397.862648
7757900.812592 -363564.247754 0.000000 1.144495 2.804875 0.288832 1561485397.912569
7757900.869276 -363564.116167 0.000000 1.160899 2.800927 0.296300 1561485397.962513
7757900.938632 -363563.980480 0.000000 1.174485 2.790071 0.305036 1561485398.012562
7757901.006292 -363563.843034 0.000000 1.196654 2.769345 0.318103 1561485398.062452
7757901.076027 -363563.697461 0.000000 1.211995 2.769345 0.320402 1561485398.112466
7757901.121749 -363563.579871 0.000000 1.228921 2.778228 0.327451 1561485398.162500
7757901.174539 -363563.464933 0.000000 1.247926 2.798953 0.334140 1561485398.212444
7757901.208120 -363563.334776 0.000000 1.263048 2.814744 0.338457 1561485398.262466
7757901.255472 -363563.189285 0.000000 1.279105 2.845339 0.341065 1561485398.312418
7757901.302753 -363563.056900 0.000000 1.300091 2.845339 0.341080 1561485398.362323
7757901.336266 -363562.928094 0.000000 1.319513 2.841392 0.341080 1561485398.412454
7757901.365694 -363562.815106 0.000000 1.336856 2.793032 0.340843 1561485398.462314
7757901.393842 -363562.651259 0.000000 1.354292 2.751580 0.341903 1561485398.512265
7757901.406166 -363562.535715 0.000000 1.374625 2.720985 0.343494 1561485398.562222
7757901.422511 -363562.418026 0.000000 1.391101 2.704207 0.345611 1561485398.612202
7757901.472063 -363562.241079 0.000000 1.410380 2.694338 0.349172 1561485398.662133
7757901.483194 -363562.117814 0.000000 1.427889 2.688416 0.353917 1561485398.712100
7757901.519847 -363561.972791 0.000000 1.450277 2.688416 0.353917 1561485398.762101
7757901.539695 -363561.851430 0.000000 1.469406 2.700260 0.351554 1561485398.811971
7757901.545047 -363561.713223 0.000000 1.487166 2.726907 0.341854 1561485398.861915
7757901.568257 -363561.569546 0.000000 1.505823 2.743685 0.333536 1561485398.911866
7757901.572323 -363561.442034 0.000000 1.521740 2.742698 0.328284 1561485398.961883
7757901.597167 -363561.307954 0.000000 1.544348 2.748620 0.311324 1561485399.011824
7757901.590708 -363561.180591 0.000000 1.554054 2.731842 0.304551 1561485399.061759
7757901.571278 -363561.047960 0.000000 1.567332 2.716051 0.299738 1561485399.111722
7757901.587009 -363560.895549 0.000000 1.579392 2.705194 0.294552 1561485399.161713
7757901.575488 -363560.743760 0.000000 1.601025 2.688416 0.291947 1561485399.211677
7757901.589428 -363560.601144 0.000000 1.618308 2.694338 0.289927 1561485399.261668
7757901.594284 -363560.466901 0.000000 1.632607 2.710129 0.289338 1561485399.311650
7757901.574992 -363560.290727 0.000000 1.650328 2.720985 0.292077 1561485399.361660
7757901.581292 -363560.178226 0.000000 1.662348 2.731842 0.296085 1561485399.411589
7757901.569499 -363560.050475 0.000000 1.677030 2.737763 0.299857 1561485399.461598
7757901.543029 -363559.942830 0.000000 1.687535 2.726907 0.303357 1561485399.511577
7757901.525132 -363559.793044 0.000000 1.706869 2.717038 0.306591 1561485399.561542
7757901.498461 -363559.639072 0.000000 1.724682 2.711116 0.309252 1561485399.611476
7757901.482393 -363559.499475 0.000000 1.740047 2.695325 0.312356 1561485399.661438
7757901.449765 -363559.387154 0.000000 1.760717 2.695325 0.313837 1561485399.711408
7757901.419437 -363559.293890 0.000000 1.772802 2.678547 0.317858 1561485399.761357
7757901.394390 -363559.140110 0.000000 1.785621 2.662756 0.319101 1561485399.811285
7757901.363686 -363559.028769 0.000000 1.811608 2.657821 0.319419 1561485399.861236
7757901.355726 -363558.869902 0.000000 1.826489 2.652887 0.319406 1561485399.911193
7757901.327140 -363558.740021 0.000000 1.839741 2.652887 0.319393 1561485399.961139
7757901.295253 -363558.624517 0.000000 1.857585 2.652887 0.319969 1561485400.011155
7757901.256428 -363558.511752 0.000000 1.871478 2.657821 0.320085 1561485400.061064
7757901.223604 -363558.371874 0.000000 1.895059 2.651900 0.320663 1561485400.111009
7757901.161996 -363558.230296 0.000000 1.913037 2.650913 0.321005 1561485400.160892
7757901.113972 -363558.088207 0.000000 1.924247 2.651900 0.320426 1561485400.210869
7757901.073089 -363557.982853 0.000000 1.945400 2.650913 0.316947 1561485400.260815
7757901.005496 -363557.849827 0.000000 1.956137 2.651900 0.312316 1561485400.310832
7757901.010714 -363557.720300 0.000000 1.973231 2.651900 0.303500 1561485400.360708
7757900.954049 -363557.603466 0.000000 1.989680 2.652887 0.294162 1561485400.410714
7757900.897558 -363557.478199 0.000000 2.006437 2.652887 0.287478 1561485400.460670
7757900.845249 -363557.348223 0.000000 2.030056 2.648939 0.274154 1561485400.510651
7757900.767336 -363557.210560 0.000000 2.038092 2.643017 0.262896 1561485400.560609
7757900.701695 -363557.090395 0.000000 2.043454 2.647952 0.258843 1561485400.610617
7757900.650237 -363557.003016 0.000000 2.060515 2.652887 0.250518 1561485400.660556
7757900.589265 -363556.890196 0.000000 2.075815 2.668678 0.248364 1561485400.710538
7757900.529664 -363556.766726 0.000000 2.086789 2.690390 0.245068 1561485400.760483
7757900.445955 -363556.638297 0.000000 2.100295 2.707168 0.243313 1561485400.810572
7757900.403490 -363556.527105 0.000000 2.118279 2.712103 0.242009 1561485400.860494
7757900.322908 -363556.392686 0.000000 2.128589 2.729868 0.237249 1561485400.910486
7757900.233462 -363556.272333 0.000000 2.138354 2.723946 0.234003 1561485400.960521
7757900.178321 -363556.159771 0.000000 2.151818 2.719011 0.222158 1561485401.010487
7757900.100102 -363556.066509 0.000000 2.162405 2.714077 0.211859 1561485401.060421
7757900.024680 -363555.947074 0.000000 2.174554 2.712103 0.204315 1561485401.110390
7757899.929976 -363555.834026 0.000000 2.187744 2.711116 0.185139 1561485401.160406
7757899.858903 -363555.714085 0.000000 2.201413 2.711116 0.178887 1561485401.210420
7757899.803511 -363555.643689 0.000000 2.208063 2.711116 0.160427 1561485401.260434
7757899.716336 -363555.528982 0.000000 2.215757 2.711116 0.152770 1561485401.310478
7757899.606909 -363555.384260 0.000000 2.224684 2.716051 0.137038 1561485401.360504
7757899.516974 -363555.267590 0.000000 2.227194 2.721972 0.132324 1561485401.410574
7757899.422228 -363555.150642 0.000000 2.237763 2.737763 0.120646 1561485401.460594
7757899.336031 -363555.036801 0.000000 2.239612 2.747633 0.117037 1561485401.510710
7757899.257821 -363554.936008 0.000000 2.246919 2.763424 0.112317 1561485401.560662
7757899.164064 -363554.837898 0.000000 2.258363 2.773293 0.108831 1561485401.610747
7757899.136779 -363554.719502 0.000000 2.265250 2.774280 0.105960 1561485401.660758
7757899.033610 -363554.613031 0.000000 2.271603 2.774280 0.103835 1561485401.710732
7757898.972736 -363554.524191 0.000000 2.272808 2.763424 0.098458 1561485401.760743
7757898.897582 -363554.402246 0.000000 2.274788 2.769345 0.097322 1561485401.810720
7757898.797184 -363554.280158 0.000000 2.286215 2.768358 0.092569 1561485401.860682
7757898.687109 -363554.151631 0.000000 2.286378 2.782175 0.088189 1561485401.910648
7757898.602332 -363554.054078 0.000000 2.291108 2.793032 0.083431 1561485401.960593
7757898.494909 -363553.936741 0.000000 2.294087 2.813757 0.078674 1561485402.010529
7757898.365899 -363553.826399 0.000000 2.301879 2.829548 0.074669 1561485402.060559
7757898.272579 -363553.717437 0.000000 2.306831 2.846326 0.072040 1561485402.110580
7757898.171080 -363553.624425 0.000000 2.307256 2.846326 0.070409 1561485402.160468
