7471679.746717 -681578.566666 0.000000 0.599044 3.569752 0.005910 1628687126.307789
7471679.888575 -681578.471143 0.000000 0.599075 3.569752 0.004151 1628687126.357769
7471680.038017 -681578.365903 0.000000 0.598911 3.563006 0.001931 1628687126.407717
7471680.186749 -681578.267166 0.000000 0.598525 3.554573 -0.000657 1628687126.457798
7471680.332527 -681578.170371 0.000000 0.597888 3.537706 -0.003520 1628687126.507720
7471680.472773 -681578.077893 0.000000 0.597005 3.522527 -0.006566 1628687126.557872
7471680.618762 -681577.981447 0.000000 0.595864 3.439882 -0.009957 1628687126.607852
7471680.754889 -681577.887530 0.000000 0.594509 3.326878 -0.013329 1628687126.657833
7471680.893628 -681577.792807 0.000000 0.592937 3.326878 -0.016096 1628687126.707950
7471681.048702 -681577.691167 0.000000 0.590985 3.514094 -0.018946 1628687126.757904
7471681.199010 -681577.592440 0.000000 0.588945 3.465181 -0.021509 1628687126.808046
7471681.345366 -681577.496144 0.000000 0.586728 3.480361 -0.023638 1628687126.858025
7471681.488204 -681577.403606 0.000000 0.584377 3.465181 -0.025661 1628687126.908095
7471681.627044 -681577.309553 0.000000 0.581870 3.488794 -0.027334 1628687126.958051
7471681.774571 -681577.214847 0.000000 0.579325 3.465181 -0.028612 1628687127.008041
7471681.916102 -681577.127807 0.000000 0.576718 3.439882 -0.029705 1628687127.058059
7471682.055926 -681577.044438 0.000000 0.573988 3.424702 -0.031171 1628687127.108065
7471682.188996 -681576.968933 0.000000 0.571115 3.399403 -0.033275 1628687127.158047
7471682.343270 -681576.874579 0.000000 0.568064 3.407836 -0.035306 1628687127.207960
7471682.489437 -681576.779961 0.000000 0.564758 3.407836 -0.038069 1628687127.257958
7471682.627434 -681576.689331 0.000000 0.561210 3.407836 -0.041106 1628687127.307922
7471682.760387 -681576.603777 0.000000 0.557369 3.390970 -0.044867 1628687127.357882
7471682.906415 -681576.513671 0.000000 0.553288 3.367357 -0.048527 1628687127.407823
7471683.047260 -681576.428860 0.000000 0.548888 3.350490 -0.052555 1628687127.457763
7471683.188178 -681576.345544 0.000000 0.544125 3.350490 -0.056961 1628687127.507702
7471683.327931 -681576.264682 0.000000 0.539069 3.333624 -0.061441 1628687127.557666
7471683.475420 -681576.176703 0.000000 0.533642 3.310011 -0.066459 1628687127.607659
7471683.613658 -681576.092161 0.000000 0.527858 3.276279 -0.071827 1628687127.657669
7471683.750372 -681576.009482 0.000000 0.521595 3.276279 -0.077401 1628687127.707667
7471683.883870 -681575.927422 0.000000 0.514837 3.284712 -0.083343 1628687127.757666
7471684.029128 -681575.839053 0.000000 0.507671 3.269532 -0.089524 1628687127.807664
7471684.171021 -681575.758365 0.000000 0.500134 3.244233 -0.095593 1628687127.857621
7471684.312357 -681575.687347 0.000000 0.492100 3.244233 -0.101590 1628687127.907584
7471684.444876 -681575.617529 0.000000 0.483692 3.212187 -0.107627 1628687127.957557
7471684.592039 -681575.538895 0.000000 0.474872 3.212187 -0.113331 1628687128.007562
7471684.734800 -681575.463660 0.000000 0.465626 3.203754 -0.119105 1628687128.057589
7471684.874471 -681575.392840 0.000000 0.456009 3.186887 -0.124946 1628687128.107555
7471685.006456 -681575.329248 0.000000 0.445998 3.163275 -0.130944 1628687128.157556
7471685.158330 -681575.261679 0.000000 0.435498 3.163275 -0.137235 1628687128.207657
7471685.306746 -681575.196669 0.000000 0.424603 3.154841 -0.143498 1628687128.257604
7471685.448047 -681575.132354 0.000000 0.413233 3.137975 -0.150180 1628687128.307686
7471685.586902 -681575.076261 0.000000 0.401344 3.131229 -0.157129 1628687128.357844
7471685.732443 -681575.015799 0.000000 0.389052 3.122795 -0.164055 1628687128.407633
7471685.877459 -681574.951828 0.000000 0.376238 3.114362 -0.170873 1628687128.457693
7471686.016855 -681574.892193 0.000000 0.363007 3.114362 -0.177069 1628687128.507664
7471686.156702 -681574.840220 0.000000 0.349464 3.089063 -0.182583 1628687128.557750
7471686.306999 -681574.789471 0.000000 0.335715 3.080630 -0.187235 1628687128.607587
7471686.453414 -681574.738555 0.000000 0.321799 3.057017 -0.190793 1628687128.657623
7471686.597565 -681574.692345 0.000000 0.307865 3.033404 -0.193292 1628687128.707567
7471686.739139 -681574.649358 0.000000 0.293722 3.033404 -0.194606 1628687128.758139
7471686.890398 -681574.602741 0.000000 0.279914 3.033404 -0.195133 1628687128.807456
7471687.037793 -681574.561297 0.000000 0.265996 3.016538 -0.195274 1628687128.857455
7471687.180431 -681574.537243 0.000000 0.252159 2.999671 -0.195241 1628687128.907449
7471687.323154 -681574.511111 0.000000 0.238319 3.008105 -0.195258 1628687128.957364
7471687.476005 -681574.478562 0.000000 0.224470 2.999671 -0.195504 1628687129.007386
7471687.622069 -681574.450783 0.000000 0.210580 2.991238 -0.196275 1628687129.057465
7471687.763846 -681574.430575 0.000000 0.196678 2.967625 -0.197892 1628687129.107426
7471687.894002 -681574.407826 0.000000 0.182639 2.950759 -0.200218 1628687129.157500
7471688.046248 -681574.387813 0.000000 0.168205 2.942326 -0.205524 1628687129.207484
7471688.191392 -681574.363166 0.000000 0.154127 2.942326 -0.205524 1628687129.257520
7471688.317822 -681574.330554 0.000000 0.139066 2.935580 -0.215160 1628687129.307601
7471688.463248 -681574.310199 0.000000 0.124345 2.935580 -0.215160 1628687129.357623
7471688.613231 -681574.287090 0.000000 0.108901 2.918713 -0.220925 1628687129.407647
7471688.760091 -681574.268038 0.000000 0.092982 2.918713 -0.227140 1628687129.457728
7471688.900213 -681574.250835 0.000000 0.076746 2.901847 -0.233383 1628687129.507719
7471689.032753 -681574.238795 0.000000 0.060223 2.884981 -0.239091 1628687129.557701
7471689.177474 -681574.230271 0.000000 0.043413 2.861368 -0.244678 1628687129.607760
7471689.319647 -681574.229930 0.000000 0.026499 2.829322 -0.249715 1628687129.657703
7471689.464513 -681574.237486 0.000000 0.009481 2.795589 -0.253884 1628687129.707726
7471689.605370 -681574.248866 0.000000 -0.007798 2.804022 -0.257548 1628687129.757748
7471689.753511 -681574.256923 0.000000 -0.025172 2.804022 -0.259831 1628687129.807706
7471689.892211 -681574.264723 0.000000 -0.042433 2.780410 -0.261127 1628687129.857646
7471690.026456 -681574.275892 0.000000 -0.059799 2.804022 -0.261183 1628687129.907565
7471690.167855 -681574.294402 0.000000 -0.077670 2.884981 -0.261210 1628687129.957537
7471690.317495 -681574.310342 0.000000 -0.095997 2.967625 -0.261161 1628687130.007417
7471690.454004 -681574.329855 0.000000 -0.113126 2.763543 -0.261341 1628687130.057391
7471690.587718 -681574.356232 0.000000 -0.130389 2.787156 -0.261312 1628687130.107347
7471690.723797 -681574.398683 0.000000 -0.147393 2.746677 -0.261301 1628687130.157269
7471690.870094 -681574.431926 0.000000 -0.164418 2.746677 -0.261301 1628687130.207301
7471691.006214 -681574.463258 0.000000 -0.181494 2.763543 -0.261301 1628687130.257189
7471691.145829 -681574.485362 0.000000 -0.198462 2.739930 -0.261286 1628687130.307221
7471691.271485 -681574.506816 0.000000 -0.215381 2.739930 -0.261286 1628687130.357095
7471691.419697 -681574.538854 0.000000 -0.232250 2.723064 -0.261370 1628687130.407090
7471691.558550 -681574.564325 0.000000 -0.249141 2.731497 -0.261331 1628687130.457051
7471691.692004 -681574.596192 0.000000 -0.266102 2.739930 -0.261434 1628687130.507000
7471691.814940 -681574.629752 0.000000 -0.282864 2.706198 -0.261370 1628687130.557016
7471691.945250 -681574.669300 0.000000 -0.299912 2.746677 -0.261461 1628687130.607075
7471692.071440 -681574.708788 0.000000 -0.316615 2.697765 -0.261386 1628687130.657050
7471692.189841 -681574.741343 0.000000 -0.333340 2.697765 -0.261273 1628687130.707098
7471692.289308 -681574.774568 0.000000 -0.350063 2.697765 -0.261357 1628687130.757099
7471692.407907 -681574.816679 0.000000 -0.366664 2.682585 -0.261273 1628687130.807052
7471692.530950 -681574.856518 0.000000 -0.382929 2.625240 -0.261322 1628687130.857033
7471692.642525 -681574.897636 0.000000 -0.398857 2.567894 -0.261361 1628687130.907031
7471692.747113 -681574.932682 0.000000 -0.414575 2.544281 -0.260897 1628687130.956961
7471692.869381 -681574.996014 0.000000 -0.430281 2.544281 -0.260255 1628687131.006971
7471692.992097 -681575.055057 0.000000 -0.446130 2.584760 -0.259328 1628687131.056882
7471693.102659 -681575.110720 0.000000 -0.461839 2.584760 -0.257474 1628687131.106806
7471693.205411 -681575.165486 0.000000 -0.477388 2.593194 -0.253837 1628687131.156952
7471693.324245 -681575.225469 0.000000 -0.492437 2.593194 -0.248428 1628687131.206788
7471693.437355 -681575.280748 0.000000 -0.506682 2.551028 -0.240171 1628687131.256741
7471693.543260 -681575.334871 0.000000 -0.519623 2.518982 -0.222973 1628687131.306700
7471693.650929 -681575.395834 0.000000 -0.532581 2.495369 -0.216163 1628687131.357570
7471693.760725 -681575.467898 0.000000 -0.543788 2.495369 -0.201390 1628687131.406647
7471693.869600 -681575.540971 0.000000 -0.554581 2.567894 -0.185944 1628687131.456611
7471693.971800 -681575.614616 0.000000 -0.564169 2.518982 -0.170059 1628687131.506542
7471694.058720 -681575.689191 0.000000 -0.572857 2.486936 -0.153887 1628687131.557368
7471694.153218 -681575.766724 0.000000 -0.580253 2.461636 -0.138009 1628687131.606467
7471694.258516 -681575.836676 0.000000 -0.586847 2.461636 -0.121882 1628687131.656405
7471694.357685 -681575.912574 0.000000 -0.592542 2.461636 -0.105977 1628687131.706373
7471694.445152 -681575.985877 0.000000 -0.597369 2.446457 -0.090635 1628687131.756480
7471694.555652 -681576.055579 0.000000 -0.601326 2.438024 -0.075860 1628687131.806327
7471694.661071 -681576.123887 0.000000 -0.604574 2.438024 -0.062230 1628687131.856348
7471694.764247 -681576.191089 0.000000 -0.607108 2.438024 -0.049214 1628687131.906297
7471694.862768 -681576.255174 0.000000 -0.608942 2.438024 -0.036529 1628687131.956298
7471694.967788 -681576.324813 0.000000 -0.610139 2.461636 -0.024558 1628687132.006299
7471695.069620 -681576.395884 0.000000 -0.610709 2.478503 -0.013038 1628687132.056227
7471695.183182 -681576.467565 0.000000 -0.610619 2.470070 -0.001593 1628687132.106262
7471695.290042 -681576.538075 0.000000 -0.609869 2.486936 0.009957 1628687132.156228
7471695.392934 -681576.607107 0.000000 -0.608453 2.470070 0.021785 1628687132.206249
7471695.495130 -681576.678104 0.000000 -0.606416 2.470070 0.033064 1628687132.256258
7471695.596137 -681576.750238 0.000000 -0.603719 2.495369 0.044158 1628687132.306273
7471695.696954 -681576.820885 0.000000 -0.600449 2.495369 0.054520 1628687132.356305
7471695.802033 -681576.895397 0.000000 -0.596613 2.495369 0.064597 1628687132.406206
7471695.901523 -681576.962860 0.000000 -0.592249 2.478503 0.074483 1628687132.456171
7471696.003639 -681577.029060 0.000000 -0.587350 2.478503 0.083987 1628687132.506116
7471696.105414 -681577.094977 0.000000 -0.581706 2.478503 0.097227 1628687132.556134
7471696.217439 -681577.164009 0.000000 -0.575996 2.495369 0.102152 1628687132.606096
7471696.324117 -681577.227946 0.000000 -0.569460 2.495369 0.111636 1628687132.656086
7471696.426952 -681577.289384 0.000000 -0.562374 2.486936 0.121368 1628687132.706088
7471696.528635 -681577.353027 0.000000 -0.554634 2.502116 0.130984 1628687132.756487
7471696.640354 -681577.417352 0.000000 -0.546449 2.518982 0.139965 1628687132.806085
7471696.753261 -681577.473074 0.000000 -0.537794 2.486936 0.148842 1628687132.856073
7471696.856963 -681577.535570 0.000000 -0.528630 2.502116 0.157021 1628687132.906083
7471696.964160 -681577.597188 0.000000 -0.518878 2.495369 0.164598 1628687132.957043
7471697.074125 -681577.661498 0.000000 -0.509071 2.502116 0.171689 1628687133.006064
7471697.180889 -681577.722528 0.000000 -0.498737 2.495369 0.178152 1628687133.056090
7471697.288222 -681577.784454 0.000000 -0.487858 2.518982 0.184167 1628687133.106101
7471697.388558 -681577.844109 0.000000 -0.476671 2.510549 0.189617 1628687133.156745
7471697.499187 -681577.908283 0.000000 -0.465575 2.502116 0.194243 1628687133.205990
7471697.613725 -681577.966170 0.000000 -0.454063 2.502116 0.198506 1628687133.255950
7471697.726228 -681578.018008 0.000000 -0.442268 2.518982 0.202151 1628687133.305925
7471697.841170 -681578.065623 0.000000 -0.430084 2.527415 0.204927 1628687133.356780
7471697.963319 -681578.114901 0.000000 -0.418176 2.535848 0.206979 1628687133.405906
7471698.084176 -681578.160672 0.000000 -0.405969 2.544281 0.208143 1628687133.455886
7471698.209192 -681578.204221 0.000000 -0.393729 2.551028 0.208510 1628687133.505884
7471698.330924 -681578.248994 0.000000 -0.381275 2.559461 0.208519 1628687133.556692
7471698.454757 -681578.295538 0.000000 -0.369184 2.567894 0.208531 1628687133.605883
7471698.578020 -681578.338075 0.000000 -0.356844 2.576327 0.208542 1628687133.655906
7471698.699118 -681578.378147 0.000000 -0.344470 2.584760 0.208554 1628687133.705880
7471698.817614 -681578.415645 0.000000 -0.332115 2.576327 0.208832 1628687133.755866
7471698.946436 -681578.458260 0.000000 -0.319666 2.593194 0.209287 1628687133.805799
7471699.073932 -681578.499346 0.000000 -0.307151 2.599940 0.209819 1628687133.855782
7471699.197965 -681578.539503 0.000000 -0.294469 2.599940 0.211436 1628687133.905684
7471699.320377 -681578.575402 0.000000 -0.281536 2.616806 0.214170 1628687133.955592
7471699.456147 -681578.615728 0.000000 -0.268294 2.633673 0.217203 1628687134.005576
7471699.585424 -681578.651985 0.000000 -0.254836 2.633673 0.220675 1628687134.055452
7471699.706503 -681578.680954 0.000000 -0.240992 2.648852 0.224052 1628687134.105412
7471699.824446 -681578.705777 0.000000 -0.226993 2.657286 0.226798 1628687134.155295
7471699.958772 -681578.739013 0.000000 -0.212853 2.657286 0.229264 1628687134.205345
7471700.091766 -681578.767520 0.000000 -0.198619 2.657286 0.231552 1628687134.255242
7471700.223289 -681578.793190 0.000000 -0.184388 2.648852 0.232856 1628687134.305254
7471700.348039 -681578.817825 0.000000 -0.170140 2.648852 0.233472 1628687134.355115
7471700.480448 -681578.840493 0.000000 -0.155835 2.648852 0.233735 1628687134.405150
7471700.612923 -681578.861854 0.000000 -0.141562 2.648852 0.233735 1628687134.455112
7471700.744232 -681578.879509 0.000000 -0.127272 2.648852 0.233735 1628687134.505114
7471700.873880 -681578.890953 0.000000 -0.112803 2.665719 0.233675 1628687134.555143
7471701.009596 -681578.900670 0.000000 -0.098491 2.657286 0.233661 1628687134.605259
7471701.142420 -681578.905611 0.000000 -0.084275 2.648852 0.233647 1628687134.655188
7471701.271359 -681578.912382 0.000000 -0.069984 2.648852 0.233735 1628687134.705213
7471701.400366 -681578.920104 0.000000 -0.055340 2.657286 0.233749 1628687134.756167
7471701.533665 -681578.924778 0.000000 -0.041376 2.648852 0.233647 1628687134.805267
7471701.661953 -681578.929262 0.000000 -0.027216 2.642106 0.233109 1628687134.855309
7471701.790640 -681578.931581 0.000000 -0.013129 2.633673 0.232744 1628687134.905391
7471701.920618 -681578.935371 0.000000 0.001304 2.642106 0.232582 1628687134.956198
7471702.052965 -681578.938627 0.000000 0.015218 2.642106 0.231966 1628687135.005513
7471702.179617 -681578.939232 0.000000 0.029066 2.608373 0.230560 1628687135.055579
7471702.302584 -681578.935177 0.000000 0.042848 2.608373 0.229450 1628687135.105575
7471702.427649 -681578.929750 0.000000 0.056547 2.608373 0.226457 1628687135.156255
7471702.568883 -681578.921099 0.000000 0.069792 2.625240 0.222339 1628687135.205705
7471702.702433 -681578.910351 0.000000 0.082686 2.616806 0.217291 1628687135.255795
7471702.829449 -681578.894625 0.000000 0.095116 2.608373 0.211525 1628687135.305767
7471702.951486 -681578.877084 0.000000 0.107145 2.584760 0.205726 1628687135.356356
7471703.087842 -681578.859080 0.000000 0.118738 2.599940 0.199435 1628687135.405755
7471703.219222 -681578.836519 0.000000 0.130099 2.608373 0.193119 1628687135.455787
7471703.345179 -681578.813457 0.000000 0.140950 2.599940 0.186679 1628687135.505837
7471703.468962 -681578.789438 0.000000 0.151565 2.599940 0.180326 1628687135.556467
7471703.598278 -681578.764059 0.000000 0.161522 2.608373 0.174058 1628687135.605648
7471703.726417 -681578.737880 0.000000 0.171270 2.599940 0.168030 1628687135.655675
7471703.853062 -681578.711956 0.000000 0.180668 2.599940 0.162271 1628687135.705742
7471703.981374 -681578.686802 0.000000 0.189832 2.616806 0.156880 1628687135.755647
7471704.119068 -681578.660844 0.000000 0.198729 2.625240 0.151833 1628687135.805722
7471704.248992 -681578.637507 0.000000 0.207336 2.642106 0.147058 1628687135.855679
7471704.377758 -681578.610529 0.000000 0.215736 2.657286 0.142547 1628687135.905725
7471704.504213 -681578.581379 0.000000 0.223958 2.674152 0.138666 1628687135.955721
7471704.638503 -681578.549706 0.000000 0.232062 2.682585 0.135771 1628687136.005742
7471704.769476 -681578.517998 0.000000 0.240032 2.691018 0.133147 1628687136.055766
7471704.897127 -681578.485810 0.000000 0.247910 2.691018 0.131148 1628687136.105858
7471705.020426 -681578.452807 0.000000 0.255723 2.714631 0.129169 1628687136.155853
7471705.160392 -681578.415113 0.000000 0.263417 2.697765 0.127792 1628687136.205817
7471705.293744 -681578.378225 0.000000 0.271044 2.706198 0.126254 1628687136.255887
7471705.422310 -681578.342180 0.000000 0.278531 2.706198 0.124162 1628687136.305838
7471705.547501 -681578.307446 0.000000 0.286067 2.723064 0.123357 1628687136.355870
7471705.685410 -681578.268661 0.000000 0.293480 2.746677 0.121372 1628687136.405905
7471705.819223 -681578.227251 0.000000 0.300791 2.755110 0.119375 1628687136.455949
7471705.948140 -681578.186977 0.000000 0.307944 2.755110 0.117006 1628687136.505990
7471706.074589 -681578.147654 0.000000 0.314694 2.763543 0.112727 1628687136.555978
7471706.205856 -681578.102090 0.000000 0.321535 2.755110 0.109437 1628687136.605962
7471706.339711 -681578.050576 0.000000 0.328210 2.771976 0.106436 1628687136.655949
7471706.470846 -681578.005921 0.000000 0.334999 2.771976 0.106436 1628687136.705924
7471706.598882 -681577.952138 0.000000 0.341275 2.763543 0.103782 1628687136.755883
7471706.739330 -681577.894277 0.000000 0.347531 2.780410 0.101691 1628687136.805832
7471706.876246 -681577.837936 0.000000 0.353670 2.787156 0.099868 1628687136.855800
7471707.007005 -681577.782450 0.000000 0.359679 2.787156 0.098222 1628687136.905712
7471707.132063 -681577.731341 0.000000 0.365622 2.787156 0.096942 1628687136.955708
7471707.268505 -681577.678706 0.000000 0.371582 2.795589 0.096398 1628687137.005648
7471707.402411 -681577.627184 0.000000 0.377633 2.820889 0.096138 1628687137.055664
7471707.532818 -681577.573666 0.000000 0.383678 2.829322 0.096143 1628687137.105638
7471707.656376 -681577.519878 0.000000 0.389705 2.829322 0.096143 1628687137.155613
7471707.795706 -681577.459261 0.000000 0.395805 2.844501 0.096151 1628687137.205637
7471707.928781 -681577.400608 0.000000 0.401902 2.852935 0.096065 1628687137.255657
7471708.057470 -681577.344021 0.000000 0.407984 2.852935 0.096157 1628687137.305638
7471708.183890 -681577.287994 0.000000 0.414034 2.852935 0.095882 1628687137.355609
7471708.322987 -681577.222734 0.000000 0.420115 2.869801 0.095251 1628687137.405660
7471708.456214 -681577.158764 0.000000 0.426119 2.884981 0.093978 1628687137.455705
7471708.586926 -681577.099135 0.000000 0.432017 2.901847 0.092248 1628687137.505679
7471708.716022 -681577.041489 0.000000 0.437809 2.927146 0.089972 1628687137.555732
7471708.856096 -681576.973397 0.000000 0.443472 2.950759 0.087417 1628687137.605719
7471708.990894 -681576.910210 0.000000 0.449027 2.976059 0.085137 1628687137.655713
7471709.121016 -681576.849675 0.000000 0.454334 2.959192 0.083018 1628687137.705724
7471709.250790 -681576.786805 0.000000 0.459514 2.959192 0.080724 1628687137.755746
7471709.393278 -681576.715446 0.000000 0.464612 2.991238 0.078169 1628687137.805640
7471709.528561 -681576.648411 0.000000 0.469484 2.999671 0.075325 1628687137.855618
7471709.662915 -681576.578037 0.000000 0.474186 3.024971 0.072119 1628687137.905585
7471709.792673 -681576.504355 0.000000 0.478637 3.024971 0.068993 1628687137.955602
7471709.928898 -681576.426404 0.000000 0.482906 3.040151 0.065965 1628687138.005451
7471710.060726 -681576.350883 0.000000 0.486987 3.048584 0.063024 1628687138.055383
7471710.189534 -681576.278993 0.000000 0.490850 3.048584 0.060171 1628687138.105383
7471710.315660 -681576.209317 0.000000 0.494588 3.065450 0.057691 1628687138.155291
7471710.458521 -681576.130588 0.000000 0.498198 3.065450 0.055850 1628687138.205271
7471710.597166 -681576.055125 0.000000 0.501770 3.080630 0.054565 1628687138.255285
7471710.728390 -681575.980538 0.000000 0.505291 3.080630 0.053828 1628687138.305237
7471710.856746 -681575.908549 0.000000 0.508822 3.080630 0.053644 1628687138.355234
7471710.995385 -681575.830399 0.000000 0.512313 3.065450 0.053548 1628687138.405221
7471711.130494 -681575.751435 0.000000 0.515888 3.080630 0.053828 1628687138.455220
7471711.259270 -681575.674154 0.000000 0.519503 3.073883 0.054563 1628687138.505196
7471711.387604 -681575.598598 0.000000 0.523252 3.080630 0.055946 1628687138.555178
7471711.528206 -681575.517761 0.000000 0.527201 3.089063 0.058066 1628687138.605204
7471711.661335 -681575.439048 0.000000 0.531362 3.080630 0.061101 1628687138.655200
7471711.789548 -681575.362673 0.000000 0.535858 3.080630 0.065151 1628687138.705192
7471711.914948 -681575.285643 0.000000 0.540747 3.080630 0.069567 1628687138.755916
7471712.046134 -681575.203961 0.000000 0.545854 3.065450 0.074618 1628687138.805168
7471712.178652 -681575.121697 0.000000 0.551387 3.080630 0.079313 1628687138.855175
7471712.307842 -681575.041271 0.000000 0.557210 3.065450 0.083899 1628687138.905178
7471712.437967 -681574.960528 0.000000 0.563365 3.073883 0.087576 1628687138.955933
7471712.571524 -681574.874303 0.000000 0.569586 3.073883 0.090972 1628687139.005230
7471712.701137 -681574.787177 0.000000 0.576080 3.065450 0.094086 1628687139.055240
7471712.830006 -681574.702243 0.000000 0.582774 3.080630 0.096755 1628687139.105233
7471712.961071 -681574.616442 0.000000 0.589746 3.080630 0.099322 1628687139.155961
7471713.087011 -681574.533754 0.000000 0.596628 3.065450 0.101511 1628687139.205185
7471713.212145 -681574.447679 0.000000 0.603678 3.073883 0.102708 1628687139.255179
7471713.333680 -681574.356593 0.000000 0.610758 3.073883 0.103349 1628687139.305147
7471713.454766 -681574.267039 0.000000 0.617936 3.073883 0.103441 1628687139.355891
7471713.582530 -681574.175113 0.000000 0.624915 3.089063 0.103451 1628687139.405139
7471713.710526 -681574.082308 0.000000 0.632020 3.097496 0.103457 1628687139.455101
7471713.831528 -681573.990865 0.000000 0.639154 3.105929 0.103463 1628687139.505122
7471713.949914 -681573.898516 0.000000 0.646361 3.105929 0.103463 1628687139.555646
7471714.073575 -681573.801785 0.000000 0.653395 3.097496 0.103549 1628687139.605095
7471714.194651 -681573.703209 0.000000 0.660525 3.089063 0.103909 1628687139.655123
7471714.314051 -681573.604492 0.000000 0.667786 3.114362 0.104661 1628687139.705149
7471714.429977 -681573.508643 0.000000 0.675136 3.114362 0.105760 1628687139.755204
7471714.552924 -681573.408025 0.000000 0.682580 3.114362 0.107042 1628687139.805190
7471714.675007 -681573.311042 0.000000 0.690125 3.114362 0.108141 1628687139.855369
7471714.791830 -681573.213861 0.000000 0.697731 3.122795 0.109338 1628687139.905249
7471714.900022 -681573.118077 0.000000 0.705465 3.131229 0.110442 1628687139.955294
7471715.023105 -681573.012881 0.000000 0.713261 3.122795 0.111626 1628687140.005363
7471715.133416 -681572.913093 0.000000 0.721141 3.114362 0.112900 1628687140.055406
7471715.246467 -681572.814923 0.000000 0.729091 3.122795 0.113913 1628687140.105431
7471715.361593 -681572.717747 0.000000 0.737146 3.122795 0.115194 1628687140.155483
7471715.486986 -681572.605083 0.000000 0.745293 3.114362 0.116467 1628687140.205533
7471715.604449 -681572.497077 0.000000 0.753483 3.122795 0.117114 1628687140.255609
7471715.718226 -681572.392175 0.000000 0.761582 3.105929 0.117100 1628687140.305596
7471715.828044 -681572.288577 0.000000 0.769657 3.097496 0.117093 1628687140.355570
7471715.943309 -681572.174402 0.000000 0.777685 3.073883 0.117165 1628687140.405596
7471716.049486 -681572.066133 0.000000 0.785477 2.991238 0.117098 1628687140.455632
7471716.147494 -681571.962988 0.000000 0.793018 2.901847 0.117118 1628687140.505505
7471716.253448 -681571.853599 0.000000 0.801135 3.114362 0.116935 1628687140.555542
7471716.368153 -681571.735761 0.000000 0.809101 3.057017 0.117198 1628687140.605415
7471716.474593 -681571.623633 0.000000 0.817060 3.057017 0.117151 1628687140.655397
7471716.577756 -681571.512441 0.000000 0.825053 3.073883 0.117059 1628687140.705304
7471716.676497 -681571.404463 0.000000 0.832999 3.048584 0.117165 1628687140.755235
7471716.779225 -681571.287251 0.000000 0.840944 3.048584 0.117144 1628687140.805218
7471716.876947 -681571.170248 0.000000 0.848866 3.040151 0.117144 1628687140.855212
7471716.972081 -681571.057123 0.000000 0.856768 3.033404 0.117045 1628687140.905288
7471717.062498 -681570.947971 0.000000 0.864623 3.024971 0.117132 1628687140.955151
7471717.160232 -681570.829662 0.000000 0.872419 3.008105 0.116654 1628687141.005227
7471717.256264 -681570.713035 0.000000 0.880075 2.991238 0.115832 1628687141.055146
7471717.346906 -681570.599724 0.000000 0.887666 2.976059 0.114997 1628687141.105287
7471717.436924 -681570.486386 0.000000 0.895116 2.967625 0.113889 1628687141.155254
7471717.524093 -681570.371907 0.000000 0.902458 2.967625 0.112329 1628687141.205248
7471717.615115 -681570.256069 0.000000 0.909594 2.967625 0.109861 1628687141.255226
7471717.705354 -681570.143781 0.000000 0.916442 2.950759 0.106661 1628687141.305255
7471717.790816 -681570.033613 0.000000 0.922960 2.942326 0.102441 1628687141.355340
7471717.880077 -681569.912815 0.000000 0.929063 2.927146 0.097401 1628687141.405277
7471717.964003 -681569.796764 0.000000 0.934686 2.893414 0.091529 1628687141.455367
7471718.045476 -681569.682350 0.000000 0.939795 2.869801 0.085095 1628687141.505292
7471718.124443 -681569.566824 0.000000 0.944472 2.861368 0.078572 1628687141.555394
7471718.210042 -681569.442533 0.000000 0.948659 2.869801 0.071595 1628687141.605317
7471718.291176 -681569.322901 0.000000 0.952429 2.869801 0.065079 1628687141.655331
7471718.367850 -681569.207137 0.000000 0.955755 2.852935 0.058648 1628687141.705355
7471718.443315 -681569.095655 0.000000 0.958698 2.829322 0.052578 1628687141.755880
7471718.524981 -681568.973931 0.000000 0.961183 2.812456 0.046783 1628687141.805243
7471718.603680 -681568.857089 0.000000 0.963332 2.795589 0.041173 1628687141.855212
7471718.677291 -681568.744017 0.000000 0.965096 2.787156 0.035380 1628687141.905237
7471718.747493 -681568.631905 0.000000 0.966482 2.787156 0.029312 1628687141.955867
7471718.825013 -681568.512745 0.000000 0.967427 2.780410 0.023153 1628687142.005152
7471718.902551 -681568.397465 0.000000 0.967976 2.763543 0.016811 1628687142.055001
7471718.978543 -681568.283548 0.000000 0.968102 2.746677 0.010290 1628687142.104910
7471719.054833 -681568.170289 0.000000 0.967809 2.731497 0.003584 1628687142.155398
7471719.129843 -681568.060993 0.000000 0.967064 2.731497 -0.003483 1628687142.204808
7471719.208643 -681567.949122 0.000000 0.965885 2.723064 -0.010456 1628687142.254862
7471719.283146 -681567.839607 0.000000 0.964246 2.714631 -0.017699 1628687142.304885
7471719.355801 -681567.736336 0.000000 0.962137 2.706198 -0.024937 1628687142.355461
7471719.431728 -681567.628205 0.000000 0.959653 2.691018 -0.031989 1628687142.404870
7471719.508833 -681567.516880 0.000000 0.956656 2.746677 -0.039119 1628687142.454896
7471719.590553 -681567.396842 0.000000 0.953044 2.901847 -0.046008 1628687142.505019
7471719.655647 -681567.302142 0.000000 0.949547 2.648852 -0.052889 1628687142.555342
7471719.734984 -681567.185754 0.000000 0.945279 2.697765 -0.059852 1628687142.604956
7471719.808534 -681567.078578 0.000000 0.940603 2.682585 -0.067402 1628687142.654944
7471719.883636 -681566.970557 0.000000 0.935411 2.674152 -0.075219 1628687142.705277
7471719.954764 -681566.865728 0.000000 0.929760 2.674152 -0.083118 1628687142.755023
7471720.032896 -681566.752382 0.000000 0.923779 2.682585 -0.091466 1628687142.805045
7471720.108427 -681566.643064 0.000000 0.917050 2.682585 -0.099698 1628687142.855053
7471720.184371 -681566.535457 0.000000 0.909750 2.691018 -0.108012 1628687142.905051
7471720.262545 -681566.429185 0.000000 0.901931 2.697765 -0.116127 1628687142.955083
7471720.347487 -681566.316945 0.000000 0.893722 2.697765 -0.123407 1628687143.004951
7471720.430469 -681566.208553 0.000000 0.884925 2.706198 -0.131130 1628687143.055079
7471720.514137 -681566.103953 0.000000 0.875536 2.723064 -0.139381 1628687143.104948
7471720.595285 -681566.004494 0.000000 0.865649 2.731497 -0.147066 1628687143.154899
7471720.692350 -681565.890458 0.000000 0.855116 2.755110 -0.154931 1628687143.204887
7471720.786646 -681565.780777 0.000000 0.843669 2.812456 -0.163449 1628687143.254862
7471720.874279 -681565.680638 0.000000 0.832076 2.780410 -0.172244 1628687143.304877
7471720.963396 -681565.582309 0.000000 0.819956 2.763543 -0.180677 1628687143.354897
7471721.065618 -681565.470765 0.000000 0.806836 2.812456 -0.188404 1628687143.404973
7471721.164910 -681565.365131 0.000000 0.793321 2.829322 -0.195704 1628687143.454929
7471721.262241 -681565.263721 0.000000 0.779388 2.837755 -0.202268 1628687143.504892
7471721.361175 -681565.163268 0.000000 0.764775 2.869801 -0.208425 1628687143.554876
7471721.473379 -681565.052821 0.000000 0.749736 2.893414 -0.213684 1628687143.604891
7471721.578245 -681564.949629 0.000000 0.734484 2.901847 -0.217861 1628687143.654832
7471721.681288 -681564.849142 0.000000 0.718901 2.918713 -0.221185 1628687143.704783
7471721.785877 -681564.750436 0.000000 0.702880 2.942326 -0.223655 1628687143.755164
7471721.901592 -681564.642553 0.000000 0.686677 2.976059 -0.226059 1628687143.804860
7471722.013987 -681564.543524 0.000000 0.670450 2.976059 -0.228215 1628687143.854713
7471722.126918 -681564.451151 0.000000 0.654076 2.976059 -0.230024 1628687143.904646
7471722.239507 -681564.360429 0.000000 0.637111 2.999671 -0.232143 1628687143.955123
7471722.375642 -681564.256204 0.000000 0.619924 3.033404 -0.234848 1628687144.004646
7471722.504430 -681564.162909 0.000000 0.602840 3.080630 -0.237291 1628687144.054627
7471722.631435 -681564.075490 0.000000 0.585735 3.080630 -0.237291 1628687144.104676
7471722.764846 -681563.982746 0.000000 0.567690 3.089063 -0.239977 1628687144.155398
7471722.901610 -681563.900540 0.000000 0.549674 3.105929 -0.243209 1628687144.204649
7471723.042468 -681563.820127 0.000000 0.531354 3.137975 -0.244236 1628687144.254728
7471723.179833 -681563.740052 0.000000 0.512774 3.137975 -0.246539 1628687144.304779
7471723.321152 -681563.650977 0.000000 0.493310 3.146408 -0.249891 1628687144.355643
7471723.457850 -681563.577482 0.000000 0.475139 3.146408 -0.249891 1628687144.404970
7471723.603865 -681563.490964 0.000000 0.455664 3.203754 -0.251276 1628687144.454880
7471723.745550 -681563.412104 0.000000 0.436267 3.212187 -0.252172 1628687144.504916
7471723.886744 -681563.338975 0.000000 0.416583 3.220620 -0.252536 1628687144.555541
7471724.037829 -681563.266138 0.000000 0.397416 3.220620 -0.252558 1628687144.604848
7471724.192439 -681563.198282 0.000000 0.377528 3.293145 -0.252324 1628687144.654853
7471724.346190 -681563.138829 0.000000 0.357480 3.293145 -0.252410 1628687144.705320
7471724.488317 -681563.089086 0.000000 0.337877 3.284712 -0.252473 1628687144.754774
7471724.650217 -681563.031454 0.000000 0.318110 3.284712 -0.252132 1628687144.804746
7471724.814232 -681562.979775 0.000000 0.298037 3.318445 -0.250943 1628687144.854781
7471724.975966 -681562.929784 0.000000 0.278418 3.333624 -0.247477 1628687144.904673
7471725.137530 -681562.881078 0.000000 0.258883 3.367357 -0.242852 1628687144.954669
7471725.312108 -681562.830769 0.000000 0.239956 3.382536 -0.236440 1628687145.004694
7471725.484859 -681562.785826 0.000000 0.221493 3.416269 -0.228407 1628687145.054668
7471725.656800 -681562.741584 0.000000 0.204273 3.439882 -0.213428 1628687145.104668
7471725.827960 -681562.702905 0.000000 0.187259 3.439882 -0.207749 1628687145.154691
7471726.006858 -681562.677189 0.000000 0.171466 3.471928 -0.195360 1628687145.204679
7471726.185694 -681562.651478 0.000000 0.156697 3.505660 -0.181747 1628687145.254710
7471726.361052 -681562.628018 0.000000 0.143202 3.522527 -0.167208 1628687145.304702
7471726.531514 -681562.607897 0.000000 0.131110 3.522527 -0.151833 1628687145.354690
7471726.719145 -681562.584050 0.000000 0.120098 3.546140 -0.136772 1628687145.404653
7471726.905522 -681562.561932 0.000000 0.110069 3.595052 -0.122213 1628687145.454625
7471727.088113 -681562.543111 0.000000 0.101253 3.620351 -0.107904 1628687145.504539
7471727.268677 -681562.528845 0.000000 0.093513 3.652397 -0.094089 1628687145.554445
7471727.458572 -681562.513642 0.000000 0.086926 3.652397 -0.080915 1628687145.604397
7471727.644328 -681562.498968 0.000000 0.081306 3.676010 -0.068278 1628687145.654312
7471727.829722 -681562.483936 0.000000 0.076602 3.724922 -0.056180 1628687145.704244
7471728.012435 -681562.471439 0.000000 0.072818 3.741789 -0.045035 1628687145.754535
7471728.209634 -681562.457369 0.000000 0.069987 3.758655 -0.034239 1628687145.804094
7471728.401409 -681562.444088 0.000000 0.067878 3.782268 -0.024817 1628687145.854048
7471728.593391 -681562.428566 0.000000 0.066462 3.816000 -0.016313 1628687145.903950
7471728.783043 -681562.413895 0.000000 0.065542 3.856479 -0.009561 1628687145.953925
7471728.983002 -681562.397945 0.000000 0.065131 3.856479 -0.003808 1628687146.003881
7471729.181292 -681562.380065 0.000000 0.065011 3.888525 0.000452 1628687146.053913
7471729.379503 -681562.364203 0.000000 0.065027 3.920571 0.002951 1628687146.103835
7471729.579896 -681562.349407 0.000000 0.065122 3.937438 0.004248 1628687146.154227
7471729.778557 -681562.337950 0.000000 0.065186 3.954304 0.004523 1628687146.203816
7471729.980675 -681562.322491 0.000000 0.065239 3.969484 0.004611 1628687146.253781
7471730.179946 -681562.306767 0.000000 0.065285 4.003216 0.004604 1628687146.303791
7471730.376983 -681562.290494 0.000000 0.065336 4.052129 0.004590 1628687146.354023
7471730.590415 -681562.273862 0.000000 0.065387 4.067308 0.004587 1628687146.403725
7471730.797776 -681562.256567 0.000000 0.065434 4.067308 0.004494 1628687146.453758
7471731.000491 -681562.237986 0.000000 0.065512 4.084175 0.004769 1628687146.503758
7471731.200230 -681562.216971 0.000000 0.065653 4.101041 0.005324 1628687146.554076
7471731.415055 -681562.197440 0.000000 0.065917 4.116221 0.006343 1628687146.603777
7471731.629758 -681562.182416 0.000000 0.066324 4.133087 0.007644 1628687146.653786
