7471654.431891 -681549.592815 -2.565294 1628687090.441466
7471654.303418 -681549.676419 -2.565647 1628687090.491396
7471654.172045 -681549.761829 -2.566189 1628687090.541715
7471654.046062 -681549.843639 -2.566624 1628687090.591408
7471653.911819 -681549.930750 -2.567219 1628687090.641379
7471653.781744 -681550.014994 -2.567808 1628687090.691350
7471653.651094 -681550.099476 -2.568430 1628687090.741606
7471653.525510 -681550.180504 -2.569082 1628687090.791238
7471653.392752 -681550.266102 -2.569811 1628687090.841152
7471653.261561 -681550.350528 -2.570516 1628687090.891117
7471653.128636 -681550.435935 -2.571196 1628687090.941533
7471653.002520 -681550.516798 -2.571814 1628687090.990978
7471652.866150 -681550.604190 -2.572506 1628687091.040954
7471652.735027 -681550.688046 -2.573175 1628687091.090903
7471652.601125 -681550.773565 -2.573820 1628687091.141255
7471652.478472 -681550.851725 -2.574403 1628687091.190921
7471652.339717 -681550.940156 -2.575007 1628687091.240883
7471652.210346 -681551.022423 -2.575571 1628687091.290815
7471652.076994 -681551.107122 -2.576163 1628687091.341171
7471651.951268 -681551.186844 -2.576739 1628687091.390857
7471651.813810 -681551.273975 -2.577309 1628687091.440782
7471651.680310 -681551.358468 -2.577846 1628687091.490781
7471651.550384 -681551.440595 -2.578311 1628687091.540924
7471651.425042 -681551.519705 -2.578726 1628687091.590833
7471651.288482 -681551.605869 -2.579108 1628687091.640815
7471651.154464 -681551.690297 -2.579401 1628687091.690821
7471651.025186 -681551.771662 -2.579572 1628687091.741189
7471650.897644 -681551.851870 -2.579658 1628687091.790799
7471650.761391 -681551.937545 -2.579528 1628687091.840869
7471650.629666 -681552.020334 -2.579362 1628687091.890868
7471650.498123 -681552.103021 -2.579121 1628687091.941208
7471650.371485 -681552.182678 -2.578864 1628687091.990870
7471650.235746 -681552.268130 -2.578356 1628687092.040894
7471650.104255 -681552.351028 -2.577855 1628687092.090844
7471649.972761 -681552.434063 -2.577285 1628687092.141180
7471649.853140 -681552.509808 -2.576699 1628687092.190849
7471649.711386 -681552.599527 -2.575914 1628687092.240898
7471649.580501 -681552.682607 -2.575199 1628687092.290869
7471649.449128 -681552.766140 -2.574455 1628687092.341295
7471649.324592 -681552.845507 -2.573736 1628687092.390843
7471649.188440 -681552.932315 -2.572950 1628687092.440805
7471649.057424 -681553.016041 -2.572194 1628687092.490715
7471648.925365 -681553.100574 -2.571447 1628687092.541033
7471648.803159 -681553.178981 -2.570723 1628687092.590643
7471648.671763 -681553.263323 -2.569996 1628687092.640623
7471648.539066 -681553.348672 -2.569279 1628687092.690534
7471648.407017 -681553.433762 -2.568547 1628687092.740793
7471648.283441 -681553.513562 -2.567873 1628687092.790516
7471648.149906 -681553.599835 -2.567162 1628687092.840491
7471648.020526 -681553.683592 -2.566500 1628687092.890485
7471647.889865 -681553.768295 -2.565853 1628687092.940663
7471647.767391 -681553.847857 -2.565227 1628687092.990761
7471647.636514 -681553.932909 -2.564578 1628687093.040501
7471647.505927 -681554.017917 -2.563926 1628687093.090480
7471647.377007 -681554.101964 -2.563316 1628687093.140998
7471647.256367 -681554.180756 -2.562740 1628687093.190523
7471647.123031 -681554.267845 -2.562108 1628687093.240520
7471646.998440 -681554.349389 -2.561521 1628687093.290571
7471646.872409 -681554.431970 -2.560920 1628687093.340777
7471646.756734 -681554.507908 -2.560374 1628687093.390507
7471646.631793 -681554.589962 -2.559784 1628687093.440520
7471646.487658 -681554.684746 -2.559091 1628687093.490462
7471646.360192 -681554.768704 -2.558489 1628687093.540711
7471646.247310 -681554.843203 -2.557970 1628687093.590329
7471646.126140 -681554.923194 -2.557396 1628687093.640233
7471646.000838 -681555.006035 -2.556767 1628687093.690215
7471645.868515 -681555.093633 -2.556142 1628687093.740416
7471645.744843 -681555.175648 -2.555560 1628687093.790149
7471645.618385 -681555.259560 -2.554937 1628687093.840148
7471645.505046 -681555.334909 -2.554356 1628687093.890074
7471645.379309 -681555.418582 -2.553677 1628687093.940397
7471645.261411 -681555.497186 -2.553068 1628687093.990079
7471645.135931 -681555.580884 -2.552361 1628687094.040051
7471645.010003 -681555.665042 -2.551557 1628687094.090067
7471644.880540 -681555.751668 -2.550545 1628687094.140291
7471644.761408 -681555.831565 -2.549566 1628687094.190065
7471644.637744 -681555.914537 -2.548253 1628687094.240037
7471644.517168 -681555.995651 -2.546882 1628687094.290016
7471644.398593 -681556.075640 -2.545339 1628687094.340161
7471644.282835 -681556.154022 -2.543841 1628687094.389979
7471644.158432 -681556.238391 -2.541639 1628687094.439993
7471644.039862 -681556.319250 -2.539476 1628687094.489887
7471643.919703 -681556.401559 -2.536953 1628687094.539840
7471643.804306 -681556.481107 -2.534354 1628687094.589746
7471643.683465 -681556.564658 -2.530946 1628687094.639606
7471643.566779 -681556.645980 -2.527409 1628687094.689631
7471643.448342 -681556.729082 -2.523344 1628687094.739603
7471643.335244 -681556.809216 -2.519390 1628687094.789436
7471643.215278 -681556.894605 -2.514258 1628687094.839309
7471643.098906 -681556.978434 -2.509069 1628687094.889174
7471642.985729 -681557.060942 -2.503643 1628687094.939190
7471642.876635 -681557.141611 -2.498261 1628687094.989009
7471642.759312 -681557.228804 -2.491458 1628687095.038997
7471642.646306 -681557.314284 -2.484699 1628687095.088940
7471642.533296 -681557.401015 -2.477480 1628687095.139103
7471642.429481 -681557.482388 -2.470819 1628687095.188830
7471642.312770 -681557.574048 -2.462190 1628687095.238815
7471642.202497 -681557.662644 -2.453817 1628687095.288735
7471642.093460 -681557.751833 -2.445219 1628687095.338763
7471641.989173 -681557.839072 -2.436758 1628687095.388723
7471641.879691 -681557.931424 -2.427025 1628687095.438691
7471641.771474 -681558.024617 -2.417159 1628687095.488697
7471641.666472 -681558.117026 -2.407214 1628687095.538631
7471641.566515 -681558.207394 -2.397419 1628687095.588586
7471641.459283 -681558.305004 -2.386234 1628687095.638624
7471641.356673 -681558.401072 -2.375238 1628687095.688519
7471641.256102 -681558.497392 -2.364009 1628687095.738523
7471641.160276 -681558.592017 -2.352933 1628687095.788427
7471641.057264 -681558.694538 -2.340473 1628687095.838454
7471640.957957 -681558.796545 -2.328184 1628687095.888479
7471640.861588 -681558.898154 -2.315875 1628687095.938383
7471640.769746 -681558.998128 -2.303773 1628687095.988405
7471640.671667 -681559.106041 -2.290585 1628687096.038421
7471640.579382 -681559.211142 -2.277830 1628687096.088358
7471640.486310 -681559.319768 -2.264648 1628687096.138424
7471640.401509 -681559.422779 -2.252258 1628687096.188335
7471640.307035 -681559.537930 -2.238350 1628687096.238434
7471640.218702 -681559.649849 -2.224982 1628687096.288362
7471640.131329 -681559.763576 -2.211429 1628687096.338444
7471640.050882 -681559.872421 -2.198671 1628687096.388372
7471639.964455 -681559.990516 -2.184868 1628687096.438346
7471639.881083 -681560.108586 -2.171251 1628687096.488327
7471639.800671 -681560.226053 -2.157792 1628687096.538331
7471639.724462 -681560.341549 -2.144671 1628687096.588350
7471639.643419 -681560.465675 -2.130603 1628687096.638355
7471639.567092 -681560.587560 -2.116951 1628687096.688340
7471639.492268 -681560.710530 -2.103291 1628687096.738296
7471639.422414 -681560.830144 -2.090148 1628687096.788278
7471639.347455 -681560.959879 -2.075924 1628687096.838236
7471639.277880 -681561.085825 -2.062282 1628687096.888235
7471639.210537 -681561.211799 -2.048712 1628687096.938252
7471639.145970 -681561.337372 -2.035310 1628687096.988215
7471639.079452 -681561.468915 -2.021321 1628687097.038249
7471639.016098 -681561.599896 -2.007508 1628687097.088222
7471638.953878 -681561.733153 -1.993545 1628687097.138239
7471638.898210 -681561.858803 -1.980515 1628687097.188174
7471638.836688 -681561.997905 -1.966065 1628687097.238197
7471638.781606 -681562.130019 -1.952482 1628687097.288203
7471638.727474 -681562.264951 -1.938679 1628687097.338198
7471638.676874 -681562.397759 -1.925198 1628687097.388182
7471638.623924 -681562.539406 -1.910838 1628687097.438133
7471638.574596 -681562.678196 -1.896857 1628687097.488133
7471638.528815 -681562.813781 -1.883261 1628687097.538136
7471638.485578 -681562.949158 -1.869787 1628687097.588132
7471638.440099 -681563.094696 -1.855312 1628687097.638139
7471638.398563 -681563.236457 -1.841292 1628687097.688138
7471638.359563 -681563.377498 -1.827406 1628687097.738134
7471638.324056 -681563.515026 -1.813925 1628687097.788115
7471638.285856 -681563.665622 -1.799188 1628687097.838119
7471638.252733 -681563.808465 -1.785272 1628687097.888145
7471638.221499 -681563.952014 -1.771329 1628687097.938149
7471638.193474 -681564.092673 -1.757718 1628687097.988114
7471638.164117 -681564.244449 -1.743045 1628687098.038165
7471638.138267 -681564.392343 -1.728797 1628687098.088139
7471638.114783 -681564.539583 -1.714666 1628687098.138304
7471638.089413 -681564.714700 -1.697867 1628687098.188190
7471638.066924 -681564.890729 -1.681020 1628687098.238221
7471638.047482 -681565.066404 -1.664242 1628687098.288192
7471638.030978 -681565.242500 -1.647452 1628687098.338197
7471638.017418 -681565.419053 -1.630643 1628687098.388260
7471638.006825 -681565.595849 -1.613829 1628687098.438193
7471637.999213 -681565.772623 -1.597032 1628687098.488218
7471637.994563 -681565.949827 -1.580204 1628687098.538194
7471637.909328 -681565.827054 -1.590725 1628687098.588246
7471637.902904 -681566.002667 -1.574042 1628687098.638264
7471637.901683 -681566.158196 -1.559295 1628687098.688268
7471637.903521 -681566.303813 -1.545466 1628687098.738314
7471637.907752 -681566.448204 -1.531761 1628687098.788319
7471637.913149 -681566.601990 -1.517141 1628687098.838354
7471637.921031 -681566.750177 -1.503062 1628687098.888412
7471637.931120 -681566.897715 -1.489035 1628687098.938432
7471637.943709 -681567.044337 -1.475068 1628687098.988463
7471637.957655 -681567.197073 -1.460513 1628687099.038460
7471637.974191 -681567.346733 -1.446234 1628687099.088470
7471637.992509 -681567.492928 -1.432253 1628687099.138414
7471638.012610 -681567.631560 -1.418957 1628687099.188300
7471638.035114 -681567.783974 -1.404333 1628687099.238351
7471638.059272 -681567.924968 -1.390794 1628687099.288164
7471638.085904 -681568.070945 -1.376868 1628687099.338168
7471638.114023 -681568.211027 -1.363450 1628687099.388094
7471638.145092 -681568.361765 -1.349079 1628687099.438058
7471638.178224 -681568.508276 -1.335120 1628687099.488014
7471638.212791 -681568.652108 -1.321622 1628687099.538001
7471638.248798 -681568.790838 -1.308682 1628687099.587987
7471638.288293 -681568.940035 -1.295129 1628687099.637985
7471638.328686 -681569.081666 -1.282404 1628687099.687990
7471638.371007 -681569.223317 -1.269975 1628687099.737967
7471638.414546 -681569.360811 -1.257983 1628687099.787961
7471638.462120 -681569.508794 -1.245996 1628687099.837922
7471638.509653 -681569.648536 -1.234935 1628687099.887874
7471638.558580 -681569.786876 -1.224398 1628687099.937806
7471638.608141 -681569.921463 -1.214281 1628687099.987759
7471638.662219 -681570.067105 -1.204702 1628687100.037724
7471638.715286 -681570.203665 -1.195846 1628687100.087627
7471638.769995 -681570.341031 -1.187518 1628687100.137620
7471638.823989 -681570.472124 -1.179385 1628687100.187797
7471638.882659 -681570.614557 -1.172365 1628687100.237566
7471638.938258 -681570.745216 -1.166102 1628687100.287516
7471638.991053 -681570.866850 -1.160689 1628687100.337513
7471639.051072 -681571.003200 -1.154856 1628687100.387493
7471639.120773 -681571.160732 -1.149565 1628687100.437562
7471639.176862 -681571.284541 -1.145626 1628687100.487522
7471639.234139 -681571.409783 -1.142018 1628687100.537555
7471639.292198 -681571.535685 -1.138913 1628687100.587405
7471639.355342 -681571.672176 -1.136189 1628687100.637402
7471639.416022 -681571.801948 -1.133711 1628687100.687430
7471639.476061 -681571.929670 -1.131613 1628687100.737245
7471639.535227 -681572.054785 -1.129715 1628687100.787208
7471639.597999 -681572.187403 -1.128348 1628687100.837135
7471639.658767 -681572.315150 -1.127112 1628687100.887116
7471639.719061 -681572.441569 -1.126101 1628687100.936990
7471639.778704 -681572.566267 -1.125100 1628687100.986879
7471639.840105 -681572.694592 -1.124453 1628687101.036913
7471639.901091 -681572.821809 -1.123886 1628687101.086802
7471639.967963 -681572.961166 -1.123339 1628687101.136770
7471640.017501 -681573.064161 -1.122901 1628687101.186652
7471640.082050 -681573.198485 -1.122619 1628687101.236593
7471640.139214 -681573.317284 -1.122419 1628687101.286479
7471640.199047 -681573.441559 -1.122281 1628687101.336355
7471640.260348 -681573.568794 -1.122142 1628687101.386300
7471640.321879 -681573.696495 -1.122136 1628687101.436260
7471640.381977 -681573.821185 -1.122123 1628687101.486159
7471640.441535 -681573.944774 -1.122206 1628687101.536058
7471640.498111 -681574.062213 -1.122353 1628687101.586020
7471640.559030 -681574.188704 -1.122709 1628687101.636014
7471640.617703 -681574.310605 -1.123114 1628687101.685949
7471640.676951 -681574.433790 -1.123655 1628687101.735932
7471640.733359 -681574.551228 -1.124232 1628687101.785883
7471640.793659 -681574.676866 -1.125215 1628687101.835889
7471640.852636 -681574.800007 -1.126325 1628687101.885887
7471640.911505 -681574.923204 -1.127673 1628687101.935878
7471640.968427 -681575.042741 -1.129017 1628687101.985889
7471641.029042 -681575.170293 -1.131081 1628687102.035915
7471641.086925 -681575.292764 -1.133219 1628687102.085889
7471641.146980 -681575.420472 -1.135789 1628687102.136018
7471641.199940 -681575.534142 -1.137873 1628687102.185910
7471641.263436 -681575.670408 -1.141766 1628687102.236043
7471641.320255 -681575.793936 -1.145279 1628687102.285985
7471641.377733 -681575.919971 -1.149272 1628687102.336021
7471641.433549 -681576.043955 -1.153358 1628687102.385961
7471641.493177 -681576.177185 -1.158620 1628687102.436050
7471641.550501 -681576.307379 -1.164008 1628687102.486853
7471641.605605 -681576.434396 -1.169696 1628687102.535946
7471641.658468 -681576.558579 -1.175331 1628687102.585873
7471641.716065 -681576.694928 -1.182543 1628687102.635818
7471641.771029 -681576.828157 -1.189804 1628687102.686256
7471641.823277 -681576.957678 -1.197172 1628687102.735675
7471641.874016 -681577.086676 -1.204637 1628687102.785649
7471641.927452 -681577.224233 -1.213432 1628687102.835530
7471641.979193 -681577.361801 -1.222296 1628687102.886376
7471642.028165 -681577.495764 -1.231215 1628687102.935370
7471642.074675 -681577.627689 -1.240025 1628687102.985352
7471642.124378 -681577.770441 -1.250135 1628687103.035356
7471642.169560 -681577.906090 -1.259725 1628687103.085238
7471642.214291 -681578.044919 -1.269714 1628687103.135236
7471642.254765 -681578.176725 -1.279206 1628687103.185262
7471642.300082 -681578.325120 -1.290145 1628687103.235267
7471642.341844 -681578.469145 -1.300967 1628687103.286116
7471642.379420 -681578.605148 -1.311046 1628687103.335270
7471642.415456 -681578.741876 -1.321405 1628687103.385195
7471642.453477 -681578.888858 -1.332689 1628687103.435158
7471642.487845 -681579.030211 -1.343535 1628687103.485139
7471642.521038 -681579.173050 -1.354557 1628687103.535058
7471642.550723 -681579.309991 -1.365142 1628687103.585074
7471642.581432 -681579.454791 -1.376422 1628687103.634966
7471642.609867 -681579.598774 -1.387620 1628687103.684977
7471642.636319 -681579.741624 -1.398799 1628687103.734884
7471642.659523 -681579.877837 -1.409492 1628687103.784802
7471642.683098 -681580.020228 -1.420694 1628687103.834814
7471642.702936 -681580.151888 -1.431089 1628687103.884717
7471642.721425 -681580.284234 -1.441551 1628687103.934696
7471642.742785 -681580.448879 -1.454563 1628687103.984683
7471642.759915 -681580.591518 -1.465950 1628687104.034683
7471642.773414 -681580.721045 -1.476376 1628687104.084657
7471642.786491 -681580.857408 -1.487349 1628687104.134708
7471642.795989 -681580.978159 -1.497146 1628687104.184783
7471642.807320 -681581.122422 -1.509094 1628687104.234711
7471642.816218 -681581.264291 -1.520881 1628687104.284657
7471642.823268 -681581.402728 -1.532512 1628687104.334610
7471642.827855 -681581.532822 -1.543538 1628687104.384589
7471642.832180 -681581.673307 -1.555671 1628687104.434546
7471642.834445 -681581.811855 -1.567766 1628687104.484951
7471642.834987 -681581.948216 -1.579812 1628687104.534453
7471642.833501 -681582.079491 -1.591526 1628687104.584365
7471642.831223 -681582.217980 -1.604112 1628687104.634318
7471642.826691 -681582.359745 -1.617050 1628687104.684847
7471642.820367 -681582.500184 -1.629966 1628687104.734233
7471642.812799 -681582.619112 -1.640993 1628687104.784210
7471642.804206 -681582.746406 -1.652834 1628687104.834218
7471642.792772 -681582.887153 -1.666029 1628687104.884948
7471642.780218 -681583.016855 -1.678249 1628687104.934172
7471642.765189 -681583.153023 -1.691123 1628687104.984211
7471642.749711 -681583.285003 -1.703607 1628687105.034174
7471642.732348 -681583.414518 -1.715893 1628687105.084965
7471642.713777 -681583.541494 -1.727950 1628687105.134102
7471642.694175 -681583.661589 -1.739376 1628687105.184098
7471642.672171 -681583.795003 -1.752092 1628687105.234028
7471642.648846 -681583.922090 -1.764230 1628687105.284606
7471642.624648 -681584.045350 -1.776032 1628687105.334030
7471642.599584 -681584.164017 -1.787443 1628687105.384017
7471642.572040 -681584.291005 -1.799631 1628687105.434010
7471642.542893 -681584.416279 -1.811554 1628687105.484764
7471642.513512 -681584.535446 -1.822873 1628687105.533999
7471642.483520 -681584.650230 -1.833850 1628687105.584006
7471642.450330 -681584.774855 -1.845670 1628687105.634022
7471642.416060 -681584.896144 -1.857089 1628687105.684832
7471642.381869 -681585.011876 -1.867810 1628687105.733955
7471642.346708 -681585.125210 -1.878194 1628687105.783952
7471642.308789 -681585.245573 -1.888861 1628687105.833911
7471642.269928 -681585.363127 -1.899147 1628687105.884452
7471642.231210 -681585.475791 -1.908792 1628687105.933749
7471642.192028 -681585.585839 -1.917978 1628687105.983664
7471642.149748 -681585.702968 -1.927179 1628687106.033639
7471642.106136 -681585.819549 -1.936080 1628687106.084175
7471642.063778 -681585.929294 -1.944151 1628687106.133462
7471642.021931 -681586.034473 -1.951746 1628687106.183441
7471641.975433 -681586.151043 -1.959200 1628687106.233402
7471641.929554 -681586.262431 -1.966226 1628687106.284025
7471641.883385 -681586.372219 -1.972762 1628687106.333363
7471641.838337 -681586.477048 -1.978674 1628687106.383322
7471641.789620 -681586.589774 -1.984120 1628687106.433307
7471641.740571 -681586.700946 -1.989291 1628687106.483921
7471641.693014 -681586.807172 -1.993576 1628687106.533228
7471641.645479 -681586.911767 -1.997603 1628687106.583285
7471641.594566 -681587.023264 -2.000940 1628687106.633277
7471641.543437 -681587.133766 -2.003888 1628687106.683986
7471641.493958 -681587.239763 -2.006068 1628687106.733251
7471641.445681 -681587.342523 -2.007716 1628687106.783206
7471641.393153 -681587.454179 -2.008417 1628687106.833146
7471641.341704 -681587.563007 -2.008734 1628687106.883726
7471641.292119 -681587.667801 -2.008323 1628687106.932957
7471641.243775 -681587.770273 -2.007385 1628687106.982942
7471641.191629 -681587.880967 -2.005290 1628687107.032770
7471641.139902 -681587.991500 -2.002417 1628687107.083155
7471641.090360 -681588.098166 -1.998953 1628687107.132561
7471641.043287 -681588.200704 -1.995713 1628687107.182503
7471640.990814 -681588.315307 -1.990535 1628687107.232419
7471640.941173 -681588.425375 -1.985301 1628687107.282992
7471640.893161 -681588.533412 -1.979672 1628687107.332224
7471640.847250 -681588.638716 -1.974074 1628687107.382203
7471640.796858 -681588.755273 -1.966513 1628687107.432258
7471640.749219 -681588.868077 -1.959371 1628687107.482685
7471640.704331 -681588.976931 -1.951722 1628687107.532140
7471640.660510 -681589.086013 -1.943822 1628687107.582115
7471640.614004 -681589.203342 -1.934380 1628687107.632136
7471640.570114 -681589.317912 -1.925204 1628687107.682373
7471640.527969 -681589.431149 -1.915829 1628687107.732054
7471640.488258 -681589.541815 -1.906568 1628687107.781931
7471640.446326 -681589.660455 -1.896119 1628687107.831916
7471640.406879 -681589.777017 -1.885825 1628687107.882307
7471640.369701 -681589.890849 -1.875699 1628687107.931713
7471640.334598 -681590.003126 -1.865696 1628687107.981721
7471640.297914 -681590.122559 -1.854885 1628687108.031645
7471640.263710 -681590.239722 -1.844284 1628687108.081820
7471640.231167 -681590.355789 -1.833763 1628687108.131534
7471640.201767 -681590.466649 -1.823729 1628687108.181618
7471640.169574 -681590.589029 -1.812578 1628687108.231614
7471640.140717 -681590.705903 -1.801886 1628687108.281997
7471640.113582 -681590.821396 -1.791261 1628687108.331477
7471640.088154 -681590.935872 -1.780750 1628687108.381598
7471640.062112 -681591.056100 -1.769477 1628687108.431433
7471640.038782 -681591.171602 -1.758597 1628687108.481528
7471640.016755 -681591.287147 -1.747531 1628687108.531293
7471639.996724 -681591.400275 -1.736709 1628687108.581219
7471639.975940 -681591.521346 -1.724642 1628687108.631126
7471639.957885 -681591.636841 -1.713028 1628687108.681324
7471639.941280 -681591.752027 -1.701227 1628687108.730987
7471639.926956 -681591.862972 -1.689888 1628687108.780847
7471639.912027 -681591.982555 -1.676962 1628687108.830739
7471639.899376 -681592.099100 -1.664306 1628687108.880798
7471639.888554 -681592.213130 -1.651773 1628687108.930460
7471639.879783 -681592.323782 -1.639598 1628687108.980394
7471639.871208 -681592.441079 -1.626234 1628687109.030353
7471639.864777 -681592.555515 -1.613097 1628687109.080328
7471639.859827 -681592.669665 -1.599924 1628687109.130211
7471639.857127 -681592.777727 -1.587309 1628687109.180212
7471639.854591 -681592.894616 -1.573369 1628687109.229997
7471639.854164 -681593.008665 -1.559719 1628687109.280049
7471639.855373 -681593.119865 -1.546383 1628687109.329815
7471639.858310 -681593.227140 -1.533480 1628687109.379779
7471639.862168 -681593.342218 -1.519448 1628687109.429799
7471639.867808 -681593.452188 -1.505974 1628687109.479658
7471639.874852 -681593.561113 -1.492600 1628687109.529640
7471639.883439 -681593.666665 -1.479633 1628687109.579595
7471639.893408 -681593.780249 -1.465541 1628687109.629588
7471639.904891 -681593.888746 -1.452049 1628687109.679641
7471639.917902 -681593.998387 -1.438402 1628687109.729573
7471639.931958 -681594.101311 -1.425549 1628687109.779529
7471639.947612 -681594.210358 -1.411885 1628687109.829512
7471639.964739 -681594.317265 -1.398444 1628687109.879417
7471639.983237 -681594.423363 -1.385075 1628687109.929369
7471640.002723 -681594.525436 -1.372178 1628687109.979344
7471640.023963 -681594.632489 -1.358617 1628687110.029214
7471640.046223 -681594.735765 -1.345512 1628687110.079187
7471640.070389 -681594.841394 -1.332045 1628687110.129058
7471640.094316 -681594.937674 -1.319725 1628687110.178961
7471640.121148 -681595.044642 -1.306033 1628687110.228850
7471640.148528 -681595.145401 -1.293067 1628687110.278751
7471640.177782 -681595.248011 -1.279815 1628687110.328717
7471640.207381 -681595.345932 -1.267111 1628687110.378639
7471640.239933 -681595.451023 -1.253426 1628687110.428623
7471640.272123 -681595.548944 -1.240567 1628687110.478590
7471640.306186 -681595.648288 -1.227410 1628687110.528577
7471640.341456 -681595.746249 -1.214381 1628687110.578535
7471640.379332 -681595.849084 -1.200652 1628687110.628483
7471640.417168 -681595.946533 -1.187346 1628687110.678404
7471640.456533 -681596.044301 -1.174021 1628687110.728349
7471640.496149 -681596.138132 -1.160959 1628687110.778262
7471640.539878 -681596.239903 -1.146510 1628687110.828161
7471640.583593 -681596.336797 -1.132520 1628687110.878053
7471640.637049 -681596.450853 -1.115595 1628687110.927978
7471640.692447 -681596.564030 -1.098424 1628687110.977922
7471640.717896 -681596.623458 -1.089313 1628687111.027741
7471640.767352 -681596.718497 -1.074606 1628687111.077698
7471640.817590 -681596.811338 -1.059962 1628687111.127537
7471640.867172 -681596.898997 -1.045902 1628687111.177439
7471640.923184 -681596.997099 -1.029784 1628687111.227350
7471640.978189 -681597.088781 -1.014446 1628687111.277207
7471641.033768 -681597.178237 -0.999195 1628687111.327138
7471641.089420 -681597.264198 -0.984263 1628687111.377104
7471641.150174 -681597.356548 -0.967792 1628687111.426998
7471641.211482 -681597.445790 -0.951510 1628687111.477011
7471641.273234 -681597.532569 -0.935289 1628687111.526909
7471641.333961 -681597.614375 -0.919726 1628687111.576909
7471641.399925 -681597.701806 -0.902507 1628687111.626845
7471641.466482 -681597.786403 -0.885376 1628687111.676775
7471641.535321 -681597.870832 -0.867811 1628687111.726713
7471641.601707 -681597.948659 -0.851265 1628687111.776615
7471641.673845 -681598.031848 -0.833014 1628687111.826540
7471641.745365 -681598.110705 -0.815242 1628687111.876500
7471641.817581 -681598.187503 -0.797450 1628687111.926344
7471641.889966 -681598.261138 -0.780049 1628687111.976255
7471641.968579 -681598.339578 -0.761083 1628687112.026191
7471642.045691 -681598.413180 -0.742826 1628687112.075995
7471642.123020 -681598.484116 -0.724814 1628687112.125915
7471642.196456 -681598.548231 -0.708042 1628687112.175790
7471642.283735 -681598.624247 -0.688088 1628687112.225707
7471642.365649 -681598.691568 -0.669798 1628687112.275584
7471642.448039 -681598.756834 -0.651670 1628687112.325461
7471642.529202 -681598.818268 -0.634126 1628687112.375312
7471642.615906 -681598.882522 -0.615494 1628687112.425243
7471642.703074 -681598.944140 -0.597090 1628687112.475172
7471642.790428 -681599.003597 -0.578869 1628687112.525118
7471642.876267 -681599.059218 -0.561228 1628687112.575023
7471642.968209 -681599.117479 -0.542452 1628687112.624970
7471643.058417 -681599.171876 -0.524281 1628687112.674787
7471643.148098 -681599.223719 -0.506418 1628687112.724694
7471643.236530 -681599.272332 -0.488990 1628687112.774602
7471643.332713 -681599.323957 -0.470117 1628687112.824518
7471643.426444 -681599.371565 -0.451976 1628687112.874390
7471643.520059 -681599.417071 -0.434025 1628687112.924241
7471643.611512 -681599.458990 -0.416646 1628687112.974154
7471643.711432 -681599.503784 -0.397722 1628687113.024057
7471643.806544 -681599.543645 -0.379904 1628687113.073943
7471643.903930 -681599.582525 -0.361773 1628687113.123838
7471643.995704 -681599.616712 -0.344860 1628687113.173740
7471644.100863 -681599.655215 -0.325506 1628687113.223740
7471644.199398 -681599.688454 -0.307526 1628687113.273609
7471644.299107 -681599.720109 -0.289458 1628687113.323565
7471644.396626 -681599.748816 -0.271893 1628687113.373520
7471644.502000 -681599.778653 -0.252976 1628687113.423466
7471644.604275 -681599.805058 -0.234719 1628687113.473433
7471644.707631 -681599.829812 -0.216344 1628687113.523431
7471644.806195 -681599.851064 -0.198938 1628687113.573413
7471644.915544 -681599.873632 -0.179638 1628687113.623380
7471645.019868 -681599.892569 -0.161319 1628687113.673226
7471645.125722 -681599.909773 -0.142786 1628687113.723222
7471645.227301 -681599.924011 -0.125065 1628687113.773090
7471645.337066 -681599.938242 -0.105947 1628687113.823040
7471645.442763 -681599.949491 -0.087579 1628687113.872834
7471645.549012 -681599.958761 -0.069151 1628687113.922770
7471645.653095 -681599.965602 -0.051132 1628687113.972650
7471645.764332 -681599.971763 -0.031883 1628687114.022631
7471645.871294 -681599.975169 -0.013392 1628687114.072381
7471645.978304 -681599.976589 0.005098 1628687114.122322
7471646.080300 -681599.975561 0.022716 1628687114.172244
7471646.192793 -681599.973624 0.042159 1628687114.222010
7471646.299093 -681599.969164 0.060521 1628687114.271960
7471646.405904 -681599.962656 0.078992 1628687114.321810
7471646.509412 -681599.954087 0.096914 1628687114.371782
7471646.619263 -681599.943799 0.115938 1628687114.421672
7471646.727039 -681599.931317 0.134590 1628687114.471620
7471646.832256 -681599.917044 0.152786 1628687114.521507
7471646.933362 -681599.901027 0.170301 1628687114.571462
7471647.042903 -681599.882588 0.189217 1628687114.621445
7471647.147952 -681599.862446 0.207390 1628687114.671428
7471647.252326 -681599.840444 0.225420 1628687114.721314
7471647.352124 -681599.817135 0.242707 1628687114.771277
7471647.460276 -681599.790740 0.261337 1628687114.821168
7471647.562638 -681599.763374 0.279036 1628687114.871057
7471647.664436 -681599.734119 0.296606 1628687114.920998
7471647.763622 -681599.703430 0.313735 1628687114.970872
7471647.868708 -681599.669676 0.331832 1628687115.020766
7471647.969276 -681599.634954 0.349204 1628687115.070688
7471648.071256 -681599.597826 0.366755 1628687115.120637
7471648.165347 -681599.561097 0.383077 1628687115.170417
7471648.270201 -681599.519436 0.400928 1628687115.220320
7471648.369545 -681599.477213 0.417867 1628687115.270231
7471648.469023 -681599.433030 0.434609 1628687115.320204
7471648.564293 -681599.388306 0.450518 1628687115.370086
7471648.666026 -681599.339250 0.466940 1628687115.420055
7471648.764167 -681599.289558 0.482351 1628687115.470158
7471648.862268 -681599.237841 0.498280 1628687115.520002
7471648.955231 -681599.186635 0.511639 1628687115.570033
7471649.056268 -681599.129914 0.526571 1628687115.619912
7471649.153234 -681599.073151 0.539889 1628687115.669897
7471649.249485 -681599.014952 0.552802 1628687115.719827
7471649.343239 -681598.956396 0.564866 1628687115.769795
7471649.443103 -681598.892891 0.576831 1628687115.819681
7471649.538917 -681598.829985 0.587690 1628687115.869619
7471649.635236 -681598.765278 0.597884 1628687115.919619
7471649.728380 -681598.701232 0.607052 1628687115.969460
7471649.829196 -681598.630978 0.615966 1628687116.019413
7471649.926033 -681598.561946 0.624099 1628687116.069323
7471650.022930 -681598.491646 0.631652 1628687116.119282
7471650.112545 -681598.425401 0.638342 1628687116.169201
7471650.218089 -681598.347067 0.644573 1628687116.219115
7471650.315589 -681598.273304 0.650157 1628687116.269022
7471650.413275 -681598.198532 0.655174 1628687116.318962
7471650.506094 -681598.126680 0.659959 1628687116.368877
7471650.610212 -681598.045692 0.663764 1628687116.418787
7471650.709513 -681597.967623 0.667086 1628687116.468708
7471650.810366 -681597.887799 0.669963 1628687116.518604
7471650.906310 -681597.811373 0.672402 1628687116.568504
7471651.013089 -681597.726128 0.674121 1628687116.618412
7471651.115673 -681597.643857 0.675431 1628687116.668389
7471651.219575 -681597.560313 0.676404 1628687116.718324
7471651.318842 -681597.480412 0.676882 1628687116.768280
7471651.428069 -681597.392445 0.676939 1628687116.818283
7471651.535491 -681597.305889 0.676702 1628687116.868180
7471651.641788 -681597.220281 0.676152 1628687116.918151
7471651.746644 -681597.135936 0.675499 1628687116.968095
7471651.859323 -681597.045420 0.674175 1628687117.018056
7471651.969316 -681596.957306 0.672704 1628687117.067945
7471652.080194 -681596.868769 0.670938 1628687117.117943
7471652.186179 -681596.784574 0.669107 1628687117.167816
7471652.305839 -681596.689695 0.666691 1628687117.217777
7471652.420561 -681596.599273 0.664422 1628687117.267686
7471652.534834 -681596.509701 0.662068 1628687117.317567
7471652.644915 -681596.423971 0.659677 1628687117.367498
7471652.764984 -681596.330764 0.657007 1628687117.417431
7471652.882045 -681596.240469 0.654409 1628687117.467319
7471653.002825 -681596.147788 0.651732 1628687117.517208
7471653.117407 -681596.060455 0.649199 1628687117.567102
7471653.242706 -681595.965261 0.646431 1628687117.616997
7471653.363323 -681595.874227 0.643786 1628687117.666932
7471653.484393 -681595.783367 0.641123 1628687117.716800
7471653.601583 -681595.695998 0.638549 1628687117.766692
7471653.731080 -681595.599768 0.635715 1628687117.816585
7471653.856293 -681595.507369 0.633019 1628687117.866503
7471653.982055 -681595.415084 0.630330 1628687117.916423
7471654.102956 -681595.326977 0.627770 1628687117.966312
7471654.235818 -681595.230478 0.625022 1628687118.016273
7471654.364690 -681595.137530 0.622402 1628687118.066128
7471654.495308 -681595.043826 0.619793 1628687118.116052
7471654.615264 -681594.958384 0.617438 1628687118.165966
7471654.754342 -681594.859531 0.614901 1628687118.215856
7471654.886119 -681594.766510 0.612582 1628687118.265764
7471655.017476 -681594.674286 0.610397 1628687118.315678
7471655.147560 -681594.583459 0.608279 1628687118.365619
7471655.286905 -681594.486454 0.606290 1628687118.415522
7471655.421650 -681594.393151 0.604510 1628687118.465405
7471655.556212 -681594.300331 0.602889 1628687118.515351
7471655.688782 -681594.209258 0.601374 1628687118.565297
7471655.830302 -681594.112222 0.600119 1628687118.615161
7471655.966160 -681594.019402 0.598991 1628687118.665171
7471656.105706 -681593.924266 0.598020 1628687118.715011
7471656.239842 -681593.833038 0.597143 1628687118.764959
7471656.383725 -681593.735279 0.596399 1628687118.814867
7471656.524391 -681593.639868 0.595778 1628687118.864794
7471656.667293 -681593.543047 0.595247 1628687118.914677
7471656.802344 -681593.451660 0.594771 1628687118.964608
7471656.951516 -681593.350765 0.594351 1628687119.014530
7471657.094320 -681593.254279 0.593928 1628687119.064448
7471657.238475 -681593.156948 0.593554 1628687119.114418
7471657.374210 -681593.065380 0.593228 1628687119.164377
7471657.529535 -681592.960629 0.592855 1628687119.214313
7471657.671491 -681592.865004 0.592513 1628687119.264297
7471657.822620 -681592.763252 0.592151 1628687119.314406
7471657.967279 -681592.665952 0.591803 1628687119.364292
7471658.120435 -681592.562993 0.591447 1628687119.414360
7471658.268715 -681592.463401 0.591090 1628687119.464227
7471658.415774 -681592.364710 0.590708 1628687119.514226
7471658.562155 -681592.266554 0.590268 1628687119.564173
7471658.719651 -681592.160996 0.589761 1628687119.614230
7471658.869421 -681592.060720 0.589293 1628687119.664109
7471659.020217 -681591.959860 0.588775 1628687119.714130
7471659.165434 -681591.862865 0.588259 1628687119.764039
7471659.321140 -681591.758951 0.587605 1628687119.814109
7471659.470968 -681591.659121 0.586973 1628687119.863992
7471659.624803 -681591.556769 0.586329 1628687119.913948
7471659.771471 -681591.459356 0.585668 1628687119.964000
7471659.929550 -681591.354475 0.584940 1628687120.013865
7471660.080038 -681591.254807 0.584261 1628687120.063905
7471660.231299 -681591.154785 0.583560 1628687120.113676
7471660.374180 -681591.060478 0.582894 1628687120.163682
7471660.535347 -681590.954179 0.582154 1628687120.213558
7471660.687924 -681590.853747 0.581467 1628687120.263512
7471660.841409 -681590.752865 0.580763 1628687120.313358
7471660.988813 -681590.656155 0.580085 1628687120.363369
7471661.145726 -681590.553309 0.579374 1628687120.413224
7471661.300416 -681590.452096 0.578673 1628687120.463056
7471661.454415 -681590.351491 0.577988 1628687120.513042
7471661.601826 -681590.255361 0.577381 1628687120.562808
7471661.760360 -681590.152081 0.576742 1628687120.612731
7471661.915887 -681590.050937 0.576130 1628687120.662712
7471662.071186 -681589.950078 0.575561 1628687120.712667
7471662.220048 -681589.853544 0.575001 1628687120.762537
7471662.378016 -681589.751185 0.574450 1628687120.812538
7471662.533479 -681589.650573 0.573929 1628687120.862450
7471662.689281 -681589.549846 0.573438 1628687120.912499
7471662.838490 -681589.453496 0.572974 1628687120.962410
7471662.995561 -681589.352146 0.572488 1628687121.012331
7471663.151062 -681589.251927 0.572007 1628687121.062430
7471663.308609 -681589.150498 0.571532 1628687121.112376
7471663.454195 -681589.056887 0.571111 1628687121.162281
7471663.616303 -681588.952708 0.570663 1628687121.212157
7471663.768404 -681588.855095 0.570268 1628687121.262118
7471663.925039 -681588.754660 0.569844 1628687121.312049
7471664.075148 -681588.658510 0.569458 1628687121.361907
7471664.235705 -681588.555722 0.569151 1628687121.411822
7471664.388248 -681588.458158 0.568867 1628687121.461812
7471664.542835 -681588.359355 0.568661 1628687121.511638
7471664.693047 -681588.263412 0.568429 1628687121.561639
7471664.853657 -681588.160860 0.568194 1628687121.611641
7471665.007311 -681588.062784 0.568022 1628687121.661508
7471665.161014 -681587.964695 0.567905 1628687121.711569
7471665.309061 -681587.870241 0.567791 1628687121.761410
7471665.471842 -681587.766406 0.567666 1628687121.811436
7471665.626445 -681587.667819 0.567547 1628687121.861360
7471665.779790 -681587.570060 0.567428 1628687121.911332
7471665.928169 -681587.475494 0.567315 1628687121.961318
7471666.087213 -681587.374149 0.567194 1628687122.011197
7471666.240520 -681587.276490 0.567090 1628687122.061155
7471666.394584 -681587.178375 0.566972 1628687122.111159
7471666.536445 -681587.088058 0.566859 1628687122.161040
7471666.702704 -681586.982221 0.566722 1628687122.211026
7471666.856417 -681586.884402 0.566612 1628687122.260958
7471667.009266 -681586.787156 0.566503 1628687122.310888
7471667.155488 -681586.694153 0.566400 1628687122.360744
7471667.314372 -681586.593114 0.566292 1628687122.410723
7471667.466684 -681586.496285 0.566203 1628687122.460621
7471667.620377 -681586.398603 0.566140 1628687122.510543
7471667.768940 -681586.304203 0.566089 1628687122.560451
7471667.927587 -681586.203408 0.566086 1628687122.610387
7471668.080848 -681586.106048 0.566081 1628687122.660367
7471668.234307 -681586.008561 0.566122 1628687122.710309
7471668.383808 -681585.913570 0.566183 1628687122.760301
7471668.540933 -681585.813725 0.566275 1628687122.810198
7471668.693708 -681585.716616 0.566408 1628687122.860142
7471668.847867 -681585.618599 0.566615 1628687122.910070
7471668.996608 -681585.523991 0.566827 1628687122.959952
7471669.154541 -681585.423509 0.567125 1628687123.009861
7471669.309348 -681585.324959 0.567441 1628687123.059788
7471669.464085 -681585.226386 0.567837 1628687123.109679
7471669.608538 -681585.134258 0.568246 1628687123.159564
7471669.771130 -681585.030506 0.568794 1628687123.209551
7471669.925249 -681584.932028 0.569323 1628687123.259487
7471670.079035 -681584.833631 0.569931 1628687123.309459
7471670.229090 -681584.737471 0.570556 1628687123.359412
7471670.387916 -681584.635583 0.571234 1628687123.409367
7471670.541569 -681584.536843 0.571904 1628687123.459339
7471670.696802 -681584.436941 0.572602 1628687123.509338
7471670.846246 -681584.340585 0.573295 1628687123.559317
7471671.005341 -681584.237887 0.574033 1628687123.609277
7471671.160167 -681584.137767 0.574752 1628687123.659282
7471671.313287 -681584.038590 0.575477 1628687123.709202
7471671.462995 -681583.941459 0.576160 1628687123.759185
7471671.624474 -681583.836568 0.576910 1628687123.809142
7471671.779349 -681583.735778 0.577638 1628687123.859166
7471671.932860 -681583.635717 0.578352 1628687123.909129
7471672.081192 -681583.538868 0.579043 1628687123.959069
7471672.241289 -681583.434218 0.579789 1628687124.009076
7471672.395646 -681583.333133 0.580481 1628687124.059024
7471672.554132 -681583.229186 0.581219 1628687124.108919
7471672.697579 -681583.134927 0.581873 1628687124.158858
7471672.860489 -681583.027790 0.582601 1628687124.208750
7471673.014324 -681582.926423 0.583263 1628687124.258687
7471673.170377 -681582.823440 0.583941 1628687124.308569
7471673.322579 -681582.722838 0.584618 1628687124.358479
7471673.481803 -681582.617478 0.585289 1628687124.408457
7471673.636672 -681582.514836 0.585941 1628687124.458371
7471673.791380 -681582.412151 0.586580 1628687124.508304
7471673.942217 -681582.311885 0.587210 1628687124.558306
7471674.104488 -681582.203912 0.587871 1628687124.608234
7471674.259623 -681582.100514 0.588469 1628687124.658257
7471674.416410 -681581.995870 0.589048 1628687124.708178
7471674.567005 -681581.895214 0.589573 1628687124.758202
7471674.730554 -681581.785798 0.590067 1628687124.808224
7471674.883586 -681581.683270 0.590537 1628687124.858274
7471675.035762 -681581.581210 0.590980 1628687124.908199
7471675.185057 -681581.481005 0.591366 1628687124.958121
7471675.347738 -681581.371751 0.591758 1628687125.008106
7471675.502124 -681581.267983 0.592117 1628687125.058052
7471675.655975 -681581.164501 0.592433 1628687125.108047
7471675.798157 -681581.068791 0.592737 1628687125.157893
7471675.958636 -681580.960718 0.593086 1628687125.207897
7471676.108145 -681580.859943 0.593406 1628687125.257779
7471676.257595 -681580.759139 0.593727 1628687125.307690
7471676.402421 -681580.661378 0.594038 1628687125.357648
7471676.565064 -681580.551538 0.594385 1628687125.407612
7471676.713860 -681580.450963 0.594717 1628687125.457567
7471676.860328 -681580.351892 0.595033 1628687125.507559
7471677.001311 -681580.256460 0.595323 1628687125.557628
7471677.157180 -681580.150896 0.595664 1628687125.607682
7471677.308033 -681580.048648 0.595996 1628687125.657776
7471677.458306 -681579.946723 0.596319 1628687125.707815
7471677.601657 -681579.849416 0.596628 1628687125.757916
7471677.756148 -681579.744496 0.596973 1628687125.807950
7471677.903798 -681579.644141 0.597291 1628687125.857985
7471678.053260 -681579.542485 0.597600 1628687125.908089
7471678.196197 -681579.445189 0.597917 1628687125.957975
7471678.348928 -681579.341171 0.598253 1628687126.008052
7471678.497239 -681579.240088 0.598573 1628687126.058004
7471678.645219 -681579.139158 0.598892 1628687126.107965
7471678.785078 -681579.043694 0.599194 1628687126.157899
7471678.940346 -681578.937667 0.599516 1628687126.207877
7471679.087461 -681578.837121 0.599735 1628687126.257881
7471679.235890 -681578.735611 0.599861 1628687126.307789
7471679.378519 -681578.637994 0.599967 1628687126.357769
7471679.529891 -681578.534360 0.599856 1628687126.407717
7471679.675955 -681578.434338 0.599614 1628687126.457798
7471679.822203 -681578.334218 0.599205 1628687126.507720
7471679.960166 -681578.239843 0.598740 1628687126.557872
7471680.103178 -681578.142109 0.597788 1628687126.607852
7471680.249284 -681578.042442 0.596715 1628687126.657833
7471680.407553 -681577.934727 0.595281 1628687126.707950
7471680.542090 -681577.843486 0.593938 1628687126.757904
7471680.687305 -681577.745241 0.592071 1628687126.808046
7471680.823054 -681577.653820 0.590248 1628687126.858025
7471680.971469 -681577.554262 0.588028 1628687126.908095
7471681.109220 -681577.462364 0.585955 1628687126.958051
7471681.257072 -681577.364089 0.583458 1628687127.008041
7471681.399804 -681577.269813 0.580948 1628687127.058059
7471681.544356 -681577.174841 0.578250 1628687127.108065
7471681.682328 -681577.084796 0.575600 1628687127.158047
7471681.834196 -681576.986048 0.572342 1628687127.207960
7471681.978436 -681576.892986 0.569170 1628687127.257958
7471682.119490 -681576.802613 0.565866 1628687127.307922
7471682.256952 -681576.715215 0.562574 1628687127.357882
7471682.404458 -681576.621954 0.558506 1628687127.407823
7471682.548274 -681576.531902 0.554387 1628687127.457763
7471682.690858 -681576.443426 0.550001 1628687127.507702
7471682.828379 -681576.358990 0.545609 1628687127.557666
7471682.974074 -681576.270220 0.540231 1628687127.607659
7471683.117533 -681576.183934 0.534753 1628687127.657669
7471683.260748 -681576.098861 0.528914 1628687127.707667
7471683.397860 -681576.018573 0.523159 1628687127.757666
7471683.542884 -681575.934540 0.516201 1628687127.807664
7471683.685680 -681575.853195 0.509095 1628687127.857621
7471683.828169 -681575.773407 0.501635 1628687127.907584
7471683.964449 -681575.698546 0.494377 1628687127.957557
7471684.112464 -681575.618312 0.485518 1628687128.007562
7471684.255254 -681575.542710 0.476788 1628687128.057589
7471684.397933 -681575.468763 0.467628 1628687128.107555
7471684.532053 -681575.400989 0.459089 1628687128.157556
7471684.683106 -681575.325796 0.448279 1628687128.207657
7471684.826675 -681575.256422 0.438063 1628687128.257604
7471684.969995 -681575.189025 0.427186 1628687128.307686
7471685.109472 -681575.125433 0.416469 1628687128.357844
7471685.256892 -681575.059751 0.404254 1628687128.407633
7471685.401219 -681574.997734 0.392082 1628687128.457693
7471685.546731 -681574.937253 0.379359 1628687128.507664
7471685.685475 -681574.881925 0.367239 1628687128.557750
7471685.835311 -681574.823763 0.353312 1628687128.607587
7471685.979075 -681574.770617 0.339929 1628687128.657623
7471686.124191 -681574.719149 0.326252 1628687128.707567
7471686.267923 -681574.670629 0.312657 1628687128.758139
7471686.416633 -681574.622234 0.298356 1628687128.807456
7471686.561335 -681574.577713 0.284514 1628687128.857455
7471686.704615 -681574.535875 0.270767 1628687128.907449
7471686.847158 -681574.496478 0.257096 1628687128.957364
7471686.997761 -681574.456625 0.242654 1628687129.007386
7471687.143759 -681574.420482 0.228616 1628687129.057465
7471687.288280 -681574.386815 0.214678 1628687129.107426
7471687.426575 -681574.356849 0.201418 1628687129.157500
7471687.580625 -681574.324871 0.186193 1628687129.207484
7471687.726647 -681574.297287 0.171968 1628687129.257520
7471687.873064 -681574.271756 0.156924 1628687129.307601
7471688.014448 -681574.249416 0.142852 1628687129.357623
7471688.163332 -681574.227630 0.127087 1628687129.407647
7471688.309376 -681574.208804 0.111372 1628687129.457728
7471688.453523 -681574.192562 0.095524 1628687129.507719
7471688.593297 -681574.179233 0.079956 1628687129.557701
7471688.741857 -681574.166893 0.062718 1628687129.607760
7471688.883054 -681574.157979 0.046146 1628687129.657703
7471689.025013 -681574.151293 0.029219 1628687129.707726
7471689.164565 -681574.147333 0.012433 1628687129.757748
7471689.310718 -681574.145107 -0.005472 1628687129.807706
7471689.448272 -681574.145843 -0.022405 1628687129.857646
7471689.589492 -681574.149011 -0.039850 1628687129.907565
7471689.731666 -681574.154828 -0.057523 1628687129.957537
7471689.881931 -681574.163095 -0.076228 1628687130.007417
7471690.005474 -681574.172707 -0.091646 1628687130.057391
7471690.146012 -681574.185664 -0.109180 1628687130.107347
7471690.286028 -681574.201231 -0.126698 1628687130.157269
7471690.430700 -681574.219158 -0.144824 1628687130.207301
7471690.569351 -681574.239389 -0.162240 1628687130.257189
7471690.702660 -681574.261259 -0.179039 1628687130.307221
7471690.833084 -681574.285080 -0.195531 1628687130.357095
7471690.971665 -681574.312243 -0.213076 1628687130.407090
7471691.106818 -681574.341428 -0.230276 1628687130.457051
7471691.239722 -681574.372650 -0.247248 1628687130.507000
7471691.365432 -681574.404603 -0.263393 1628687130.557016
7471691.505059 -681574.441908 -0.281364 1628687130.607075
7471691.633169 -681574.478948 -0.297954 1628687130.657050
7471691.762355 -681574.518644 -0.314758 1628687130.707098
7471691.888593 -681574.559984 -0.331279 1628687130.757099
7471692.019356 -681574.604659 -0.348456 1628687130.807052
7471692.141875 -681574.649205 -0.364681 1628687130.857033
7471692.263506 -681574.695686 -0.380845 1628687130.907031
7471692.383056 -681574.743763 -0.396819 1628687130.956961
7471692.507643 -681574.795699 -0.413519 1628687131.006971
7471692.628266 -681574.848599 -0.429746 1628687131.056882
7471692.744506 -681574.901921 -0.445310 1628687131.106806
7471692.853354 -681574.954197 -0.459902 1628687131.156952
7471692.974742 -681575.013990 -0.475666 1628687131.206788
7471693.087367 -681575.072127 -0.490075 1628687131.256741
7471693.198547 -681575.131738 -0.503976 1628687131.306700
7471693.309316 -681575.193267 -0.517456 1628687131.357570
7471693.421088 -681575.256978 -0.529995 1628687131.406647
7471693.535726 -681575.324550 -0.542435 1628687131.456611
7471693.639900 -681575.387814 -0.553018 1628687131.506542
7471693.742395 -681575.451560 -0.562575 1628687131.557368
7471693.849789 -681575.519523 -0.571414 1628687131.606467
7471693.957039 -681575.588966 -0.579801 1628687131.656405
7471694.062217 -681575.658285 -0.587075 1628687131.706373
7471694.162241 -681575.725230 -0.593057 1628687131.756480
7471694.266047 -681575.795472 -0.598250 1628687131.806327
7471694.368504 -681575.865686 -0.602789 1628687131.856348
7471694.468617 -681575.934977 -0.606549 1628687131.906297
7471694.566217 -681576.002986 -0.609354 1628687131.956298
7471694.671156 -681576.076469 -0.611414 1628687132.006299
7471694.771581 -681576.147208 -0.612989 1628687132.056227
7471694.870703 -681576.217243 -0.613829 1628687132.106262
7471694.991154 -681576.302117 -0.612990 1628687132.156228
7471695.081687 -681576.366386 -0.612056 1628687132.206249
7471695.190440 -681576.443392 -0.609939 1628687132.256258
7471695.294795 -681576.517173 -0.608084 1628687132.306273
7471695.395287 -681576.587927 -0.605807 1628687132.356305
7471695.494069 -681576.656900 -0.602979 1628687132.406206
7471695.597169 -681576.728698 -0.599002 1628687132.456171
7471695.698165 -681576.798335 -0.595012 1628687132.506116
7471695.801378 -681576.868895 -0.590343 1628687132.556134
7471695.903492 -681576.937678 -0.585105 1628687132.606096
7471696.010348 -681577.009388 -0.578658 1628687132.656086
7471696.112376 -681577.076665 -0.572376 1628687132.706088
7471696.218636 -681577.145847 -0.565369 1628687132.756487
7471696.320528 -681577.210759 -0.558262 1628687132.806085
7471696.426017 -681577.277591 -0.550044 1628687132.856073
7471696.533927 -681577.344442 -0.541520 1628687132.906083
7471696.641085 -681577.409448 -0.532734 1628687132.957043
7471696.743916 -681577.470103 -0.523928 1628687133.006064
7471696.857724 -681577.536986 -0.513393 1628687133.056090
7471696.965069 -681577.597881 -0.503520 1628687133.106101
7471697.075228 -681577.659041 -0.493049 1628687133.156745
7471697.176555 -681577.712990 -0.483374 1628687133.205990
7471697.292015 -681577.774715 -0.471652 1628687133.255950
7471697.406867 -681577.833795 -0.460081 1628687133.305925
7471697.522530 -681577.891408 -0.448365 1628687133.356780
7471697.630468 -681577.942898 -0.437354 1628687133.405906
7471697.748845 -681577.999083 -0.425130 1628687133.455886
7471697.861819 -681578.050089 -0.413623 1628687133.505884
7471697.982245 -681578.103386 -0.401196 1628687133.556692
7471698.093177 -681578.149800 -0.389752 1628687133.605883
7471698.216380 -681578.201151 -0.377000 1628687133.655906
7471698.335666 -681578.248403 -0.364744 1628687133.705880
7471698.453752 -681578.293471 -0.352642 1628687133.755866
7471698.571390 -681578.336185 -0.340663 1628687133.805799
7471698.698889 -681578.382101 -0.327499 1628687133.855782
7471698.820013 -681578.423341 -0.314889 1628687133.905684
7471698.944357 -681578.463901 -0.301871 1628687133.955592
7471699.065227 -681578.501149 -0.289245 1628687134.005576
7471699.194900 -681578.540494 -0.275498 1628687134.055452
7471699.321855 -681578.576713 -0.262051 1628687134.105412
7471699.447323 -681578.610635 -0.248758 1628687134.155295
7471699.566666 -681578.640126 -0.236133 1628687134.205345
7471699.700388 -681578.673557 -0.221562 1628687134.255242
7471699.829714 -681578.702860 -0.207653 1628687134.305254
7471699.959684 -681578.730417 -0.193646 1628687134.355115
7471700.086367 -681578.754732 -0.180013 1628687134.405150
7471700.220182 -681578.779651 -0.165444 1628687134.455112
7471700.353206 -681578.801945 -0.151008 1628687134.505114
7471700.483068 -681578.821665 -0.136887 1628687134.555143
7471700.609967 -681578.838581 -0.123112 1628687134.605259
7471700.745209 -681578.855961 -0.108448 1628687134.655188
7471700.878347 -681578.870520 -0.094054 1628687134.705213
7471701.012949 -681578.883272 -0.079520 1628687134.756167
7471701.137625 -681578.892485 -0.066126 1628687134.805267
7471701.273680 -681578.902278 -0.051575 1628687134.855309
7471701.406596 -681578.909014 -0.037299 1628687134.905391
7471701.541387 -681578.913988 -0.022841 1628687134.956198
7471701.668259 -681578.916297 -0.009334 1628687135.005513
7471701.800618 -681578.918155 0.004641 1628687135.055579
7471701.931986 -681578.917436 0.018271 1628687135.105575
7471702.068186 -681578.914888 0.032204 1628687135.156255
7471702.191395 -681578.909862 0.044713 1628687135.205705
7471702.329078 -681578.904522 0.058133 1628687135.255795
7471702.455810 -681578.896739 0.070451 1628687135.305767
7471702.589867 -681578.886998 0.083235 1628687135.356356
7471702.715133 -681578.875477 0.095196 1628687135.405755
7471702.849748 -681578.863011 0.107096 1628687135.455787
7471702.979179 -681578.848619 0.118415 1628687135.505837
7471703.108955 -681578.832722 0.129449 1628687135.556467
7471703.232622 -681578.815719 0.139903 1628687135.605648
7471703.364950 -681578.797205 0.150210 1628687135.655675
7471703.496459 -681578.776986 0.160290 1628687135.705742
7471703.624345 -681578.755773 0.169917 1628687135.755647
7471703.748799 -681578.733663 0.179121 1628687135.805722
7471703.884326 -681578.709363 0.188367 1628687135.855679
7471704.013819 -681578.684328 0.197153 1628687135.905725
7471704.144131 -681578.657982 0.205845 1628687135.955721
7471704.269233 -681578.631201 0.214160 1628687136.005742
7471704.403049 -681578.602277 0.222570 1628687136.055766
7471704.532892 -681578.572764 0.230638 1628687136.105858
7471704.665019 -681578.541579 0.238725 1628687136.155853
7471704.784547 -681578.511704 0.246065 1628687136.205817
7471704.923507 -681578.477381 0.254205 1628687136.255887
7471705.054236 -681578.443363 0.261834 1628687136.305838
7471705.186144 -681578.407900 0.269394 1628687136.355870
7471705.315756 -681578.371684 0.276784 1628687136.405905
7471705.451670 -681578.333382 0.284289 1628687136.455949
7471705.581038 -681578.295381 0.291317 1628687136.505990
7471705.712250 -681578.255926 0.298306 1628687136.555978
7471705.835776 -681578.217325 0.304864 1628687136.605962
7471705.973803 -681578.174122 0.311843 1628687136.655949
7471706.102070 -681578.132393 0.318619 1628687136.705924
7471706.236434 -681578.088026 0.325277 1628687136.755883
7471706.363273 -681578.044740 0.331595 1628687136.805832
7471706.498570 -681577.998411 0.337963 1628687136.855800
7471706.628741 -681577.952509 0.344082 1628687136.905712
7471706.760305 -681577.905299 0.350232 1628687136.955708
7471706.888558 -681577.858042 0.356270 1628687137.005648
7471707.025677 -681577.807361 0.362614 1628687137.055664
7471707.155672 -681577.758004 0.368597 1628687137.105638
7471707.287830 -681577.706992 0.374658 1628687137.155613
7471707.410544 -681577.658240 0.380290 1628687137.205637
7471707.549363 -681577.603305 0.386659 1628687137.255657
7471707.680268 -681577.550001 0.392672 1628687137.305638
7471707.813017 -681577.495041 0.398719 1628687137.355609
7471707.941629 -681577.440563 0.404521 1628687137.405660
7471708.079825 -681577.381743 0.410618 1628687137.455705
7471708.213212 -681577.323592 0.416400 1628687137.505679
7471708.347101 -681577.264314 0.422162 1628687137.555732
7471708.475722 -681577.206088 0.427659 1628687137.605719
7471708.610931 -681577.144695 0.433225 1628687137.655713
7471708.741739 -681577.083952 0.438563 1628687137.705724
7471708.877926 -681577.019929 0.443901 1628687137.755746
7471709.007258 -681576.957971 0.448891 1628687137.805640
7471709.149173 -681576.889767 0.454011 1628687137.855618
7471709.281814 -681576.824802 0.458660 1628687137.905585
7471709.415812 -681576.758380 0.463201 1628687137.955602
7471709.545719 -681576.693009 0.467592 1628687138.005451
7471709.684514 -681576.623005 0.471791 1628687138.055383
7471709.821077 -681576.553090 0.475888 1628687138.105383
7471709.954946 -681576.483846 0.479792 1628687138.155291
7471710.083232 -681576.416524 0.483630 1628687138.205271
7471710.226511 -681576.341544 0.487532 1628687138.255285
7471710.361182 -681576.270026 0.491240 1628687138.305237
7471710.493296 -681576.199199 0.494841 1628687138.355234
7471710.625548 -681576.127618 0.498387 1628687138.405221
7471710.765229 -681576.051847 0.502186 1628687138.455220
7471710.901231 -681575.977200 0.505946 1628687138.505196
7471711.036105 -681575.902492 0.509850 1628687138.555178
7471711.164482 -681575.830601 0.513671 1628687138.605204
7471711.304476 -681575.752035 0.518190 1628687138.655200
7471711.437039 -681575.676683 0.522708 1628687138.705192
7471711.572963 -681575.598715 0.527611 1628687138.755916
7471711.697757 -681575.526064 0.532120 1628687138.805168
7471711.836952 -681575.444811 0.537780 1628687138.855175
7471711.968367 -681575.366885 0.543234 1628687138.905178
7471712.102888 -681575.286030 0.549092 1628687138.955933
7471712.227214 -681575.209964 0.554578 1628687139.005230
7471712.361720 -681575.127292 0.561096 1628687139.055240
7471712.494383 -681575.044374 0.567569 1628687139.105233
7471712.625470 -681574.961044 0.574328 1628687139.155961
7471712.741984 -681574.885118 0.580181 1628687139.205185
7471712.879313 -681574.796078 0.587556 1628687139.255179
7471713.007037 -681574.711100 0.594390 1628687139.305147
7471713.137577 -681574.623074 0.601423 1628687139.355891
7471713.259300 -681574.539099 0.608170 1628687139.405139
7471713.390456 -681574.448246 0.615511 1628687139.455101
7471713.517649 -681574.358390 0.622688 1628687139.505122
7471713.643516 -681574.267989 0.629821 1628687139.555646
7471713.761305 -681574.181706 0.636576 1628687139.605095
7471713.888680 -681574.087948 0.643984 1628687139.655123
7471714.015793 -681573.992647 0.651467 1628687139.705149
7471714.139338 -681573.898489 0.658871 1628687139.755204
7471714.258293 -681573.806060 0.666023 1628687139.805190
7471714.385193 -681573.707046 0.673771 1628687139.855369
7471714.505707 -681573.610897 0.681181 1628687139.905249
7471714.627645 -681573.512195 0.688819 1628687139.955294
7471714.743574 -681573.416404 0.696301 1628687140.005363
7471714.866230 -681573.314492 0.704277 1628687140.055406
7471714.986319 -681573.212676 0.712222 1628687140.105431
7471715.104335 -681573.110874 0.720239 1628687140.155483
7471715.214611 -681573.013383 0.727719 1628687140.205533
7471715.339239 -681572.903542 0.736281 1628687140.255609
7471715.452763 -681572.800698 0.744108 1628687140.305596
7471715.566706 -681572.695812 0.752139 1628687140.355570
7471715.674839 -681572.594041 0.759912 1628687140.405596
7471715.783670 -681572.491061 0.767782 1628687140.455632
7471715.886475 -681572.391524 0.775262 1628687140.505505
7471716.018497 -681572.262667 0.784921 1628687140.555542
7471716.118978 -681572.161616 0.792375 1628687140.605415
7471716.228548 -681572.051194 0.800544 1628687140.655397
7471716.333852 -681571.942652 0.808468 1628687140.705304
7471716.431072 -681571.840710 0.815841 1628687140.755235
7471716.534640 -681571.730094 0.823780 1628687140.805218
7471716.641619 -681571.615243 0.831984 1628687140.855212
7471716.743971 -681571.502836 0.839949 1628687140.905288
7471716.845131 -681571.389888 0.847874 1628687140.955151
7471716.941272 -681571.280280 0.855400 1628687141.005227
7471717.043143 -681571.163718 0.863331 1628687141.055146
7471717.140940 -681571.049267 0.871016 1628687141.105287
7471717.237026 -681570.934851 0.878615 1628687141.155254
7471717.327945 -681570.824126 0.885777 1628687141.205248
7471717.428259 -681570.702283 0.893266 1628687141.255226
7471717.521175 -681570.586623 0.900145 1628687141.305255
7471717.612550 -681570.470960 0.906781 1628687141.355340
7471717.699370 -681570.359002 0.912928 1628687141.405277
7471717.790414 -681570.241182 0.918797 1628687141.455367
7471717.877910 -681570.125774 0.924383 1628687141.505292
7471717.965940 -681570.008293 0.929664 1628687141.555394
7471718.051047 -681569.893032 0.934585 1628687141.605317
7471718.139952 -681569.772379 0.938955 1628687141.655331
7471718.223988 -681569.656699 0.942961 1628687141.705355
7471718.306543 -681569.542010 0.946612 1628687141.755880
7471718.384367 -681569.432927 0.949728 1628687141.805243
7471718.468840 -681569.314459 0.952382 1628687141.855212
7471718.551555 -681569.197505 0.954702 1628687141.905237
7471718.634472 -681569.079599 0.956719 1628687141.955867
7471718.710989 -681568.970212 0.958279 1628687142.005152
7471718.792608 -681568.853552 0.959144 1628687142.055001
7471718.870655 -681568.741460 0.959877 1628687142.104910
7471718.950226 -681568.627043 0.960124 1628687142.155398
7471719.022728 -681568.522672 0.960504 1628687142.204808
7471719.107014 -681568.401550 0.959312 1628687142.254862
7471719.185416 -681568.288868 0.958281 1628687142.304885
7471719.264339 -681568.175664 0.956864 1628687142.355461
7471719.338004 -681568.070376 0.955460 1628687142.404870
7471719.423188 -681567.948892 0.952676 1628687142.454896
7471719.494146 -681567.848381 0.950280 1628687142.505019
7471719.577123 -681567.731368 0.946939 1628687142.555342
7471719.651502 -681567.627456 0.943827 1628687142.604956
7471719.731990 -681567.515350 0.939327 1628687142.654944
7471719.813048 -681567.403675 0.934644 1628687142.705277
7471719.891482 -681567.296618 0.930342 1628687142.755023
7471719.969609 -681567.191335 0.924577 1628687142.805045
7471720.052980 -681567.079553 0.918048 1628687142.855053
7471720.134409 -681566.972079 0.911502 1628687142.905051
7471720.215520 -681566.866388 0.904940 1628687142.955083
7471720.296055 -681566.763372 0.898068 1628687143.004951
7471720.383802 -681566.651760 0.889249 1628687143.055079
7471720.468002 -681566.547207 0.880765 1628687143.104948
7471720.555570 -681566.440110 0.871516 1628687143.154899
7471720.641175 -681566.338443 0.862399 1628687143.204887
7471720.731849 -681566.230651 0.851272 1628687143.254862
7471720.819324 -681566.130084 0.840772 1628687143.304877
7471720.914123 -681566.023073 0.829024 1628687143.354897
7471721.005907 -681565.922500 0.817748 1628687143.404973
7471721.105152 -681565.814870 0.804513 1628687143.454929
7471721.203991 -681565.711199 0.791349 1628687143.504892
7471721.302526 -681565.610714 0.777985 1628687143.554876
7471721.399710 -681565.515129 0.765015 1628687143.604891
7471721.506954 -681565.410315 0.749890 1628687143.654832
7471721.612495 -681565.311438 0.735278 1628687143.704783
7471721.722494 -681565.211459 0.719977 1628687143.755164
7471721.826191 -681565.121329 0.705677 1628687143.804860
7471721.940920 -681565.021911 0.689354 1628687143.854713
7471722.055378 -681564.927314 0.673334 1628687143.904646
7471722.172483 -681564.833785 0.656991 1628687143.955123
7471722.287622 -681564.745558 0.641119 1628687144.004646
7471722.415580 -681564.648546 0.623085 1628687144.054627
7471722.536804 -681564.561116 0.606433 1628687144.104676
7471722.664656 -681564.472067 0.588539 1628687144.155398
7471722.779343 -681564.397257 0.573188 1628687144.204649
7471722.918568 -681564.304937 0.553718 1628687144.254728
7471723.050232 -681564.223181 0.535657 1628687144.304779
7471723.186909 -681564.141636 0.516861 1628687144.355643
7471723.319050 -681564.067494 0.499252 1628687144.404970
7471723.463297 -681563.987312 0.479613 1628687144.454880
7471723.603779 -681563.914031 0.460798 1628687144.504916
7471723.747976 -681563.842187 0.441655 1628687144.555541
7471723.883614 -681563.779275 0.423856 1628687144.604848
7471724.042214 -681563.706146 0.402926 1628687144.654853
7471724.191702 -681563.642368 0.383434 1628687144.705320
7471724.338284 -681563.583331 0.364487 1628687144.754774
7471724.487357 -681563.527467 0.345536 1628687144.804746
7471724.649607 -681563.467693 0.325334 1628687144.854781
7471724.809461 -681563.413787 0.306007 1628687144.904673
7471724.968795 -681563.363492 0.287247 1628687144.954669
7471725.124534 -681563.318991 0.269284 1628687145.004694
7471725.293062 -681563.271770 0.250987 1628687145.054668
7471725.455219 -681563.230848 0.234089 1628687145.104668
7471725.622768 -681563.191828 0.217402 1628687145.154691
7471725.781527 -681563.159337 0.201642 1628687145.204679
7471725.962751 -681563.121263 0.186626 1628687145.254710
7471726.132243 -681563.090539 0.173152 1628687145.304702
7471726.305294 -681563.061591 0.160462 1628687145.354690
7471726.476863 -681563.036035 0.148189 1628687145.404653
7471726.660638 -681563.009299 0.137079 1628687145.454625
7471726.838416 -681562.986337 0.127462 1628687145.504539
7471727.012802 -681562.965474 0.119140 1628687145.554445
7471727.185746 -681562.946688 0.111310 1628687145.604397
7471727.377540 -681562.925899 0.105030 1628687145.654312
7471727.559321 -681562.908113 0.099538 1628687145.704244
7471727.743605 -681562.891066 0.094844 1628687145.754535
7471727.920077 -681562.875798 0.090756 1628687145.804094
7471728.115902 -681562.858666 0.088142 1628687145.854048
7471728.305463 -681562.843045 0.085684 1628687145.903950
7471728.491738 -681562.828002 0.084015 1628687145.953925
7471728.676378 -681562.813399 0.082409 1628687146.003881
7471728.876386 -681562.797412 0.081678 1628687146.053913
7471729.067696 -681562.782285 0.081016 1628687146.103835
7471729.263993 -681562.766705 0.080558 1628687146.154227
7471729.442707 -681562.752414 0.080324 1628687146.203816
7471729.654577 -681562.735424 0.080333 1628687146.253781
7471729.853699 -681562.719408 0.080410 1628687146.303791
7471730.054619 -681562.703216 0.080534 1628687146.354023
7471730.244194 -681562.687907 0.080638 1628687146.403725
7471730.451409 -681562.671171 0.080751 1628687146.453758
7471730.652811 -681562.654871 0.080955 1628687146.503758
7471730.856143 -681562.638394 0.081299 1628687146.554076
7471731.051532 -681562.622535 0.081646 1628687146.603777
7471731.263565 -681562.605309 0.082202 1628687146.653786
7471731.470421 -681562.588441 0.083024 1628687146.704147
7471731.674000 -681562.571742 0.083893 1628687146.753839
7471731.873708 -681562.555219 0.084773 1628687146.803888
7471732.090013 -681562.537203 0.086246 1628687146.853936
7471732.298884 -681562.519506 0.087470 1628687146.904260
7471732.502377 -681562.501927 0.089085 1628687146.953974
7471732.704767 -681562.484025 0.090939 1628687147.004017
7471732.917579 -681562.465050 0.092715 1628687147.054065
7471733.124901 -681562.445940 0.094712 1628687147.104413
7471733.330353 -681562.426532 0.096811 1628687147.154174
7471733.517608 -681562.408057 0.098651 1628687147.204250
7471733.760663 -681562.384721 0.101303 1628687147.254323
7471733.970257 -681562.363476 0.103601 1628687147.304636
7471734.170518 -681562.342640 0.105796 1628687147.354476
7471734.376733 -681562.320612 0.108036 1628687147.404480
7471734.596256 -681562.296998 0.110468 1628687147.454601
7471734.810589 -681562.273230 0.112881 1628687147.505111
7471735.019102 -681562.249636 0.115216 1628687147.554716
7471735.223208 -681562.225869 0.117549 1628687147.604787
7471735.446053 -681562.199783 0.120148 1628687147.654842
7471735.659130 -681562.174115 0.122615 1628687147.704941
7471735.874771 -681562.147624 0.125192 1628687147.755465
7471736.077434 -681562.121964 0.127589 1628687147.805076
7471736.300513 -681562.093609 0.130253 1628687147.855122
7471736.511112 -681562.066060 0.132770 1628687147.905159
7471736.726116 -681562.037348 0.135377 1628687147.955670
7471736.931041 -681562.009281 0.137907 1628687148.005166
7471737.147401 -681561.979442 0.140626 1628687148.055167
7471737.351806 -681561.950504 0.143223 1628687148.105147
7471737.552570 -681561.921523 0.145858 1628687148.155704
7471737.784651 -681561.887340 0.148784 1628687148.205242
7471738.004148 -681561.854849 0.151714 1628687148.255195
7471738.200543 -681561.824849 0.154248 1628687148.305151
7471738.422454 -681561.790446 0.157207 1628687148.355705
7471738.628478 -681561.757638 0.159978 1628687148.405223
7471738.848066 -681561.722463 0.163025 1628687148.455284
7471739.053310 -681561.688708 0.165907 1628687148.505337
7471739.251586 -681561.655493 0.168853 1628687148.556008
7471739.450470 -681561.621461 0.171922 1628687148.605386
7471739.681994 -681561.581738 0.175713 1628687148.655430
7471739.913447 -681561.541009 0.179566 1628687148.705904
7471740.107500 -681561.505990 0.182783 1628687148.755386
7471740.297077 -681561.470932 0.185936 1628687148.805387
7471740.507925 -681561.431783 0.189759 1628687148.855314
7471740.716513 -681561.391940 0.193650 1628687148.905668
7471740.928703 -681561.350504 0.197691 1628687148.955234
7471741.135219 -681561.309085 0.201663 1628687149.005138
7471741.349782 -681561.265691 0.205845 1628687149.055094
7471741.552437 -681561.223468 0.209832 1628687149.105561
7471741.751781 -681561.180971 0.213867 1628687149.155045
7471741.942762 -681561.138995 0.217753 1628687149.205039
7471742.167293 -681561.089951 0.222353 1628687149.255075
7471742.375547 -681561.042896 0.226623 1628687149.305623
7471742.577960 -681560.996157 0.230787 1628687149.355188
7471742.771986 -681560.950274 0.234772 1628687149.405073
7471742.988721 -681560.898762 0.239231 1628687149.455213
7471743.198973 -681560.847560 0.243560 1628687149.505554
7471743.403284 -681560.796739 0.247773 1628687149.555229
7471743.601015 -681560.746409 0.251853 1628687149.605263
7471743.813730 -681560.692034 0.256245 1628687149.655175
7471744.022942 -681560.637311 0.260572 1628687149.705499
7471744.227367 -681560.582768 0.264806 1628687149.755181
7471744.424221 -681560.529029 0.268888 1628687149.805136
7471744.642474 -681560.469286 0.273394 1628687149.855040
7471744.848293 -681560.411560 0.277670 1628687149.905338
7471745.051983 -681560.353477 0.281933 1628687149.954924
7471745.251879 -681560.295269 0.286100 1628687150.004970
7471745.460425 -681560.234218 0.290438 1628687150.054905
7471745.671328 -681560.171243 0.294835 1628687150.105369
7471745.873029 -681560.109950 0.299052 1628687150.154881
7471746.066256 -681560.049842 0.303103 1628687150.204907
7471746.288002 -681559.981147 0.307750 1628687150.254985
7471746.494059 -681559.915686 0.312076 1628687150.305334
7471746.690693 -681559.852236 0.316207 1628687150.354928
7471746.888359 -681559.787254 0.320371 1628687150.405035
7471747.098629 -681559.717807 0.324777 1628687150.454997
7471747.305251 -681559.648246 0.329091 1628687150.505341
7471747.506967 -681559.579307 0.333282 1628687150.555012
7471747.702904 -681559.511147 0.337376 1628687150.604971
7471747.913518 -681559.437566 0.341766 1628687150.654953
7471748.114091 -681559.366211 0.345995 1628687150.705327
7471748.306214 -681559.296794 0.350031 1628687150.755075
7471748.500259 -681559.225692 0.354078 1628687150.805020
7471748.711841 -681559.147802 0.358486 1628687150.854990
7471748.915928 -681559.071339 0.362745 1628687150.905293
7471749.115069 -681558.995735 0.366930 1628687150.955071
7471749.303355 -681558.923090 0.370868 1628687151.005072
7471749.510007 -681558.843080 0.375200 1628687151.054987
7471749.710125 -681558.764276 0.379401 1628687151.105396
7471749.905799 -681558.686214 0.383526 1628687151.154921
7471750.094412 -681558.609612 0.387492 1628687151.204974
7471750.305867 -681558.523982 0.391955 1628687151.254909
7471750.501555 -681558.443091 0.396099 1628687151.305125
7471750.695037 -681558.362129 0.400230 1628687151.354851
7471750.886288 -681558.280940 0.404287 1628687151.404797
7471751.092001 -681558.193290 0.408659 1628687151.454853
7471751.287523 -681558.108599 0.412823 1628687151.505344
7471751.480496 -681558.024040 0.416946 1628687151.554854
7471751.667943 -681557.940714 0.420940 1628687151.604810
7471751.870980 -681557.850222 0.425289 1628687151.654820
7471752.065768 -681557.761930 0.429429 1628687151.704865
7471752.257629 -681557.674013 0.433464 1628687151.754865
7471752.444837 -681557.587044 0.437349 1628687151.804917
7471752.642856 -681557.494694 0.441377 1628687151.854946
7471752.838693 -681557.402131 0.445383 1628687151.904939
7471753.030335 -681557.310445 0.449293 1628687151.955061
7471753.215314 -681557.220844 0.452964 1628687152.004904
7471753.410146 -681557.126174 0.456598 1628687152.054866
7471753.600727 -681557.032376 0.460175 1628687152.104993
7471753.790165 -681556.938230 0.463628 1628687152.154927
7471753.964523 -681556.850309 0.466788 1628687152.204999
7471754.168699 -681556.747910 0.469976 1628687152.254963
7471754.358661 -681556.651184 0.473157 1628687152.305050
7471754.548330 -681556.553780 0.476263 1628687152.355374
7471754.726546 -681556.461361 0.479137 1628687152.405077
7471754.920046 -681556.360905 0.482043 1628687152.455067
7471755.105206 -681556.263882 0.484612 1628687152.505040
7471755.294176 -681556.164287 0.486989 1628687152.555083
7471755.475728 -681556.067730 0.489211 1628687152.605029
7471755.666042 -681555.966372 0.491266 1628687152.654953
7471755.850054 -681555.867604 0.492714 1628687152.705437
7471756.033589 -681555.768633 0.494267 1628687152.754998
7471756.213111 -681555.671258 0.496156 1628687152.805049
7471756.403799 -681555.567797 0.497317 1628687152.855000
7471756.588410 -681555.467191 0.498319 1628687152.905342
7471756.769275 -681555.368396 0.499124 1628687152.955049
7471756.947170 -681555.271010 0.499951 1628687153.005077
7471757.136541 -681555.167368 0.500613 1628687153.055115
7471757.320370 -681555.066619 0.501261 1628687153.105600
7471757.500481 -681554.967863 0.501729 1628687153.155210
7471757.670374 -681554.874619 0.502072 1628687153.205257
7471757.863019 -681554.768914 0.502461 1628687153.255336
7471758.046182 -681554.668268 0.502832 1628687153.305990
7471758.226023 -681554.569354 0.503195 1628687153.355368
7471758.403058 -681554.471882 0.503552 1628687153.405354
7471758.584256 -681554.372079 0.503897 1628687153.455336
7471758.768129 -681554.270695 0.504268 1628687153.505710
7471758.944902 -681554.173130 0.504603 1628687153.555266
7471759.122650 -681554.074928 0.504899 1628687153.605268
7471759.305814 -681553.973702 0.505161 1628687153.655270
7471759.483404 -681553.875449 0.505412 1628687153.705278
7471759.663471 -681553.775754 0.505727 1628687153.755245
7471759.841818 -681553.676936 0.506014 1628687153.805246
7471760.024420 -681553.575749 0.506257 1628687153.855225
7471760.200528 -681553.478092 0.506402 1628687153.905158
7471760.380715 -681553.378117 0.506481 1628687153.955208
7471760.556422 -681553.280566 0.506506 1628687154.005182
7471760.739972 -681553.178651 0.506499 1628687154.055158
7471760.917928 -681553.079806 0.506544 1628687154.105236
7471761.097700 -681552.979963 0.506630 1628687154.155295
7471761.265353 -681552.886878 0.506646 1628687154.205276
7471761.454429 -681552.781924 0.506577 1628687154.255353
7471761.632367 -681552.683187 0.506504 1628687154.305418
7471761.812457 -681552.583278 0.506422 1628687154.355476
7471761.985283 -681552.487422 0.506341 1628687154.405510
7471762.165362 -681552.387551 0.506284 1628687154.455570
7471762.343091 -681552.289007 0.506180 1628687154.505541
7471762.521107 -681552.190324 0.506098 1628687154.555593
7471762.692767 -681552.095189 0.506020 1628687154.605566
7471762.873472 -681551.995046 0.505962 1628687154.655600
7471763.053331 -681551.895391 0.505890 1628687154.706108
7471763.226118 -681551.799679 0.505788 1628687154.755502
7471763.397962 -681551.704510 0.505709 1628687154.805473
7471763.579362 -681551.604051 0.505635 1628687154.855481
7471763.757702 -681551.505313 0.505556 1628687154.906145
7471763.928910 -681551.410545 0.505479 1628687154.955454
7471764.100406 -681551.315638 0.505401 1628687155.005500
7471764.280030 -681551.216240 0.505276 1628687155.055499
7471764.458766 -681551.117356 0.505171 1628687155.105976
7471764.631993 -681551.021541 0.505049 1628687155.155627
7471764.796807 -681550.930410 0.504863 1628687155.205663
7471764.981092 -681550.828511 0.504573 1628687155.255715
7471765.159588 -681550.729859 0.504195 1628687155.306267
7471765.329502 -681550.635996 0.503795 1628687155.355831
7471765.501384 -681550.541123 0.503496 1628687155.405875
7471765.680192 -681550.442480 0.503080 1628687155.455945
7471765.856744 -681550.345233 0.502655 1628687155.506350
7471766.028377 -681550.250830 0.502204 1628687155.556016
7471766.195818 -681550.158898 0.501731 1628687155.606041
7471766.374255 -681550.060968 0.501186 1628687155.656095
7471766.548196 -681549.965676 0.500629 1628687155.706052
7471766.724350 -681549.869293 0.500110 1628687155.756036
7471766.888370 -681549.779709 0.499611 1628687155.806006
7471767.065556 -681549.682968 0.499069 1628687155.855981
7471767.240334 -681549.587695 0.498526 1628687155.905981
7471767.412601 -681549.493919 0.497998 1628687155.955932
7471767.582480 -681549.401589 0.497479 1628687156.005954
7471767.758392 -681549.306021 0.497012 1628687156.055975
7471767.933742 -681549.210920 0.496589 1628687156.105955
7471768.107729 -681549.116682 0.496148 1628687156.156010
7471768.269658 -681549.029149 0.495753 1628687156.206027
7471768.451891 -681548.930591 0.495470 1628687156.256014
7471768.620802 -681548.839397 0.495234 1628687156.305985
7471768.795944 -681548.744904 0.495081 1628687156.356026
7471768.966118 -681548.653162 0.494949 1628687156.406010
7471769.145045 -681548.556712 0.494989 1628687156.455971
7471769.308707 -681548.468515 0.495157 1628687156.505994
7471769.482114 -681548.375050 0.495375 1628687156.555978
7471769.646499 -681548.286407 0.495521 1628687156.605970
7471769.829367 -681548.187768 0.495880 1628687156.655975
7471770.001774 -681548.094667 0.496282 1628687156.706767
7471770.166332 -681548.005691 0.496800 1628687156.755945
7471770.331918 -681547.916005 0.497345 1628687156.805954
7471770.507919 -681547.820627 0.497950 1628687156.855859
7471770.681954 -681547.726125 0.498512 1628687156.906508
7471770.849432 -681547.634998 0.499127 1628687156.955815
7471771.013249 -681547.545641 0.499810 1628687157.005736
7471771.189215 -681547.449627 0.500555 1628687157.055700
7471771.362805 -681547.354668 0.501312 1628687157.106315
7471771.529755 -681547.263181 0.502019 1628687157.155615
7471771.688007 -681547.176225 0.502667 1628687157.205557
7471771.872118 -681547.075124 0.503446 1628687157.255566
