7471654.431891 -681549.592815 -2.565294 1628687090.441466
7471654.303418 -681549.676419 -2.565647 1628687090.491396
7471654.172045 -681549.761829 -2.566189 1628687090.541715
7471654.046062 -681549.843639 -2.566624 1628687090.591408
7471653.911819 -681549.930750 -2.567218 1628687090.641379
7471653.781744 -681550.014994 -2.567808 1628687090.691350
7471653.651094 -681550.099476 -2.568430 1628687090.741606
7471653.525510 -681550.180505 -2.569082 1628687090.791238
7471653.392752 -681550.266102 -2.569811 1628687090.841152
7471653.261561 -681550.350528 -2.570516 1628687090.891117
7471653.128636 -681550.435935 -2.571196 1628687090.941533
7471653.002520 -681550.516798 -2.571814 1628687090.990978
7471652.866150 -681550.604190 -2.572506 1628687091.040954
7471652.735027 -681550.688046 -2.573175 1628687091.090903
7471652.601125 -681550.773565 -2.573820 1628687091.141255
7471652.478472 -681550.851725 -2.574403 1628687091.190921
7471652.339717 -681550.940156 -2.575007 1628687091.240883
7471652.210347 -681551.022423 -2.575571 1628687091.290815
7471652.076994 -681551.107122 -2.576163 1628687091.341171
7471651.951268 -681551.186845 -2.576739 1628687091.390857
7471651.813810 -681551.273975 -2.577309 1628687091.440782
7471651.680311 -681551.358469 -2.577846 1628687091.490781
7471651.550385 -681551.440595 -2.578311 1628687091.540924
7471651.425043 -681551.519705 -2.578726 1628687091.590833
7471651.288483 -681551.605869 -2.579108 1628687091.640815
7471651.154464 -681551.690297 -2.579401 1628687091.690821
7471651.025186 -681551.771662 -2.579572 1628687091.741189
7471650.897645 -681551.851870 -2.579658 1628687091.790799
7471650.761391 -681551.937545 -2.579528 1628687091.840869
7471650.629667 -681552.020334 -2.579361 1628687091.890868
7471650.498124 -681552.103021 -2.579121 1628687091.941208
7471650.371486 -681552.182679 -2.578864 1628687091.990870
7471650.235747 -681552.268130 -2.578356 1628687092.040894
7471650.104256 -681552.351028 -2.577855 1628687092.090844
7471649.972761 -681552.434063 -2.577285 1628687092.141180
7471649.853141 -681552.509808 -2.576699 1628687092.190849
7471649.711386 -681552.599527 -2.575914 1628687092.240898
7471649.580501 -681552.682607 -2.575199 1628687092.290869
7471649.449128 -681552.766140 -2.574455 1628687092.341295
7471649.324593 -681552.845507 -2.573736 1628687092.390843
7471649.188440 -681552.932315 -2.572950 1628687092.440805
7471649.057425 -681553.016041 -2.572193 1628687092.490715
7471648.925366 -681553.100575 -2.571447 1628687092.541033
7471648.803160 -681553.178981 -2.570723 1628687092.590643
7471648.671764 -681553.263323 -2.569995 1628687092.640623
7471648.539067 -681553.348672 -2.569279 1628687092.690534
7471648.407018 -681553.433762 -2.568547 1628687092.740793
7471648.283442 -681553.513562 -2.567873 1628687092.790516
7471648.149907 -681553.599835 -2.567162 1628687092.840491
7471648.020526 -681553.683592 -2.566500 1628687092.890485
7471647.889866 -681553.768296 -2.565852 1628687092.940663
7471647.767392 -681553.847857 -2.565227 1628687092.990761
7471647.636515 -681553.932910 -2.564578 1628687093.040501
7471647.505928 -681554.017917 -2.563926 1628687093.090480
7471647.377008 -681554.101964 -2.563316 1628687093.140998
7471647.256368 -681554.180756 -2.562740 1628687093.190523
7471647.123032 -681554.267845 -2.562108 1628687093.240520
7471646.998441 -681554.349390 -2.561521 1628687093.290571
7471646.872410 -681554.431970 -2.560920 1628687093.340777
7471646.756735 -681554.507908 -2.560374 1628687093.390507
7471646.631794 -681554.589962 -2.559784 1628687093.440520
7471646.487659 -681554.684747 -2.559091 1628687093.490462
7471646.360193 -681554.768704 -2.558489 1628687093.540711
7471646.247311 -681554.843203 -2.557970 1628687093.590329
7471646.126141 -681554.923194 -2.557396 1628687093.640233
7471646.000840 -681555.006035 -2.556767 1628687093.690215
7471645.868516 -681555.093634 -2.556142 1628687093.740416
7471645.744844 -681555.175648 -2.555560 1628687093.790149
7471645.618387 -681555.259561 -2.554937 1628687093.840148
7471645.505047 -681555.334909 -2.554356 1628687093.890074
7471645.379310 -681555.418582 -2.553677 1628687093.940397
7471645.261412 -681555.497186 -2.553068 1628687093.990079
7471645.135933 -681555.580884 -2.552361 1628687094.040051
7471645.010005 -681555.665042 -2.551557 1628687094.090067
7471644.880541 -681555.751669 -2.550545 1628687094.140291
7471644.761409 -681555.831565 -2.549566 1628687094.190065
7471644.637745 -681555.914537 -2.548253 1628687094.240037
7471644.517170 -681555.995652 -2.546882 1628687094.290016
7471644.398594 -681556.075641 -2.545339 1628687094.340161
7471644.282837 -681556.154023 -2.543841 1628687094.389979
7471644.158433 -681556.238392 -2.541639 1628687094.439993
7471644.039864 -681556.319250 -2.539476 1628687094.489887
7471643.919705 -681556.401559 -2.536953 1628687094.539840
7471643.804308 -681556.481108 -2.534354 1628687094.589746
7471643.683466 -681556.564658 -2.530946 1628687094.639606
7471643.566781 -681556.645980 -2.527409 1628687094.689631
7471643.448344 -681556.729082 -2.523343 1628687094.739603
7471643.335246 -681556.809216 -2.519390 1628687094.789436
7471643.215280 -681556.894605 -2.514257 1628687094.839309
7471643.098907 -681556.978434 -2.509069 1628687094.889174
7471642.985731 -681557.060942 -2.503642 1628687094.939190
7471642.876637 -681557.141612 -2.498261 1628687094.989009
7471642.759314 -681557.228804 -2.491458 1628687095.038997
7471642.646308 -681557.314285 -2.484699 1628687095.088940
7471642.533298 -681557.401015 -2.477480 1628687095.139103
7471642.429483 -681557.482389 -2.470819 1628687095.188830
7471642.312772 -681557.574049 -2.462189 1628687095.238815
7471642.202499 -681557.662645 -2.453817 1628687095.288735
7471642.093462 -681557.751833 -2.445219 1628687095.338763
7471641.989175 -681557.839073 -2.436757 1628687095.388723
7471641.879693 -681557.931425 -2.427025 1628687095.438691
7471641.771476 -681558.024617 -2.417159 1628687095.488697
7471641.666474 -681558.117026 -2.407214 1628687095.538631
7471641.566517 -681558.207394 -2.397419 1628687095.588586
7471641.459285 -681558.305004 -2.386234 1628687095.638624
7471641.356675 -681558.401072 -2.375237 1628687095.688519
7471641.256104 -681558.497392 -2.364009 1628687095.738523
7471641.160278 -681558.592017 -2.352933 1628687095.788427
7471641.057266 -681558.694538 -2.340473 1628687095.838454
7471640.957960 -681558.796545 -2.328183 1628687095.888479
7471640.861590 -681558.898154 -2.315875 1628687095.938383
7471640.769748 -681558.998128 -2.303773 1628687095.988405
7471640.671669 -681559.106041 -2.290585 1628687096.038421
7471640.579384 -681559.211142 -2.277830 1628687096.088358
7471640.486312 -681559.319768 -2.264648 1628687096.138424
7471640.401511 -681559.422779 -2.252258 1628687096.188335
7471640.307037 -681559.537930 -2.238350 1628687096.238434
7471640.218704 -681559.649849 -2.224982 1628687096.288362
7471640.131331 -681559.763576 -2.211429 1628687096.338444
7471640.050884 -681559.872422 -2.198671 1628687096.388372
7471639.964457 -681559.990516 -2.184868 1628687096.438346
7471639.881085 -681560.108586 -2.171251 1628687096.488327
7471639.800673 -681560.226053 -2.157792 1628687096.538331
7471639.724464 -681560.341550 -2.144671 1628687096.588350
7471639.643421 -681560.465676 -2.130602 1628687096.638355
7471639.567094 -681560.587561 -2.116951 1628687096.688340
7471639.492270 -681560.710531 -2.103291 1628687096.738296
7471639.422416 -681560.830145 -2.090148 1628687096.788278
7471639.347457 -681560.959879 -2.075924 1628687096.838236
7471639.277883 -681561.085825 -2.062282 1628687096.888235
7471639.210540 -681561.211799 -2.048712 1628687096.938252
7471639.145972 -681561.337372 -2.035310 1628687096.988215
7471639.079454 -681561.468915 -2.021321 1628687097.038249
7471639.016101 -681561.599896 -2.007508 1628687097.088222
7471638.953880 -681561.733154 -1.993545 1628687097.138239
7471638.898212 -681561.858803 -1.980515 1628687097.188174
7471638.836690 -681561.997905 -1.966065 1628687097.238197
7471638.781609 -681562.130019 -1.952482 1628687097.288203
7471638.727476 -681562.264951 -1.938679 1628687097.338198
7471638.676876 -681562.397759 -1.925198 1628687097.388182
7471638.623926 -681562.539406 -1.910838 1628687097.438133
7471638.574599 -681562.678196 -1.896856 1628687097.488133
7471638.528818 -681562.813781 -1.883261 1628687097.538136
7471638.485580 -681562.949158 -1.869787 1628687097.588132
7471638.440101 -681563.094696 -1.855312 1628687097.638139
7471638.398566 -681563.236457 -1.841292 1628687097.688138
7471638.359565 -681563.377498 -1.827406 1628687097.738134
7471638.324059 -681563.515026 -1.813925 1628687097.788115
7471638.285859 -681563.665622 -1.799188 1628687097.838119
7471638.252735 -681563.808465 -1.785271 1628687097.888145
7471638.221502 -681563.952014 -1.771329 1628687097.938149
7471638.193477 -681564.092673 -1.757718 1628687097.988114
7471638.164120 -681564.244449 -1.743045 1628687098.038165
7471638.138270 -681564.392343 -1.728797 1628687098.088139
7471638.114785 -681564.539583 -1.714666 1628687098.138304
7471638.089416 -681564.714700 -1.697867 1628687098.188190
7471638.066927 -681564.890729 -1.681020 1628687098.238221
7471638.047484 -681565.066405 -1.664242 1628687098.288192
7471638.030981 -681565.242500 -1.647452 1628687098.338197
7471638.017421 -681565.419053 -1.630643 1628687098.388260
7471638.006827 -681565.595849 -1.613829 1628687098.438193
7471637.999216 -681565.772623 -1.597032 1628687098.488218
7471637.994565 -681565.949827 -1.580204 1628687098.538194
7471637.909331 -681565.827054 -1.590725 1628687098.588246
7471637.902907 -681566.002667 -1.574042 1628687098.638264
7471637.901686 -681566.158195 -1.559295 1628687098.688268
7471637.903524 -681566.303813 -1.545466 1628687098.738314
7471637.907755 -681566.448204 -1.531761 1628687098.788319
7471637.913151 -681566.601990 -1.517141 1628687098.838354
7471637.921034 -681566.750177 -1.503062 1628687098.888412
7471637.931122 -681566.897715 -1.489035 1628687098.938432
7471637.943712 -681567.044337 -1.475068 1628687098.988463
7471637.957658 -681567.197073 -1.460513 1628687099.038460
7471637.974194 -681567.346733 -1.446234 1628687099.088470
7471637.992512 -681567.492928 -1.432253 1628687099.138414
7471638.012613 -681567.631560 -1.418957 1628687099.188300
7471638.035117 -681567.783973 -1.404333 1628687099.238351
7471638.059275 -681567.924968 -1.390794 1628687099.288164
7471638.085907 -681568.070945 -1.376867 1628687099.338168
7471638.114026 -681568.211027 -1.363450 1628687099.388094
7471638.145095 -681568.361765 -1.349079 1628687099.438058
7471638.178227 -681568.508276 -1.335120 1628687099.488014
7471638.212794 -681568.652108 -1.321622 1628687099.538001
7471638.248801 -681568.790837 -1.308682 1628687099.587987
7471638.288296 -681568.940035 -1.295129 1628687099.637985
7471638.328689 -681569.081666 -1.282404 1628687099.687990
7471638.371010 -681569.223316 -1.269975 1628687099.737967
7471638.414549 -681569.360810 -1.257983 1628687099.787961
7471638.462123 -681569.508793 -1.245996 1628687099.837922
7471638.509656 -681569.648536 -1.234935 1628687099.887874
7471638.558583 -681569.786876 -1.224398 1628687099.937806
7471638.608143 -681569.921462 -1.214281 1628687099.987759
7471638.662222 -681570.067104 -1.204702 1628687100.037724
7471638.715288 -681570.203664 -1.195846 1628687100.087627
7471638.769998 -681570.341031 -1.187518 1628687100.137620
7471638.823992 -681570.472124 -1.179385 1628687100.187797
7471638.882662 -681570.614557 -1.172365 1628687100.237566
7471638.938260 -681570.745216 -1.166102 1628687100.287516
7471638.991055 -681570.866850 -1.160689 1628687100.337513
7471639.051074 -681571.003200 -1.154856 1628687100.387493
7471639.120776 -681571.160731 -1.149565 1628687100.437562
7471639.176865 -681571.284541 -1.145626 1628687100.487522
7471639.234142 -681571.409782 -1.142018 1628687100.537555
7471639.292201 -681571.535684 -1.138913 1628687100.587405
7471639.355345 -681571.672176 -1.136189 1628687100.637402
7471639.416025 -681571.801947 -1.133711 1628687100.687430
7471639.476063 -681571.929669 -1.131613 1628687100.737245
7471639.535230 -681572.054784 -1.129715 1628687100.787208
7471639.598002 -681572.187402 -1.128348 1628687100.837135
7471639.658770 -681572.315149 -1.127112 1628687100.887116
7471639.719064 -681572.441569 -1.126101 1628687100.936990
7471639.778706 -681572.566267 -1.125100 1628687100.986879
7471639.840108 -681572.694591 -1.124453 1628687101.036913
7471639.901094 -681572.821809 -1.123886 1628687101.086802
7471639.967965 -681572.961165 -1.123339 1628687101.136770
7471640.017503 -681573.064161 -1.122901 1628687101.186652
7471640.082053 -681573.198484 -1.122619 1628687101.236593
7471640.139217 -681573.317283 -1.122419 1628687101.286479
7471640.199049 -681573.441558 -1.122281 1628687101.336355
7471640.260350 -681573.568793 -1.122142 1628687101.386300
7471640.321882 -681573.696494 -1.122136 1628687101.436260
7471640.381980 -681573.821184 -1.122123 1628687101.486159
7471640.441537 -681573.944773 -1.122206 1628687101.536058
7471640.498113 -681574.062212 -1.122353 1628687101.586020
7471640.559032 -681574.188703 -1.122709 1628687101.636014
7471640.617706 -681574.310604 -1.123114 1628687101.685949
7471640.676954 -681574.433789 -1.123655 1628687101.735932
7471640.733362 -681574.551227 -1.124232 1628687101.785883
7471640.793661 -681574.676865 -1.125215 1628687101.835889
7471640.852639 -681574.800006 -1.126325 1628687101.885887
7471640.911508 -681574.923203 -1.127673 1628687101.935878
7471640.968429 -681575.042740 -1.129017 1628687101.985889
7471641.029044 -681575.170293 -1.131081 1628687102.035915
7471641.086927 -681575.292763 -1.133219 1628687102.085889
7471641.146982 -681575.420471 -1.135789 1628687102.136018
7471641.199942 -681575.534141 -1.137873 1628687102.185910
7471641.263438 -681575.670407 -1.141766 1628687102.236043
7471641.320257 -681575.793935 -1.145279 1628687102.285985
7471641.377736 -681575.919970 -1.149272 1628687102.336021
7471641.433551 -681576.043954 -1.153358 1628687102.385961
7471641.493180 -681576.177184 -1.158620 1628687102.436050
7471641.550503 -681576.307378 -1.164008 1628687102.486853
7471641.605608 -681576.434395 -1.169696 1628687102.535946
7471641.658470 -681576.558578 -1.175331 1628687102.585873
7471641.716067 -681576.694927 -1.182543 1628687102.635818
7471641.771031 -681576.828156 -1.189804 1628687102.686256
7471641.823279 -681576.957677 -1.197172 1628687102.735675
7471641.874019 -681577.086675 -1.204637 1628687102.785649
7471641.927454 -681577.224232 -1.213432 1628687102.835530
7471641.979195 -681577.361800 -1.222296 1628687102.886376
7471642.028167 -681577.495762 -1.231215 1628687102.935370
7471642.074678 -681577.627688 -1.240025 1628687102.985352
7471642.124381 -681577.770440 -1.250135 1628687103.035356
7471642.169563 -681577.906089 -1.259725 1628687103.085238
7471642.214294 -681578.044918 -1.269714 1628687103.135236
7471642.254768 -681578.176724 -1.279206 1628687103.185262
7471642.300084 -681578.325119 -1.290145 1628687103.235267
7471642.341846 -681578.469144 -1.300967 1628687103.286116
7471642.379423 -681578.605147 -1.311046 1628687103.335270
7471642.415458 -681578.741874 -1.321405 1628687103.385195
7471642.453479 -681578.888857 -1.332689 1628687103.435158
7471642.487847 -681579.030210 -1.343535 1628687103.485139
7471642.521040 -681579.173049 -1.354557 1628687103.535058
7471642.550726 -681579.309990 -1.365142 1628687103.585074
7471642.581435 -681579.454790 -1.376422 1628687103.634966
7471642.609869 -681579.598772 -1.387620 1628687103.684977
7471642.636321 -681579.741623 -1.398799 1628687103.734884
7471642.659525 -681579.877836 -1.409492 1628687103.784802
7471642.683100 -681580.020226 -1.420694 1628687103.834814
7471642.702938 -681580.151887 -1.431089 1628687103.884717
7471642.721427 -681580.284232 -1.441551 1628687103.934696
7471642.742787 -681580.448878 -1.454563 1628687103.984683
7471642.759917 -681580.591516 -1.465950 1628687104.034683
7471642.773416 -681580.721044 -1.476376 1628687104.084657
7471642.786494 -681580.857407 -1.487349 1628687104.134708
7471642.795992 -681580.978157 -1.497146 1628687104.184783
7471642.807322 -681581.122420 -1.509094 1628687104.234711
7471642.816220 -681581.264290 -1.520881 1628687104.284657
7471642.823270 -681581.402727 -1.532512 1628687104.334610
7471642.827857 -681581.532820 -1.543538 1628687104.384589
7471642.832182 -681581.673305 -1.555671 1628687104.434546
7471642.834447 -681581.811853 -1.567766 1628687104.484951
7471642.834989 -681581.948214 -1.579812 1628687104.534453
7471642.833503 -681582.079489 -1.591526 1628687104.584365
7471642.831226 -681582.217978 -1.604112 1628687104.634318
7471642.826693 -681582.359743 -1.617050 1628687104.684847
7471642.820370 -681582.500182 -1.629966 1628687104.734233
7471642.812802 -681582.619111 -1.640993 1628687104.784210
7471642.804209 -681582.746404 -1.652834 1628687104.834218
7471642.792774 -681582.887151 -1.666029 1628687104.884948
7471642.780220 -681583.016853 -1.678249 1628687104.934172
7471642.765191 -681583.153021 -1.691123 1628687104.984211
7471642.749714 -681583.285001 -1.703607 1628687105.034174
7471642.732351 -681583.414516 -1.715893 1628687105.084965
7471642.713780 -681583.541492 -1.727950 1628687105.134102
7471642.694177 -681583.661587 -1.739376 1628687105.184098
7471642.672173 -681583.795001 -1.752092 1628687105.234028
7471642.648849 -681583.922089 -1.764230 1628687105.284606
7471642.624651 -681584.045348 -1.776032 1628687105.334030
7471642.599586 -681584.164015 -1.787443 1628687105.384017
7471642.572043 -681584.291003 -1.799631 1628687105.434010
7471642.542895 -681584.416278 -1.811554 1628687105.484764
7471642.513515 -681584.535444 -1.822873 1628687105.533999
7471642.483523 -681584.650228 -1.833850 1628687105.584006
7471642.450333 -681584.774853 -1.845670 1628687105.634022
7471642.416063 -681584.896142 -1.857089 1628687105.684832
7471642.381871 -681585.011874 -1.867809 1628687105.733955
7471642.346711 -681585.125208 -1.878194 1628687105.783952
7471642.308791 -681585.245571 -1.888861 1628687105.833911
7471642.269931 -681585.363125 -1.899147 1628687105.884452
7471642.231213 -681585.475789 -1.908792 1628687105.933749
7471642.192031 -681585.585837 -1.917978 1628687105.983664
7471642.149751 -681585.702966 -1.927179 1628687106.033639
7471642.106139 -681585.819547 -1.936079 1628687106.084175
7471642.063781 -681585.929293 -1.944151 1628687106.133462
7471642.021934 -681586.034471 -1.951746 1628687106.183441
7471641.975436 -681586.151041 -1.959200 1628687106.233402
7471641.929557 -681586.262429 -1.966226 1628687106.284025
7471641.883388 -681586.372217 -1.972761 1628687106.333363
7471641.838339 -681586.477046 -1.978674 1628687106.383322
7471641.789623 -681586.589772 -1.984120 1628687106.433307
7471641.740574 -681586.700944 -1.989291 1628687106.483921
7471641.693017 -681586.807170 -1.993576 1628687106.533228
7471641.645482 -681586.911765 -1.997603 1628687106.583285
7471641.594568 -681587.023262 -2.000939 1628687106.633277
7471641.543440 -681587.133764 -2.003888 1628687106.683986
7471641.493961 -681587.239761 -2.006068 1628687106.733251
7471641.445684 -681587.342521 -2.007716 1628687106.783206
7471641.393156 -681587.454177 -2.008417 1628687106.833146
7471641.341707 -681587.563005 -2.008734 1628687106.883726
7471641.292122 -681587.667799 -2.008323 1628687106.932957
7471641.243778 -681587.770271 -2.007385 1628687106.982942
7471641.191632 -681587.880965 -2.005290 1628687107.032770
7471641.139905 -681587.991498 -2.002417 1628687107.083155
7471641.090363 -681588.098164 -1.998953 1628687107.132561
7471641.043291 -681588.200702 -1.995713 1628687107.182503
7471640.990817 -681588.315305 -1.990535 1628687107.232419
7471640.941176 -681588.425373 -1.985300 1628687107.282992
7471640.893164 -681588.533410 -1.979672 1628687107.332224
7471640.847254 -681588.638714 -1.974074 1628687107.382203
7471640.796861 -681588.755271 -1.966513 1628687107.432258
7471640.749222 -681588.868075 -1.959371 1628687107.482685
7471640.704334 -681588.976929 -1.951722 1628687107.532140
7471640.660513 -681589.086011 -1.943822 1628687107.582115
7471640.614007 -681589.203340 -1.934380 1628687107.632136
7471640.570118 -681589.317910 -1.925204 1628687107.682373
7471640.527972 -681589.431147 -1.915829 1628687107.732054
7471640.488261 -681589.541813 -1.906568 1628687107.781931
7471640.446329 -681589.660453 -1.896119 1628687107.831916
7471640.406882 -681589.777015 -1.885824 1628687107.882307
7471640.369705 -681589.890847 -1.875699 1628687107.931713
7471640.334602 -681590.003124 -1.865696 1628687107.981721
7471640.297918 -681590.122557 -1.854885 1628687108.031645
7471640.263713 -681590.239719 -1.844284 1628687108.081820
7471640.231171 -681590.355787 -1.833763 1628687108.131534
7471640.201771 -681590.466647 -1.823729 1628687108.181618
7471640.169577 -681590.589027 -1.812578 1628687108.231614
7471640.140721 -681590.705901 -1.801886 1628687108.281997
7471640.113586 -681590.821394 -1.791261 1628687108.331477
7471640.088158 -681590.935870 -1.780750 1628687108.381598
7471640.062116 -681591.056098 -1.769477 1628687108.431433
7471640.038785 -681591.171599 -1.758596 1628687108.481528
7471640.016758 -681591.287145 -1.747531 1628687108.531293
7471639.996727 -681591.400273 -1.736709 1628687108.581219
7471639.975943 -681591.521343 -1.724642 1628687108.631126
7471639.957889 -681591.636838 -1.713028 1628687108.681324
7471639.941284 -681591.752025 -1.701227 1628687108.730987
7471639.926960 -681591.862970 -1.689888 1628687108.780847
7471639.912031 -681591.982553 -1.676962 1628687108.830739
7471639.899380 -681592.099098 -1.664306 1628687108.880798
7471639.888558 -681592.213128 -1.651772 1628687108.930460
7471639.879786 -681592.323780 -1.639598 1628687108.980394
7471639.871211 -681592.441077 -1.626234 1628687109.030353
7471639.864780 -681592.555513 -1.613097 1628687109.080328
7471639.859830 -681592.669663 -1.599924 1628687109.130211
7471639.857131 -681592.777724 -1.587309 1628687109.180212
7471639.854594 -681592.894614 -1.573368 1628687109.229997
7471639.854168 -681593.008663 -1.559719 1628687109.280049
7471639.855377 -681593.119863 -1.546383 1628687109.329815
7471639.858314 -681593.227137 -1.533480 1628687109.379779
7471639.862172 -681593.342216 -1.519448 1628687109.429799
7471639.867811 -681593.452186 -1.505974 1628687109.479658
7471639.874855 -681593.561110 -1.492600 1628687109.529640
7471639.883442 -681593.666663 -1.479633 1628687109.579595
7471639.893412 -681593.780247 -1.465541 1628687109.629588
7471639.904895 -681593.888743 -1.452049 1628687109.679641
7471639.917906 -681593.998385 -1.438402 1628687109.729573
7471639.931961 -681594.101308 -1.425549 1628687109.779529
7471639.947616 -681594.210355 -1.411885 1628687109.829512
7471639.964743 -681594.317263 -1.398444 1628687109.879417
7471639.983240 -681594.423361 -1.385075 1628687109.929369
7471640.002727 -681594.525434 -1.372178 1628687109.979344
7471640.023966 -681594.632486 -1.358617 1628687110.029214
7471640.046227 -681594.735763 -1.345512 1628687110.079187
7471640.070393 -681594.841391 -1.332045 1628687110.129058
7471640.094320 -681594.937671 -1.319725 1628687110.178961
7471640.121151 -681595.044640 -1.306033 1628687110.228850
7471640.148532 -681595.145399 -1.293067 1628687110.278751
7471640.177785 -681595.248009 -1.279815 1628687110.328717
7471640.207385 -681595.345929 -1.267111 1628687110.378639
7471640.239937 -681595.451020 -1.253426 1628687110.428623
7471640.272127 -681595.548942 -1.240567 1628687110.478590
7471640.306190 -681595.648285 -1.227410 1628687110.528577
7471640.341460 -681595.746247 -1.214381 1628687110.578535
7471640.379336 -681595.849081 -1.200652 1628687110.628483
7471640.417172 -681595.946530 -1.187346 1628687110.678404
7471640.456537 -681596.044298 -1.174021 1628687110.728349
7471640.496153 -681596.138129 -1.160959 1628687110.778262
7471640.539882 -681596.239901 -1.146510 1628687110.828161
7471640.583597 -681596.336794 -1.132520 1628687110.878053
7471640.637052 -681596.450850 -1.115595 1628687110.927978
7471640.692451 -681596.564027 -1.098424 1628687110.977922
7471640.717899 -681596.623455 -1.089313 1628687111.027741
7471640.767356 -681596.718494 -1.074606 1628687111.077698
7471640.817593 -681596.811336 -1.059962 1628687111.127537
7471640.867176 -681596.898994 -1.045902 1628687111.177439
7471640.923187 -681596.997096 -1.029784 1628687111.227350
7471640.978192 -681597.088778 -1.014446 1628687111.277207
7471641.033772 -681597.178234 -0.999195 1628687111.327138
7471641.089424 -681597.264195 -0.984263 1628687111.377104
7471641.150177 -681597.356545 -0.967792 1628687111.426998
7471641.211485 -681597.445787 -0.951510 1628687111.477011
7471641.273238 -681597.532566 -0.935289 1628687111.526909
7471641.333965 -681597.614372 -0.919726 1628687111.576909
7471641.399929 -681597.701803 -0.902507 1628687111.626845
7471641.466486 -681597.786400 -0.885376 1628687111.676775
7471641.535324 -681597.870829 -0.867811 1628687111.726713
7471641.601710 -681597.948656 -0.851265 1628687111.776615
7471641.673849 -681598.031845 -0.833014 1628687111.826540
7471641.745368 -681598.110702 -0.815242 1628687111.876500
7471641.817585 -681598.187500 -0.797450 1628687111.926344
7471641.889970 -681598.261135 -0.780049 1628687111.976255
7471641.968583 -681598.339575 -0.761083 1628687112.026191
7471642.045694 -681598.413177 -0.742826 1628687112.075995
7471642.123023 -681598.484113 -0.724814 1628687112.125915
7471642.196459 -681598.548229 -0.708042 1628687112.175790
7471642.283738 -681598.624244 -0.688088 1628687112.225707
7471642.365653 -681598.691565 -0.669798 1628687112.275584
7471642.448042 -681598.756831 -0.651670 1628687112.325461
7471642.529206 -681598.818265 -0.634126 1628687112.375312
7471642.615910 -681598.882519 -0.615494 1628687112.425243
7471642.703077 -681598.944137 -0.597090 1628687112.475172
7471642.790431 -681599.003594 -0.578869 1628687112.525118
7471642.876271 -681599.059215 -0.561228 1628687112.575023
7471642.968213 -681599.117476 -0.542452 1628687112.624970
7471643.058421 -681599.171873 -0.524281 1628687112.674787
7471643.148101 -681599.223716 -0.506418 1628687112.724694
7471643.236534 -681599.272329 -0.488990 1628687112.774602
7471643.332716 -681599.323954 -0.470117 1628687112.824518
7471643.426447 -681599.371562 -0.451976 1628687112.874390
7471643.520062 -681599.417068 -0.434025 1628687112.924241
7471643.611516 -681599.458987 -0.416646 1628687112.974154
7471643.711436 -681599.503781 -0.397722 1628687113.024057
7471643.806547 -681599.543642 -0.379904 1628687113.073943
7471643.903933 -681599.582522 -0.361773 1628687113.123838
7471643.995707 -681599.616709 -0.344860 1628687113.173740
7471644.100867 -681599.655212 -0.325506 1628687113.223740
7471644.199401 -681599.688451 -0.307527 1628687113.273609
7471644.299110 -681599.720106 -0.289458 1628687113.323565
7471644.396629 -681599.748813 -0.271893 1628687113.373520
7471644.502004 -681599.778650 -0.252976 1628687113.423466
7471644.604278 -681599.805055 -0.234719 1628687113.473433
7471644.707635 -681599.829809 -0.216344 1628687113.523431
7471644.806199 -681599.851061 -0.198938 1628687113.573413
7471644.915547 -681599.873629 -0.179638 1628687113.623380
7471645.019872 -681599.892566 -0.161319 1628687113.673226
7471645.125725 -681599.909770 -0.142786 1628687113.723222
7471645.227304 -681599.924008 -0.125065 1628687113.773090
7471645.337069 -681599.938239 -0.105947 1628687113.823040
7471645.442766 -681599.949488 -0.087579 1628687113.872834
7471645.549015 -681599.958758 -0.069151 1628687113.922770
7471645.653098 -681599.965599 -0.051132 1628687113.972650
7471645.764335 -681599.971761 -0.031883 1628687114.022631
7471645.871298 -681599.975167 -0.013393 1628687114.072381
7471645.978307 -681599.976586 0.005098 1628687114.122322
7471646.080303 -681599.975558 0.022716 1628687114.172244
7471646.192797 -681599.973621 0.042159 1628687114.222010
7471646.299096 -681599.969162 0.060521 1628687114.271960
7471646.405907 -681599.962653 0.078992 1628687114.321810
7471646.509415 -681599.954084 0.096914 1628687114.371782
7471646.619266 -681599.943796 0.115937 1628687114.421672
7471646.727042 -681599.931314 0.134590 1628687114.471620
7471646.832259 -681599.917041 0.152786 1628687114.521507
7471646.933365 -681599.901024 0.170301 1628687114.571462
7471647.042906 -681599.882585 0.189217 1628687114.621445
7471647.147955 -681599.862443 0.207389 1628687114.671428
7471647.252329 -681599.840442 0.225420 1628687114.721314
7471647.352127 -681599.817132 0.242707 1628687114.771277
7471647.460280 -681599.790738 0.261337 1628687114.821168
7471647.562642 -681599.763371 0.279036 1628687114.871057
7471647.664439 -681599.734117 0.296606 1628687114.920998
7471647.763626 -681599.703428 0.313735 1628687114.970872
7471647.868711 -681599.669673 0.331832 1628687115.020766
7471647.969279 -681599.634952 0.349204 1628687115.070688
7471648.071259 -681599.597823 0.366755 1628687115.120637
7471648.165351 -681599.561094 0.383077 1628687115.170417
7471648.270204 -681599.519434 0.400928 1628687115.220320
7471648.369548 -681599.477210 0.417867 1628687115.270231
7471648.469026 -681599.433027 0.434609 1628687115.320204
7471648.564296 -681599.388304 0.450518 1628687115.370086
7471648.666029 -681599.339247 0.466940 1628687115.420055
7471648.764170 -681599.289556 0.482351 1628687115.470158
7471648.862271 -681599.237838 0.498280 1628687115.520002
7471648.955234 -681599.186632 0.511639 1628687115.570033
7471649.056271 -681599.129912 0.526571 1628687115.619912
7471649.153237 -681599.073148 0.539889 1628687115.669897
7471649.249488 -681599.014949 0.552802 1628687115.719827
7471649.343242 -681598.956393 0.564866 1628687115.769795
7471649.443106 -681598.892889 0.576831 1628687115.819681
7471649.538920 -681598.829983 0.587690 1628687115.869619
7471649.635239 -681598.765276 0.597884 1628687115.919619
7471649.728383 -681598.701229 0.607052 1628687115.969460
7471649.829199 -681598.630976 0.615966 1628687116.019413
7471649.926036 -681598.561943 0.624099 1628687116.069323
7471650.022933 -681598.491644 0.631652 1628687116.119282
7471650.112548 -681598.425399 0.638342 1628687116.169201
7471650.218092 -681598.347064 0.644573 1628687116.219115
7471650.315592 -681598.273302 0.650157 1628687116.269022
7471650.413278 -681598.198530 0.655174 1628687116.318962
7471650.506097 -681598.126677 0.659959 1628687116.368877
7471650.610215 -681598.045690 0.663764 1628687116.418787
7471650.709516 -681597.967620 0.667086 1628687116.468708
7471650.810369 -681597.887797 0.669963 1628687116.518604
7471650.906313 -681597.811371 0.672402 1628687116.568504
7471651.013092 -681597.726126 0.674121 1628687116.618412
7471651.115676 -681597.643854 0.675431 1628687116.668389
7471651.219578 -681597.560311 0.676404 1628687116.718324
7471651.318845 -681597.480410 0.676881 1628687116.768280
7471651.428072 -681597.392443 0.676939 1628687116.818283
7471651.535494 -681597.305887 0.676702 1628687116.868180
7471651.641791 -681597.220279 0.676151 1628687116.918151
7471651.746647 -681597.135934 0.675498 1628687116.968095
7471651.859327 -681597.045418 0.674175 1628687117.018056
7471651.969319 -681596.957304 0.672704 1628687117.067945
7471652.080197 -681596.868767 0.670937 1628687117.117943
7471652.186182 -681596.784572 0.669107 1628687117.167816
7471652.305843 -681596.689693 0.666691 1628687117.217777
7471652.420564 -681596.599271 0.664422 1628687117.267686
7471652.534837 -681596.509699 0.662068 1628687117.317567
7471652.644918 -681596.423969 0.659677 1628687117.367498
7471652.764987 -681596.330762 0.657007 1628687117.417431
7471652.882048 -681596.240467 0.654409 1628687117.467319
7471653.002828 -681596.147786 0.651732 1628687117.517208
7471653.117410 -681596.060453 0.649199 1628687117.567102
7471653.242709 -681595.965259 0.646431 1628687117.616997
7471653.363326 -681595.874226 0.643786 1628687117.666932
7471653.484396 -681595.783366 0.641123 1628687117.716800
7471653.601586 -681595.695997 0.638549 1628687117.766692
7471653.731083 -681595.599767 0.635715 1628687117.816585
7471653.856296 -681595.507367 0.633019 1628687117.866503
7471653.982058 -681595.415083 0.630330 1628687117.916423
7471654.102959 -681595.326975 0.627770 1628687117.966312
7471654.235821 -681595.230476 0.625021 1628687118.016273
7471654.364693 -681595.137529 0.622402 1628687118.066128
7471654.495311 -681595.043825 0.619793 1628687118.116052
7471654.615267 -681594.958383 0.617438 1628687118.165966
7471654.754345 -681594.859529 0.614901 1628687118.215856
7471654.886122 -681594.766509 0.612582 1628687118.265764
7471655.017479 -681594.674285 0.610397 1628687118.315678
7471655.147563 -681594.583458 0.608279 1628687118.365619
7471655.286908 -681594.486453 0.606290 1628687118.415522
7471655.421653 -681594.393150 0.604509 1628687118.465405
7471655.556215 -681594.300330 0.602889 1628687118.515351
7471655.688785 -681594.209256 0.601374 1628687118.565297
7471655.830305 -681594.112221 0.600119 1628687118.615161
7471655.966163 -681594.019401 0.598991 1628687118.665171
7471656.105709 -681593.924265 0.598020 1628687118.715011
7471656.239845 -681593.833037 0.597143 1628687118.764959
7471656.383728 -681593.735278 0.596399 1628687118.814867
7471656.524394 -681593.639867 0.595778 1628687118.864794
7471656.667296 -681593.543046 0.595247 1628687118.914677
7471656.802347 -681593.451659 0.594771 1628687118.964608
7471656.951519 -681593.350764 0.594351 1628687119.014530
7471657.094323 -681593.254278 0.593928 1628687119.064448
7471657.238478 -681593.156947 0.593553 1628687119.114418
7471657.374213 -681593.065379 0.593228 1628687119.164377
7471657.529538 -681592.960628 0.592855 1628687119.214313
7471657.671494 -681592.865003 0.592513 1628687119.264297
7471657.822623 -681592.763251 0.592150 1628687119.314406
7471657.967282 -681592.665951 0.591802 1628687119.364292
7471658.120438 -681592.562992 0.591447 1628687119.414360
7471658.268718 -681592.463400 0.591090 1628687119.464227
7471658.415777 -681592.364709 0.590708 1628687119.514226
7471658.562158 -681592.266553 0.590268 1628687119.564173
7471658.719654 -681592.160995 0.589760 1628687119.614230
7471658.869424 -681592.060719 0.589293 1628687119.664109
7471659.020220 -681591.959860 0.588775 1628687119.714130
7471659.165437 -681591.862864 0.588259 1628687119.764039
7471659.321143 -681591.758951 0.587605 1628687119.814109
7471659.470971 -681591.659121 0.586973 1628687119.863992
7471659.624806 -681591.556769 0.586329 1628687119.913948
7471659.771474 -681591.459356 0.585667 1628687119.964000
7471659.929553 -681591.354475 0.584940 1628687120.013865
7471660.080041 -681591.254807 0.584261 1628687120.063905
7471660.231302 -681591.154784 0.583560 1628687120.113676
7471660.374183 -681591.060477 0.582894 1628687120.163682
7471660.535350 -681590.954179 0.582154 1628687120.213558
7471660.687927 -681590.853746 0.581467 1628687120.263512
7471660.841412 -681590.752864 0.580763 1628687120.313358
7471660.988816 -681590.656155 0.580085 1628687120.363369
7471661.145729 -681590.553308 0.579373 1628687120.413224
7471661.300419 -681590.452095 0.578673 1628687120.463056
7471661.454418 -681590.351491 0.577988 1628687120.513042
7471661.601829 -681590.255361 0.577381 1628687120.562808
7471661.760363 -681590.152080 0.576742 1628687120.612731
7471661.915890 -681590.050937 0.576130 1628687120.662712
7471662.071189 -681589.950078 0.575561 1628687120.712667
7471662.220051 -681589.853544 0.575001 1628687120.762537
7471662.378019 -681589.751185 0.574450 1628687120.812538
7471662.533482 -681589.650573 0.573929 1628687120.862450
7471662.689284 -681589.549846 0.573437 1628687120.912499
7471662.838492 -681589.453496 0.572974 1628687120.962410
7471662.995564 -681589.352146 0.572488 1628687121.012331
7471663.151065 -681589.251927 0.572007 1628687121.062430
7471663.308612 -681589.150498 0.571532 1628687121.112376
7471663.454197 -681589.056887 0.571111 1628687121.162281
7471663.616306 -681588.952708 0.570663 1628687121.212157
7471663.768407 -681588.855095 0.570268 1628687121.262118
7471663.925042 -681588.754660 0.569844 1628687121.312049
7471664.075151 -681588.658510 0.569458 1628687121.361907
7471664.235708 -681588.555722 0.569151 1628687121.411822
7471664.388251 -681588.458158 0.568867 1628687121.461812
7471664.542838 -681588.359355 0.568661 1628687121.511638
7471664.693050 -681588.263412 0.568429 1628687121.561639
7471664.853660 -681588.160861 0.568194 1628687121.611641
7471665.007314 -681588.062785 0.568022 1628687121.661508
7471665.161017 -681587.964695 0.567905 1628687121.711569
7471665.309064 -681587.870241 0.567791 1628687121.761410
7471665.471845 -681587.766406 0.567666 1628687121.811436
7471665.626447 -681587.667819 0.567547 1628687121.861360
7471665.779793 -681587.570060 0.567428 1628687121.911332
7471665.928171 -681587.475494 0.567315 1628687121.961318
7471666.087216 -681587.374149 0.567194 1628687122.011197
7471666.240523 -681587.276490 0.567090 1628687122.061155
7471666.394587 -681587.178375 0.566972 1628687122.111159
7471666.536448 -681587.088059 0.566859 1628687122.161040
7471666.702707 -681586.982221 0.566722 1628687122.211026
7471666.856419 -681586.884402 0.566612 1628687122.260958
7471667.009269 -681586.787157 0.566503 1628687122.310888
7471667.155491 -681586.694153 0.566400 1628687122.360744
7471667.314375 -681586.593115 0.566292 1628687122.410723
7471667.466686 -681586.496286 0.566203 1628687122.460621
7471667.620380 -681586.398603 0.566140 1628687122.510543
7471667.768942 -681586.304203 0.566089 1628687122.560451
7471667.927590 -681586.203409 0.566086 1628687122.610387
7471668.080850 -681586.106049 0.566081 1628687122.660367
7471668.234309 -681586.008562 0.566122 1628687122.710309
7471668.383811 -681585.913571 0.566183 1628687122.760301
7471668.540935 -681585.813725 0.566275 1628687122.810198
7471668.693711 -681585.716616 0.566408 1628687122.860142
7471668.847870 -681585.618599 0.566615 1628687122.910070
7471668.996610 -681585.523992 0.566827 1628687122.959952
7471669.154544 -681585.423510 0.567125 1628687123.009861
7471669.309350 -681585.324960 0.567441 1628687123.059788
7471669.464087 -681585.226386 0.567837 1628687123.109679
7471669.608541 -681585.134259 0.568246 1628687123.159564
7471669.771133 -681585.030507 0.568794 1628687123.209551
7471669.925251 -681584.932029 0.569323 1628687123.259487
7471670.079037 -681584.833632 0.569931 1628687123.309459
7471670.229092 -681584.737472 0.570556 1628687123.359412
7471670.387918 -681584.635584 0.571234 1628687123.409367
7471670.541572 -681584.536844 0.571904 1628687123.459339
7471670.696805 -681584.436942 0.572602 1628687123.509338
7471670.846249 -681584.340586 0.573295 1628687123.559317
7471671.005344 -681584.237888 0.574033 1628687123.609277
7471671.160170 -681584.137768 0.574752 1628687123.659282
7471671.313290 -681584.038591 0.575477 1628687123.709202
7471671.462998 -681583.941460 0.576160 1628687123.759185
7471671.624476 -681583.836569 0.576910 1628687123.809142
7471671.779352 -681583.735779 0.577638 1628687123.859166
7471671.932862 -681583.635718 0.578352 1628687123.909129
7471672.081194 -681583.538870 0.579043 1628687123.959069
7471672.241292 -681583.434219 0.579789 1628687124.009076
7471672.395648 -681583.333134 0.580481 1628687124.059024
7471672.554134 -681583.229187 0.581218 1628687124.108919
7471672.697581 -681583.134928 0.581873 1628687124.158858
7471672.860491 -681583.027792 0.582601 1628687124.208750
7471673.014327 -681582.926424 0.583263 1628687124.258687
7471673.170379 -681582.823442 0.583941 1628687124.308569
7471673.322582 -681582.722839 0.584618 1628687124.358479
7471673.481806 -681582.617480 0.585288 1628687124.408457
7471673.636674 -681582.514838 0.585941 1628687124.458371
7471673.791383 -681582.412153 0.586580 1628687124.508304
7471673.942219 -681582.311887 0.587210 1628687124.558306
7471674.104490 -681582.203913 0.587870 1628687124.608234
7471674.259625 -681582.100516 0.588469 1628687124.658257
7471674.416413 -681581.995872 0.589048 1628687124.708178
7471674.567007 -681581.895215 0.589573 1628687124.758202
7471674.730556 -681581.785800 0.590067 1628687124.808224
7471674.883588 -681581.683271 0.590537 1628687124.858274
7471675.035764 -681581.581212 0.590980 1628687124.908199
7471675.185059 -681581.481007 0.591366 1628687124.958121
7471675.347740 -681581.371753 0.591758 1628687125.008106
7471675.502127 -681581.267985 0.592117 1628687125.058052
7471675.655977 -681581.164503 0.592433 1628687125.108047
7471675.798159 -681581.068792 0.592737 1628687125.157893
7471675.958638 -681580.960720 0.593086 1628687125.207897
7471676.108147 -681580.859945 0.593406 1628687125.257779
7471676.257597 -681580.759141 0.593727 1628687125.307690
7471676.402424 -681580.661380 0.594038 1628687125.357648
7471676.565066 -681580.551540 0.594385 1628687125.407612
7471676.713862 -681580.450965 0.594717 1628687125.457567
7471676.860330 -681580.351894 0.595033 1628687125.507559
7471677.001313 -681580.256461 0.595323 1628687125.557628
7471677.157182 -681580.150898 0.595664 1628687125.607682
7471677.308035 -681580.048650 0.595996 1628687125.657776
7471677.458308 -681579.946725 0.596319 1628687125.707815
7471677.601659 -681579.849418 0.596627 1628687125.757916
7471677.756150 -681579.744498 0.596973 1628687125.807950
7471677.903800 -681579.644143 0.597291 1628687125.857985
7471678.053262 -681579.542487 0.597600 1628687125.908089
7471678.196199 -681579.445191 0.597917 1628687125.957975
7471678.348930 -681579.341173 0.598253 1628687126.008052
7471678.497241 -681579.240090 0.598573 1628687126.058004
7471678.645222 -681579.139160 0.598892 1628687126.107965
7471678.785080 -681579.043696 0.599194 1628687126.157899
7471678.940348 -681578.937669 0.599516 1628687126.207877
7471679.087463 -681578.837124 0.599735 1628687126.257881
7471679.235892 -681578.735613 0.599861 1628687126.307789
7471679.378521 -681578.637996 0.599967 1628687126.357769
7471679.529893 -681578.534362 0.599856 1628687126.407717
7471679.675957 -681578.434340 0.599614 1628687126.457798
7471679.822205 -681578.334221 0.599205 1628687126.507720
7471679.960168 -681578.239845 0.598740 1628687126.557872
7471680.103180 -681578.142112 0.597788 1628687126.607852
7471680.249286 -681578.042445 0.596715 1628687126.657833
7471680.407555 -681577.934729 0.595281 1628687126.707950
7471680.542092 -681577.843489 0.593937 1628687126.757904
7471680.687307 -681577.745244 0.592071 1628687126.808046
7471680.823056 -681577.653822 0.590248 1628687126.858025
7471680.971471 -681577.554264 0.588028 1628687126.908095
7471681.109222 -681577.462367 0.585955 1628687126.958051
7471681.257074 -681577.364092 0.583458 1628687127.008041
7471681.399806 -681577.269815 0.580948 1628687127.058059
7471681.544358 -681577.174843 0.578250 1628687127.108065
7471681.682330 -681577.084799 0.575600 1628687127.158047
7471681.834198 -681576.986050 0.572342 1628687127.207960
7471681.978438 -681576.892988 0.569170 1628687127.257958
7471682.119492 -681576.802616 0.565866 1628687127.307922
7471682.256954 -681576.715218 0.562574 1628687127.357882
7471682.404460 -681576.621956 0.558506 1628687127.407823
7471682.548276 -681576.531904 0.554386 1628687127.457763
7471682.690860 -681576.443429 0.550001 1628687127.507702
7471682.828381 -681576.358993 0.545609 1628687127.557666
7471682.974076 -681576.270223 0.540231 1628687127.607659
7471683.117535 -681576.183936 0.534753 1628687127.657669
7471683.260750 -681576.098863 0.528914 1628687127.707667
7471683.397862 -681576.018576 0.523159 1628687127.757666
7471683.542886 -681575.934542 0.516201 1628687127.807664
7471683.685682 -681575.853198 0.509095 1628687127.857621
7471683.828170 -681575.773410 0.501635 1628687127.907584
7471683.964451 -681575.698548 0.494377 1628687127.957557
7471684.112466 -681575.618314 0.485518 1628687128.007562
7471684.255256 -681575.542713 0.476788 1628687128.057589
7471684.397935 -681575.468765 0.467628 1628687128.107555
7471684.532055 -681575.400992 0.459089 1628687128.157556
7471684.683107 -681575.325799 0.448279 1628687128.207657
7471684.826677 -681575.256424 0.438063 1628687128.257604
7471684.969997 -681575.189028 0.427186 1628687128.307686
7471685.109474 -681575.125436 0.416469 1628687128.357844
7471685.256894 -681575.059754 0.404254 1628687128.407633
7471685.401221 -681574.997737 0.392082 1628687128.457693
7471685.546733 -681574.937256 0.379359 1628687128.507664
7471685.685476 -681574.881928 0.367239 1628687128.557750
7471685.835313 -681574.823766 0.353312 1628687128.607587
7471685.979077 -681574.770620 0.339928 1628687128.657623
7471686.124192 -681574.719152 0.326252 1628687128.707567
7471686.267925 -681574.670632 0.312657 1628687128.758139
7471686.416635 -681574.622237 0.298356 1628687128.807456
7471686.561337 -681574.577715 0.284514 1628687128.857455
7471686.704617 -681574.535878 0.270767 1628687128.907449
7471686.847160 -681574.496481 0.257096 1628687128.957364
7471686.997763 -681574.456628 0.242654 1628687129.007386
7471687.143761 -681574.420484 0.228616 1628687129.057465
7471687.288281 -681574.386818 0.214678 1628687129.107426
7471687.426576 -681574.356852 0.201418 1628687129.157500
7471687.580627 -681574.324874 0.186193 1628687129.207484
7471687.726649 -681574.297290 0.171968 1628687129.257520
7471687.873065 -681574.271759 0.156924 1628687129.307601
7471688.014450 -681574.249419 0.142852 1628687129.357623
7471688.163334 -681574.227633 0.127087 1628687129.407647
7471688.309377 -681574.208807 0.111372 1628687129.457728
7471688.453525 -681574.192565 0.095524 1628687129.507719
7471688.593298 -681574.179236 0.079956 1628687129.557701
7471688.741858 -681574.166895 0.062718 1628687129.607760
7471688.883056 -681574.157982 0.046146 1628687129.657703
7471689.025014 -681574.151296 0.029219 1628687129.707726
7471689.164566 -681574.147336 0.012433 1628687129.757748
7471689.310720 -681574.145109 -0.005472 1628687129.807706
7471689.448274 -681574.145846 -0.022405 1628687129.857646
7471689.589493 -681574.149014 -0.039850 1628687129.907565
7471689.731667 -681574.154831 -0.057522 1628687129.957537
7471689.881933 -681574.163098 -0.076228 1628687130.007417
7471690.005476 -681574.172710 -0.091646 1628687130.057391
7471690.146013 -681574.185667 -0.109180 1628687130.107347
7471690.286029 -681574.201234 -0.126698 1628687130.157269
7471690.430701 -681574.219161 -0.144824 1628687130.207301
7471690.569352 -681574.239391 -0.162240 1628687130.257189
7471690.702661 -681574.261262 -0.179039 1628687130.307221
7471690.833086 -681574.285083 -0.195531 1628687130.357095
7471690.971666 -681574.312246 -0.213076 1628687130.407090
7471691.106819 -681574.341431 -0.230276 1628687130.457051
7471691.239724 -681574.372653 -0.247248 1628687130.507000
7471691.365433 -681574.404605 -0.263393 1628687130.557016
7471691.505060 -681574.441911 -0.281364 1628687130.607075
7471691.633170 -681574.478951 -0.297954 1628687130.657050
7471691.762357 -681574.518647 -0.314758 1628687130.707098
7471691.888594 -681574.559987 -0.331279 1628687130.757099
7471692.019357 -681574.604662 -0.348456 1628687130.807052
7471692.141876 -681574.649208 -0.364680 1628687130.857033
7471692.263508 -681574.695688 -0.380845 1628687130.907031
7471692.383057 -681574.743765 -0.396819 1628687130.956961
7471692.507644 -681574.795702 -0.413518 1628687131.006971
7471692.628267 -681574.848602 -0.429746 1628687131.056882
7471692.744507 -681574.901924 -0.445310 1628687131.106806
7471692.853356 -681574.954199 -0.459902 1628687131.156952
7471692.974743 -681575.013993 -0.475666 1628687131.206788
7471693.087368 -681575.072130 -0.490075 1628687131.256741
7471693.198548 -681575.131741 -0.503976 1628687131.306700
7471693.309317 -681575.193270 -0.517456 1628687131.357570
7471693.421089 -681575.256980 -0.529995 1628687131.406647
7471693.535727 -681575.324553 -0.542435 1628687131.456611
7471693.639901 -681575.387816 -0.553018 1628687131.506542
7471693.742396 -681575.451563 -0.562575 1628687131.557368
7471693.849790 -681575.519525 -0.571414 1628687131.606467
7471693.957040 -681575.588968 -0.579801 1628687131.656405
7471694.062218 -681575.658288 -0.587075 1628687131.706373
7471694.162242 -681575.725232 -0.593057 1628687131.756480
7471694.266048 -681575.795474 -0.598250 1628687131.806327
7471694.368505 -681575.865689 -0.602789 1628687131.856348
7471694.468618 -681575.934979 -0.606549 1628687131.906297
7471694.566218 -681576.002989 -0.609354 1628687131.956298
7471694.671157 -681576.076471 -0.611414 1628687132.006299
7471694.771582 -681576.147210 -0.612989 1628687132.056227
7471694.870704 -681576.217246 -0.613829 1628687132.106262
7471694.991155 -681576.302119 -0.612990 1628687132.156228
7471695.081688 -681576.366389 -0.612056 1628687132.206249
7471695.190441 -681576.443394 -0.609939 1628687132.256258
7471695.294796 -681576.517175 -0.608084 1628687132.306273
7471695.395288 -681576.587930 -0.605807 1628687132.356305
7471695.494071 -681576.656902 -0.602979 1628687132.406206
7471695.597170 -681576.728700 -0.599002 1628687132.456171
7471695.698166 -681576.798338 -0.595012 1628687132.506116
7471695.801379 -681576.868898 -0.590342 1628687132.556134
7471695.903493 -681576.937681 -0.585105 1628687132.606096
7471696.010349 -681577.009391 -0.578657 1628687132.656086
7471696.112377 -681577.076668 -0.572376 1628687132.706088
7471696.218637 -681577.145849 -0.565369 1628687132.756487
7471696.320529 -681577.210761 -0.558261 1628687132.806085
7471696.426018 -681577.277594 -0.550044 1628687132.856073
7471696.533928 -681577.344444 -0.541520 1628687132.906083
7471696.641086 -681577.409450 -0.532734 1628687132.957043
7471696.743917 -681577.470106 -0.523928 1628687133.006064
7471696.857725 -681577.536988 -0.513393 1628687133.056090
7471696.965070 -681577.597883 -0.503520 1628687133.106101
7471697.075229 -681577.659043 -0.493049 1628687133.156745
7471697.176556 -681577.712992 -0.483374 1628687133.205990
7471697.292016 -681577.774717 -0.471652 1628687133.255950
7471697.406868 -681577.833797 -0.460081 1628687133.305925
7471697.522531 -681577.891410 -0.448364 1628687133.356780
7471697.630469 -681577.942900 -0.437354 1628687133.405906
7471697.748846 -681577.999085 -0.425130 1628687133.455886
7471697.861820 -681578.050091 -0.413623 1628687133.505884
7471697.982246 -681578.103388 -0.401196 1628687133.556692
7471698.093178 -681578.149802 -0.389752 1628687133.605883
7471698.216381 -681578.201153 -0.377000 1628687133.655906
7471698.335667 -681578.248405 -0.364743 1628687133.705880
7471698.453753 -681578.293472 -0.352642 1628687133.755866
7471698.571391 -681578.336187 -0.340663 1628687133.805799
7471698.698890 -681578.382102 -0.327499 1628687133.855782
7471698.820014 -681578.423343 -0.314889 1628687133.905684
7471698.944358 -681578.463903 -0.301871 1628687133.955592
7471699.065228 -681578.501151 -0.289245 1628687134.005576
7471699.194901 -681578.540496 -0.275498 1628687134.055452
7471699.321855 -681578.576714 -0.262051 1628687134.105412
7471699.447324 -681578.610637 -0.248758 1628687134.155295
7471699.566667 -681578.640128 -0.236133 1628687134.205345
7471699.700389 -681578.673558 -0.221562 1628687134.255242
7471699.829714 -681578.702862 -0.207653 1628687134.305254
7471699.959684 -681578.730419 -0.193646 1628687134.355115
7471700.086368 -681578.754734 -0.180013 1628687134.405150
7471700.220183 -681578.779653 -0.165444 1628687134.455112
7471700.353207 -681578.801946 -0.151008 1628687134.505114
7471700.483068 -681578.821667 -0.136887 1628687134.555143
7471700.609968 -681578.838583 -0.123112 1628687134.605259
7471700.745210 -681578.855963 -0.108448 1628687134.655188
7471700.878348 -681578.870522 -0.094054 1628687134.705213
7471701.012950 -681578.883273 -0.079520 1628687134.756167
7471701.137626 -681578.892487 -0.066126 1628687134.805267
7471701.273681 -681578.902280 -0.051575 1628687134.855309
7471701.406597 -681578.909016 -0.037299 1628687134.905391
7471701.541388 -681578.913989 -0.022841 1628687134.956198
7471701.668260 -681578.916298 -0.009334 1628687135.005513
7471701.800618 -681578.918156 0.004641 1628687135.055579
7471701.931987 -681578.917437 0.018271 1628687135.105575
7471702.068186 -681578.914889 0.032204 1628687135.156255
7471702.191395 -681578.909864 0.044713 1628687135.205705
7471702.329079 -681578.904523 0.058133 1628687135.255795
7471702.455811 -681578.896740 0.070451 1628687135.305767
7471702.589868 -681578.887000 0.083235 1628687135.356356
7471702.715134 -681578.875479 0.095196 1628687135.405755
7471702.849749 -681578.863013 0.107096 1628687135.455787
7471702.979179 -681578.848620 0.118415 1628687135.505837
7471703.108956 -681578.832724 0.129449 1628687135.556467
7471703.232622 -681578.815720 0.139903 1628687135.605648
7471703.364951 -681578.797207 0.150210 1628687135.655675
7471703.496460 -681578.776987 0.160290 1628687135.705742
7471703.624345 -681578.755774 0.169917 1628687135.755647
7471703.748800 -681578.733664 0.179121 1628687135.805722
7471703.884327 -681578.709364 0.188367 1628687135.855679
7471704.013819 -681578.684329 0.197153 1628687135.905725
7471704.144132 -681578.657984 0.205845 1628687135.955721
7471704.269233 -681578.631203 0.214160 1628687136.005742
7471704.403050 -681578.602279 0.222570 1628687136.055766
7471704.532893 -681578.572765 0.230638 1628687136.105858
7471704.665019 -681578.541581 0.238725 1628687136.155853
7471704.784547 -681578.511706 0.246065 1628687136.205817
7471704.923507 -681578.477383 0.254205 1628687136.255887
7471705.054236 -681578.443364 0.261834 1628687136.305838
7471705.186144 -681578.407902 0.269394 1628687136.355870
7471705.315756 -681578.371685 0.276784 1628687136.405905
7471705.451670 -681578.333383 0.284289 1628687136.455949
7471705.581038 -681578.295383 0.291317 1628687136.505990
7471705.712250 -681578.255928 0.298306 1628687136.555978
7471705.835777 -681578.217327 0.304864 1628687136.605962
7471705.973803 -681578.174124 0.311843 1628687136.655949
7471706.102070 -681578.132394 0.318619 1628687136.705924
7471706.236434 -681578.088028 0.325278 1628687136.755883
7471706.363273 -681578.044742 0.331595 1628687136.805832
7471706.498571 -681577.998412 0.337964 1628687136.855800
7471706.628741 -681577.952511 0.344082 1628687136.905712
7471706.760305 -681577.905300 0.350232 1628687136.955708
7471706.888558 -681577.858043 0.356270 1628687137.005648
7471707.025677 -681577.807363 0.362614 1628687137.055664
7471707.155672 -681577.758005 0.368597 1628687137.105638
7471707.287830 -681577.706994 0.374658 1628687137.155613
7471707.410544 -681577.658241 0.380290 1628687137.205637
7471707.549363 -681577.603307 0.386659 1628687137.255657
7471707.680268 -681577.550003 0.392672 1628687137.305638
7471707.813017 -681577.495042 0.398719 1628687137.355609
7471707.941629 -681577.440565 0.404521 1628687137.405660
7471708.079825 -681577.381744 0.410619 1628687137.455705
7471708.213212 -681577.323594 0.416400 1628687137.505679
7471708.347101 -681577.264315 0.422162 1628687137.555732
7471708.475722 -681577.206089 0.427659 1628687137.605719
7471708.610931 -681577.144696 0.433225 1628687137.655713
7471708.741739 -681577.083954 0.438563 1628687137.705724
7471708.877926 -681577.019930 0.443901 1628687137.755746
7471709.007258 -681576.957972 0.448891 1628687137.805640
7471709.149173 -681576.889768 0.454011 1628687137.855618
7471709.281814 -681576.824803 0.458660 1628687137.905585
7471709.415812 -681576.758382 0.463201 1628687137.955602
7471709.545718 -681576.693010 0.467592 1628687138.005451
7471709.684514 -681576.623007 0.471791 1628687138.055383
7471709.821077 -681576.553091 0.475888 1628687138.105383
7471709.954946 -681576.483847 0.479792 1628687138.155291
7471710.083232 -681576.416525 0.483630 1628687138.205271
7471710.226511 -681576.341545 0.487532 1628687138.255285
7471710.361182 -681576.270028 0.491240 1628687138.305237
7471710.493296 -681576.199201 0.494841 1628687138.355234
7471710.625548 -681576.127619 0.498387 1628687138.405221
7471710.765229 -681576.051849 0.502186 1628687138.455220
7471710.901231 -681575.977201 0.505946 1628687138.505196
7471711.036105 -681575.902494 0.509850 1628687138.555178
7471711.164482 -681575.830603 0.513671 1628687138.605204
7471711.304475 -681575.752037 0.518190 1628687138.655200
7471711.437039 -681575.676685 0.522708 1628687138.705192
7471711.572963 -681575.598717 0.527611 1628687138.755916
7471711.697756 -681575.526066 0.532120 1628687138.805168
7471711.836951 -681575.444813 0.537780 1628687138.855175
7471711.968367 -681575.366886 0.543234 1628687138.905178
7471712.102888 -681575.286032 0.549092 1628687138.955933
7471712.227214 -681575.209965 0.554578 1628687139.005230
7471712.361719 -681575.127294 0.561096 1628687139.055240
7471712.494383 -681575.044376 0.567569 1628687139.105233
7471712.625469 -681574.961046 0.574328 1628687139.155961
7471712.741984 -681574.885119 0.580181 1628687139.205185
7471712.879313 -681574.796080 0.587556 1628687139.255179
7471713.007037 -681574.711102 0.594390 1628687139.305147
7471713.137577 -681574.623076 0.601423 1628687139.355891
7471713.259300 -681574.539101 0.608170 1628687139.405139
7471713.390456 -681574.448247 0.615511 1628687139.455101
7471713.517649 -681574.358392 0.622688 1628687139.505122
7471713.643516 -681574.267991 0.629821 1628687139.555646
7471713.761304 -681574.181707 0.636576 1628687139.605095
7471713.888680 -681574.087950 0.643984 1628687139.655123
7471714.015792 -681573.992648 0.651467 1628687139.705149
7471714.139338 -681573.898491 0.658871 1628687139.755204
7471714.258292 -681573.806061 0.666023 1628687139.805190
7471714.385193 -681573.707048 0.673771 1628687139.855369
7471714.505706 -681573.610899 0.681181 1628687139.905249
7471714.627645 -681573.512197 0.688819 1628687139.955294
7471714.743573 -681573.416406 0.696301 1628687140.005363
7471714.866229 -681573.314493 0.704277 1628687140.055406
7471714.986318 -681573.212677 0.712222 1628687140.105431
7471715.104335 -681573.110876 0.720239 1628687140.155483
7471715.214610 -681573.013385 0.727719 1628687140.205533
7471715.339238 -681572.903544 0.736281 1628687140.255609
7471715.452762 -681572.800700 0.744108 1628687140.305596
7471715.566705 -681572.695814 0.752139 1628687140.355570
7471715.674838 -681572.594043 0.759912 1628687140.405596
7471715.783669 -681572.491063 0.767782 1628687140.455632
7471715.886475 -681572.391526 0.775262 1628687140.505505
7471716.018497 -681572.262669 0.784921 1628687140.555542
7471716.118978 -681572.161618 0.792375 1628687140.605415
7471716.228547 -681572.051196 0.800544 1628687140.655397
7471716.333852 -681571.942654 0.808468 1628687140.705304
7471716.431071 -681571.840712 0.815841 1628687140.755235
7471716.534640 -681571.730096 0.823780 1628687140.805218
7471716.641618 -681571.615245 0.831984 1628687140.855212
7471716.743970 -681571.502838 0.839949 1628687140.905288
7471716.845130 -681571.389890 0.847874 1628687140.955151
7471716.941272 -681571.280282 0.855400 1628687141.005227
7471717.043142 -681571.163720 0.863331 1628687141.055146
7471717.140939 -681571.049269 0.871016 1628687141.105287
7471717.237025 -681570.934853 0.878615 1628687141.155254
7471717.327944 -681570.824128 0.885777 1628687141.205248
7471717.428258 -681570.702285 0.893266 1628687141.255226
7471717.521174 -681570.586625 0.900145 1628687141.305255
7471717.612549 -681570.470962 0.906781 1628687141.355340
7471717.699369 -681570.359004 0.912928 1628687141.405277
7471717.790413 -681570.241184 0.918797 1628687141.455367
7471717.877909 -681570.125776 0.924383 1628687141.505292
7471717.965940 -681570.008295 0.929664 1628687141.555394
7471718.051046 -681569.893034 0.934585 1628687141.605317
7471718.139951 -681569.772381 0.938955 1628687141.655331
7471718.223987 -681569.656701 0.942961 1628687141.705355
7471718.306542 -681569.542012 0.946612 1628687141.755880
7471718.384366 -681569.432929 0.949728 1628687141.805243
7471718.468840 -681569.314461 0.952382 1628687141.855212
7471718.551554 -681569.197507 0.954702 1628687141.905237
7471718.634471 -681569.079601 0.956719 1628687141.955867
7471718.710988 -681568.970215 0.958279 1628687142.005152
7471718.792607 -681568.853554 0.959144 1628687142.055001
7471718.870655 -681568.741462 0.959877 1628687142.104910
7471718.950225 -681568.627046 0.960124 1628687142.155398
7471719.022727 -681568.522674 0.960504 1628687142.204808
7471719.107013 -681568.401552 0.959312 1628687142.254862
7471719.185415 -681568.288871 0.958281 1628687142.304885
7471719.264338 -681568.175666 0.956864 1628687142.355461
7471719.338003 -681568.070378 0.955460 1628687142.404870
7471719.423187 -681567.948894 0.952676 1628687142.454896
7471719.494145 -681567.848384 0.950280 1628687142.505019
7471719.577122 -681567.731370 0.946939 1628687142.555342
7471719.651500 -681567.627458 0.943827 1628687142.604956
7471719.731989 -681567.515352 0.939327 1628687142.654944
7471719.813047 -681567.403678 0.934644 1628687142.705277
7471719.891481 -681567.296621 0.930342 1628687142.755023
7471719.969608 -681567.191337 0.924577 1628687142.805045
7471720.052979 -681567.079556 0.918048 1628687142.855053
7471720.134408 -681566.972082 0.911502 1628687142.905051
7471720.215519 -681566.866390 0.904940 1628687142.955083
7471720.296054 -681566.763374 0.898068 1628687143.004951
7471720.383801 -681566.651763 0.889249 1628687143.055079
7471720.468001 -681566.547209 0.880765 1628687143.104948
7471720.555569 -681566.440112 0.871516 1628687143.154899
7471720.641174 -681566.338446 0.862399 1628687143.204887
7471720.731848 -681566.230654 0.851272 1628687143.254862
7471720.819323 -681566.130086 0.840772 1628687143.304877
7471720.914121 -681566.023076 0.829024 1628687143.354897
7471721.005906 -681565.922502 0.817748 1628687143.404973
7471721.105151 -681565.814872 0.804513 1628687143.454929
7471721.203989 -681565.711201 0.791349 1628687143.504892
7471721.302525 -681565.610716 0.777985 1628687143.554876
7471721.399709 -681565.515132 0.765015 1628687143.604891
7471721.506953 -681565.410317 0.749890 1628687143.654832
7471721.612494 -681565.311441 0.735278 1628687143.704783
7471721.722493 -681565.211462 0.719977 1628687143.755164
7471721.826189 -681565.121331 0.705677 1628687143.804860
7471721.940918 -681565.021914 0.689354 1628687143.854713
7471722.055377 -681564.927316 0.673334 1628687143.904646
7471722.172482 -681564.833787 0.656991 1628687143.955123
7471722.287620 -681564.745560 0.641119 1628687144.004646
7471722.415578 -681564.648548 0.623085 1628687144.054627
7471722.536803 -681564.561119 0.606433 1628687144.104676
7471722.664654 -681564.472070 0.588539 1628687144.155398
7471722.779342 -681564.397259 0.573188 1628687144.204649
7471722.918567 -681564.304939 0.553718 1628687144.254728
7471723.050230 -681564.223184 0.535657 1628687144.304779
7471723.186908 -681564.141638 0.516861 1628687144.355643
7471723.319048 -681564.067497 0.499252 1628687144.404970
7471723.463295 -681563.987314 0.479613 1628687144.454880
7471723.603777 -681563.914034 0.460798 1628687144.504916
7471723.747975 -681563.842189 0.441655 1628687144.555541
7471723.883612 -681563.779278 0.423857 1628687144.604848
7471724.042213 -681563.706149 0.402926 1628687144.654853
7471724.191701 -681563.642370 0.383434 1628687144.705320
7471724.338282 -681563.583334 0.364487 1628687144.754774
7471724.487355 -681563.527470 0.345537 1628687144.804746
7471724.649606 -681563.467695 0.325334 1628687144.854781
7471724.809459 -681563.413789 0.306007 1628687144.904673
7471724.968793 -681563.363495 0.287247 1628687144.954669
7471725.124533 -681563.318994 0.269284 1628687145.004694
7471725.293060 -681563.271772 0.250987 1628687145.054668
7471725.455217 -681563.230850 0.234089 1628687145.104668
7471725.622767 -681563.191831 0.217403 1628687145.154691
7471725.781525 -681563.159339 0.201642 1628687145.204679
7471725.962749 -681563.121265 0.186626 1628687145.254710
7471726.132241 -681563.090542 0.173152 1628687145.304702
7471726.305292 -681563.061593 0.160462 1628687145.354690
7471726.476861 -681563.036038 0.148189 1628687145.404653
7471726.660636 -681563.009301 0.137079 1628687145.454625
7471726.838415 -681562.986339 0.127462 1628687145.504539
7471727.012801 -681562.965477 0.119140 1628687145.554445
7471727.185744 -681562.946690 0.111310 1628687145.604397
7471727.377538 -681562.925901 0.105030 1628687145.654312
7471727.559319 -681562.908116 0.099538 1628687145.704244
7471727.743603 -681562.891068 0.094844 1628687145.754535
7471727.920075 -681562.875800 0.090756 1628687145.804094
7471728.115900 -681562.858669 0.088142 1628687145.854048
7471728.305461 -681562.843047 0.085684 1628687145.903950
7471728.491736 -681562.828004 0.084015 1628687145.953925
7471728.676376 -681562.813401 0.082409 1628687146.003881
7471728.876384 -681562.797415 0.081678 1628687146.053913
7471729.067694 -681562.782287 0.081016 1628687146.103835
7471729.263991 -681562.766707 0.080558 1628687146.154227
7471729.442705 -681562.752417 0.080324 1628687146.203816
7471729.654575 -681562.735426 0.080333 1628687146.253781
7471729.853697 -681562.719410 0.080410 1628687146.303791
7471730.054617 -681562.703218 0.080534 1628687146.354023
7471730.244192 -681562.687910 0.080638 1628687146.403725
7471730.451407 -681562.671173 0.080751 1628687146.453758
7471730.652809 -681562.654873 0.080955 1628687146.503758
7471730.856141 -681562.638396 0.081299 1628687146.554076
7471731.051530 -681562.622537 0.081647 1628687146.603777
7471731.263563 -681562.605311 0.082202 1628687146.653786
7471731.470419 -681562.588443 0.083024 1628687146.704147
7471731.673998 -681562.571744 0.083893 1628687146.753839
7471731.873706 -681562.555221 0.084773 1628687146.803888
7471732.090011 -681562.537205 0.086246 1628687146.853936
7471732.298882 -681562.519508 0.087470 1628687146.904260
7471732.502375 -681562.501929 0.089085 1628687146.953974
7471732.704764 -681562.484027 0.090939 1628687147.004017
7471732.917577 -681562.465052 0.092715 1628687147.054065
7471733.124898 -681562.445942 0.094712 1628687147.104413
7471733.330350 -681562.426534 0.096812 1628687147.154174
7471733.517605 -681562.408059 0.098651 1628687147.204250
7471733.760660 -681562.384723 0.101303 1628687147.254323
7471733.970254 -681562.363478 0.103601 1628687147.304636
7471734.170515 -681562.342642 0.105796 1628687147.354476
7471734.376731 -681562.320614 0.108036 1628687147.404480
7471734.596254 -681562.297000 0.110468 1628687147.454601
7471734.810586 -681562.273232 0.112881 1628687147.505111
7471735.019099 -681562.249637 0.115216 1628687147.554716
7471735.223205 -681562.225870 0.117549 1628687147.604787
7471735.446051 -681562.199785 0.120149 1628687147.654842
7471735.659127 -681562.174116 0.122615 1628687147.704941
7471735.874768 -681562.147625 0.125192 1628687147.755465
7471736.077431 -681562.121965 0.127589 1628687147.805076
7471736.300511 -681562.093610 0.130253 1628687147.855122
7471736.511109 -681562.066062 0.132770 1628687147.905159
7471736.726113 -681562.037350 0.135377 1628687147.955670
7471736.931039 -681562.009283 0.137907 1628687148.005166
7471737.147398 -681561.979443 0.140626 1628687148.055167
7471737.351803 -681561.950505 0.143223 1628687148.105147
7471737.552568 -681561.921525 0.145859 1628687148.155704
7471737.784648 -681561.887341 0.148785 1628687148.205242
7471738.004145 -681561.854850 0.151714 1628687148.255195
7471738.200540 -681561.824850 0.154248 1628687148.305151
7471738.422451 -681561.790448 0.157207 1628687148.355705
7471738.628475 -681561.757639 0.159978 1628687148.405223
7471738.848063 -681561.722465 0.163025 1628687148.455284
7471739.053307 -681561.688709 0.165908 1628687148.505337
7471739.251583 -681561.655494 0.168853 1628687148.556008
7471739.450467 -681561.621462 0.171922 1628687148.605386
7471739.681991 -681561.581739 0.175713 1628687148.655430
7471739.913444 -681561.541011 0.179566 1628687148.705904
7471740.107497 -681561.505991 0.182783 1628687148.755386
7471740.297074 -681561.470933 0.185936 1628687148.805387
7471740.507921 -681561.431784 0.189760 1628687148.855314
7471740.716510 -681561.391941 0.193651 1628687148.905668
7471740.928699 -681561.350505 0.197691 1628687148.955234
7471741.135215 -681561.309086 0.201663 1628687149.005138
7471741.349779 -681561.265692 0.205845 1628687149.055094
7471741.552434 -681561.223469 0.209832 1628687149.105561
7471741.751778 -681561.180972 0.213867 1628687149.155045
7471741.942759 -681561.138996 0.217753 1628687149.205039
7471742.167289 -681561.089952 0.222353 1628687149.255075
7471742.375544 -681561.042897 0.226623 1628687149.305623
7471742.577956 -681560.996158 0.230787 1628687149.355188
7471742.771982 -681560.950275 0.234772 1628687149.405073
7471742.988718 -681560.898763 0.239231 1628687149.455213
7471743.198969 -681560.847561 0.243560 1628687149.505554
7471743.403281 -681560.796740 0.247773 1628687149.555229
7471743.601012 -681560.746410 0.251853 1628687149.605263
7471743.813727 -681560.692035 0.256245 1628687149.655175
7471744.022939 -681560.637312 0.260572 1628687149.705499
7471744.227363 -681560.582769 0.264806 1628687149.755181
7471744.424218 -681560.529030 0.268888 1628687149.805136
7471744.642470 -681560.469287 0.273394 1628687149.855040
7471744.848290 -681560.411561 0.277670 1628687149.905338
7471745.051979 -681560.353478 0.281933 1628687149.954924
7471745.251875 -681560.295270 0.286100 1628687150.004970
7471745.460422 -681560.234219 0.290439 1628687150.054905
7471745.671324 -681560.171243 0.294835 1628687150.105369
7471745.873025 -681560.109951 0.299052 1628687150.154881
7471746.066252 -681560.049843 0.303103 1628687150.204907
7471746.287999 -681559.981147 0.307750 1628687150.254985
7471746.494055 -681559.915687 0.312077 1628687150.305334
7471746.690689 -681559.852236 0.316207 1628687150.354928
7471746.888355 -681559.787254 0.320371 1628687150.405035
7471747.098625 -681559.717808 0.324777 1628687150.454997
7471747.305247 -681559.648247 0.329091 1628687150.505341
7471747.506963 -681559.579308 0.333282 1628687150.555012
7471747.702900 -681559.511147 0.337376 1628687150.604971
7471747.913514 -681559.437566 0.341767 1628687150.654953
7471748.114087 -681559.366211 0.345996 1628687150.705327
7471748.306209 -681559.296795 0.350031 1628687150.755075
7471748.500255 -681559.225692 0.354079 1628687150.805020
7471748.711836 -681559.147802 0.358486 1628687150.854990
7471748.915923 -681559.071339 0.362745 1628687150.905293
7471749.115064 -681558.995735 0.366930 1628687150.955071
7471749.303351 -681558.923090 0.370868 1628687151.005072
7471749.510003 -681558.843080 0.375200 1628687151.054987
7471749.710120 -681558.764277 0.379402 1628687151.105396
7471749.905794 -681558.686214 0.383526 1628687151.154921
7471750.094408 -681558.609612 0.387492 1628687151.204974
7471750.305862 -681558.523982 0.391955 1628687151.254909
7471750.501550 -681558.443091 0.396100 1628687151.305125
7471750.695033 -681558.362129 0.400230 1628687151.354851
7471750.886284 -681558.280940 0.404287 1628687151.404797
7471751.091996 -681558.193290 0.408660 1628687151.454853
7471751.287519 -681558.108599 0.412823 1628687151.505344
7471751.480491 -681558.024040 0.416946 1628687151.554854
7471751.667938 -681557.940714 0.420940 1628687151.604810
7471751.870976 -681557.850222 0.425289 1628687151.654820
7471752.065763 -681557.761930 0.429429 1628687151.704865
7471752.257624 -681557.674014 0.433464 1628687151.754865
7471752.444832 -681557.587044 0.437350 1628687151.804917
7471752.642851 -681557.494694 0.441377 1628687151.854946
7471752.838688 -681557.402131 0.445383 1628687151.904939
7471753.030330 -681557.310445 0.449293 1628687151.955061
7471753.215309 -681557.220844 0.452964 1628687152.004904
7471753.410141 -681557.126174 0.456598 1628687152.054866
7471753.600722 -681557.032376 0.460175 1628687152.104993
7471753.790160 -681556.938231 0.463628 1628687152.154927
7471753.964518 -681556.850309 0.466788 1628687152.204999
7471754.168694 -681556.747910 0.469976 1628687152.254963
7471754.358656 -681556.651184 0.473157 1628687152.305050
7471754.548325 -681556.553780 0.476263 1628687152.355374
7471754.726541 -681556.461361 0.479137 1628687152.405077
7471754.920041 -681556.360905 0.482043 1628687152.455067
7471755.105200 -681556.263882 0.484612 1628687152.505040
7471755.294170 -681556.164287 0.486989 1628687152.555083
7471755.475723 -681556.067730 0.489211 1628687152.605029
7471755.666036 -681555.966372 0.491267 1628687152.654953
7471755.850049 -681555.867604 0.492714 1628687152.705437
7471756.033584 -681555.768633 0.494267 1628687152.754998
7471756.213106 -681555.671258 0.496156 1628687152.805049
7471756.403794 -681555.567797 0.497317 1628687152.855000
7471756.588404 -681555.467191 0.498319 1628687152.905342
7471756.769270 -681555.368396 0.499124 1628687152.955049
7471756.947165 -681555.271010 0.499952 1628687153.005077
7471757.136536 -681555.167368 0.500613 1628687153.055115
7471757.320364 -681555.066619 0.501261 1628687153.105600
7471757.500476 -681554.967863 0.501729 1628687153.155210
7471757.670369 -681554.874619 0.502072 1628687153.205257
7471757.863013 -681554.768914 0.502462 1628687153.255336
7471758.046176 -681554.668268 0.502832 1628687153.305990
7471758.226018 -681554.569354 0.503195 1628687153.355368
7471758.403052 -681554.471881 0.503552 1628687153.405354
7471758.584250 -681554.372078 0.503897 1628687153.455336
7471758.768123 -681554.270695 0.504268 1628687153.505710
7471758.944896 -681554.173129 0.504604 1628687153.555266
7471759.122644 -681554.074927 0.504899 1628687153.605268
7471759.305809 -681553.973701 0.505161 1628687153.655270
7471759.483399 -681553.875449 0.505412 1628687153.705278
7471759.663465 -681553.775754 0.505727 1628687153.755245
7471759.841812 -681553.676936 0.506014 1628687153.805246
7471760.024414 -681553.575749 0.506257 1628687153.855225
7471760.200522 -681553.478092 0.506402 1628687153.905158
7471760.380709 -681553.378117 0.506481 1628687153.955208
7471760.556416 -681553.280566 0.506507 1628687154.005182
7471760.739966 -681553.178651 0.506499 1628687154.055158
7471760.917921 -681553.079805 0.506544 1628687154.105236
7471761.097694 -681552.979962 0.506630 1628687154.155295
7471761.265347 -681552.886878 0.506646 1628687154.205276
7471761.454423 -681552.781924 0.506577 1628687154.255353
7471761.632361 -681552.683186 0.506504 1628687154.305418
7471761.812450 -681552.583277 0.506422 1628687154.355476
7471761.985277 -681552.487422 0.506341 1628687154.405510
7471762.165356 -681552.387551 0.506284 1628687154.455570
7471762.343085 -681552.289006 0.506180 1628687154.505541
7471762.521101 -681552.190324 0.506098 1628687154.555593
7471762.692761 -681552.095188 0.506020 1628687154.605566
7471762.873465 -681551.995046 0.505962 1628687154.655600
7471763.053324 -681551.895390 0.505890 1628687154.706108
7471763.226112 -681551.799678 0.505788 1628687154.755502
7471763.397956 -681551.704510 0.505709 1628687154.805473
7471763.579355 -681551.604050 0.505635 1628687154.855481
7471763.757696 -681551.505312 0.505556 1628687154.906145
7471763.928903 -681551.410544 0.505479 1628687154.955454
7471764.100399 -681551.315637 0.505401 1628687155.005500
7471764.280023 -681551.216239 0.505276 1628687155.055499
7471764.458759 -681551.117356 0.505171 1628687155.105976
7471764.631986 -681551.021540 0.505049 1628687155.155627
7471764.796800 -681550.930409 0.504863 1628687155.205663
7471764.981086 -681550.828510 0.504573 1628687155.255715
7471765.159581 -681550.729859 0.504195 1628687155.306267
7471765.329495 -681550.635995 0.503795 1628687155.355831
7471765.501377 -681550.541122 0.503496 1628687155.405875
7471765.680185 -681550.442479 0.503080 1628687155.455945
7471765.856737 -681550.345232 0.502656 1628687155.506350
7471766.028370 -681550.250829 0.502204 1628687155.556016
7471766.195812 -681550.158897 0.501732 1628687155.606041
7471766.374248 -681550.060967 0.501186 1628687155.656095
7471766.548189 -681549.965675 0.500629 1628687155.706052
7471766.724343 -681549.869293 0.500111 1628687155.756036
7471766.888363 -681549.779708 0.499611 1628687155.806006
7471767.065549 -681549.682967 0.499069 1628687155.855981
7471767.240327 -681549.587694 0.498526 1628687155.905981
7471767.412594 -681549.493918 0.497998 1628687155.955932
7471767.582473 -681549.401588 0.497479 1628687156.005954
7471767.758384 -681549.306020 0.497012 1628687156.055975
7471767.933735 -681549.210919 0.496589 1628687156.105955
7471768.107722 -681549.116681 0.496148 1628687156.156010
7471768.269651 -681549.029148 0.495753 1628687156.206027
7471768.451884 -681548.930590 0.495470 1628687156.256014
7471768.620794 -681548.839396 0.495234 1628687156.305985
7471768.795937 -681548.744903 0.495081 1628687156.356026
7471768.966110 -681548.653161 0.494949 1628687156.406010
7471769.145037 -681548.556711 0.494989 1628687156.455971
7471769.308700 -681548.468514 0.495157 1628687156.505994
7471769.482107 -681548.375049 0.495375 1628687156.555978
7471769.646491 -681548.286406 0.495521 1628687156.605970
7471769.829360 -681548.187767 0.495880 1628687156.655975
7471770.001766 -681548.094666 0.496282 1628687156.706767
7471770.166325 -681548.005690 0.496800 1628687156.755945
7471770.331911 -681547.916003 0.497345 1628687156.805954
7471770.507911 -681547.820626 0.497950 1628687156.855859
7471770.681947 -681547.726124 0.498513 1628687156.906508
7471770.849424 -681547.634997 0.499127 1628687156.955815
7471771.013241 -681547.545640 0.499810 1628687157.005736
7471771.189207 -681547.449626 0.500555 1628687157.055700
7471771.362797 -681547.354666 0.501312 1628687157.106315
7471771.529748 -681547.263180 0.502019 1628687157.155615
7471771.687999 -681547.176224 0.502667 1628687157.205557
7471771.872110 -681547.075123 0.503446 1628687157.255566
