7471722.975312 -681563.826854 0.498844 1628687144.355643
7471723.139002 -681563.737675 0.476413 1628687144.404970
7471723.279366 -681563.663785 0.457163 1628687144.454880
7471723.422703 -681563.593257 0.437777 1628687144.504916
7471723.564808 -681563.526995 0.418764 1628687144.555541
7471723.714223 -681563.460134 0.398925 1628687144.604848
7471723.866613 -681563.395845 0.378877 1628687144.654853
7471724.017950 -681563.335566 0.359132 1628687144.705320
7471724.163931 -681563.281057 0.340247 1628687144.754774
7471724.326227 -681563.223195 0.319437 1628687144.804746
7471724.482667 -681563.171452 0.299808 1628687144.854781
7471724.643321 -681563.121723 0.280181 1628687144.904673
7471724.798017 -681563.077488 0.261827 1628687144.954669
7471724.967716 -681563.031666 0.242505 1628687145.004694
7471725.133388 -681562.990642 0.224602 1628687145.054668
7471725.298599 -681562.952947 0.207731 1628687145.104668
7471725.500117 -681562.910473 0.187839 1628687145.154691
7471725.663708 -681562.875461 0.174399 1628687145.204679
7471725.846229 -681562.841803 0.160095 1628687145.254710
7471726.017370 -681562.814699 0.147898 1628687145.304702
7471726.193646 -681562.788945 0.136478 1628687145.354690
7471726.367911 -681562.766258 0.125989 1628687145.404653
7471726.552314 -681562.742566 0.116731 1628687145.454625
7471726.731022 -681562.722233 0.108794 1628687145.504539
7471726.908703 -681562.703435 0.101925 1628687145.554445
7471727.085443 -681562.686341 0.095793 1628687145.604397
7471727.279324 -681562.667643 0.090659 1628687145.654312
7471727.462280 -681562.651550 0.086619 1628687145.704244
7471727.647298 -681562.636017 0.083375 1628687145.754535
7471727.827366 -681562.621685 0.080780 1628687145.804094
7471728.025426 -681562.605754 0.079064 1628687145.854048
7471728.216170 -681562.591058 0.077803 1628687145.903950
7471728.403924 -681562.576761 0.077151 1628687145.953925
7471728.591223 -681562.562659 0.076559 1628687146.003881
7471728.793846 -681562.547259 0.076365 1628687146.053913
7471728.986631 -681562.532664 0.076256 1628687146.103835
7471729.183954 -681562.517684 0.076122 1628687146.154227
7471729.366110 -681562.503813 0.076028 1628687146.203816
7471729.578190 -681562.487649 0.075956 1628687146.253781
7471729.778384 -681562.472412 0.075888 1628687146.303791
7471729.980358 -681562.457055 0.075841 1628687146.354023
7471730.172135 -681562.442491 0.075774 1628687146.403725
7471730.380833 -681562.426641 0.075711 1628687146.453758
7471730.584119 -681562.411221 0.075743 1628687146.503758
7471730.789352 -681562.395665 0.075916 1628687146.554076
7471730.984042 -681562.380905 0.076151 1628687146.603777
7471731.196315 -681562.364773 0.076614 1628687146.653786
7471731.403432 -681562.348955 0.077423 1628687146.704147
7471731.607191 -681562.333272 0.078342 1628687146.753839
7471731.807180 -681562.317663 0.079424 1628687146.803888
7471732.023015 -681562.300673 0.081009 1628687146.853936
7471732.232129 -681562.283864 0.082395 1628687146.904260
7471732.435345 -681562.267124 0.084249 1628687146.953974
7471732.638499 -681562.250004 0.086233 1628687147.004017
7471732.850843 -681562.231908 0.088112 1628687147.054065
7471733.057561 -681562.213667 0.090195 1628687147.104413
7471733.263257 -681562.195104 0.092251 1628687147.154174
7471733.447049 -681562.177766 0.094083 1628687147.204250
7471733.689765 -681562.155522 0.096546 1628687147.254323
7471733.898077 -681562.135385 0.098693 1628687147.304636
7471734.102261 -681562.115147 0.100781 1628687147.354476
7471734.308276 -681562.094179 0.102881 1628687147.404480
7471734.527359 -681562.071729 0.105150 1628687147.454601
7471734.739495 -681562.049341 0.107372 1628687147.505111
7471734.948613 -681562.026837 0.109550 1628687147.554716
7471735.152543 -681562.004261 0.111734 1628687147.604787
7471735.375594 -681561.979442 0.114166 1628687147.654842
7471735.588141 -681561.955104 0.116487 1628687147.704941
7471735.803679 -681561.929936 0.118930 1628687147.755465
7471736.007693 -681561.905388 0.121229 1628687147.805076
7471736.230722 -681561.878434 0.123761 1628687147.855122
7471736.441140 -681561.852266 0.126157 1628687147.905159
7471736.656477 -681561.824937 0.128627 1628687147.955670
7471736.861750 -681561.798232 0.131013 1628687148.005166
7471737.076697 -681561.770078 0.133551 1628687148.055167
7471737.280618 -681561.742665 0.136000 1628687148.105147
7471737.480466 -681561.715272 0.138496 1628687148.155704
7471737.709263 -681561.683262 0.141262 1628687148.205242
7471737.926105 -681561.652782 0.144032 1628687148.255195
7471738.116418 -681561.625161 0.146407 1628687148.305151
7471738.344818 -681561.591544 0.149319 1628687148.355705
7471738.548002 -681561.560814 0.151924 1628687148.405223
7471738.763958 -681561.527983 0.154764 1628687148.455284
7471738.969203 -681561.495951 0.157503 1628687148.505337
7471739.171640 -681561.463771 0.160373 1628687148.556008
7471739.370002 -681561.431530 0.163345 1628687148.605386
7471739.599321 -681561.394156 0.166979 1628687148.655430
7471739.823394 -681561.356637 0.170713 1628687148.705904
7471740.010597 -681561.324428 0.173906 1628687148.755386
7471740.202962 -681561.290448 0.177293 1628687148.805387
7471740.418805 -681561.252140 0.181253 1628687148.855314
7471740.629037 -681561.213701 0.185227 1628687148.905668
7471740.833118 -681561.175531 0.189123 1628687148.955234
7471741.034150 -681561.136890 0.193028 1628687149.005138
7471741.248520 -681561.095364 0.197165 1628687149.055094
7471741.451275 -681561.054880 0.201107 1628687149.105561
7471741.651992 -681561.013884 0.205065 1628687149.155045
7471741.845661 -681560.973131 0.208842 1628687149.205039
7471742.069148 -681560.926379 0.213230 1628687149.255075
7471742.275208 -681560.881786 0.217287 1628687149.305623
7471742.476947 -681560.837189 0.221255 1628687149.355188
7471742.672924 -681560.792827 0.225114 1628687149.405073
7471742.889247 -681560.743610 0.229370 1628687149.455213
7471743.099346 -681560.694632 0.233515 1628687149.505554
7471743.302719 -681560.646210 0.237531 1628687149.555229
7471743.500657 -681560.597992 0.241445 1628687149.605263
7471743.713980 -681560.545806 0.245664 1628687149.655175
7471743.924614 -681560.493081 0.249837 1628687149.705499
7471744.129765 -681560.440698 0.253906 1628687149.755181
7471744.326395 -681560.389328 0.257810 1628687149.805136
7471744.545083 -681560.332047 0.262132 1628687149.855040
7471744.751688 -681560.276603 0.266242 1628687149.905338
7471744.955361 -681560.221034 0.270324 1628687149.954924
7471745.156956 -681560.164882 0.274335 1628687150.004970
7471745.365317 -681560.106524 0.278491 1628687150.054905
7471745.575898 -681560.046368 0.282700 1628687150.105369
7471745.778064 -681559.987605 0.286746 1628687150.154881
7471745.969042 -681559.930773 0.290575 1628687150.204907
7471746.191452 -681559.864885 0.295041 1628687150.254985
7471746.397272 -681559.802367 0.299174 1628687150.305334
7471746.593288 -681559.741898 0.303112 1628687150.354928
7471746.792913 -681559.679171 0.307134 1628687150.405035
7471747.003531 -681559.612677 0.311353 1628687150.454997
7471747.207997 -681559.546885 0.315430 1628687150.505341
7471747.407949 -681559.481585 0.319398 1628687150.555012
7471747.604525 -681559.416276 0.323289 1628687150.604971
7471747.815946 -681559.345744 0.327468 1628687150.654953
7471748.017280 -681559.277371 0.331478 1628687150.705327
7471748.210547 -681559.210725 0.335316 1628687150.755075
7471748.407064 -681559.141999 0.339218 1628687150.805020
7471748.618296 -681559.067769 0.343424 1628687150.854990
7471748.819419 -681558.995852 0.347427 1628687150.905293
7471749.016333 -681558.924526 0.351376 1628687150.955071
7471749.206263 -681558.854632 0.355165 1628687151.005072
7471749.413936 -681558.777942 0.359317 1628687151.054987
7471749.615029 -681558.702420 0.363342 1628687151.105396
7471749.809768 -681558.628334 0.367255 1628687151.154921
7471749.997696 -681558.555561 0.371021 1628687151.204974
7471750.210112 -681558.473563 0.375295 1628687151.254909
7471750.406486 -681558.396193 0.379258 1628687151.305125
7471750.601847 -681558.318291 0.383224 1628687151.354851
7471750.795536 -681558.239942 0.387138 1628687151.404797
7471751.001871 -681558.156165 0.391315 1628687151.454853
7471751.197009 -681558.075631 0.395272 1628687151.505344
7471751.390403 -681557.994904 0.399207 1628687151.554854
7471751.579468 -681557.914857 0.403042 1628687151.604810
7471751.784196 -681557.827952 0.407217 1628687151.654820
7471751.978697 -681557.743995 0.411148 1628687151.704865
7471752.171497 -681557.659885 0.414992 1628687151.754865
7471752.359100 -681557.576919 0.418689 1628687151.804917
7471752.558287 -681557.488519 0.422501 1628687151.854946
7471752.755243 -681557.399972 0.426259 1628687151.904939
7471752.947271 -681557.312646 0.429859 1628687151.955061
7471753.132834 -681557.227267 0.433196 1628687152.004904
7471753.328692 -681557.136884 0.436550 1628687152.054866
7471753.521289 -681557.046923 0.439834 1628687152.104993
7471753.712015 -681556.957032 0.442939 1628687152.154927
7471753.887316 -681556.873292 0.445661 1628687152.204999
7471754.092863 -681556.775610 0.448561 1628687152.254963
7471754.284305 -681556.683360 0.451367 1628687152.305050
7471754.475483 -681556.590547 0.454040 1628687152.355374
7471754.655047 -681556.502598 0.456483 1628687152.405077
7471754.849977 -681556.407004 0.459080 1628687152.455067
7471755.036741 -681556.314627 0.461335 1628687152.505040
7471755.227781 -681556.219631 0.463412 1628687152.555083
7471755.409976 -681556.128294 0.465260 1628687152.605029
7471755.601658 -681556.032130 0.466943 1628687152.654953
7471755.787862 -681555.938128 0.467927 1628687152.705437
7471755.973941 -681555.843854 0.469004 1628687152.754998
7471756.154439 -681555.752025 0.470292 1628687152.805049
7471756.347318 -681555.653925 0.470959 1628687152.855000
7471756.532909 -681555.559286 0.471385 1628687152.905342
7471756.715856 -681555.465888 0.471654 1628687152.955049
7471756.895751 -681555.373972 0.471922 1628687153.005077
7471757.086902 -681555.276363 0.472143 1628687153.055115
7471757.272606 -681555.181497 0.472391 1628687153.105600
7471757.454934 -681555.088332 0.472582 1628687153.155210
7471757.626676 -681555.000509 0.472762 1628687153.205257
7471757.821487 -681554.900903 0.472966 1628687153.255336
7471758.006579 -681554.806192 0.473161 1628687153.305990
7471758.188287 -681554.713165 0.473351 1628687153.355368
7471758.367047 -681554.621594 0.473539 1628687153.405354
7471758.550091 -681554.527809 0.473710 1628687153.455336
7471758.737023 -681554.431977 0.473905 1628687153.505710
7471758.916457 -681554.339944 0.474062 1628687153.555266
7471759.094382 -681554.248637 0.474175 1628687153.605268
7471759.280700 -681554.153010 0.474254 1628687153.655270
7471759.460279 -681554.060805 0.474307 1628687153.705278
7471759.643458 -681553.966739 0.474397 1628687153.755245
7471759.823366 -681553.874345 0.474452 1628687153.805246
7471760.007972 -681553.779534 0.474498 1628687153.855225
7471760.186883 -681553.687634 0.474464 1628687153.905158
7471760.371034 -681553.593033 0.474352 1628687153.955208
7471760.547934 -681553.502165 0.474159 1628687154.005182
7471760.733576 -681553.406837 0.473909 1628687154.055158
7471760.914851 -681553.313819 0.473660 1628687154.105236
7471761.097238 -681553.220306 0.473457 1628687154.155295
7471761.266643 -681553.133546 0.473209 1628687154.205276
7471761.458499 -681553.035270 0.472948 1628687154.255353
7471761.639443 -681552.942688 0.472695 1628687154.305418
7471761.821843 -681552.849416 0.472441 1628687154.355476
7471761.996257 -681552.760302 0.472196 1628687154.405510
7471762.179152 -681552.666874 0.471967 1628687154.455570
7471762.359955 -681552.574587 0.471692 1628687154.505541
7471762.541436 -681552.482011 0.471448 1628687154.555593
7471762.713931 -681552.394093 0.471208 1628687154.605566
7471762.897220 -681552.300691 0.470978 1628687154.655600
7471763.080259 -681552.207489 0.470724 1628687154.706108
7471763.255303 -681552.118420 0.470467 1628687154.755502
7471763.428847 -681552.030174 0.470236 1628687154.805473
7471763.613230 -681551.936437 0.469980 1628687154.855481
7471763.794410 -681551.844405 0.469730 1628687154.906145
7471763.968697 -681551.755938 0.469489 1628687154.955454
7471764.142374 -681551.667845 0.469247 1628687155.005500
7471764.324749 -681551.575359 0.468950 1628687155.055499
7471764.506014 -681551.483509 0.468675 1628687155.105976
7471764.682424 -681551.394190 0.468368 1628687155.155627
7471764.848708 -681551.310088 0.468004 1628687155.205663
7471765.036487 -681551.215104 0.467519 1628687155.255715
7471765.217970 -681551.123439 0.466911 1628687155.306267
7471765.390705 -681551.036317 0.466254 1628687155.355831
7471765.564503 -681550.948824 0.465642 1628687155.405875
7471765.746476 -681550.857302 0.464931 1628687155.455945
7471765.924898 -681550.767787 0.464229 1628687155.506350
7471766.100223 -681550.679986 0.463553 1628687155.556016
7471766.269518 -681550.595415 0.462884 1628687155.606041
7471766.451463 -681550.504555 0.462166 1628687155.656095
7471766.628043 -681550.416592 0.461445 1628687155.706052
7471766.806955 -681550.327622 0.460760 1628687155.756036
7471766.972821 -681550.245348 0.460099 1628687155.806006
7471767.153198 -681550.155916 0.459387 1628687155.855981
7471767.332088 -681550.067412 0.458682 1628687155.905981
7471767.506995 -681549.981046 0.457993 1628687155.955932
7471767.678100 -681549.896744 0.457318 1628687156.005954
7471767.857547 -681549.808382 0.456682 1628687156.055975
7471768.036397 -681549.720522 0.456090 1628687156.105955
7471768.213857 -681549.633489 0.455508 1628687156.156010
7471768.377455 -681549.553440 0.455052 1628687156.206027
7471768.563149 -681549.462528 0.454635 1628687156.256014
7471768.736555 -681549.377811 0.454316 1628687156.305985
7471768.914810 -681549.290801 0.454092 1628687156.356026
7471769.086614 -681549.207017 0.453929 1628687156.406010
7471769.267039 -681549.119040 0.453901 1628687156.455971
7471769.432107 -681549.038574 0.454061 1628687156.505994
7471769.609661 -681548.951994 0.454278 1628687156.555978
7471769.777195 -681548.870242 0.454496 1628687156.605970
7471769.960840 -681548.780596 0.454842 1628687156.655975
7471770.133702 -681548.696121 0.455246 1628687156.706767
7471770.300801 -681548.614381 0.455723 1628687156.755945
7471770.470136 -681548.531407 0.456247 1628687156.805954
7471770.648571 -681548.443928 0.456775 1628687156.855859
7471770.824333 -681548.357586 0.457291 1628687156.906508
7471770.994828 -681548.273684 0.457830 1628687156.955815
7471771.161983 -681548.191277 0.458366 1628687157.005736
7471771.341575 -681548.102720 0.458944 1628687157.055700
7471771.519479 -681548.014810 0.459537 1628687157.106315
7471771.691043 -681547.929912 0.460088 1628687157.155615
7471771.852560 -681547.849800 0.460596 1628687157.205557
7471772.041113 -681547.756328 0.461206 1628687157.255566
7471772.219289 -681547.667783 0.461779 1628687157.306059
7471772.391604 -681547.582018 0.462341 1628687157.355571
7471772.564182 -681547.495973 0.462894 1628687157.405574
7471772.749949 -681547.403316 0.463490 1628687157.455595
7471772.926845 -681547.314909 0.464059 1628687157.506096
7471773.100881 -681547.227785 0.464650 1628687157.555600
7471773.276736 -681547.139604 0.465213 1628687157.605636
7471773.460852 -681547.047243 0.465760 1628687157.655629
7471773.638895 -681546.957741 0.466294 1628687157.705766
7471773.818016 -681546.867570 0.466823 1628687157.755665
7471773.992694 -681546.779487 0.467319 1628687157.805815
7471774.178080 -681546.685977 0.467867 1628687157.855810
7471774.359544 -681546.594288 0.468397 1628687157.905746
7471774.538371 -681546.503801 0.468912 1628687157.955837
7471774.711244 -681546.416185 0.469410 1628687158.005829
7471774.903258 -681546.318841 0.469984 1628687158.055938
7471775.086117 -681546.225972 0.470487 1628687158.106007
7471775.262752 -681546.136132 0.471021 1628687158.156070
7471775.421023 -681546.055435 0.471451 1628687158.206143
7471775.633230 -681545.947438 0.472061 1628687158.256204
7471775.814912 -681545.854682 0.472585 1628687158.306258
7471775.999612 -681545.760260 0.473067 1628687158.356429
7471776.180911 -681545.667417 0.473501 1628687158.406444
7471776.373530 -681545.568742 0.473937 1628687158.456594
7471776.562630 -681545.471718 0.474242 1628687158.506468
7471776.747289 -681545.376866 0.474512 1628687158.556472
7471776.926724 -681545.284622 0.474750 1628687158.606514
7471777.124269 -681545.183067 0.474911 1628687158.656558
7471777.315541 -681545.084666 0.474938 1628687158.707232
7471777.507994 -681544.985626 0.474823 1628687158.756508
7471777.691013 -681544.891459 0.474543 1628687158.806515
7471777.887667 -681544.790301 0.473998 1628687158.856569
7471778.085614 -681544.688560 0.473348 1628687158.907484
7471778.274955 -681544.591395 0.472590 1628687158.956498
7471778.459620 -681544.496918 0.471766 1628687159.006625
7471778.664158 -681544.392369 0.470944 1628687159.056532
7471778.862318 -681544.291415 0.470103 1628687159.107116
7471779.057160 -681544.192412 0.469235 1628687159.156467
7471779.228730 -681544.105619 0.468436 1628687159.206479
7471779.444753 -681543.996053 0.467450 1628687159.256350
7471779.647995 -681543.893451 0.466517 1628687159.307015
7471779.845897 -681543.793788 0.465738 1628687159.356193
7471780.035749 -681543.698470 0.465007 1628687159.406201
7471780.241568 -681543.595177 0.464131 1628687159.456148
7471780.438125 -681543.496817 0.463318 1628687159.506623
7471780.638004 -681543.396964 0.462637 1628687159.555931
7471780.831108 -681543.300745 0.462123 1628687159.605978
7471781.036785 -681543.198312 0.461852 1628687159.655826
7471781.232935 -681543.100846 0.461732 1628687159.705744
7471781.432579 -681543.001724 0.461850 1628687159.755676
7471781.625333 -681542.906047 0.462056 1628687159.805693
7471781.822890 -681542.807889 0.462543 1628687159.855699
7471782.024031 -681542.707808 0.462953 1628687159.905597
7471782.227763 -681542.606258 0.463369 1628687159.955587
7471782.416661 -681542.511860 0.463834 1628687160.005632
7471782.617004 -681542.411688 0.464412 1628687160.055728
7471782.814834 -681542.312577 0.464982 1628687160.105630
7471783.013243 -681542.213031 0.465554 1628687160.155688
7471783.180002 -681542.129127 0.466045 1628687160.205678
7471783.404024 -681542.016645 0.466684 1628687160.255789
7471783.606330 -681541.914737 0.467257 1628687160.305738
7471783.798700 -681541.817669 0.467805 1628687160.355841
7471783.987493 -681541.722246 0.468389 1628687160.405995
7471784.194083 -681541.617786 0.468962 1628687160.455961
7471784.388843 -681541.519111 0.469490 1628687160.506040
7471784.581802 -681541.421211 0.470050 1628687160.556091
7471784.774604 -681541.323219 0.470574 1628687160.606197
7471784.978036 -681541.219781 0.470996 1628687160.656149
7471785.178878 -681541.117476 0.471354 1628687160.707021
7471785.365916 -681541.022064 0.471552 1628687160.756165
7471785.556670 -681540.924660 0.471744 1628687160.806279
7471785.760501 -681540.820599 0.471820 1628687160.856191
7471785.958017 -681540.719713 0.471756 1628687160.906727
7471786.150396 -681540.621459 0.471690 1628687160.956120
7471786.335268 -681540.527069 0.471620 1628687161.006130
7471786.538659 -681540.423279 0.471481 1628687161.056187
7471786.738354 -681540.321448 0.471335 1628687161.106614
7471786.931668 -681540.222918 0.471177 1628687161.156064
7471787.091805 -681540.141376 0.471040 1628687161.206043
7471787.316935 -681540.026661 0.470845 1628687161.255990
7471787.516856 -681539.924892 0.470672 1628687161.306549
7471787.708789 -681539.827235 0.470506 1628687161.355923
7471787.895502 -681539.732287 0.470346 1628687161.405888
7471788.093369 -681539.631679 0.470177 1628687161.455855
7471788.293158 -681539.530154 0.470044 1628687161.506145
7471788.487602 -681539.431382 0.469902 1628687161.555779
7471788.664829 -681539.341420 0.469805 1628687161.605814
7471788.871341 -681539.236566 0.469721 1628687161.655788
7471789.068842 -681539.136325 0.469733 1628687161.705795
7471789.260553 -681539.039038 0.469692 1628687161.755833
7471789.448038 -681538.943903 0.469716 1628687161.805836
7471789.648163 -681538.842338 0.469722 1628687161.855882
7471789.845264 -681538.742293 0.469759 1628687161.905937
7471790.045671 -681538.640561 0.469752 1628687161.955984
7471790.228135 -681538.547923 0.469782 1628687162.006032
7471790.430306 -681538.445284 0.469802 1628687162.056079
7471790.625874 -681538.345992 0.469822 1628687162.106119
7471790.821555 -681538.246637 0.469842 1628687162.156167
7471790.995341 -681538.158390 0.469861 1628687162.206162
7471791.209849 -681538.049471 0.469882 1628687162.256210
7471791.399955 -681537.952931 0.469930 1628687162.306192
7471791.595625 -681537.853561 0.469949 1628687162.356265
7471791.779067 -681537.760387 0.469957 1628687162.406243
7471791.981283 -681537.657678 0.469984 1628687162.456200
7471792.173277 -681537.560154 0.470006 1628687162.506151
7471792.365985 -681537.462264 0.470026 1628687162.556117
7471792.550025 -681537.368770 0.470046 1628687162.606127
7471792.748153 -681537.268119 0.470069 1628687162.656044
7471792.941790 -681537.169741 0.470090 1628687162.706526
7471793.130833 -681537.073692 0.470137 1628687162.755943
7471793.314042 -681536.980600 0.470155 1628687162.805882
7471793.515211 -681536.878378 0.470187 1628687162.855856
7471793.708299 -681536.780250 0.470192 1628687162.906242
7471793.895786 -681536.684962 0.470223 1628687162.955900
7471794.079287 -681536.591696 0.470243 1628687163.005872
7471794.275828 -681536.491802 0.470267 1628687163.055867
7471794.467880 -681536.394182 0.470290 1628687163.106351
7471794.659900 -681536.296572 0.470309 1628687163.155962
7471794.838377 -681536.205840 0.470350 1628687163.205954
7471795.045570 -681536.100511 0.470377 1628687163.256069
7471795.231121 -681536.006168 0.470385 1628687163.306438
7471795.423598 -681535.908299 0.470415 1628687163.356352
7471795.607049 -681535.815014 0.470436 1628687163.406149
7471795.803602 -681535.715066 0.470459 1628687163.456132
7471795.997536 -681535.616443 0.470481 1628687163.506595
7471796.188367 -681535.519391 0.470501 1628687163.556172
7471796.371341 -681535.426329 0.470522 1628687163.606170
7471796.567326 -681535.326648 0.470545 1628687163.656173
7471796.754550 -681535.231417 0.470569 1628687163.706177
7471796.945912 -681535.134075 0.470615 1628687163.756176
7471797.129410 -681535.040726 0.470612 1628687163.806176
7471797.327036 -681534.940184 0.470642 1628687163.856212
7471797.511906 -681534.846127 0.470665 1628687163.906139
7471797.700551 -681534.750144 0.470687 1628687163.956109
7471797.881155 -681534.658245 0.470688 1628687164.006069
7471798.080365 -681534.556878 0.470733 1628687164.056067
7471798.269154 -681534.460811 0.470747 1628687164.106050
7471798.455143 -681534.366160 0.470770 1628687164.156067
7471798.630233 -681534.277048 0.470812 1628687164.206075
7471798.829002 -681534.175885 0.470816 1628687164.256078
7471799.019884 -681534.078723 0.470847 1628687164.306095
7471799.208359 -681533.982783 0.470871 1628687164.356170
7471799.384779 -681533.892972 0.470871 1628687164.406185
7471799.585252 -681533.790916 0.470891 1628687164.456265
7471799.773227 -681533.695220 0.470906 1628687164.506470
7471799.957971 -681533.601166 0.470944 1628687164.556352
7471800.138669 -681533.509167 0.470955 1628687164.606371
7471800.334319 -681533.409550 0.470979 1628687164.656375
7471800.523173 -681533.313386 0.471003 1628687164.707018
7471800.707301 -681533.219623 0.471026 1628687164.756332
7471800.885635 -681533.128803 0.471049 1628687164.806323
7471801.082780 -681533.028402 0.471072 1628687164.856287
7471801.272058 -681532.932000 0.471097 1628687164.906826
7471801.454096 -681532.839279 0.471095 1628687164.956282
7471801.633113 -681532.748090 0.471163 1628687165.006272
7471801.826261 -681532.649707 0.471161 1628687165.056266
7471802.014146 -681532.553988 0.471194 1628687165.107052
7471802.198488 -681532.460071 0.471218 1628687165.156296
7471802.370909 -681532.372220 0.471240 1628687165.206306
7471802.570728 -681532.270410 0.471265 1628687165.256254
7471802.754539 -681532.176748 0.471267 1628687165.306737
7471802.937547 -681532.083488 0.471290 1628687165.356154
7471803.116110 -681531.992493 0.471305 1628687165.406161
7471803.305933 -681531.895760 0.471322 1628687165.456113
7471803.490861 -681531.801515 0.471362 1628687165.506637
7471803.675453 -681531.707437 0.471377 1628687165.556156
7471803.851147 -681531.617884 0.471401 1628687165.605998
7471804.040017 -681531.521613 0.471403 1628687165.655937
7471804.223248 -681531.428210 0.471428 1628687165.705914
7471804.407945 -681531.334058 0.471467 1628687165.755897
7471804.582714 -681531.244962 0.471459 1628687165.805938
7471804.771790 -681531.148568 0.471483 1628687165.855891
7471804.953475 -681531.055939 0.471501 1628687165.905965
7471805.136443 -681530.962652 0.471516 1628687165.955934
7471805.314022 -681530.872108 0.471554 1628687166.006009
7471805.505513 -681530.774469 0.471572 1628687166.056058
7471805.685328 -681530.682778 0.471566 1628687166.106172
7471805.869313 -681530.588952 0.471614 1628687166.156186
7471806.038684 -681530.502576 0.471605 1628687166.206275
7471806.235311 -681530.402302 0.471647 1628687166.256457
7471806.419519 -681530.308354 0.471639 1628687166.306470
7471806.598167 -681530.217238 0.471658 1628687166.356662
7471806.774420 -681530.127339 0.471672 1628687166.406612
7471806.965249 -681530.030004 0.471713 1628687166.456527
7471807.147021 -681529.937283 0.471729 1628687166.506659
7471807.324500 -681529.846748 0.471747 1628687166.556595
7471807.499301 -681529.757569 0.471750 1628687166.606572
7471807.686829 -681529.661896 0.471799 1628687166.656610
7471807.870750 -681529.568060 0.471792 1628687166.707037
7471808.048615 -681529.477308 0.471810 1628687166.756634
7471808.218069 -681529.390844 0.471827 1628687166.806522
7471808.409741 -681529.293042 0.471843 1628687166.856524
7471808.593049 -681529.199502 0.471861 1628687166.906918
7471808.765295 -681529.111603 0.471879 1628687166.956404
7471808.937019 -681529.023966 0.471896 1628687167.006351
7471809.124834 -681528.928115 0.471914 1628687167.056279
7471809.306700 -681528.835295 0.471932 1628687167.106765
7471809.484463 -681528.744560 0.471958 1628687167.156260
7471809.650539 -681528.659787 0.471975 1628687167.206334
7471809.843641 -681528.561221 0.471993 1628687167.256257
7471810.026433 -681528.467910 0.472011 1628687167.306903
7471810.201993 -681528.378286 0.472029 1628687167.356390
7471810.376416 -681528.289238 0.472044 1628687167.406466
7471810.565197 -681528.192860 0.472085 1628687167.456460
7471810.748076 -681528.099483 0.472088 1628687167.507098
7471810.923703 -681528.009803 0.472114 1628687167.556548
7471811.097193 -681527.921213 0.472131 1628687167.606550
7471811.286657 -681527.824465 0.472149 1628687167.656526
7471811.468571 -681527.731567 0.472165 1628687167.706644
7471811.652245 -681527.637766 0.472181 1628687167.756656
7471811.824407 -681527.549839 0.472197 1628687167.806552
7471812.010504 -681527.454794 0.472216 1628687167.856649
7471812.185960 -681527.365179 0.472258 1628687167.906491
7471812.368398 -681527.271994 0.472273 1628687167.956461
7471812.547164 -681527.180673 0.472277 1628687168.006552
7471812.737838 -681527.083272 0.472294 1628687168.056479
7471812.916325 -681526.992090 0.472311 1628687168.106416
7471813.092209 -681526.902235 0.472329 1628687168.156457
7471813.260087 -681526.816465 0.472345 1628687168.206407
7471813.453757 -681526.717518 0.472363 1628687168.256424
7471813.634551 -681526.625143 0.472381 1628687168.306373
7471813.815794 -681526.532534 0.472397 1628687168.356253
7471813.988202 -681526.444434 0.472435 1628687168.406235
7471814.173006 -681526.349999 0.472433 1628687168.456190
7471814.349970 -681526.259560 0.472460 1628687168.506157
7471814.528799 -681526.168163 0.472487 1628687168.556310
7471814.703041 -681526.079106 0.472504 1628687168.606188
7471814.889641 -681525.983733 0.472522 1628687168.656195
7471815.077950 -681525.887481 0.472538 1628687168.706741
7471815.247504 -681525.800810 0.472558 1628687168.756255
7471815.419085 -681525.713099 0.472574 1628687168.806383
7471815.606360 -681525.617365 0.472592 1628687168.856398
7471815.788135 -681525.524435 0.472634 1628687168.906732
7471815.968343 -681525.432304 0.472628 1628687168.956385
7471816.140875 -681525.344090 0.472644 1628687169.006277
7471816.328326 -681525.248249 0.472662 1628687169.056232
7471816.508927 -681525.155904 0.472679 1628687169.106578
7471816.686124 -681525.065296 0.472696 1628687169.156172
7471816.852402 -681524.980265 0.472712 1628687169.206143
7471817.047351 -681524.880574 0.472730 1628687169.256141
7471817.233274 -681524.785492 0.472747 1628687169.306459
7471817.412128 -681524.694021 0.472786 1628687169.355962
7471817.583352 -681524.606442 0.472810 1628687169.405930
7471817.770358 -681524.510802 0.472792 1628687169.455906
7471817.955133 -681524.416287 0.472818 1628687169.506313
7471818.136243 -681524.323642 0.472843 1628687169.555902
7471818.312983 -681524.233229 0.472773 1628687169.605972
7471818.502437 -681524.136312 0.472615 1628687169.655974
7471818.684082 -681524.043390 0.472361 1628687169.705986
7471818.863319 -681523.951731 0.471969 1628687169.756015
7471819.037215 -681523.862863 0.471526 1628687169.805990
7471819.228794 -681523.765023 0.470796 1628687169.856004
7471819.414279 -681523.670460 0.470026 1628687169.906005
7471819.599672 -681523.576147 0.469217 1628687169.956071
7471819.776824 -681523.486278 0.468396 1628687170.005950
7471819.961845 -681523.392534 0.467463 1628687170.055942
7471820.143576 -681523.300770 0.466566 1628687170.105868
7471820.329803 -681523.206967 0.465599 1628687170.155859
7471820.506023 -681523.118548 0.464675 1628687170.205844
7471820.704365 -681523.018968 0.463636 1628687170.255794
7471820.881652 -681522.930334 0.462731 1628687170.305816
7471821.066086 -681522.838342 0.461820 1628687170.355817
7471821.246272 -681522.748750 0.460902 1628687170.405814
7471821.442806 -681522.651059 0.459942 1628687170.455816
7471821.624682 -681522.560998 0.459064 1628687170.505816
7471821.816671 -681522.466101 0.458198 1628687170.555783
7471821.992092 -681522.379696 0.457412 1628687170.605778
7471822.182670 -681522.285820 0.456892 1628687170.655735
7471822.371421 -681522.193123 0.456944 1628687170.706301
7471822.556201 -681522.102491 0.456554 1628687170.755646
7471822.733333 -681522.015669 0.456665 1628687170.805553
7471822.941133 -681521.913707 0.457080 1628687170.855485
7471823.110297 -681521.830637 0.457597 1628687170.905804
7471823.296289 -681521.739165 0.458193 1628687170.955366
7471823.489148 -681521.644109 0.458821 1628687171.005378
7471823.677989 -681521.550936 0.459446 1628687171.055254
7471823.866637 -681521.457611 0.460109 1628687171.105508
7471824.053994 -681521.364760 0.460778 1628687171.155205
7471824.227051 -681521.278757 0.461416 1628687171.205168
7471824.428353 -681521.178783 0.462090 1628687171.255115
7471824.618238 -681521.084204 0.462753 1628687171.305607
7471824.805196 -681520.990923 0.463412 1628687171.355065
7471824.986796 -681520.900122 0.463999 1628687171.405045
7471825.181564 -681520.802703 0.464526 1628687171.455021
7471825.373886 -681520.706304 0.464978 1628687171.505430
7471825.561732 -681520.612017 0.465317 1628687171.555078
7471825.744201 -681520.520303 0.465588 1628687171.605141
7471825.940722 -681520.421550 0.465728 1628687171.655114
7471826.130606 -681520.326047 0.465807 1628687171.705132
7471826.324548 -681520.228496 0.465807 1628687171.755225
7471826.507061 -681520.136682 0.465753 1628687171.805290
7471826.704438 -681520.037428 0.465658 1628687171.855344
7471826.897795 -681519.940233 0.465624 1628687171.905354
7471827.088777 -681519.844271 0.465543 1628687171.955383
7471827.272658 -681519.751901 0.465467 1628687172.005409
7471827.473013 -681519.651259 0.465408 1628687172.055429
7471827.666948 -681519.553870 0.465302 1628687172.105452
7471827.863596 -681519.455132 0.465227 1628687172.155552
7471828.033735 -681519.369734 0.465169 1628687172.205507
7471828.245233 -681519.263562 0.465106 1628687172.255451
7471828.438628 -681519.166519 0.465024 1628687172.305411
7471828.637149 -681519.066915 0.464922 1628687172.355444
7471828.823961 -681518.973211 0.464877 1628687172.405412
7471829.026671 -681518.871542 0.464766 1628687172.455319
7471829.216254 -681518.776479 0.464697 1628687172.505275
7471829.408134 -681518.680289 0.464641 1628687172.555250
7471829.598770 -681518.584748 0.464557 1628687172.605152
7471829.801353 -681518.483218 0.464506 1628687172.655060
7471830.000142 -681518.383616 0.464455 1628687172.705595
7471830.191305 -681518.287847 0.464494 1628687172.755041
7471830.376646 -681518.195009 0.464525 1628687172.805022
7471830.578275 -681518.093995 0.464594 1628687172.855017
7471830.774999 -681517.995419 0.464639 1628687172.905599
7471830.970072 -681517.897647 0.464686 1628687172.955075
7471831.158665 -681517.803100 0.464763 1628687173.005060
7471831.364231 -681517.700043 0.464825 1628687173.055112
7471831.560278 -681517.601731 0.464893 1628687173.105888
7471831.751096 -681517.506024 0.464958 1628687173.155069
7471831.936534 -681517.412992 0.465021 1628687173.205066
7471832.145349 -681517.308237 0.465092 1628687173.254990
7471832.342463 -681517.209324 0.465159 1628687173.305462
7471832.537653 -681517.111360 0.465198 1628687173.354959
7471832.725437 -681517.017091 0.465264 1628687173.404806
7471832.931061 -681516.913870 0.465324 1628687173.454982
7471833.125131 -681516.816427 0.465355 1628687173.505180
7471833.318427 -681516.719360 0.465387 1628687173.554741
7471833.508593 -681516.623853 0.465434 1628687173.604575
7471833.714944 -681516.520220 0.465474 1628687173.654539
7471833.911135 -681516.421677 0.465485 1628687173.704468
7471834.108076 -681516.322746 0.465522 1628687173.754448
7471834.297398 -681516.227638 0.465526 1628687173.804392
7471834.499834 -681516.125941 0.465401 1628687173.854448
7471834.695005 -681516.027890 0.465218 1628687173.904407
7471834.893912 -681515.927996 0.465002 1628687173.954414
7471835.083843 -681515.832677 0.464817 1628687174.004450
7471835.289159 -681515.729660 0.464614 1628687174.054398
7471835.484547 -681515.631709 0.464444 1628687174.104451
7471835.679125 -681515.534237 0.464220 1628687174.154372
7471835.864541 -681515.441426 0.464014 1628687174.204438
7471836.069505 -681515.338817 0.463790 1628687174.254418
7471836.267364 -681515.239848 0.463572 1628687174.304420
7471836.469073 -681515.139013 0.463346 1628687174.354445
7471836.661522 -681515.042878 0.463131 1628687174.404449
7471836.862942 -681514.942275 0.462910 1628687174.454403
7471837.058505 -681514.844673 0.462669 1628687174.504376
7471837.258809 -681514.744758 0.462472 1628687174.554349
7471837.449324 -681514.649810 0.462249 1628687174.604376
7471837.658486 -681514.545570 0.462041 1628687174.654383
7471837.859616 -681514.445413 0.461818 1628687174.705063
7471838.053256 -681514.349041 0.461587 1628687174.754378
7471838.245309 -681514.253520 0.461385 1628687174.804377
7471838.454244 -681514.149619 0.461152 1628687174.854404
7471838.656989 -681514.048877 0.460926 1628687174.905010
7471838.855064 -681513.950510 0.460706 1628687174.954436
7471839.046796 -681513.855371 0.460562 1628687175.004418
7471839.256623 -681513.751260 0.460387 1628687175.054373
7471839.461028 -681513.649913 0.460194 1628687175.104843
7471839.659474 -681513.551558 0.460010 1628687175.154306
7471839.847391 -681513.458476 0.459899 1628687175.204320
7471840.062740 -681513.351795 0.459774 1628687175.254191
7471840.266705 -681513.250818 0.459695 1628687175.304793
7471840.464850 -681513.152751 0.459714 1628687175.354125
7471840.658236 -681513.057054 0.459795 1628687175.404068
7471840.867841 -681512.953325 0.459924 1628687175.454050
7471841.067838 -681512.854327 0.460079 1628687175.504497
7471841.268598 -681512.754900 0.460309 1628687175.553943
7471841.462904 -681512.658579 0.460547 1628687175.603918
7471841.671644 -681512.555082 0.460763 1628687175.653944
7471841.870068 -681512.456588 0.461009 1628687175.703875
7471842.069994 -681512.357281 0.461267 1628687175.753971
7471842.264086 -681512.260792 0.461516 1628687175.803895
7471842.473403 -681512.156715 0.461785 1628687175.853911
7471842.673473 -681512.057145 0.462043 1628687175.903932
7471842.873183 -681511.957689 0.462300 1628687175.953972
7471843.068250 -681511.860461 0.462550 1628687176.004052
7471843.277119 -681511.756345 0.462819 1628687176.053945
7471843.476220 -681511.656998 0.463075 1628687176.103926
7471843.679182 -681511.555663 0.463335 1628687176.153830
7471843.865747 -681511.462416 0.463576 1628687176.203805
7471844.084467 -681511.353125 0.463855 1628687176.253761
7471844.286612 -681511.251998 0.464114 1628687176.303740
7471844.486667 -681511.151853 0.464372 1628687176.353698
7471844.681836 -681511.054067 0.464621 1628687176.403635
7471844.892618 -681510.948449 0.464891 1628687176.453597
7471845.094402 -681510.847249 0.465114 1628687176.503628
7471845.299544 -681510.744294 0.465403 1628687176.553557
7471845.494315 -681510.646463 0.465640 1628687176.603531
7471845.706115 -681510.540065 0.465911 1628687176.653511
7471845.910901 -681510.437095 0.466173 1628687176.704100
7471846.110269 -681510.336776 0.466429 1628687176.753588
7471846.304937 -681510.238737 0.466679 1628687176.803599
7471846.517212 -681510.131824 0.466951 1628687176.853684
7471846.725433 -681510.026854 0.467218 1628687176.904396
7471846.927829 -681509.924751 0.467477 1628687176.953633
7471847.121134 -681509.827145 0.467723 1628687177.003558
7471847.333799 -681509.719758 0.467996 1628687177.053532
7471847.536332 -681509.617389 0.468281 1628687177.103844
7471847.739854 -681509.514451 0.468543 1628687177.153352
7471847.931914 -681509.417205 0.468797 1628687177.203375
7471848.152649 -681509.305462 0.469063 1628687177.253273
7471848.359200 -681509.200787 0.469352 1628687177.303676
7471848.559852 -681509.099034 0.469581 1628687177.353223
7471848.756451 -681508.999235 0.469845 1628687177.403249
7471848.971067 -681508.890290 0.470117 1628687177.453209
7471849.179800 -681508.784231 0.470384 1628687177.503941
7471849.387329 -681508.678714 0.470676 1628687177.553207
7471849.585919 -681508.577649 0.470898 1628687177.603308
7471849.794426 -681508.471523 0.471164 1628687177.653298
7471850.000959 -681508.366309 0.471431 1628687177.703304
7471850.211967 -681508.258748 0.471697 1628687177.753274
7471850.411331 -681508.157026 0.471950 1628687177.803318
7471850.625093 -681508.047945 0.472223 1628687177.853298
7471850.830959 -681507.942795 0.472485 1628687177.903275
7471851.040158 -681507.835868 0.472788 1628687177.953233
7471851.236886 -681507.735223 0.473010 1628687178.003216
7471851.455451 -681507.623404 0.473261 1628687178.053156
7471851.660733 -681507.518272 0.473449 1628687178.103074
7471851.862764 -681507.414737 0.473628 1628687178.153024
7471852.058347 -681507.314442 0.473739 1628687178.202925
7471852.280285 -681507.200653 0.473748 1628687178.252959
7471852.488168 -681507.094002 0.473652 1628687178.302852
7471852.693716 -681506.988539 0.473504 1628687178.352827
7471852.890981 -681506.887360 0.473344 1628687178.402848
7471853.105356 -681506.777460 0.472957 1628687178.452821
7471853.312114 -681506.671566 0.472647 1628687178.502779
7471853.529869 -681506.560155 0.471969 1628687178.555107
7471853.718647 -681506.463749 0.471529 1628687178.602840
7471853.932606 -681506.354531 0.470990 1628687178.652744
7471854.136650 -681506.250603 0.470462 1628687178.702722
7471854.342539 -681506.145908 0.469888 1628687178.752671
7471854.542192 -681506.044579 0.469318 1628687178.802681
7471854.757314 -681505.935423 0.468692 1628687178.852635
7471854.961679 -681505.831945 0.468125 1628687178.902895
7471855.167093 -681505.728087 0.467543 1628687178.952590
7471855.366990 -681505.627219 0.466976 1628687179.002514
7471855.585171 -681505.517143 0.466356 1628687179.052519
7471855.790090 -681505.413996 0.465778 1628687179.102955
7471855.992437 -681505.312290 0.465232 1628687179.152524
7471856.188601 -681505.213897 0.464686 1628687179.202540
7471856.407453 -681505.104089 0.464078 1628687179.252546
7471856.616970 -681504.999206 0.463469 1628687179.302938
7471856.823299 -681504.896088 0.462921 1628687179.352621
7471857.020184 -681504.797890 0.462339 1628687179.402613
7471857.233269 -681504.691621 0.461747 1628687179.452639
7471857.442570 -681504.587466 0.461157 1628687179.503277
7471857.648664 -681504.485062 0.460574 1628687179.552686
7471857.845491 -681504.387462 0.460021 1628687179.602711
7471858.058899 -681504.281663 0.459447 1628687179.652660
7471858.262019 -681504.181174 0.458851 1628687179.702639
7471858.467845 -681504.079488 0.458308 1628687179.752620
7471858.666477 -681503.981558 0.457747 1628687179.802561
7471858.877903 -681503.877345 0.457217 1628687179.852535
7471859.084895 -681503.775509 0.456700 1628687179.902468
7471859.287740 -681503.675861 0.456215 1628687179.952452
7471859.485773 -681503.578746 0.455771 1628687180.002369
7471859.696557 -681503.475380 0.455369 1628687180.052313
7471859.899860 -681503.375858 0.455133 1628687180.102213
7471860.111696 -681503.272237 0.454979 1628687180.152246
7471860.298823 -681503.180787 0.454955 1628687180.202175
7471860.514792 -681503.075171 0.454974 1628687180.252139
7471860.719917 -681502.974878 0.455021 1628687180.302103
7471860.924791 -681502.874682 0.455143 1628687180.352115
7471861.122290 -681502.778060 0.455248 1628687180.402158
7471861.331902 -681502.675479 0.455451 1628687180.452177
7471861.536825 -681502.575135 0.455627 1628687180.502224
7471861.742687 -681502.474277 0.455792 1628687180.552242
7471861.936516 -681502.379239 0.455989 1628687180.602256
7471862.146446 -681502.276302 0.456208 1628687180.652272
7471862.350555 -681502.176144 0.456478 1628687180.702307
7471862.551692 -681502.077389 0.456782 1628687180.752281
7471862.746054 -681501.981876 0.457114 1628687180.802299
7471862.955043 -681501.879143 0.457615 1628687180.852258
7471863.157469 -681501.779503 0.458143 1628687180.902593
7471863.359073 -681501.680139 0.458695 1628687180.952223
7471863.551419 -681501.585148 0.459253 1628687181.002139
7471863.756969 -681501.483578 0.459856 1628687181.052099
7471863.959149 -681501.383459 0.460437 1628687181.102552
7471864.156765 -681501.285443 0.461025 1628687181.152018
7471864.341285 -681501.193700 0.461573 1628687181.201948
7471864.552777 -681501.088607 0.462177 1628687181.251877
7471864.751046 -681500.989820 0.462767 1628687181.302027
7471864.951031 -681500.890052 0.463378 1628687181.351757
7471865.140150 -681500.795507 0.463929 1628687181.401692
7471865.343197 -681500.693978 0.464535 1628687181.451671
7471865.547756 -681500.591478 0.465143 1628687181.502310
7471865.742621 -681500.493670 0.465724 1628687181.551695
7471865.929976 -681500.399445 0.466306 1628687181.601753
7471866.137911 -681500.294869 0.466903 1628687181.651725
7471866.335361 -681500.195325 0.467502 1628687181.701781
7471866.534326 -681500.094885 0.468095 1628687181.751795
7471866.721745 -681500.000074 0.468632 1628687181.801917
7471866.928024 -681499.895711 0.469245 1628687181.851876
7471867.124473 -681499.796091 0.469832 1628687181.901870
7471867.320669 -681499.696466 0.470435 1628687181.951901
7471867.510658 -681499.599811 0.470991 1628687182.001874
7471867.716380 -681499.495124 0.471598 1628687182.051853
7471867.914884 -681499.393899 0.472165 1628687182.101856
7471868.108691 -681499.294901 0.472627 1628687182.151828
7471868.287309 -681499.203447 0.473100 1628687182.201767
7471868.502612 -681499.093339 0.473518 1628687182.251747
7471868.699340 -681498.992487 0.473900 1628687182.301678
7471868.895201 -681498.891980 0.474228 1628687182.351590
7471869.083920 -681498.795047 0.474472 1628687182.401537
7471869.289474 -681498.689465 0.474725 1628687182.451543
7471869.483331 -681498.589792 0.474932 1628687182.501521
7471869.678533 -681498.489376 0.475103 1628687182.551501
7471869.866965 -681498.392401 0.475221 1628687182.601466
7471870.074061 -681498.285824 0.475276 1628687182.651559
7471870.273354 -681498.183221 0.475188 1628687182.701463
7471870.466870 -681498.083577 0.475066 1628687182.751420
7471870.652618 -681497.987981 0.474903 1628687182.801413
7471870.858225 -681497.882190 0.474717 1628687182.851342
7471871.053158 -681497.781962 0.474545 1628687182.901260
7471871.253175 -681497.679185 0.474383 1628687182.951209
7471871.488660 -681497.558265 0.474131 1628687183.001184
7471871.724310 -681497.437336 0.473879 1628687183.051282
7471871.962724 -681497.315064 0.473625 1628687183.101961
7471872.194139 -681497.196456 0.473377 1628687183.151220
7471872.429138 -681497.076084 0.473127 1628687183.201236
7471872.665130 -681496.955279 0.472874 1628687183.251286
7471872.594946 -681496.989910 0.472949 1628687183.301283
7471872.820341 -681496.874502 0.472711 1628687183.351370
7471873.011770 -681496.776623 0.472483 1628687183.401314
7471873.221987 -681496.669153 0.472253 1628687183.451344
7471873.416251 -681496.569925 0.472038 1628687183.501359
7471873.613037 -681496.469456 0.471846 1628687183.551301
7471873.804080 -681496.371996 0.471630 1628687183.601345
7471874.002921 -681496.270564 0.471422 1628687183.651206
7471874.205030 -681496.167535 0.471206 1628687183.701860
7471874.396352 -681496.070072 0.470994 1628687183.751120
7471874.583611 -681495.974735 0.470772 1628687183.801084
7471874.788711 -681495.870325 0.470551 1628687183.850991
7471874.983499 -681495.771239 0.470345 1628687183.900928
7471875.180419 -681495.671122 0.470152 1628687183.950910
7471875.366072 -681495.576808 0.469923 1628687184.000890
7471875.568944 -681495.473754 0.469724 1628687184.050809
7471875.769138 -681495.372139 0.469501 1628687184.101358
7471875.965530 -681495.272507 0.469282 1628687184.150909
7471876.144423 -681495.181827 0.469094 1628687184.200812
7471876.353241 -681495.075960 0.468899 1628687184.250957
7471876.553118 -681494.974709 0.468686 1628687184.300885
7471876.745035 -681494.877548 0.468459 1628687184.350914
7471876.933272 -681494.782308 0.468271 1628687184.400978
7471877.141077 -681494.677177 0.468102 1628687184.451043
7471877.338522 -681494.577360 0.467954 1628687184.501692
7471877.532008 -681494.479591 0.467889 1628687184.551156
7471877.720391 -681494.384446 0.467784 1628687184.601147
7471877.931583 -681494.277774 0.467691 1628687184.651201
7471878.127064 -681494.179070 0.467627 1628687184.701193
7471878.323650 -681494.079816 0.467567 1628687184.751176
7471878.512898 -681493.984275 0.467532 1628687184.801267
7471878.725491 -681493.876945 0.467561 1628687184.851692
7471878.927277 -681493.775082 0.467599 1628687184.901115
7471879.124416 -681493.675563 0.467627 1628687184.951071
7471879.317449 -681493.578095 0.467711 1628687185.001049
7471879.532685 -681493.469411 0.467883 1628687185.051462
7471879.732608 -681493.368428 0.468044 1628687185.100892
7471879.938264 -681493.264517 0.468158 1628687185.150888
7471880.129667 -681493.167718 0.468318 1628687185.200778
7471880.351505 -681493.055536 0.468497 1628687185.251174
7471880.552813 -681492.953665 0.468710 1628687185.300678
7471880.759549 -681492.849000 0.468855 1628687185.350672
7471880.960142 -681492.747376 0.469055 1628687185.400536
7471881.175094 -681492.638469 0.469221 1628687185.450783
7471881.380716 -681492.534214 0.469439 1628687185.500309
7471881.588400 -681492.428865 0.469632 1628687185.550242
7471881.788635 -681492.327225 0.469818 1628687185.600276
7471882.006400 -681492.216683 0.470022 1628687185.650587
7471882.214683 -681492.110875 0.470213 1628687185.700066
7471882.421669 -681492.005677 0.470406 1628687185.750025
7471882.619465 -681491.905081 0.470592 1628687185.800031
7471882.834000 -681491.795965 0.470765 1628687185.850004
7471883.044218 -681491.688973 0.470960 1628687185.900429
7471883.250130 -681491.584127 0.471142 1628687185.949996
7471883.446871 -681491.483882 0.471331 1628687186.000039
7471883.653148 -681491.378769 0.471518 1628687186.050053
7471883.851214 -681491.277780 0.471701 1628687186.100574
7471884.076920 -681491.162655 0.471918 1628687186.150126
7471884.262381 -681491.067969 0.472161 1628687186.200109
7471884.477624 -681490.958098 0.472510 1628687186.250039
7471884.689522 -681490.849831 0.472875 1628687186.300529
7471884.888644 -681490.747993 0.473247 1628687186.349995
7471885.084572 -681490.647666 0.473669 1628687186.399948
7471885.299949 -681490.537335 0.474194 1628687186.449911
7471885.523410 -681490.422700 0.474751 1628687186.500477
7471885.709039 -681490.327297 0.475226 1628687186.549855
7471885.897370 -681490.230351 0.475681 1628687186.599802
7471886.124251 -681490.113543 0.476280 1628687186.649810
7471886.313803 -681490.015736 0.476795 1628687186.699763
7471886.523123 -681489.907635 0.477362 1628687186.749842
7471886.722034 -681489.804705 0.477960 1628687186.799838
7471886.931510 -681489.696271 0.478614 1628687186.850226
7471887.131511 -681489.592510 0.479286 1628687186.899782
7471887.330609 -681489.489059 0.479934 1628687186.949763
7471887.524022 -681489.388332 0.480616 1628687186.999755
7471887.736728 -681489.277531 0.481429 1628687187.050077
7471887.936077 -681489.173413 0.482326 1628687187.099666
7471888.138389 -681489.067537 0.483295 1628687187.149581
7471888.325938 -681488.969054 0.484284 1628687187.199533
7471888.540838 -681488.856247 0.485590 1628687187.249847
7471888.739506 -681488.751464 0.486934 1628687187.299363
7471888.941317 -681488.644700 0.488511 1628687187.349280
7471889.134045 -681488.542259 0.490028 1628687187.399189
7471889.346220 -681488.429332 0.491881 1628687187.449412
7471889.546506 -681488.322122 0.493634 1628687187.499067
7471889.745712 -681488.214957 0.495357 1628687187.548990
7471889.940631 -681488.109489 0.497057 1628687187.598997
7471890.152457 -681487.994797 0.498931 1628687187.649449
7471890.352997 -681487.885524 0.500707 1628687187.699018
7471890.554655 -681487.775152 0.502495 1628687187.749010
7471890.749375 -681487.667979 0.504224 1628687187.798979
7471890.959023 -681487.552514 0.506086 1628687187.848963
7471891.162141 -681487.439921 0.507892 1628687187.899350
7471891.364942 -681487.327069 0.509697 1628687187.948921
7471891.559889 -681487.217918 0.511435 1628687187.998876
7471891.769861 -681487.100272 0.513307 1628687188.048830
7471891.974683 -681486.984844 0.515163 1628687188.098787
7471892.176993 -681486.870303 0.516971 1628687188.148718
7471892.362852 -681486.764324 0.518599 1628687188.198636
7471892.584475 -681486.638219 0.520445 1628687188.248706
7471892.792301 -681486.519081 0.522020 1628687188.298910
7471892.997482 -681486.401003 0.523572 1628687188.349123
7471893.187605 -681486.290979 0.525028 1628687188.398546
7471893.401967 -681486.166974 0.526294 1628687188.448529
7471893.608281 -681486.047002 0.527464 1628687188.498581
7471893.814387 -681485.926854 0.528508 1628687188.548579
7471894.011603 -681485.811455 0.529382 1628687188.598634
7471894.229182 -681485.684199 0.530166 1628687188.648590
7471894.434115 -681485.563972 0.530694 1628687188.698613
7471894.640197 -681485.442906 0.531009 1628687188.748612
7471894.841428 -681485.324520 0.531179 1628687188.798588
7471895.059875 -681485.196078 0.531131 1628687188.848932
7471895.261011 -681485.077784 0.530895 1628687188.898535
7471895.469049 -681484.955501 0.530471 1628687188.948486
7471895.672868 -681484.835823 0.530053 1628687188.998443
7471895.889559 -681484.708703 0.529396 1628687189.048636
7471896.094796 -681484.588536 0.528654 1628687189.098331
7471896.300828 -681484.468111 0.527942 1628687189.148261
7471896.491514 -681484.356995 0.527341 1628687189.198250
7471896.720920 -681484.223187 0.526510 1628687189.248488
7471896.930951 -681484.101097 0.525787 1628687189.298160
7471897.142464 -681483.978368 0.525019 1628687189.348112
7471897.336715 -681483.865937 0.524307 1628687189.398154
7471897.559298 -681483.737111 0.523537 1628687189.448513
7471897.770185 -681483.615389 0.522772 1628687189.498137
7471897.980614 -681483.494119 0.522024 1628687189.548148
7471898.183095 -681483.377726 0.521301 1628687189.598174
7471898.404706 -681483.250350 0.520512 1628687189.648465
7471898.612880 -681483.131032 0.519771 1628687189.698110
7471898.827386 -681483.008262 0.518987 1628687189.748139
7471899.030512 -681482.892308 0.518266 1628687189.798065
7471899.252513 -681482.765611 0.517493 1628687189.848082
7471899.464400 -681482.644998 0.516731 1628687189.898007
7471899.676736 -681482.524356 0.515963 1628687189.947947
7471899.884525 -681482.406570 0.515225 1628687189.997921
7471900.110142 -681482.278708 0.514420 1628687190.047867
7471900.319161 -681482.160592 0.513674 1628687190.098005
7471900.529327 -681482.042024 0.512930 1628687190.147784
7471900.732176 -681481.927895 0.512209 1628687190.197826
7471900.961801 -681481.798630 0.511391 1628687190.247743
7471901.177688 -681481.677476 0.510624 1628687190.298086
7471901.389340 -681481.558923 0.509873 1628687190.347815
7471901.594813 -681481.444109 0.509144 1628687190.397815
7471901.816235 -681481.320412 0.508361 1628687190.447859
7471902.029742 -681481.201445 0.507606 1628687190.497896
7471902.242907 -681481.082890 0.506852 1628687190.547845
7471902.455052 -681480.965170 0.506096 1628687190.597905
7471902.678492 -681480.841228 0.505306 1628687190.647880
7471902.890387 -681480.724012 0.504556 1628687190.697855
7471903.106166 -681480.604850 0.503791 1628687190.747804
7471903.312796 -681480.491038 0.503061 1628687190.797775
7471903.540695 -681480.365536 0.502252 1628687190.847952
7471903.758489 -681480.245901 0.501479 1628687190.897687
7471903.976807 -681480.126207 0.500733 1628687190.947548
7471904.181802 -681480.014122 0.500008 1628687190.997599
7471904.404257 -681479.892505 0.499207 1628687191.047837
7471904.624315 -681479.772506 0.498437 1628687191.097510
7471904.844475 -681479.652668 0.497658 1628687191.147404
7471905.047059 -681479.542737 0.496942 1628687191.197352
7471905.283120 -681479.414550 0.496105 1628687191.247633
7471905.498442 -681479.298016 0.495375 1628687191.297455
7471905.715701 -681479.180635 0.494579 1628687191.347412
7471905.928299 -681479.066049 0.493868 1628687191.397413
7471906.157205 -681478.942735 0.493033 1628687191.447749
7471906.375068 -681478.825678 0.492294 1628687191.497519
7471906.594368 -681478.708066 0.491491 1628687191.547545
7471906.806263 -681478.594710 0.490756 1628687191.597515
7471907.034951 -681478.472413 0.489961 1628687191.648086
7471907.251614 -681478.356862 0.489197 1628687191.697550
7471907.472835 -681478.239083 0.488418 1628687191.747568
7471907.682163 -681478.127946 0.487682 1628687191.797557
7471907.911474 -681478.006226 0.486903 1628687191.847465
7471908.135349 -681477.887702 0.486112 1628687191.897465
7471908.353989 -681477.772187 0.485314 1628687191.947433
7471908.562232 -681477.662433 0.484598 1628687191.997350
7471908.788993 -681477.542963 0.483811 1628687192.047296
7471909.011969 -681477.425791 0.483038 1628687192.097362
7471909.232966 -681477.309882 0.482262 1628687192.147298
7471909.436138 -681477.203666 0.481572 1628687192.197351
7471909.676335 -681477.077941 0.480853 1628687192.247292
7471909.894488 -681476.964178 0.480294 1628687192.297293
7471910.115214 -681476.849260 0.479758 1628687192.347316
7471910.325937 -681476.739750 0.479308 1628687192.397309
7471910.555865 -681476.620248 0.478860 1628687192.447369
7471910.777205 -681476.505408 0.478359 1628687192.497281
7471910.997460 -681476.391225 0.477901 1628687192.547386
7471911.204788 -681476.283889 0.477502 1628687192.597303
7471911.434052 -681476.165196 0.477067 1628687192.647289
7471911.653871 -681476.051576 0.476643 1628687192.697349
7471911.872831 -681475.938516 0.476222 1628687192.747440
7471912.083904 -681475.829685 0.475814 1628687192.797353
7471912.320907 -681475.707497 0.475353 1628687192.848127
7471912.535560 -681475.597013 0.474939 1628687192.897390
7471912.752046 -681475.485702 0.474552 1628687192.947395
7471912.962904 -681475.377438 0.474168 1628687192.997349
7471913.197119 -681475.257184 0.473818 1628687193.047668
7471913.413068 -681475.146489 0.473411 1628687193.097194
7471913.632698 -681475.033990 0.473030 1628687193.147199
7471913.841557 -681474.927154 0.472701 1628687193.197196
7471914.077544 -681474.806416 0.472425 1628687193.247545
7471914.293573 -681474.696055 0.472188 1628687193.297040
7471914.517277 -681474.581858 0.471926 1628687193.347050
7471914.726851 -681474.474945 0.471658 1628687193.397004
7471914.959063 -681474.356478 0.471423 1628687193.447369
7471915.175924 -681474.245946 0.471185 1628687193.497013
7471915.402078 -681474.130732 0.470962 1628687193.547056
7471915.612689 -681474.023527 0.470765 1628687193.597088
7471915.840424 -681473.907611 0.470656 1628687193.647523
7471916.060815 -681473.795509 0.470649 1628687193.697093
7471916.283592 -681473.682244 0.470769 1628687193.747131
7471916.494025 -681473.575243 0.470939 1628687193.797064
7471916.722493 -681473.459043 0.471171 1628687193.847055
7471916.943367 -681473.346626 0.471408 1628687193.897031
7471917.164248 -681473.234108 0.471654 1628687193.946965
7471917.376164 -681473.126006 0.471946 1628687193.996951
7471917.603048 -681473.010252 0.472284 1628687194.046888
7471917.820628 -681472.899104 0.472567 1628687194.096791
7471918.042270 -681472.785803 0.472893 1628687194.146775
7471918.247262 -681472.680873 0.473187 1628687194.196720
7471918.480537 -681472.561500 0.473520 1628687194.246666
7471918.700929 -681472.448573 0.473835 1628687194.296621
7471918.923079 -681472.334656 0.474151 1628687194.346629
7471919.132043 -681472.227380 0.474452 1628687194.396656
7471919.360753 -681472.109955 0.474807 1628687194.446675
7471919.578870 -681471.997844 0.475119 1628687194.496656
7471919.803154 -681471.882474 0.475419 1628687194.546656
7471920.013870 -681471.773952 0.475734 1628687194.596666
7471920.243342 -681471.655767 0.476061 1628687194.646634
7471920.462739 -681471.542640 0.476375 1628687194.696641
7471920.688419 -681471.426189 0.476693 1628687194.746633
7471920.898926 -681471.317447 0.477022 1628687194.796579
7471921.127531 -681471.199338 0.477321 1628687194.846500
7471921.352743 -681471.082848 0.477679 1628687194.896540
7471921.576587 -681470.966982 0.477997 1628687194.946476
7471921.789361 -681470.856718 0.478310 1628687194.996366
7471922.020638 -681470.736848 0.478650 1628687195.046244
7471922.243055 -681470.621433 0.478976 1628687195.096164
7471922.467106 -681470.505082 0.479305 1628687195.146130
7471922.678572 -681470.395128 0.479512 1628687195.196086
7471922.918127 -681470.270596 0.479724 1628687195.246020
7471923.140748 -681470.154728 0.480020 1628687195.296005
7471923.363765 -681470.038599 0.480193 1628687195.345978
7471923.584206 -681469.923733 0.480324 1628687195.395980
7471923.819357 -681469.801206 0.480228 1628687195.445960
7471924.048587 -681469.681714 0.480235 1628687195.495991
7471924.277272 -681469.562510 0.480117 1628687195.546018
7471924.495455 -681469.448799 0.480089 1628687195.596052
7471924.732538 -681469.325287 0.479867 1628687195.646074
7471924.964231 -681469.204658 0.479622 1628687195.696096
7471925.190811 -681469.086773 0.479423 1628687195.746120
7471925.410755 -681468.972436 0.479202 1628687195.796153
7471925.657928 -681468.843960 0.478822 1628687195.846747
7471925.889804 -681468.723551 0.478482 1628687195.896502
7471926.116591 -681468.605890 0.478182 1628687195.946273
7471926.336721 -681468.491812 0.477808 1628687195.996273
7471926.576744 -681468.367459 0.477301 1628687196.046797
7471926.807200 -681468.248221 0.476901 1628687196.096258
7471927.038123 -681468.128894 0.476520 1628687196.146215
7471927.257751 -681468.015596 0.476101 1628687196.196166
7471927.506625 -681467.887180 0.475612 1628687196.246545
7471927.731449 -681467.771381 0.475203 1628687196.296088
7471927.963286 -681467.652091 0.474735 1628687196.345912
7471928.184553 -681467.538418 0.474324 1628687196.395866
7471928.419660 -681467.417665 0.473876 1628687196.446111
7471928.658776 -681467.295028 0.473406 1628687196.495687
7471928.882622 -681467.180362 0.472984 1628687196.545622
7471929.104528 -681467.066857 0.472551 1628687196.595540
7471929.350020 -681466.941307 0.472078 1628687196.645911
7471929.580661 -681466.823538 0.471632 1628687196.695520
7471929.806367 -681466.708432 0.471232 1628687196.745518
7471930.028914 -681466.595102 0.470772 1628687196.795516
7471930.269391 -681466.472653 0.470319 1628687196.845459
7471930.501243 -681466.354789 0.469934 1628687196.895480
7471930.733235 -681466.236974 0.469520 1628687196.945413
7471930.952422 -681466.125825 0.469147 1628687196.995375
7471931.194435 -681466.003113 0.468748 1628687197.045334
7471931.425189 -681465.886267 0.468413 1628687197.095343
7471931.653460 -681465.770787 0.468093 1628687197.145264
7471931.872691 -681465.660024 0.467763 1628687197.195206
7471932.119344 -681465.535372 0.467492 1628687197.245103
7471932.349078 -681465.419425 0.467225 1628687197.295124
7471932.580243 -681465.302825 0.467019 1628687197.345051
7471932.804927 -681465.189588 0.466771 1628687197.395045
7471933.043403 -681465.069397 0.466557 1628687197.444973
7471933.275451 -681464.952540 0.466386 1628687197.494999
7471933.508960 -681464.835001 0.466256 1628687197.545008
7471933.730820 -681464.723393 0.466088 1628687197.595030
7471933.973573 -681464.601263 0.465981 1628687197.645079
7471934.205450 -681464.484665 0.465921 1628687197.695031
7471934.440029 -681464.366735 0.465974 1628687197.745111
7471934.664088 -681464.254115 0.466006 1628687197.795141
7471934.910107 -681464.130418 0.466150 1628687197.845696
7471935.135358 -681464.017131 0.466207 1628687197.895262
7471935.369251 -681463.899446 0.466291 1628687197.945127
7471935.594948 -681463.785839 0.466383 1628687197.995101
7471935.835412 -681463.664796 0.466486 1628687198.045535
7471936.061727 -681463.550833 0.466551 1628687198.095059
7471936.293892 -681463.433898 0.466679 1628687198.145055
7471936.507277 -681463.326381 0.466746 1628687198.195006
7471936.753120 -681463.202518 0.466876 1628687198.245221
7471936.982500 -681463.086909 0.466962 1628687198.294903
7471937.211299 -681462.971560 0.467029 1628687198.344810
7471937.430788 -681462.860867 0.467152 1628687198.394820
7471937.672785 -681462.738826 0.467246 1628687198.445286
7471937.896953 -681462.625731 0.467340 1628687198.494771
7471938.126020 -681462.510138 0.467500 1628687198.544711
7471938.344720 -681462.399739 0.467670 1628687198.594700
7471938.583096 -681462.279391 0.468019 1628687198.644999
7471938.810200 -681462.164656 0.468382 1628687198.694709
7471939.036840 -681462.050047 0.468788 1628687198.744706
7471939.255916 -681461.939117 0.469180 1628687198.794712
7471939.492321 -681461.819352 0.469612 1628687198.845136
7471939.720708 -681461.703474 0.470021 1628687198.894807
7471939.950523 -681461.586735 0.470454 1628687198.944842
7471940.166546 -681461.476826 0.470891 1628687198.994859
7471940.399899 -681461.358086 0.471337 1628687199.044917
7471940.626535 -681461.242590 0.471766 1628687199.094896
7471940.856367 -681461.125339 0.472212 1628687199.144935
7471941.070664 -681461.015819 0.472628 1628687199.194901
7471941.313640 -681460.891672 0.473098 1628687199.244975
7471941.539655 -681460.775985 0.473538 1628687199.294904
7471941.767327 -681460.659318 0.473950 1628687199.344924
7471941.987386 -681460.546381 0.474406 1628687199.394846
7471942.222606 -681460.425645 0.474865 1628687199.444834
7471942.447916 -681460.309813 0.475304 1628687199.494767
7471942.683925 -681460.188360 0.475757 1628687199.544753
7471942.898032 -681460.077988 0.476177 1628687199.594712
7471943.132691 -681459.957012 0.476634 1628687199.644650
7471943.358446 -681459.840438 0.477073 1628687199.694551
7471943.586619 -681459.722504 0.477517 1628687199.744414
7471943.804737 -681459.609585 0.477941 1628687199.794484
7471944.041767 -681459.486856 0.478400 1628687199.844462
7471944.262874 -681459.372194 0.478833 1628687199.894230
7471944.491025 -681459.253754 0.479281 1628687199.944198
7471944.712691 -681459.138509 0.479683 1628687199.994119
7471944.950710 -681459.014737 0.480143 1628687200.044416
7471945.174759 -681458.898052 0.480537 1628687200.094051
7471945.395743 -681458.782839 0.480927 1628687200.144090
7471945.608892 -681458.671551 0.481276 1628687200.194026
7471945.855341 -681458.542907 0.481657 1628687200.244393
7471946.079524 -681458.425687 0.482051 1628687200.294108
7471946.306804 -681458.306763 0.482398 1628687200.344073
7471946.523140 -681458.193431 0.482720 1628687200.394197
7471946.759006 -681458.069846 0.483065 1628687200.444409
7471946.985928 -681457.950815 0.483314 1628687200.494144
7471947.212142 -681457.832062 0.483524 1628687200.544120
7471947.425507 -681457.719957 0.483682 1628687200.594158
7471947.663068 -681457.595147 0.483766 1628687200.644439
7471947.890204 -681457.475734 0.483836 1628687200.694025
7471948.115854 -681457.357086 0.483817 1628687200.743932
7471948.330145 -681457.244424 0.483713 1628687200.793962
7471948.564927 -681457.121007 0.483546 1628687200.843840
7471948.791140 -681457.002137 0.483452 1628687200.893775
7471949.013285 -681456.885468 0.483296 1628687200.943855
7471949.232541 -681456.770399 0.483147 1628687200.993661
7471949.471629 -681456.644940 0.482963 1628687201.043646
7471949.693583 -681456.528552 0.482760 1628687201.093650
7471949.915742 -681456.412107 0.482616 1628687201.143709
7471950.131829 -681456.298926 0.482402 1628687201.193632
7471950.372411 -681456.172905 0.482200 1628687201.243698
7471950.601373 -681456.053064 0.482005 1628687201.293813
7471950.830277 -681455.933307 0.481810 1628687201.343691
7471951.043330 -681455.821922 0.481632 1628687201.393750
7471951.278935 -681455.698749 0.481434 1628687201.443639
7471951.506080 -681455.580074 0.481254 1628687201.493682
7471951.732208 -681455.461991 0.481034 1628687201.543676
7471951.951639 -681455.347477 0.480823 1628687201.593621
7471952.188660 -681455.223792 0.480467 1628687201.643677
7471952.415015 -681455.105760 0.480111 1628687201.693676
7471952.640460 -681454.988289 0.479757 1628687201.743681
7471952.855135 -681454.876602 0.479384 1628687201.793685
7471953.092505 -681454.753133 0.478970 1628687201.844109
7471953.320749 -681454.634584 0.478545 1628687201.893787
7471953.549891 -681454.515691 0.478137 1628687201.943886
7471953.763546 -681454.405018 0.477741 1628687201.993899
7471953.997969 -681454.283588 0.477315 1628687202.044431
7471954.225967 -681454.165661 0.476888 1628687202.093940
7471954.452566 -681454.048591 0.476467 1628687202.144042
7471954.658194 -681453.942545 0.476084 1628687202.193959
7471954.905440 -681453.814950 0.475624 1628687202.244393
7471955.132278 -681453.698115 0.475198 1628687202.293904
7471955.358467 -681453.581729 0.474779 1628687202.344012
7471955.573224 -681453.471398 0.474380 1628687202.393790
7471955.809365 -681453.350094 0.473941 1628687202.444015
7471956.033951 -681453.234901 0.473523 1628687202.493619
7471956.262376 -681453.117848 0.473158 1628687202.543549
7471956.477392 -681453.007837 0.472891 1628687202.593573
7471956.714507 -681452.886537 0.472556 1628687202.643669
7471956.936571 -681452.773071 0.472220 1628687202.693381
7471957.158030 -681452.659981 0.471938 1628687202.743351
7471957.380234 -681452.546606 0.471692 1628687202.793288
7471957.614735 -681452.426973 0.471453 1628687202.843293
7471957.834941 -681452.314742 0.471245 1628687202.893275
7471958.060964 -681452.199600 0.471081 1628687202.943370
7471958.277702 -681452.089265 0.470930 1628687202.993285
7471958.509911 -681451.971053 0.470820 1628687203.043325
7471958.734943 -681451.856548 0.470743 1628687203.093347
7471958.959421 -681451.742351 0.470691 1628687203.143323
7471959.167113 -681451.636706 0.470625 1628687203.193301
7471959.407084 -681451.514624 0.470593 1628687203.243316
7471959.629853 -681451.401306 0.470552 1628687203.293342
7471959.850795 -681451.288923 0.470493 1628687203.343355
7471960.063251 -681451.180876 0.470456 1628687203.393415
7471960.297305 -681451.061845 0.470442 1628687203.443422
7471960.518057 -681450.949596 0.470402 1628687203.493448
7471960.736567 -681450.838499 0.470365 1628687203.543407
7471960.951806 -681450.729070 0.470334 1628687203.593412
7471961.178690 -681450.613721 0.470278 1628687203.643387
7471961.397062 -681450.502711 0.470280 1628687203.693405
7471961.617578 -681450.390620 0.470252 1628687203.743345
7471961.832031 -681450.281621 0.470251 1628687203.793268
7471962.056304 -681450.167631 0.470194 1628687203.843695
7471962.275266 -681450.056344 0.470182 1628687203.893239
7471962.492705 -681449.945844 0.470153 1628687203.943190
7471962.701450 -681449.839771 0.470155 1628687203.993304
7471962.928854 -681449.724217 0.470132 1628687204.043525
7471963.142794 -681449.615508 0.470118 1628687204.092924
7471963.358831 -681449.505737 0.470103 1628687204.142863
7471963.562713 -681449.402147 0.470066 1628687204.192760
7471963.796587 -681449.283318 0.470045 1628687204.242941
7471964.012986 -681449.173382 0.470018 1628687204.292643
7471964.226374 -681449.064983 0.469993 1628687204.342642
7471964.434526 -681448.959254 0.469970 1628687204.392584
7471964.664387 -681448.842498 0.469943 1628687204.442968
7471964.880911 -681448.732527 0.469918 1628687204.492580
7471965.098555 -681448.621993 0.469921 1628687204.542542
7471965.303138 -681448.518103 0.469894 1628687204.592561
7471965.525843 -681448.405004 0.469852 1628687204.642682
7471965.740365 -681448.296067 0.469840 1628687204.692546
7471965.960092 -681448.184498 0.469816 1628687204.742452
7471966.169591 -681448.078131 0.469791 1628687204.792496
7471966.391663 -681447.965382 0.469764 1628687204.842463
7471966.607454 -681447.855830 0.469741 1628687204.892421
7471966.820412 -681447.747724 0.469717 1628687204.942453
7471967.028925 -681447.641884 0.469721 1628687204.992471
7471967.253444 -681447.527920 0.469699 1628687205.042444
7471967.468880 -681447.418567 0.469685 1628687205.092464
7471967.683316 -681447.309726 0.469645 1628687205.142542
7471967.882054 -681447.208858 0.469638 1628687205.192472
7471968.113458 -681447.091414 0.469610 1628687205.242450
7471968.327654 -681446.982714 0.469588 1628687205.292450
7471968.542464 -681446.873708 0.469564 1628687205.342426
7471968.747656 -681446.769593 0.469542 1628687205.392406
7471968.967156 -681446.658219 0.469521 1628687205.442308
7471969.182249 -681446.549089 0.469497 1628687205.492282
7471969.399990 -681446.438622 0.469472 1628687205.542159
7471969.607579 -681446.333313 0.469449 1628687205.592193
7471969.827004 -681446.222001 0.469427 1628687205.642146
7471970.039333 -681446.114299 0.469404 1628687205.692146
7471970.258297 -681446.003237 0.469407 1628687205.742088
7471970.466214 -681445.897786 0.469407 1628687205.792070
7471970.691567 -681445.783488 0.469394 1628687205.842171
7471970.904819 -681445.675326 0.469392 1628687205.892021
7471971.118983 -681445.566702 0.469389 1628687205.941927
7471971.326089 -681445.461658 0.469413 1628687205.991887
7471971.554338 -681445.345892 0.469382 1628687206.042042
7471971.768613 -681445.237206 0.469389 1628687206.091792
7471971.984070 -681445.127926 0.469386 1628687206.141786
7471972.186438 -681445.025287 0.469383 1628687206.191768
7471972.418479 -681444.907597 0.469378 1628687206.241963
7471972.634460 -681444.798055 0.469345 1628687206.291728
7471972.854022 -681444.686698 0.469396 1628687206.341785
7471973.058337 -681444.583084 0.469404 1628687206.391721
7471973.289088 -681444.466052 0.469528 1628687206.442077
7471973.506422 -681444.355814 0.469685 1628687206.491788
7471973.722282 -681444.246288 0.469886 1628687206.541785
7471973.932391 -681444.139617 0.470057 1628687206.591800
7471974.160125 -681444.023962 0.470295 1628687206.642006
7471974.378535 -681443.912951 0.470576 1628687206.691696
7471974.598823 -681443.800915 0.470794 1628687206.741700
7471974.810790 -681443.693008 0.471034 1628687206.791645
7471975.036906 -681443.577883 0.471292 1628687206.841641
7471975.251123 -681443.468716 0.471567 1628687206.891567
7471975.474341 -681443.354900 0.471848 1628687206.941565
7471975.686458 -681443.246638 0.472097 1628687206.991522
7471975.918052 -681443.128418 0.472409 1628687207.041546
7471976.136957 -681443.016565 0.472651 1628687207.091477
7471976.356667 -681442.904219 0.472961 1628687207.141471
7471976.564758 -681442.797708 0.473213 1628687207.191528
7471976.799500 -681442.677565 0.473484 1628687207.241505
7471977.027780 -681442.560602 0.473800 1628687207.291478
7471977.248053 -681442.447666 0.474043 1628687207.341511
7471977.458063 -681442.339875 0.474314 1628687207.391564
7471977.691036 -681442.220300 0.474599 1628687207.441590
7471977.916709 -681442.104355 0.474902 1628687207.491585
7471978.142759 -681441.988146 0.475179 1628687207.541547
7471978.356228 -681441.878284 0.475450 1628687207.591542
7471978.589771 -681441.758080 0.475746 1628687207.641511
7471978.816712 -681441.641161 0.476033 1628687207.691527
7471979.045204 -681441.523357 0.476320 1628687207.741430
7471979.262326 -681441.411302 0.476594 1628687207.791395
7471979.494612 -681441.291404 0.476890 1628687207.841604
7471979.722343 -681441.173745 0.477175 1628687207.891329
7471979.959954 -681441.050904 0.477468 1628687207.941291
7471980.174902 -681440.939656 0.477657 1628687207.991280
7471980.412096 -681440.816876 0.477804 1628687208.041601
7471980.638450 -681440.699589 0.478031 1628687208.091341
7471980.869664 -681440.579755 0.478231 1628687208.141357
7471981.083838 -681440.468699 0.478322 1628687208.191415
7471981.332446 -681440.339807 0.478423 1628687208.241758
7471981.561011 -681440.221236 0.478481 1628687208.291304
7471981.787158 -681440.103891 0.478551 1628687208.341350
7471982.008055 -681439.989272 0.478542 1628687208.391270
7471982.285701 -681439.845241 0.478521 1628687208.441516
7471982.564098 -681439.700828 0.478414 1628687208.491195
7471982.845153 -681439.555074 0.478208 1628687208.541203
7471983.124744 -681439.410152 0.477895 1628687208.591087
7471983.404234 -681439.265393 0.477516 1628687208.641343
7471983.677844 -681439.123811 0.477108 1628687208.691056
7471983.949919 -681438.983164 0.476691 1628687208.741028
7471984.217768 -681438.844844 0.476286 1628687208.791162
7471984.057474 -681438.927923 0.474362 1628687208.841045
7471984.286788 -681438.810160 0.474037 1628687208.891074
7471984.509122 -681438.696103 0.473707 1628687208.941097
7471984.756525 -681438.569261 0.473332 1628687208.991230
7471984.991272 -681438.449029 0.472979 1628687209.041112
7471985.220932 -681438.331508 0.472639 1628687209.091098
7471985.444805 -681438.217059 0.472303 1628687209.141089
7471985.689408 -681438.092081 0.471917 1628687209.191140
7471985.922094 -681437.973316 0.471570 1628687209.241050
7471986.152708 -681437.855718 0.471235 1628687209.291044
7471986.377587 -681437.741149 0.470899 1628687209.340930
7471986.619264 -681437.618098 0.470538 1628687209.390957
7471986.854805 -681437.498282 0.470216 1628687209.440919
7471987.085591 -681437.380996 0.469853 1628687209.490877
7471987.310880 -681437.266611 0.469517 1628687209.540975
7471987.550977 -681437.144781 0.469141 1628687209.590915
7471987.785951 -681437.025670 0.468789 1628687209.640978
7471988.022141 -681436.906051 0.468442 1628687209.690918
7471988.245148 -681436.793219 0.468113 1628687209.741017
7471988.485613 -681436.671632 0.467746 1628687209.790921
7471988.724956 -681436.550732 0.467385 1628687209.841213
7471988.959975 -681436.432120 0.467032 1628687209.890848
7471989.185679 -681436.318323 0.466695 1628687209.940846
7471989.426396 -681436.197034 0.466336 1628687209.990729
7471989.664580 -681436.077140 0.465979 1628687210.040895
7471989.901683 -681435.957896 0.465621 1628687210.090649
7471990.126052 -681435.845176 0.465273 1628687210.140659
7471990.367671 -681435.723859 0.464914 1628687210.190585
7471990.596186 -681435.609252 0.464591 1628687210.240914
7471990.828671 -681435.492738 0.464247 1628687210.290595
7471991.058848 -681435.377485 0.463928 1628687210.340598
7471991.297624 -681435.258001 0.463615 1628687210.390699
7471991.532315 -681435.140664 0.463355 1628687210.440698
7471991.771342 -681435.021249 0.463117 1628687210.490710
7471991.997862 -681434.908155 0.462954 1628687210.540747
7471992.237056 -681434.788778 0.462849 1628687210.590716
7471992.475996 -681434.669568 0.462755 1628687210.641250
7471992.712986 -681434.551346 0.462722 1628687210.690718
7471992.939342 -681434.438442 0.462711 1628687210.740647
7471993.182766 -681434.317019 0.462722 1628687210.790630
7471993.417709 -681434.199824 0.462725 1628687210.840635
7471993.653161 -681434.082375 0.462728 1628687210.890510
7471993.880885 -681433.968774 0.462790 1628687210.940550
7471994.122687 -681433.848142 0.462875 1628687210.990413
7471994.358034 -681433.730707 0.463026 1628687211.040351
7471994.591775 -681433.614033 0.463201 1628687211.090337
7471994.813924 -681433.503078 0.463433 1628687211.140336
7471995.058765 -681433.380737 0.463686 1628687211.190275
7471995.292411 -681433.263902 0.463965 1628687211.240255
7471995.529282 -681433.145375 0.464235 1628687211.290275
7471995.754064 -681433.032813 0.464491 1628687211.340246
7471995.995791 -681432.911699 0.464776 1628687211.390306
7471996.226939 -681432.795798 0.465039 1628687211.440189
7471996.506638 -681432.655461 0.465358 1628687211.490298
7471996.786113 -681432.515126 0.465676 1628687211.540231
7471997.065616 -681432.374665 0.465993 1628687211.590241
7471997.344623 -681432.234342 0.466310 1628687211.640330
7471997.621845 -681432.094807 0.466626 1628687211.690267
7471997.900852 -681431.954263 0.466945 1628687211.740292
7471998.181405 -681431.812829 0.467264 1628687211.790298
7471998.462138 -681431.671191 0.467582 1628687211.840504
7471998.739485 -681431.531150 0.467898 1628687211.890335
7471998.563093 -681431.623759 0.467690 1628687211.940316
7471998.810014 -681431.499065 0.467970 1628687211.990293
7471999.051018 -681431.377261 0.468241 1628687212.040675
7471999.280197 -681431.261350 0.468520 1628687212.090199
7471999.503889 -681431.148133 0.468753 1628687212.140128
7471999.748805 -681431.024124 0.469052 1628687212.190120
7471999.987441 -681430.903198 0.469306 1628687212.240313
7472000.219520 -681430.785510 0.469570 1628687212.289989
7472000.444916 -681430.671130 0.469827 1628687212.339967
7472000.688086 -681430.547672 0.470103 1628687212.389953
7472000.923173 -681430.428225 0.470371 1628687212.440253
7472001.156630 -681430.309529 0.470637 1628687212.489921
7472001.383782 -681430.193952 0.470895 1628687212.539920
7472001.627113 -681430.070086 0.471170 1628687212.589923
7472001.865061 -681429.948867 0.471440 1628687212.640286
7472002.099096 -681429.829561 0.471706 1628687212.689996
7472002.324614 -681429.714511 0.471964 1628687212.740041
7472002.568874 -681429.589842 0.472241 1628687212.789996
7472002.806470 -681429.468483 0.472509 1628687212.840009
7472003.041232 -681429.348489 0.472774 1628687212.889975
7472003.270066 -681429.231440 0.473032 1628687212.939965
7472003.514366 -681429.106423 0.473289 1628687212.989985
7472003.753391 -681428.984016 0.473527 1628687213.040001
7472003.991018 -681428.862253 0.473791 1628687213.090002
7472004.217725 -681428.746001 0.474020 1628687213.139987
7472004.464684 -681428.619314 0.474295 1628687213.190052
7472004.704712 -681428.496089 0.474552 1628687213.240074
7472004.939648 -681428.375401 0.474786 1628687213.290035
7472005.170824 -681428.256568 0.475025 1628687213.340024
7472005.412887 -681428.132082 0.475276 1628687213.389982
7472005.649597 -681428.010267 0.475502 1628687213.439967
7472005.888453 -681427.887279 0.475677 1628687213.489872
7472006.119149 -681427.768435 0.475743 1628687213.539835
7472006.364172 -681427.642201 0.475681 1628687213.589777
7472006.601027 -681427.520189 0.475474 1628687213.639678
7472006.840041 -681427.397127 0.475098 1628687213.689590
7472007.074522 -681427.276519 0.474599 1628687213.739557
7472007.320801 -681427.149940 0.474080 1628687213.789520
7472007.559161 -681427.027618 0.473551 1628687213.839603
7472007.798519 -681426.904963 0.472990 1628687213.889459
7472008.027008 -681426.788057 0.472432 1628687213.939489
7472008.273778 -681426.661927 0.471843 1628687213.989468
7472008.512862 -681426.539919 0.471282 1628687214.039675
7472008.748220 -681426.419987 0.470721 1628687214.089456
7472008.978280 -681426.302934 0.470170 1628687214.139506
7472009.224960 -681426.177547 0.469581 1628687214.189558
7472009.468075 -681426.054180 0.469015 1628687214.239871
7472009.701702 -681425.935795 0.468471 1628687214.289642
7472009.931916 -681425.819316 0.467931 1628687214.339668
7472010.175765 -681425.696062 0.467363 1628687214.389683
7472010.419857 -681425.572875 0.466811 1628687214.439992
7472010.654303 -681425.454729 0.466274 1628687214.489683
7472010.886331 -681425.337969 0.465742 1628687214.539691
7472011.134339 -681425.213290 0.465192 1628687214.589655
7472011.375310 -681425.092342 0.464703 1628687214.640090
7472011.612833 -681424.973283 0.464240 1628687214.689614
7472011.844723 -681424.857181 0.463857 1628687214.739568
7472012.092244 -681424.733349 0.463542 1628687214.789543
7472012.332825 -681424.613112 0.463379 1628687214.839428
7472012.570828 -681424.494228 0.463297 1628687214.889394
7472012.802182 -681424.378656 0.463312 1628687214.939286
7472013.048968 -681424.255380 0.463318 1628687214.989204
7472013.289574 -681424.135182 0.463359 1628687215.039126
7472013.526035 -681424.017043 0.463381 1628687215.088969
7472013.757963 -681423.901155 0.463415 1628687215.138953
7472014.005343 -681423.777538 0.463451 1628687215.188849
7472014.242905 -681423.658815 0.463487 1628687215.238789
7472014.484249 -681423.538186 0.463534 1628687215.288872
7472014.715368 -681423.422658 0.463584 1628687215.338754
7472014.963518 -681423.298604 0.463612 1628687215.388775
7472015.202201 -681423.179274 0.463648 1628687215.438789
7472015.441083 -681423.059833 0.463684 1628687215.488792
7472015.675651 -681422.942537 0.463717 1628687215.538803
7472015.923353 -681422.818665 0.463752 1628687215.588869
7472016.167498 -681422.696561 0.463783 1628687215.638915
7472016.409277 -681422.575631 0.463815 1628687215.688918
7472016.643269 -681422.458585 0.463846 1628687215.738964
7472016.899192 -681422.330562 0.463897 1628687215.789024
7472017.144083 -681422.208040 0.463959 1628687215.839274
7472017.385521 -681422.087233 0.464086 1628687215.889216
7472017.617115 -681421.971305 0.464348 1628687215.939060
7472017.861364 -681421.849005 0.464740 1628687215.989120
7472018.098012 -681421.730398 0.465304 1628687216.039353
7472018.331541 -681421.613189 0.466026 1628687216.089077
7472018.557159 -681421.499687 0.466964 1628687216.139015
7472018.804225 -681421.375199 0.467989 1628687216.188968
7472019.040113 -681421.255999 0.469046 1628687216.239167
7472019.275791 -681421.136581 0.470079 1628687216.288954
7472019.505855 -681421.019659 0.471114 1628687216.338898
7472019.748623 -681420.896043 0.472208 1628687216.388859
7472019.983645 -681420.776003 0.473269 1628687216.439088
7472020.214752 -681420.657652 0.474312 1628687216.488727
7472020.439610 -681420.542177 0.475330 1628687216.538719
7472020.678229 -681420.419405 0.476409 1628687216.588587
7472020.913923 -681420.297776 0.477493 1628687216.638623
7472021.141092 -681420.180227 0.478553 1628687216.688481
7472021.365317 -681420.063874 0.479626 1628687216.738378
7472021.602977 -681419.940303 0.480836 1628687216.788347
7472021.831945 -681419.820871 0.482038 1628687216.838389
7472022.058660 -681419.702264 0.483285 1628687216.888350
7472022.278292 -681419.586982 0.484597 1628687216.938405
7472022.510678 -681419.464713 0.486173 1628687216.988373
7472022.734891 -681419.346255 0.487830 1628687217.038372
7472022.957117 -681419.228375 0.489609 1628687217.088322
7472023.170545 -681419.114622 0.491351 1628687217.138309
7472023.400317 -681418.991756 0.493328 1628687217.188245
7472023.626947 -681418.869941 0.495269 1628687217.238261
7472023.848534 -681418.750237 0.497192 1628687217.288315
7472024.061712 -681418.634491 0.499045 1628687217.338220
7472024.284222 -681418.513264 0.500989 1628687217.388312
7472024.500562 -681418.394799 0.502874 1628687217.438267
7472024.727817 -681418.269802 0.504857 1628687217.488302
7472024.932760 -681418.156483 0.506645 1628687217.538344
7472025.156200 -681418.032559 0.508598 1628687217.588358
7472025.368029 -681417.914459 0.510451 1628687217.638337
7472025.582782 -681417.794202 0.512350 1628687217.688350
7472025.792318 -681417.676300 0.514170 1628687217.738407
7472026.006507 -681417.555376 0.516049 1628687217.788367
7472026.213961 -681417.437678 0.517873 1628687217.838396
7472026.414723 -681417.323275 0.519640 1628687217.888371
7472026.628484 -681417.200950 0.521509 1628687217.938353
7472026.831261 -681417.084491 0.523311 1628687217.988348
7472027.029874 -681416.969890 0.525066 1628687218.038640
7472027.229248 -681416.854393 0.526829 1628687218.088282
7472027.416923 -681416.745169 0.528491 1628687218.138244
7472027.642244 -681416.613703 0.530487 1628687218.188185
7472027.842920 -681416.496008 0.532264 1628687218.238380
7472028.001969 -681416.402271 0.533675 1628687218.288180
7472028.201796 -681416.284160 0.535439 1628687218.338138
7472028.413158 -681416.158816 0.537310 1628687218.388177
7472028.603407 -681416.045480 0.538996 1628687218.438153
7472028.789213 -681415.934352 0.540660 1628687218.488116
7472028.970398 -681415.825535 0.542264 1628687218.538091
7472029.163641 -681415.709155 0.544005 1628687218.588097
7472029.351591 -681415.595466 0.545654 1628687218.638356
7472029.536716 -681415.483063 0.547224 1628687218.688014
7472029.716769 -681415.373307 0.548699 1628687218.738089
7472029.908107 -681415.256378 0.550178 1628687218.788023
7472030.093595 -681415.142594 0.551565 1628687218.837968
7472030.276158 -681415.030254 0.552842 1628687218.887939
7472030.454412 -681414.920219 0.554029 1628687218.937951
7472030.642635 -681414.803792 0.555232 1628687218.987938
7472030.825109 -681414.690588 0.556377 1628687219.037947
7472031.007046 -681414.577427 0.557515 1628687219.088016
7472031.183559 -681414.467342 0.558581 1628687219.138004
7472031.371283 -681414.350057 0.559717 1628687219.188079
7472031.547989 -681414.239335 0.560725 1628687219.238084
7472031.726835 -681414.127018 0.561699 1628687219.288138
7472031.899833 -681414.018107 0.562565 1628687219.338144
7472032.083358 -681413.902402 0.563350 1628687219.388181
7472032.259548 -681413.791091 0.563987 1628687219.438185
7472032.434344 -681413.680496 0.564480 1628687219.488171
7472032.604060 -681413.572981 0.564924 1628687219.538144
7472032.785604 -681413.457915 0.565284 1628687219.588224
7472032.959020 -681413.347896 0.565654 1628687219.638155
7472033.132174 -681413.237967 0.565996 1628687219.688128
7472033.299269 -681413.131796 0.566325 1628687219.738126
7472033.476623 -681413.019046 0.566676 1628687219.788030
7472033.650503 -681412.908409 0.567034 1628687219.838260
7472033.821212 -681412.799706 0.567386 1628687219.887957
7472033.987346 -681412.693826 0.567734 1628687219.937831
7472034.160299 -681412.583533 0.568154 1628687219.987792
7472034.330724 -681412.474748 0.568611 1628687220.037920
7472034.498366 -681412.367626 0.569101 1628687220.087694
7472034.659096 -681412.264805 0.569566 1628687220.137542
7472034.833060 -681412.153424 0.570320 1628687220.187448
7472035.004574 -681412.043435 0.571095 1628687220.237433
7472035.170166 -681411.937053 0.571952 1628687220.287444
7472035.331086 -681411.833465 0.572847 1628687220.337373
7472035.500352 -681411.724336 0.573926 1628687220.387340
7472035.664202 -681411.618428 0.575011 1628687220.437570
7472035.826599 -681411.513188 0.576211 1628687220.487351
7472035.987016 -681411.408947 0.577443 1628687220.537329
7472036.156964 -681411.298279 0.578906 1628687220.587421
7472036.320938 -681411.191130 0.580453 1628687220.637501
7472036.482731 -681411.085045 0.582203 1628687220.687428
7472036.639081 -681410.982115 0.584033 1628687220.737312
7472036.804303 -681410.873005 0.586375 1628687220.787295
7472036.966406 -681410.765381 0.588894 1628687220.837351
7472037.126219 -681410.658699 0.591790 1628687220.887362
7472037.280263 -681410.555152 0.594808 1628687220.937345
7472037.444285 -681410.444333 0.598411 1628687220.987335
7472037.602788 -681410.336328 0.602245 1628687221.037385
7472037.759741 -681410.228483 0.606331 1628687221.087418
7472037.911505 -681410.123205 0.610345 1628687221.137424
7472038.072467 -681410.010758 0.615274 1628687221.187459
7472038.228227 -681409.900677 0.620403 1628687221.237489
7472038.379209 -681409.792776 0.625756 1628687221.287393
7472038.525622 -681409.686839 0.631168 1628687221.337415
7472038.680770 -681409.573604 0.637295 1628687221.387445
7472038.829466 -681409.463507 0.643503 1628687221.437458
7472038.976946 -681409.352906 0.649992 1628687221.487345
7472039.119855 -681409.244120 0.656600 1628687221.537368
7472039.270330 -681409.128342 0.663870 1628687221.587353
7472039.416061 -681409.014344 0.671311 1628687221.637633
7472039.556869 -681408.902437 0.678825 1628687221.687222
7472039.693930 -681408.791692 0.686401 1628687221.737124
7472039.837733 -681408.674068 0.694685 1628687221.787060
7472039.976818 -681408.558199 0.702953 1628687221.836996
7472040.114021 -681408.441930 0.711344 1628687221.887007
7472040.245144 -681408.328711 0.719584 1628687221.937021
7472040.383666 -681408.207608 0.728397 1628687221.986958
7472040.518326 -681408.087513 0.737174 1628687222.037402
7472040.647173 -681407.970518 0.745826 1628687222.086967
7472040.769468 -681407.857250 0.754260 1628687222.137027
7472040.903139 -681407.732149 0.763681 1628687222.187027
7472041.029672 -681407.610999 0.772819 1628687222.237417
7472041.154511 -681407.489300 0.782017 1628687222.287482
7472041.271232 -681407.373117 0.790881 1628687222.337138
7472041.395322 -681407.247977 0.800412 1628687222.387126
7472041.514837 -681407.124850 0.809794 1628687222.437513
7472041.631392 -681407.002452 0.819122 1628687222.487132
7472041.744316 -681406.881393 0.828372 1628687222.537097
7472041.863473 -681406.751909 0.838205 1628687222.587109
7472041.975597 -681406.627263 0.847659 1628687222.637312
7472042.084940 -681406.503333 0.856979 1628687222.687018
7472042.192579 -681406.378829 0.866282 1628687222.737006
7472042.305287 -681406.246543 0.876120 1628687222.786986
7472042.413323 -681406.116967 0.885677 1628687222.836979
7472042.516518 -681405.990594 0.894924 1628687222.886866
7472042.616521 -681405.865603 0.904001 1628687222.936805
7472042.721294 -681405.732789 0.913582 1628687222.986775
7472042.823581 -681405.600284 0.923071 1628687223.036679
7472042.923404 -681405.468312 0.932449 1628687223.086694
7472043.016605 -681405.342395 0.941327 1628687223.136626
7472043.116247 -681405.205968 0.950899 1628687223.186624
7472043.211067 -681405.073153 0.960157 1628687223.236577
7472043.304488 -681404.939613 0.969380 1628687223.286601
7472043.393452 -681404.809701 0.978310 1628687223.336585
7472043.486373 -681404.671973 0.987735 1628687223.386614
7472043.580285 -681404.529725 0.997403 1628687223.436957
7472043.674705 -681404.383671 1.007286 1628687223.486658
7472043.746596 -681404.269272 1.014967 1628687223.536709
7472043.840899 -681404.117825 1.025105 1628687223.586664
7472043.929901 -681403.971234 1.034858 1628687223.636716
7472044.012472 -681403.832225 1.044045 1628687223.686679
7472044.090630 -681403.697495 1.052901 1628687223.736691
7472044.173356 -681403.552728 1.062370 1628687223.786794
7472044.251525 -681403.412474 1.071504 1628687223.836635
7472044.328470 -681403.271354 1.080637 1628687223.886569
7472044.401675 -681403.133841 1.089495 1628687223.936535
7472044.479181 -681402.985857 1.098983 1628687223.986732
7472044.551953 -681402.843255 1.108078 1628687224.036454
7472044.623903 -681402.698979 1.117246 1628687224.086414
7472044.691737 -681402.559454 1.126060 1628687224.136417
7472044.764479 -681402.407331 1.135660 1628687224.186573
7472044.832024 -681402.261999 1.144766 1628687224.236466
7472044.898653 -681402.115200 1.153914 1628687224.286464
7472044.961997 -681401.971787 1.162822 1628687224.336448
7472045.028427 -681401.818557 1.172318 1628687224.386521
7472045.091347 -681401.669156 1.181531 1628687224.436437
7472045.152250 -681401.520623 1.190652 1628687224.486445
7472045.210427 -681401.374631 1.199582 1628687224.536385
7472045.271001 -681401.219525 1.209044 1628687224.586375
7472045.328481 -681401.067670 1.218278 1628687224.636441
7472045.383898 -681400.916961 1.227402 1628687224.686289
7472045.436504 -681400.769404 1.236303 1628687224.736226
7472045.491504 -681400.611794 1.245789 1628687224.786166
7472045.542835 -681400.459385 1.254909 1628687224.836089
7472045.593637 -681400.304017 1.264192 1628687224.886096
7472045.640483 -681400.155519 1.273034 1628687224.936029
7472045.690292 -681399.993935 1.282637 1628687224.986016
7472045.736269 -681399.838792 1.291826 1628687225.036169
7472045.780788 -681399.683293 1.301011 1628687225.085959
7472045.822588 -681399.531531 1.309951 1628687225.135965
7472045.866297 -681399.368657 1.319528 1628687225.185977
7472045.906794 -681399.210924 1.328777 1628687225.235884
7472045.945805 -681399.052877 1.337998 1628687225.285867
7472045.981853 -681398.900096 1.346888 1628687225.335819
7472046.019481 -681398.735837 1.356376 1628687225.385754
7472046.054470 -681398.575215 1.365577 1628687225.435740
7472046.087679 -681398.415571 1.374627 1628687225.485673
7472046.118222 -681398.261017 1.383283 1628687225.535604
7472046.149941 -681398.094748 1.392420 1628687225.585660
7472046.179182 -681397.932692 1.401197 1628687225.635629
7472046.206839 -681397.770887 1.409835 1628687225.685669
7472046.232175 -681397.613878 1.418045 1628687225.735645
7472046.258436 -681397.444415 1.426662 1628687225.785869
7472046.282389 -681397.279460 1.434874 1628687225.835877
7472046.304525 -681397.117155 1.442733 1628687225.885877
7472046.324895 -681396.957591 1.450298 1628687225.935958
7472046.345533 -681396.788193 1.458067 1628687225.985988
7472046.364585 -681396.620276 1.465550 1628687226.036041
7472046.382014 -681396.455058 1.472678 1628687226.086017
7472046.397624 -681396.294774 1.479473 1628687226.136061
7472046.413378 -681396.124205 1.486430 1628687226.186070
7472046.427201 -681395.959928 1.492941 1628687226.235987
7472046.440083 -681395.794496 1.499262 1628687226.286037
7472046.451586 -681395.632397 1.505314 1628687226.335956
7472046.462932 -681395.461177 1.511428 1628687226.386051
7472046.472715 -681395.296084 1.517077 1628687226.435856
7472046.481456 -681395.132115 1.522538 1628687226.485832
7472046.489092 -681394.971758 1.527720 1628687226.535793
7472046.496685 -681394.798688 1.533070 1628687226.585843
7472046.502959 -681394.632090 1.538038 1628687226.635846
7472046.508307 -681394.467656 1.542781 1628687226.685687
7472046.512661 -681394.308031 1.547303 1628687226.735665
7472046.516724 -681394.137446 1.551853 1628687226.785562
7472046.519966 -681393.967762 1.556183 1628687226.835589
7472046.522388 -681393.800003 1.560278 1628687226.885613
7472046.523995 -681393.637763 1.564111 1628687226.935518
7472046.525217 -681393.465182 1.567917 1628687226.985495
7472046.525646 -681393.297609 1.571407 1628687227.035544
7472046.525543 -681393.126578 1.574784 1628687227.085611
7472046.524798 -681392.961928 1.577848 1628687227.135567
7472046.523606 -681392.785753 1.580820 1628687227.185547
7472046.521858 -681392.614112 1.583425 1628687227.235621
7472046.519660 -681392.443779 1.585758 1628687227.285581
