7472045.680591 -681392.228446 1.629207 1628687227.335647
7472045.668639 -681392.024067 1.631285 1628687227.385593
7472045.658523 -681391.853828 1.632588 1628687227.435587
7472045.648131 -681391.686604 1.633792 1628687227.485578
7472045.637622 -681391.520766 1.634836 1628687227.535567
7472045.626339 -681391.344750 1.635775 1628687227.585552
7472045.615256 -681391.174727 1.636680 1628687227.635448
7472045.603913 -681391.003018 1.637529 1628687227.685460
7472045.592973 -681390.839651 1.638321 1628687227.735381
7472045.581087 -681390.663657 1.639175 1628687227.785316
7472045.569143 -681390.489120 1.640012 1628687227.835274
7472045.557400 -681390.319724 1.640811 1628687227.885231
7472045.545687 -681390.152920 1.641609 1628687227.935215
7472045.532922 -681389.972672 1.642466 1628687227.985364
7472045.520741 -681389.803118 1.643243 1628687228.035246
7472045.507923 -681389.626467 1.643963 1628687228.085238
7472045.495648 -681389.459357 1.644630 1628687228.135246
7472045.482221 -681389.277670 1.645293 1628687228.185323
7472045.469224 -681389.103651 1.645877 1628687228.235352
7472045.456197 -681388.930646 1.646424 1628687228.285220
7472045.443322 -681388.760866 1.646903 1628687228.335148
7472045.429438 -681388.578682 1.647323 1628687228.385196
7472045.415906 -681388.402335 1.647681 1628687228.435039
7472045.402464 -681388.228013 1.647947 1628687228.485051
7472045.389528 -681388.060904 1.648192 1628687228.534920
7472045.375080 -681387.874563 1.648438 1628687228.584880
7472045.361394 -681387.698673 1.648669 1628687228.634769
7472045.347727 -681387.523553 1.648892 1628687228.684777
7472045.334387 -681387.353096 1.649090 1628687228.734620
7472045.319912 -681387.168540 1.649324 1628687228.784639
7472045.305816 -681386.989389 1.649544 1628687228.834545
7472045.291735 -681386.810961 1.649764 1628687228.884562
7472045.278316 -681386.641449 1.649939 1628687228.934546
7472045.263544 -681386.455152 1.650057 1628687228.984606
7472045.249295 -681386.275868 1.650087 1628687229.034538
7472045.234807 -681386.093701 1.650028 1628687229.084585
7472045.221217 -681385.922703 1.649900 1628687229.134628
7472045.206390 -681385.735868 1.649591 1628687229.184654
7472045.191925 -681385.552922 1.649186 1628687229.234684
7472045.177583 -681385.370546 1.648691 1628687229.284801
7472045.163841 -681385.194553 1.648169 1628687229.334742
7472045.149173 -681385.005669 1.647550 1628687229.384794
7472045.135486 -681384.827725 1.646966 1628687229.434858
7472045.121430 -681384.643601 1.646356 1628687229.484928
7472045.107805 -681384.463500 1.645752 1628687229.534966
7472045.093608 -681384.274641 1.645118 1628687229.584988
7472045.080019 -681384.092157 1.644505 1628687229.634975
7472045.066660 -681383.911178 1.643899 1628687229.685008
7472045.053660 -681383.733549 1.643311 1628687229.734963
7472045.039632 -681383.540724 1.642663 1628687229.785026
7472045.026401 -681383.356932 1.642058 1628687229.834929
7472045.013263 -681383.172885 1.641435 1628687229.884957
7472045.000811 -681382.996668 1.640843 1628687229.934968
7472044.987036 -681382.800670 1.640185 1628687229.985393
7472044.974153 -681382.615317 1.639561 1628687230.035017
7472044.961389 -681382.429981 1.638937 1628687230.085076
7472044.949402 -681382.254078 1.638346 1628687230.135089
7472044.936169 -681382.058733 1.637701 1628687230.185366
7472044.923587 -681381.871053 1.637078 1628687230.235035
7472044.911202 -681381.684467 1.636458 1628687230.285059
7472044.899391 -681381.504651 1.635861 1628687230.335004
7472044.886701 -681381.310146 1.635215 1628687230.385330
7472044.874846 -681381.126276 1.634603 1628687230.434941
7472044.862859 -681380.938741 1.633980 1628687230.484892
7472044.851407 -681380.757543 1.633378 1628687230.534854
7472044.839358 -681380.565511 1.632741 1628687230.584838
7472044.827696 -681380.377508 1.632103 1628687230.634815
7472044.816575 -681380.196206 1.631495 1628687230.684770
7472044.805490 -681380.013672 1.630881 1628687230.734774
7472044.793897 -681379.821238 1.630235 1628687230.784742
7472044.782803 -681379.634829 1.629622 1628687230.834722
7472044.771818 -681379.448309 1.628989 1628687230.884655
7472044.761520 -681379.271259 1.628405 1628687230.934598
7472044.750455 -681379.079634 1.627782 1628687230.984604
7472044.739568 -681378.888828 1.627220 1628687231.034575
7472044.729046 -681378.702421 1.626725 1628687231.084562
7472044.718986 -681378.522522 1.626322 1628687231.134490
7472044.708220 -681378.328937 1.625935 1628687231.184539
7472044.697973 -681378.143216 1.625622 1628687231.234521
7472044.687578 -681377.953739 1.625328 1628687231.284586
7472044.677712 -681377.772882 1.625085 1628687231.334542
7472044.667344 -681377.582156 1.624848 1628687231.384542
7472044.657009 -681377.391160 1.624616 1628687231.434585
7472044.647002 -681377.205345 1.624392 1628687231.484570
7472044.637492 -681377.027956 1.624169 1628687231.534525
7472044.626967 -681376.831114 1.623925 1628687231.584558
7472044.617164 -681376.646725 1.623697 1628687231.634564
7472044.607159 -681376.457844 1.623470 1628687231.684563
7472044.597596 -681376.276377 1.623257 1628687231.734578
7472044.587378 -681376.081855 1.623031 1628687231.784750
7472044.577570 -681375.894219 1.622806 1628687231.834565
7472044.568024 -681375.710796 1.622595 1628687231.884476
7472044.558618 -681375.529315 1.622386 1628687231.934487
7472044.548688 -681375.337102 1.622164 1628687231.984634
7472044.538921 -681375.147147 1.621944 1628687232.034357
7472044.529386 -681374.960937 1.621737 1628687232.084322
7472044.520702 -681374.790478 1.621540 1628687232.134228
7472044.510348 -681374.586831 1.621318 1628687232.184599
7472044.501081 -681374.403507 1.621107 1628687232.234111
7472044.491686 -681374.216870 1.620890 1628687232.284100
7472044.482659 -681374.036724 1.620701 1628687232.334101
7472044.473000 -681373.843411 1.620493 1628687232.384289
7472044.463664 -681373.655751 1.620319 1628687232.434058
7472044.454177 -681373.464290 1.620132 1628687232.483986
7472044.445294 -681373.284304 1.619960 1628687232.533988
7472044.435767 -681373.090821 1.619783 1628687232.583932
7472044.426703 -681372.905895 1.619606 1628687232.633845
7472044.417633 -681372.720184 1.619430 1628687232.683857
7472044.408480 -681372.532121 1.619251 1628687232.733771
7472044.399011 -681372.336943 1.619065 1628687232.784137
7472044.390006 -681372.150541 1.618887 1628687232.833793
7472044.381141 -681371.966325 1.618711 1628687232.883792
7472044.372355 -681371.783038 1.618536 1628687232.933786
7472044.362984 -681371.586997 1.618349 1628687232.983938
7472044.353985 -681371.397888 1.618169 1628687233.033840
7472044.345085 -681371.210145 1.617990 1628687233.083874
7472044.336586 -681371.030107 1.617818 1628687233.133864
7472044.327247 -681370.831761 1.617628 1628687233.184078
7472044.318401 -681370.643039 1.617448 1628687233.233878
7472044.309642 -681370.455407 1.617269 1628687233.283857
7472044.301312 -681370.276197 1.617098 1628687233.333850
7472044.292263 -681370.080977 1.616900 1628687233.384180
7472044.283452 -681369.890105 1.616664 1628687233.433923
7472044.274846 -681369.702709 1.616396 1628687233.483761
7472044.266640 -681369.522916 1.616097 1628687233.533701
7472044.257805 -681369.328407 1.615614 1628687233.583674
7472044.249363 -681369.140631 1.614953 1628687233.633608
7472044.241007 -681368.952193 1.614099 1628687233.683541
7472044.233077 -681368.769560 1.613068 1628687233.733515
7472044.224716 -681368.573305 1.611716 1628687233.783534
7472044.216972 -681368.384977 1.610255 1628687233.833496
7472044.209485 -681368.196122 1.608631 1628687233.883454
7472044.202696 -681368.015703 1.606902 1628687233.933437
7472044.195494 -681367.818188 1.604938 1628687233.983637
7472044.189031 -681367.629692 1.602981 1628687234.033448
7472044.182948 -681367.440983 1.600919 1628687234.083498
7472044.177509 -681367.259493 1.598925 1628687234.133433
7472044.171936 -681367.063535 1.596749 1628687234.183666
7472044.167047 -681366.875468 1.594651 1628687234.233353
7472044.162631 -681366.689454 1.592577 1628687234.283426
7472044.158682 -681366.506639 1.590538 1628687234.333313
7472044.154770 -681366.311144 1.588358 1628687234.383441
7472044.151458 -681366.122905 1.586259 1628687234.433188
7472044.148572 -681365.936221 1.584179 1628687234.483014
7472044.146201 -681365.755150 1.582151 1628687234.533087
7472044.143975 -681365.562524 1.580004 1628687234.582970
7472044.142172 -681365.370090 1.577858 1628687234.632988
7472044.140857 -681365.182756 1.575769 1628687234.683033
7472044.139996 -681365.001325 1.573747 1628687234.732915
7472044.139384 -681364.807464 1.571580 1628687234.783067
7472044.139242 -681364.618749 1.569475 1628687234.832958
7472044.139474 -681364.428321 1.567352 1628687234.883068
7472044.140145 -681364.246907 1.565329 1628687234.933028
7472044.141163 -681364.051394 1.563144 1628687234.983228
7472044.142593 -681363.864839 1.561052 1628687235.032947
7472044.144434 -681363.677497 1.558967 1628687235.082955
7472044.146628 -681363.494609 1.557009 1628687235.132937
7472044.149280 -681363.298627 1.555032 1628687235.183056
7472044.152224 -681363.113188 1.553168 1628687235.232791
7472044.155546 -681362.924901 1.551285 1628687235.282836
7472044.159082 -681362.745976 1.549495 1628687235.332829
7472044.163176 -681362.551318 1.547548 1628687235.382759
7472044.167494 -681362.366073 1.545694 1628687235.432646
7472044.172237 -681362.176452 1.543797 1628687235.482662
7472044.177152 -681361.995924 1.541991 1628687235.532696
7472044.182677 -681361.802583 1.540057 1628687235.582620
7472044.188388 -681361.617226 1.538202 1628687235.632561
7472044.194474 -681361.430717 1.536335 1628687235.682564
7472044.200811 -681361.247543 1.534502 1628687235.732540
7472044.207823 -681361.053064 1.532556 1628687235.782676
7472044.215070 -681360.863590 1.537480 1628687235.832572
7472044.222589 -681360.676320 1.535974 1628687235.882546
7472044.228808 -681360.497084 1.538236 1628687235.932499
7472044.235327 -681360.299859 1.540825 1628687235.982502
7472044.241050 -681360.109273 1.543330 1628687236.032327
7472044.246308 -681359.917848 1.545853 1628687236.082366
7472044.250758 -681359.736930 1.548238 1628687236.132373
7472044.255255 -681359.539913 1.550835 1628687236.182304
7472044.259178 -681359.345056 1.553403 1628687236.232210
7472044.262540 -681359.151818 1.555963 1628687236.282276
7472044.265205 -681358.968414 1.558367 1628687236.332242
7472044.267765 -681358.767840 1.561017 1628687236.382238
7472044.269626 -681358.575780 1.563549 1628687236.432214
7472044.271064 -681358.380769 1.566119 1628687236.482224
7472044.271896 -681358.191817 1.568609 1628687236.532223
7472044.272402 -681357.991266 1.571253 1628687236.582196
7472044.272320 -681357.795710 1.573830 1628687236.632190
7472044.271708 -681357.604456 1.576338 1628687236.682105
7472044.270617 -681357.414986 1.578848 1628687236.732074
7472044.269067 -681357.213519 1.581504 1628687236.781993
7472044.266987 -681357.018589 1.584086 1628687236.831957
7472044.264367 -681356.820924 1.586679 1628687236.881938
7472044.261346 -681356.634454 1.589137 1628687236.931927
7472044.257681 -681356.430970 1.591793 1628687236.981917
7472044.253550 -681356.234336 1.594336 1628687237.031924
7472044.248954 -681356.040033 1.596728 1628687237.081947
7472044.243913 -681355.846897 1.598987 1628687237.131962
7472044.238224 -681355.643036 1.601160 1628687237.182036
7472044.232150 -681355.442702 1.602758 1628687237.231974
7472044.225825 -681355.246601 1.604496 1628687237.282010
7472044.219368 -681355.056287 1.605382 1628687237.331951
7472044.212254 -681354.851117 1.606133 1628687237.381961
7472044.205141 -681354.651496 1.606853 1628687237.431958
7472044.198045 -681354.454822 1.606937 1628687237.481954
7472044.191208 -681354.265937 1.606879 1628687237.531856
7472044.183824 -681354.061343 1.606644 1628687237.581884
7472044.176719 -681353.863238 1.606378 1628687237.631849
7472044.169566 -681353.662360 1.606123 1628687237.681778
7472044.162795 -681353.470633 1.605896 1628687237.731740
7472044.155552 -681353.264531 1.605652 1628687237.781732
7472044.148579 -681353.064576 1.605429 1628687237.831706
7472044.141759 -681352.867657 1.605203 1628687237.881705
7472044.135001 -681352.671258 1.604978 1628687237.931699
7472044.127944 -681352.465046 1.604756 1628687237.981758
7472044.121195 -681352.266390 1.604538 1628687238.031760
7472044.114486 -681352.067612 1.604320 1628687238.081774
7472044.108183 -681351.879502 1.604137 1628687238.131819
7472044.101276 -681351.672568 1.603965 1628687238.181907
7472044.094625 -681351.472194 1.603828 1628687238.231841
7472044.088125 -681351.275440 1.603731 1628687238.281881
7472044.081912 -681351.086768 1.603640 1628687238.331867
7472044.075226 -681350.883356 1.603546 1628687238.381821
7472044.068698 -681350.684109 1.603451 1628687238.431858
7472044.062309 -681350.488534 1.603357 1628687238.481798
7472044.056045 -681350.296158 1.603264 1628687238.532105
7472044.049526 -681350.095520 1.603167 1628687238.581692
7472044.043195 -681349.900001 1.603073 1628687238.631664
7472044.036786 -681349.701528 1.602977 1628687238.681551
7472044.030731 -681349.513354 1.602886 1628687238.731488
7472044.024172 -681349.309193 1.602795 1628687238.781596
7472044.017968 -681349.115346 1.602702 1628687238.831392
7472044.011775 -681348.921292 1.602610 1628687238.881377
7472044.005664 -681348.729230 1.602517 1628687238.931294
7472043.999276 -681348.527990 1.602421 1628687238.981281
7472043.993065 -681348.331656 1.602326 1628687239.031340
7472043.986958 -681348.138023 1.602234 1628687239.081340
7472043.981077 -681347.950937 1.602145 1628687239.131342
7472043.974679 -681347.747031 1.602061 1628687239.181496
7472043.968632 -681347.553586 1.601956 1628687239.231395
7472043.962580 -681347.359436 1.601864 1628687239.281453
7472043.956829 -681347.174284 1.601776 1628687239.331462
7472043.950606 -681346.973572 1.601681 1628687239.381555
7472043.944582 -681346.778561 1.601574 1628687239.431578
7472043.938562 -681346.583062 1.601487 1628687239.481608
7472043.932827 -681346.396194 1.601399 1628687239.531633
7472043.926684 -681346.195602 1.601290 1628687239.581571
7472043.920780 -681346.002152 1.601212 1628687239.631581
7472043.914855 -681345.807483 1.601127 1628687239.681571
7472043.909272 -681345.623392 1.601039 1628687239.731555
7472043.903208 -681345.422994 1.600944 1628687239.781644
7472043.897308 -681345.227365 1.600851 1628687239.831483
7472043.891424 -681345.031671 1.600757 1628687239.881423
7472043.885833 -681344.845048 1.600668 1628687239.931399
7472043.879865 -681344.645387 1.600573 1628687239.981299
7472043.874162 -681344.453809 1.600461 1628687240.031230
7472043.868487 -681344.262548 1.600376 1628687240.081224
7472043.862850 -681344.072005 1.600286 1628687240.131210
7472043.856968 -681343.872664 1.600178 1628687240.181262
7472043.851361 -681343.681996 1.600102 1628687240.231181
7472043.845743 -681343.490331 1.600012 1628687240.281165
7472043.840392 -681343.307162 1.599937 1628687240.331200
7472043.834540 -681343.106444 1.599885 1628687240.381284
7472043.829025 -681342.916793 1.599886 1628687240.431316
7472043.823476 -681342.725923 1.599918 1628687240.481308
7472043.818177 -681342.544014 1.599970 1628687240.531341
7472043.812456 -681342.347952 1.600027 1628687240.581331
7472043.806810 -681342.154832 1.600119 1628687240.631391
7472043.801222 -681341.964241 1.600238 1628687240.681468
7472043.795838 -681341.781504 1.600352 1628687240.731494
7472043.790005 -681341.584115 1.600508 1628687240.781549
7472043.784466 -681341.397691 1.600686 1628687240.831558
7472043.778735 -681341.205807 1.600853 1628687240.881544
7472043.773286 -681341.024688 1.601020 1628687240.931575
7472043.767293 -681340.826272 1.601203 1628687240.981738
7472043.761593 -681340.638911 1.601377 1628687241.031616
7472043.755814 -681340.449985 1.601551 1628687241.081585
7472043.750285 -681340.270392 1.601718 1628687241.131549
7472043.744207 -681340.073706 1.601900 1628687241.181534
7472043.738376 -681339.886306 1.602086 1628687241.231512
7472043.732514 -681339.698944 1.602273 1628687241.281427
7472043.726919 -681339.521385 1.602453 1628687241.331392
7472043.720769 -681339.327120 1.602655 1628687241.381558
7472043.714740 -681339.137874 1.602846 1628687241.431374
7472043.708779 -681338.951945 1.603021 1628687241.481338
7472043.702965 -681338.771704 1.603207 1628687241.531244
7472043.696705 -681338.578489 1.603402 1628687241.581239
7472043.690708 -681338.394595 1.603567 1628687241.631125
7472043.684589 -681338.207985 1.603768 1628687241.681091
7472043.678677 -681338.028848 1.603950 1628687241.730984
7472043.672271 -681337.835573 1.604146 1628687241.780959
7472043.666135 -681337.651652 1.604332 1628687241.830791
7472043.660031 -681337.469741 1.604516 1628687241.880759
7472043.653957 -681337.289772 1.604698 1628687241.930656
7472043.647429 -681337.097133 1.604880 1628687241.980578
7472043.641104 -681336.911687 1.605068 1628687242.030582
7472043.634859 -681336.729622 1.605253 1628687242.080490
7472043.628907 -681336.557095 1.605431 1628687242.130507
7472043.622175 -681336.362566 1.605623 1628687242.180480
7472043.615702 -681336.176713 1.605812 1628687242.230481
7472043.609173 -681335.990251 1.605993 1628687242.280477
7472043.603025 -681335.815772 1.606171 1628687242.330464
7472043.596309 -681335.625888 1.606351 1628687242.380539
7472043.589731 -681335.441001 1.606551 1628687242.430506
7472043.583166 -681335.257474 1.606738 1628687242.480627
7472043.576930 -681335.084147 1.606904 1628687242.530620
7472043.570067 -681334.894061 1.607089 1628687242.580769
7472043.563377 -681334.709822 1.607289 1628687242.630689
7472043.556751 -681334.528343 1.607474 1628687242.680789
7472043.550288 -681334.352307 1.607653 1628687242.730785
7472043.543496 -681334.168042 1.607829 1628687242.780754
7472043.536735 -681333.985615 1.608027 1628687242.830811
7472043.529873 -681333.801343 1.608202 1628687242.880835
7472043.523395 -681333.628395 1.608380 1628687242.930769
7472043.516307 -681333.439789 1.608577 1628687242.980808
7472043.509524 -681333.260280 1.608754 1628687243.030710
7472043.502741 -681333.081704 1.608924 1628687243.080700
7472043.496043 -681332.906217 1.609115 1628687243.130637
7472043.488904 -681332.719852 1.609299 1628687243.180651
7472043.481931 -681332.538810 1.609484 1628687243.230654
7472043.475063 -681332.361410 1.609654 1628687243.280546
7472043.468315 -681332.187926 1.609824 1628687243.330597
7472043.461037 -681332.001411 1.610007 1628687243.380529
7472043.454005 -681331.822141 1.610183 1628687243.430517
7472043.446976 -681331.643782 1.610359 1628687243.480489
7472043.440180 -681331.472198 1.610527 1628687243.530406
7472043.432848 -681331.287659 1.610697 1628687243.580464
7472043.425603 -681331.106195 1.610862 1628687243.630348
7472043.418492 -681330.928910 1.610983 1628687243.680389
7472043.411440 -681330.753650 1.611018 1628687243.730259
7472043.403987 -681330.568661 1.610877 1628687243.780171
7472043.396739 -681330.388492 1.610546 1628687243.830139
7472043.389674 -681330.211567 1.610020 1628687243.880071
7472043.382778 -681330.036653 1.609280 1628687243.929996
7472043.375639 -681329.852485 1.608150 1628687243.979975
7472043.368855 -681329.672237 1.606791 1628687244.029979
7472043.362397 -681329.493849 1.605163 1628687244.080021
7472043.356541 -681329.323742 1.603467 1628687244.129944
7472043.350296 -681329.135416 1.601216 1628687244.179981
7472043.344892 -681328.958906 1.598960 1628687244.230026
7472043.339859 -681328.781066 1.596498 1628687244.280030
7472043.335464 -681328.609093 1.594055 1628687244.330092
7472043.331148 -681328.426170 1.591265 1628687244.380053
7472043.327449 -681328.247558 1.588400 1628687244.430012
7472043.324275 -681328.068749 1.585360 1628687244.480026
7472043.321797 -681327.896882 1.582297 1628687244.529988
7472043.319624 -681327.715463 1.578809 1628687244.580001
7472043.318191 -681327.538105 1.575231 1628687244.629974
7472043.317389 -681327.362082 1.571427 1628687244.679921
7472043.317298 -681327.190247 1.567545 1628687244.729955
7472043.317778 -681327.006436 1.563009 1628687244.779812
7472043.319109 -681326.829359 1.558328 1628687244.829824
7472043.321261 -681326.652445 1.553317 1628687244.879868
7472043.324253 -681326.485029 1.548334 1628687244.929796
7472043.328254 -681326.298495 1.542335 1628687244.979948
7472043.333232 -681326.121129 1.536277 1628687245.029898
7472043.339271 -681325.945363 1.529947 1628687245.080015
7472043.346276 -681325.775473 1.523550 1628687245.129971
7472043.354790 -681325.591478 1.516229 1628687245.180108
7472043.364300 -681325.416175 1.508847 1628687245.230051
7472043.375028 -681325.243537 1.501264 1628687245.280128
7472043.386970 -681325.072824 1.493433 1628687245.330168
7472043.400837 -681324.890721 1.484616 1628687245.380145
7472043.415838 -681324.716482 1.475838 1628687245.430185
7472043.432236 -681324.543770 1.466786 1628687245.480213
7472043.449737 -681324.377458 1.457857 1628687245.530199
7472043.469525 -681324.201429 1.448031 1628687245.580155
7472043.491076 -681324.025549 1.437875 1628687245.630176
7472043.513608 -681323.857043 1.427853 1628687245.680188
7472043.537539 -681323.691582 1.417839 1628687245.730143
7472043.564223 -681323.517149 1.406992 1628687245.780172
7472043.591805 -681323.350362 1.396465 1628687245.830109
7472043.621750 -681323.179727 1.385488 1628687245.880055
7472043.652099 -681323.018839 1.374974 1628687245.930013
7472043.686220 -681322.845374 1.363419 1628687245.979980
7472043.720993 -681322.680125 1.352221 1628687246.029995
7472043.757354 -681322.516677 1.340936 1628687246.079923
7472043.795411 -681322.354555 1.329520 1628687246.129984
7472043.836859 -681322.184852 1.317239 1628687246.179962
7472043.879841 -681322.018726 1.304922 1628687246.229897
7472043.923762 -681321.857471 1.292692 1628687246.279849
7472043.967954 -681321.703501 1.280728 1628687246.329815
7472044.018156 -681321.534055 1.267382 1628687246.379843
7472044.068216 -681321.374410 1.254158 1628687246.429828
7472044.121490 -681321.211407 1.240246 1628687246.479788
7472044.173972 -681321.059281 1.226954 1628687246.529778
7472044.232091 -681320.896113 1.212383 1628687246.579720
7472044.290111 -681320.741497 1.198210 1628687246.629708
7472044.351118 -681320.585427 1.183600 1628687246.679636
7472044.412523 -681320.435275 1.169248 1628687246.729638
7472044.479917 -681320.275733 1.153684 1628687246.779767
7472044.546792 -681320.124864 1.138680 1628687246.829583
7472044.615869 -681319.975095 1.123551 1628687246.879604
7472044.684657 -681319.832413 1.108890 1628687246.929558
7472044.761131 -681319.677806 1.092706 1628687246.979643
7472044.837086 -681319.531227 1.077068 1628687247.029496
7472044.913770 -681319.388785 1.061613 1628687247.079446
7472044.990438 -681319.252112 1.046600 1628687247.129386
7472045.074284 -681319.106581 1.030473 1628687247.179331
7472045.158760 -681318.965456 1.014680 1628687247.229314
7472045.243984 -681318.828401 0.999187 1628687247.279272
7472045.328774 -681318.697078 0.984184 1628687247.329214
7472045.421274 -681318.557294 0.968107 1628687247.379224
7472045.511388 -681318.426561 0.952876 1628687247.429184
7472045.605205 -681318.294379 0.937301 1628687247.479225
7472045.698229 -681318.168142 0.922259 1628687247.529131
7472045.797688 -681318.036389 0.906420 1628687247.579109
7472045.895894 -681317.911018 0.891133 1628687247.628995
7472045.994419 -681317.789330 0.876111 1628687247.678935
7472046.095264 -681317.668510 0.861007 1628687247.728948
7472046.202043 -681317.543777 0.845249 1628687247.778932
7472046.307843 -681317.424423 0.829945 1628687247.828923
7472046.409615 -681317.313626 0.815506 1628687247.878912
7472046.519750 -681317.196580 0.800078 1628687247.928934
7472046.633295 -681317.079199 0.784403 1628687247.978885
7472046.744715 -681316.968031 0.769288 1628687248.028918
7472046.858530 -681316.857812 0.754076 1628687248.078935
7472046.968897 -681316.754491 0.739564 1628687248.128908
7472047.089857 -681316.643704 0.723826 1628687248.178917
7472047.207411 -681316.539815 0.708760 1628687248.228933
7472047.326820 -681316.437478 0.693671 1628687248.278880
7472047.443250 -681316.340976 0.679159 1628687248.328869
7472047.569958 -681316.238254 0.663497 1628687248.378842
7472047.692694 -681316.142333 0.648517 1628687248.428793
7472047.819200 -681316.046443 0.633213 1628687248.478739
7472047.940081 -681315.958037 0.618711 1628687248.528684
7472048.072197 -681315.863588 0.602881 1628687248.578645
7472048.200806 -681315.775058 0.587608 1628687248.628663
7472048.331279 -681315.688156 0.572168 1628687248.678618
7472048.458354 -681315.606598 0.557252 1628687248.728690
7472048.595643 -681315.520700 0.541181 1628687248.778653
7472048.730787 -681315.439402 0.525452 1628687248.828686
7472048.864650 -681315.361851 0.509858 1628687248.878757
7472048.998260 -681315.287403 0.494322 1628687248.928767
7472049.138467 -681315.211470 0.478048 1628687248.978772
7472049.279598 -681315.138259 0.461756 1628687249.028758
7472049.419180 -681315.068820 0.445728 1628687249.078715
7472049.553372 -681315.005028 0.430399 1628687249.128712
7472049.701287 -681314.936715 0.413621 1628687249.178673
7472049.844070 -681314.874006 0.397543 1628687249.228630
7472049.988668 -681314.813319 0.381389 1628687249.278617
7472050.129029 -681314.757301 0.365810 1628687249.328544
7472050.279428 -681314.699371 0.349201 1628687249.378543
7472050.426500 -681314.645801 0.333066 1628687249.428536
7472050.571892 -681314.595531 0.317201 1628687249.478548
7472050.716943 -681314.548176 0.301481 1628687249.528482
7472050.869521 -681314.500372 0.285001 1628687249.578536
7472051.020819 -681314.456032 0.268751 1628687249.628764
7472051.170934 -681314.414661 0.252716 1628687249.678552
7472051.316379 -681314.377391 0.237242 1628687249.728569
7472051.474214 -681314.338876 0.220498 1628687249.778610
7472051.625879 -681314.304873 0.204484 1628687249.828569
7472051.778578 -681314.273244 0.188413 1628687249.878552
7472051.927059 -681314.245171 0.172868 1628687249.928497
7472052.084384 -681314.217429 0.156451 1628687249.978455
7472052.239027 -681314.192995 0.140408 1628687250.028363
7472052.394482 -681314.171038 0.124411 1628687250.078309
7472052.545168 -681314.152440 0.109111 1628687250.128326
7472052.706159 -681314.134466 0.093024 1628687250.178277
7472052.862754 -681314.119920 0.077658 1628687250.228259
7472053.017313 -681314.107940 0.062910 1628687250.278272
7472053.169544 -681314.098567 0.048941 1628687250.328203
7472053.328466 -681314.090606 0.034727 1628687250.378237
7472053.485533 -681314.085181 0.021222 1628687250.428196
7472053.640148 -681314.081982 0.008482 1628687250.478179
7472053.791454 -681314.080876 -0.003236 1628687250.528243
7472053.952053 -681314.081246 -0.015262 1628687250.578269
7472054.108641 -681314.083699 -0.026494 1628687250.628262
7472054.265030 -681314.087907 -0.037195 1628687250.678244
7472054.415158 -681314.093664 -0.046824 1628687250.728230
7472054.572841 -681314.100914 -0.056644 1628687250.778147
7472054.730064 -681314.109893 -0.066112 1628687250.828109
7472054.884430 -681314.120157 -0.075049 1628687250.878042
7472055.034709 -681314.131589 -0.083329 1628687250.927983
7472055.195023 -681314.144834 -0.091990 1628687250.977956
7472055.351994 -681314.159347 -0.100271 1628687251.027862
7472055.506119 -681314.174904 -0.108162 1628687251.077836
7472055.656597 -681314.191371 -0.115531 1628687251.127879
7472055.818108 -681314.209978 -0.123197 1628687251.177811
7472055.974681 -681314.229396 -0.130301 1628687251.227917
7472056.131280 -681314.249958 -0.137009 1628687251.277942
7472056.280038 -681314.270586 -0.142864 1628687251.327934
7472056.441106 -681314.293667 -0.148828 1628687251.377849
7472056.598289 -681314.317289 -0.154165 1628687251.427871
7472056.754155 -681314.341574 -0.158938 1628687251.477938
7472056.904301 -681314.365792 -0.163189 1628687251.527766
7472057.065994 -681314.392385 -0.167081 1628687251.577842
7472057.223988 -681314.419086 -0.170361 1628687251.627800
7472057.379628 -681314.445944 -0.173156 1628687251.677707
7472057.533058 -681314.472889 -0.175564 1628687251.727786
7472057.695894 -681314.501775 -0.177515 1628687251.777683
7472057.855366 -681314.530438 -0.179018 1628687251.827733
7472058.012319 -681314.558903 -0.180468 1628687251.877646
7472058.165432 -681314.586862 -0.181227 1628687251.927702
7472058.330800 -681314.617178 -0.181839 1628687251.977622
7472058.491550 -681314.646773 -0.182147 1628687252.027569
7472058.649626 -681314.675931 -0.182291 1628687252.077554
7472058.799564 -681314.703573 -0.182199 1628687252.127452
7472058.970106 -681314.735012 -0.182011 1628687252.177393
7472059.130347 -681314.764520 -0.181662 1628687252.227281
7472059.293378 -681314.794488 -0.181185 1628687252.277355
7472059.447206 -681314.822679 -0.180670 1628687252.327154
7472059.615522 -681314.853448 -0.179970 1628687252.377158
7472059.777522 -681314.882935 -0.179168 1628687252.427071
7472059.940169 -681314.912410 -0.178216 1628687252.477018
7472060.096379 -681314.940552 -0.177201 1628687252.527028
7472060.267712 -681314.971278 -0.175859 1628687252.577014
7472060.430211 -681315.000179 -0.174416 1628687252.627039
7472060.594103 -681315.029077 -0.172786 1628687252.677037
7472060.752990 -681315.056810 -0.171117 1628687252.727170
7472060.920879 -681315.085871 -0.169228 1628687252.777184
7472061.086629 -681315.114209 -0.167296 1628687252.827156
7472061.248450 -681315.141540 -0.165394 1628687252.877163
7472061.406195 -681315.167843 -0.163527 1628687252.927251
7472061.575451 -681315.195813 -0.161508 1628687252.977281
7472061.738778 -681315.222423 -0.159556 1628687253.027381
7472061.901292 -681315.248577 -0.157585 1628687253.077415
7472062.059653 -681315.273715 -0.155657 1628687253.127450
7472062.228503 -681315.300254 -0.153508 1628687253.177480
7472062.390259 -681315.325294 -0.151325 1628687253.227512
7472062.553044 -681315.350131 -0.149036 1628687253.277508
7472062.710852 -681315.373809 -0.146728 1628687253.327477
7472062.880805 -681315.398989 -0.144092 1628687253.377437
7472063.042282 -681315.422436 -0.141492 1628687253.427429
7472063.206578 -681315.445848 -0.138756 1628687253.477340
7472063.365055 -681315.467952 -0.136047 1628687253.527313
7472063.534976 -681315.491288 -0.132993 1628687253.577308
7472063.697300 -681315.513008 -0.129952 1628687253.627200
7472063.861820 -681315.534530 -0.126825 1628687253.677140
7472064.021609 -681315.554868 -0.123709 1628687253.727134
7472064.190486 -681315.575944 -0.120322 1628687253.777041
7472064.354643 -681315.595796 -0.116966 1628687253.826907
7472064.518963 -681315.615109 -0.113553 1628687253.876777
7472064.677550 -681315.633148 -0.110189 1628687253.926755
7472064.848620 -681315.652161 -0.106477 1628687253.976712
7472065.013265 -681315.669770 -0.102878 1628687254.026669
7472065.179460 -681315.686932 -0.099242 1628687254.076612
7472065.337026 -681315.702556 -0.095787 1628687254.126573
7472065.509309 -681315.719193 -0.092011 1628687254.176575
7472065.676425 -681315.734625 -0.088349 1628687254.226638
7472065.841113 -681315.749204 -0.084742 1628687254.276611
7472066.001409 -681315.762761 -0.081222 1628687254.326650
7472066.173945 -681315.776875 -0.077437 1628687254.376634
7472066.341888 -681315.789925 -0.073766 1628687254.426611
7472066.508024 -681315.802189 -0.070130 1628687254.476681
7472066.667948 -681315.813362 -0.066632 1628687254.526569
7472066.839828 -681315.824904 -0.062874 1628687254.576572
7472067.009000 -681315.835573 -0.059175 1628687254.626595
7472067.174323 -681315.845356 -0.055561 1628687254.676525
7472067.334298 -681315.854190 -0.052065 1628687254.726465
7472067.506502 -681315.863243 -0.048303 1628687254.776461
7472067.674351 -681315.871360 -0.044636 1628687254.826423
7472067.843064 -681315.878905 -0.040950 1628687254.876432
7472068.003190 -681315.885400 -0.037472 1628687254.926391
7472068.176150 -681315.891953 -0.033754 1628687254.976379
7472068.344818 -681315.897655 -0.030169 1628687255.026416
7472068.513253 -681315.902744 -0.026646 1628687255.076380
7472068.675090 -681315.906994 -0.023310 1628687255.126410
7472068.849816 -681315.911140 -0.019748 1628687255.176445
7472069.020975 -681315.914530 -0.016291 1628687255.226535
7472069.188908 -681315.917264 -0.012901 1628687255.276577
7472069.352587 -681315.919318 -0.009618 1628687255.326641
7472069.529632 -681315.921098 -0.006113 1628687255.376699
7472069.699591 -681315.922144 -0.002821 1628687255.426705
7472069.868674 -681315.922610 0.000355 1628687255.476764
7472070.034190 -681315.922505 0.003395 1628687255.526720
7472070.207881 -681315.921970 0.006480 1628687255.576783
7472070.379025 -681315.920869 0.009437 1628687255.626775
7472070.548874 -681315.919265 0.012276 1628687255.676785
7472070.712265 -681315.917211 0.014923 1628687255.726763
7472070.887895 -681315.914649 0.017683 1628687255.776758
7472071.057144 -681315.911653 0.020255 1628687255.826674
7472071.226314 -681315.908227 0.022812 1628687255.876658
7472071.389012 -681315.904471 0.025288 1628687255.926583
7472071.564895 -681315.900074 0.027979 1628687255.976557
7472071.733871 -681315.895348 0.030561 1628687256.026453
7472071.902476 -681315.890188 0.033126 1628687256.076439
7472072.065731 -681315.884737 0.035624 1628687256.126355
7472072.241811 -681315.878518 0.038304 1628687256.176297
7472072.411401 -681315.872019 0.040889 1628687256.226261
7472072.578601 -681315.865172 0.043438 1628687256.276186
7472072.741323 -681315.858055 0.045929 1628687256.326148
7472072.916671 -681315.850064 0.048599 1628687256.376158
7472073.084396 -681315.841900 0.051163 1628687256.426179
7472073.253482 -681315.833246 0.053749 1628687256.476204
7472073.416298 -681315.824445 0.056229 1628687256.526191
7472073.590237 -681315.814711 0.058900 1628687256.576284
7472073.756559 -681315.804897 0.061444 1628687256.626303
7472073.922577 -681315.794674 0.063984 1628687256.676269
7472074.085039 -681315.784229 0.066460 1628687256.726272
7472074.257037 -681315.772834 0.069102 1628687256.776283
7472074.424532 -681315.761252 0.071659 1628687256.826317
7472074.589928 -681315.749372 0.074184 1628687256.876304
7472074.749993 -681315.737433 0.076625 1628687256.926328
7472074.921016 -681315.724355 0.079254 1628687256.976373
7472075.086568 -681315.711211 0.081783 1628687257.026420
7472075.251862 -681315.697659 0.084315 1628687257.076400
7472075.411073 -681315.684163 0.086755 1628687257.126431
7472075.581216 -681315.669416 0.089362 1628687257.176407
7472075.746366 -681315.654627 0.091883 1628687257.226359
7472075.912151 -681315.639342 0.094425 1628687257.276352
7472076.070277 -681315.624325 0.096854 1628687257.326324
7472076.239013 -681315.607982 0.099442 1628687257.376273
7472076.404234 -681315.591497 0.101977 1628687257.426262
7472076.566774 -681315.574864 0.104471 1628687257.476245
7472076.725214 -681315.558209 0.106903 1628687257.526238
7472076.894580 -681315.540093 0.109504 1628687257.576210
7472077.058471 -681315.522075 0.112010 1628687257.626257
7472077.221613 -681315.503724 0.114516 1628687257.676266
7472077.377972 -681315.485695 0.116922 1628687257.726313
7472077.546923 -681315.465899 0.119557 1628687257.776331
7472077.709272 -681315.446406 0.122116 1628687257.826403
7472077.870812 -681315.426588 0.124706 1628687257.876382
7472078.026016 -681315.407085 0.127256 1628687257.926375
7472078.194405 -681315.385603 0.130087 1628687257.976368
7472078.353588 -681315.364783 0.132832 1628687258.026327
7472078.515332 -681315.343184 0.135645 1628687258.076331
7472078.670822 -681315.321915 0.138388 1628687258.126289
7472078.836593 -681315.298894 0.141336 1628687258.176279
7472078.995656 -681315.276260 0.144259 1628687258.226271
7472079.157452 -681315.252771 0.147345 1628687258.276255
7472079.311463 -681315.229867 0.150423 1628687258.326249
7472079.475019 -681315.205145 0.153820 1628687258.376244
7472079.635384 -681315.180309 0.157342 1628687258.426239
7472079.794009 -681315.155166 0.161066 1628687258.476221
7472079.947879 -681315.130108 0.165098 1628687258.526202
7472080.112196 -681315.102852 0.169734 1628687258.576155
7472080.271421 -681315.075610 0.174696 1628687258.626128
7472080.430090 -681315.047672 0.180141 1628687258.676019
7472080.582665 -681315.019801 0.186085 1628687258.725927
7472080.745301 -681314.989352 0.192806 1628687258.775880
7472080.903181 -681314.958605 0.199869 1628687258.825826
7472081.060904 -681314.926720 0.207495 1628687258.875821
7472081.211487 -681314.894903 0.215476 1628687258.925699
7472081.373099 -681314.859754 0.224302 1628687258.975703
7472081.530007 -681314.824015 0.233268 1628687259.025694
7472081.687435 -681314.786674 0.242579 1628687259.075738
7472081.836809 -681314.749549 0.251785 1628687259.125644
7472081.999686 -681314.707913 0.262021 1628687259.175640
7472082.154762 -681314.666329 0.271976 1628687259.225664
7472082.310383 -681314.622971 0.282230 1628687259.275680
