7757892.645000	-363585.510000	2.416986	2.777778	0.000000	1607872442.572056	
7757892.269096	-363585.177673	2.416986	2.777778	-0.000000	1607872442.752683	
7757891.891738	-363584.843617	2.416986	2.777778	0.000000	1607872442.934115	
7757891.516114	-363584.511095	2.416986	2.777778	-0.000000	1607872443.114713	
7757891.143960	-363584.181646	2.416986	2.777778	-0.000000	1607872443.293643	
7757890.772636	-363583.852931	2.416986	2.777778	0.000000	1607872443.472173	
7757890.392580	-363583.516485	2.416986	2.777778	-0.000000	1607872443.654902	
7757890.019282	-363583.186023	2.416986	2.777778	0.000000	1607872443.834382	
7757889.642581	-363582.852548	2.416986	2.777778	-0.000000	1607872444.015498	
7757889.275580	-363582.527661	2.416986	2.777778	-0.000000	1607872444.191950	
7757888.894360	-363582.190185	2.416986	2.777778	-0.000000	1607872444.375239	
7757888.519609	-363581.858436	2.416986	2.777778	0.000000	1607872444.555417	
7757888.144073	-363581.525992	2.416986	2.777778	0.000000	1607872444.735972	
7757887.769458	-363581.194365	2.416986	2.777778	0.000000	1607872444.916085	
7757887.397309	-363580.864919	2.416986	2.777778	-0.000000	1607872445.095012	
7757887.029015	-363580.538886	2.416986	2.777778	-0.000000	1607872445.272086	
7757886.655065	-363580.207847	2.416986	2.777778	0.000000	1607872445.451879	
7757886.276190	-363579.872448	2.416986	2.777778	0.000000	1607872445.634041	
7757885.904114	-363579.543067	2.416986	2.777778	-0.000000	1607872445.812933	
7757885.528746	-363579.210772	2.416986	2.777778	0.000000	1607872445.993408	
7757885.150754	-363578.876154	2.416986	2.777778	-0.000000	1607872446.175144	
7757884.782003	-363578.549717	2.416986	2.777778	-0.000000	1607872446.352438	
7757884.400795	-363578.212253	2.416986	2.777778	0.000000	1607872446.535721	
7757884.030183	-363577.884168	2.416986	2.777778	-0.000000	1607872446.713909	
7757883.659580	-363577.556091	2.416986	2.777778	0.000000	1607872446.892093	
7757883.278402	-363577.218653	2.416986	2.777778	0.000000	1607872447.075361	
7757882.909697	-363576.892257	2.416986	2.777778	-0.000000	1607872447.252633	
7757882.531773	-363576.557699	2.416986	2.777778	-0.000000	1607872447.434337	
7757882.156492	-363576.225481	2.416986	2.777778	0.000000	1607872447.614770	
7757881.784523	-363575.896195	2.416986	2.777778	-0.000000	1607872447.793610	
7757881.405778	-363575.560911	2.416986	2.777778	0.000000	1607872447.975709	
7757881.031981	-363575.230006	2.416986	2.777778	0.000000	1607872448.155429	
7757880.663859	-363574.904126	2.416986	2.777778	0.000000	1607872448.332420	
7757880.291908	-363574.574856	2.416986	2.777778	-0.000000	1607872448.511251	
7757879.917521	-363574.243430	2.416986	2.777778	0.000000	1607872448.691255	
7757879.542243	-363573.911215	2.416986	2.777778	0.000000	1607872448.871686	
7757879.167782	-363573.579723	2.416986	2.777778	-0.000000	1607872449.051725	
7757878.786895	-363573.242541	2.416986	2.777778	-0.000000	1607872449.234854	
7757878.420255	-363572.917973	2.416986	2.777778	-0.000000	1607872449.411132	
7757878.043974	-363572.584870	2.416986	2.777778	0.000000	1607872449.592046	
7757877.671150	-363572.254828	2.416986	2.777778	0.000000	1607872449.771298	
7757877.291650	-363571.918874	2.416986	2.777778	-0.000000	1607872449.953759	
7757876.920961	-363571.590722	2.416986	2.777778	0.000000	1607872450.131984	
7757876.549572	-363571.261949	2.416986	2.777778	-0.000000	1607872450.310547	
7757876.174916	-363570.930285	2.416986	2.777778	-0.000000	1607872450.490679	
7757875.798911	-363570.597426	2.416986	2.777778	0.000000	1607872450.671461	
7757875.427000	-363570.268000	2.416986	2.777778	0.000000	1607872450.850319	
7757875.605000	-363570.415000	2.452814	-2.777778	0.000000	1607872689.317776	
7757876.010471	-363570.755212	2.457424	-2.777778	0.021294	1607872689.508322	
7757876.404302	-363571.082572	2.459040	-2.777778	0.022369	1607872689.692685	
7757876.803803	-363571.411626	2.460724	-2.777778	0.023344	1607872689.879009	
7757877.208572	-363571.741832	2.462541	-2.777778	0.024156	1607872690.067064	
7757877.610502	-363572.066494	2.464546	-2.777778	0.024712	1607872690.253067	
7757878.017997	-363572.392353	2.466761	-2.777778	0.024920	1607872690.440902	
7757878.423784	-363572.713588	2.469437	-2.777778	0.024681	1607872690.627218	
7757878.836336	-363573.036948	2.472547	-2.777778	0.023898	1607872690.815922	
7757879.241879	-363573.351816	2.476539	-2.777778	0.022510	1607872691.000756	
7757879.656612	-363573.670999	2.481537	-2.777778	0.020478	1607872691.189157	
7757880.067581	-363573.984803	2.488759	-2.777778	0.017817	1607872691.375304	
7757880.477000	-363574.295000	2.494159	-2.777778	0.014652	1607872691.560222	
7757880.871301	-363574.595021	2.506727	-2.777778	-0.012595	1607872691.738589	
7757881.262680	-363574.889579	2.529247	-2.777778	0.064845	1607872691.914931	
7757881.665790	-363575.180260	2.565642	-2.777778	0.152322	1607872692.093845	
7757882.074226	-363575.452099	2.618413	-2.777778	0.240314	1607872692.270472	
7757882.496810	-363575.701706	2.686158	-2.777778	0.315935	1607872692.447159	
7757882.933851	-363575.921796	2.767506	-2.777778	0.368703	1607872692.623317	
7757883.392202	-363576.110649	2.852409	-2.777778	0.393156	1607872692.801781	
7757883.858018	-363576.261325	2.933992	-2.777778	0.390405	1607872692.978029	
7757884.331251	-363576.376378	3.003285	-2.777778	0.367326	1607872693.153356	
7757884.821614	-363576.460534	3.059321	-2.777778	0.332138	1607872693.332468	
7757885.303469	-363576.513501	3.104192	-2.777778	0.292685	1607872693.506981	
7757885.796426	-363576.541758	3.139399	-2.777778	0.254180	1607872693.684736	
7757886.283000	-363576.548000	-3.007753	-2.777778	0.451198	1607872693.859917	
7757886.820878	-363576.483896	-2.952472	-2.777778	0.359526	1607872694.054924	
7757887.339156	-363576.402915	-2.907585	-2.777778	0.225339	1607872694.243768	
7757887.846859	-363576.293007	-2.866540	-2.777778	0.349167	1607872694.430775	
7757888.354677	-363576.135016	-2.755096	-2.777778	0.472207	1607872694.622233	
7757888.841990	-363575.923666	-2.672697	-2.777778	0.473638	1607872694.813454	
7757889.308367	-363575.672464	-2.619674	-2.777778	0.296836	1607872695.004156	
7757889.756000	-363575.409000	-2.588536	-2.777778	0.337495	1607872695.191144	
7757890.131716	-363575.117532	-2.432734	-2.777778	0.467601	1607872695.362330	
7757890.482850	-363574.813301	-2.370885	-2.777778	0.374705	1607872695.529585	
7757890.812072	-363574.480678	-2.336227	-2.777778	0.389321	1607872695.698066	
7757891.127969	-363574.128270	-2.310921	-2.777778	0.123791	1607872695.868442	
7757891.434000	-363573.784000	-2.280217	-2.777778	-0.054905	1607872696.034268	
