7495990.826000	-242968.977000	2.355303	2.777778	0.000000	1639677926.875032	
7495990.471000	-242968.621000	2.355972	2.777778	0.003493	1639677927.056023	
7495990.119000	-242968.269000	2.356290	2.777778	0.001677	1639677927.235232	
7495989.763000	-242967.914000	2.356557	2.777778	0.001394	1639677927.416224	
7495989.411000	-242967.561000	2.356795	2.777778	0.001253	1639677927.595687	
7495989.056000	-242967.207000	2.357020	2.777778	0.001178	1639677927.776170	
7495988.701000	-242966.853000	2.357235	2.777778	0.001126	1639677927.956652	
7495988.343000	-242966.496000	2.357445	2.777778	0.001090	1639677928.138661	
7495987.988000	-242966.142000	2.357649	2.777778	0.001068	1639677928.319143	
7495987.634000	-242965.789000	2.357850	2.777778	0.001055	1639677928.499116	
7495987.285000	-242965.441000	2.358046	2.777778	0.001044	1639677928.676544	
7495986.929000	-242965.086000	2.358246	2.777778	0.001044	1639677928.857535	
7495986.575000	-242964.734000	2.358444	2.777778	0.001041	1639677929.037254	
7495986.218000	-242964.378000	2.358645	2.777778	0.001047	1639677929.218754	
7495985.866000	-242964.028000	2.358843	2.777778	0.001047	1639677929.397455	
7495985.505000	-242963.670000	2.359049	2.777778	0.001064	1639677929.580484	
7495985.153000	-242963.319000	2.359252	2.777778	0.001072	1639677929.759439	
7495984.801000	-242962.970000	2.359457	2.777778	0.001086	1639677929.937886	
7495984.443000	-242962.614000	2.359669	2.777778	0.001102	1639677930.119642	
7495984.088000	-242962.262000	2.359882	2.777778	0.001118	1639677930.299616	
7495983.736000	-242961.912000	2.360097	2.777778	0.001137	1639677930.478317	
7495983.379000	-242961.558000	2.360320	2.777778	0.001164	1639677930.659309	
7495983.026000	-242961.208000	2.360544	2.777778	0.001183	1639677930.838266	
7495982.670000	-242960.855000	2.360775	2.777778	0.001209	1639677931.018749	
7495982.310000	-242960.498000	2.361014	2.777778	0.001237	1639677931.201269	
7495981.955000	-242960.147000	2.361255	2.777778	0.001267	1639677931.380990	
7495981.598000	-242959.793000	2.361504	2.777778	0.001300	1639677931.561983	
7495981.247000	-242959.447000	2.361755	2.777778	0.001337	1639677931.739415	
7495980.885000	-242959.088000	2.362022	2.777778	0.001375	1639677931.922953	
7495980.530000	-242958.738000	2.362291	2.777778	0.001416	1639677932.102421	
7495980.173000	-242958.386000	2.362569	2.777778	0.001456	1639677932.282907	
7495979.825000	-242958.041000	2.362850	2.777778	0.001505	1639677932.459318	
7495979.466000	-242957.687000	2.363148	2.777778	0.001552	1639677932.640823	
7495979.106000	-242957.332000	2.363458	2.777778	0.001609	1639677932.822837	
7495978.755000	-242956.986000	2.363771	2.777778	0.001667	1639677933.000268	
7495978.394000	-242956.631000	2.364104	2.777778	0.001726	1639677933.182539	
7495978.042000	-242956.285000	2.364441	2.777778	0.001792	1639677933.360227	
7495977.681000	-242955.930000	2.364802	2.777778	0.001872	1639677933.542497	
7495977.320000	-242955.576000	2.365177	2.777778	0.001947	1639677933.724515	
7495976.970000	-242955.232000	2.365557	2.777778	0.002033	1639677933.901186	
7495976.611000	-242954.880000	2.365964	2.777778	0.002125	1639677934.082185	
7495976.253000	-242954.529000	2.366389	2.777778	0.002225	1639677934.262676	
7495975.897000	-242954.180000	2.366832	2.777778	0.002333	1639677934.442148	
7495975.543000	-242953.833000	2.367296	2.777778	0.002457	1639677934.620603	
7495975.181000	-242953.479000	2.367795	2.777778	0.002587	1639677934.802878	
7495974.821000	-242953.128000	2.368318	2.777778	0.002731	1639677934.983884	
7495974.465000	-242952.780000	2.368868	2.777778	0.002900	1639677935.163104	
7495974.102000	-242952.427000	2.369461	2.777778	0.003074	1639677935.345386	
7495973.751000	-242952.086000	2.370071	2.777778	0.003272	1639677935.521559	
7495973.387000	-242951.731000	2.370748	2.777778	0.003495	1639677935.704601	
7495973.026000	-242951.382000	2.371465	2.777778	0.003748	1639677935.885363	
7495972.671000	-242951.037000	2.372225	2.777778	0.004030	1639677936.063572	
7495972.311000	-242950.689000	2.373054	2.777778	0.004346	1639677936.243825	
7495971.949000	-242950.339000	2.373960	2.777778	0.004723	1639677936.425097	
7495971.593000	-242949.996000	2.374930	2.777778	0.005151	1639677936.603064	
7495971.228000	-242949.644000	2.376021	2.777778	0.005648	1639677936.785612	
7495970.870000	-242949.301000	2.377199	2.777778	0.006237	1639677936.964098	
7495970.504000	-242948.951000	2.378534	2.777778	0.006920	1639677937.146408	
7495970.148000	-242948.611000	2.379991	2.777778	0.007769	1639677937.323627	
7495969.788000	-242948.268000	2.381658	2.777778	0.008800	1639677937.502634	
7495969.425000	-242947.923000	2.380701	2.777778	-0.005016	1639677937.682920	
7495969.063000	-242947.578000	2.379997	2.777778	-0.003695	1639677937.862944	
7495968.701000	-242947.233000	2.379546	2.777778	-0.002367	1639677938.042969	
7495968.347000	-242946.894000	2.379349	2.777778	-0.001055	1639677938.219419	
7495967.985000	-242946.548000	2.379398	2.777778	0.000257	1639677938.399693	
7495967.623000	-242946.203000	2.379700	2.777778	0.001585	1639677938.579718	
7495967.268000	-242945.865000	2.380240	2.777778	0.002892	1639677938.756180	
7495966.905000	-242945.519000	2.381042	2.777778	0.004198	1639677938.936714	
7495966.543000	-242945.175000	2.382097	2.777778	0.005546	1639677939.116490	
7495966.179000	-242944.830000	2.383404	2.777778	0.006841	1639677939.297037	
7495965.823000	-242944.493000	2.384930	2.777778	0.008171	1639677939.473512	
7495965.459000	-242944.150000	2.386737	2.777778	0.009484	1639677939.653565	
7495965.094000	-242943.808000	2.388798	2.777778	0.010816	1639677939.833633	
7495964.736000	-242943.473000	2.391062	2.777778	0.012121	1639677940.010139	
7495964.370000	-242943.132000	2.393623	2.777778	0.013438	1639677940.190224	
7495964.002000	-242942.792000	2.396438	2.777778	0.014748	1639677940.370592	
7495963.642000	-242942.460000	2.399442	2.777778	0.016101	1639677940.546891	
7495963.272000	-242942.123000	2.402758	2.777778	0.017391	1639677940.727060	
7495962.902000	-242941.787000	2.406328	2.777778	0.018748	1639677940.906986	
7495962.530000	-242941.452000	2.410151	2.777778	0.020044	1639677941.087205	
7495962.165000	-242941.125000	2.414143	2.777778	0.021380	1639677941.263625	
7495961.791000	-242940.793000	2.418469	2.777778	0.022703	1639677941.443661	
7495961.415000	-242940.463000	2.423047	2.777778	0.024017	1639677941.623760	
7495961.038000	-242940.135000	2.427880	2.777778	0.025382	1639677941.803657	
7495960.667000	-242939.815000	2.432861	2.777778	0.026681	1639677941.980035	
7495960.286000	-242939.491000	2.438195	2.777778	0.027989	1639677942.160085	
7495959.904000	-242939.168000	2.443781	2.777778	0.029303	1639677942.340176	
7495959.527000	-242938.854000	2.449500	2.777778	0.030588	1639677942.516805	
7495959.142000	-242938.538000	2.460425	2.777778	0.057514	1639677942.696113	
7495958.762000	-242938.233000	2.468545	2.777778	0.043716	1639677942.871528	
7495958.369000	-242937.923000	2.475175	2.777778	0.034755	1639677943.051725	
7495957.988000	-242937.624000	2.480442	2.777778	0.028539	1639677943.226079	
7495957.593000	-242937.319000	2.485017	2.777778	0.024060	1639677943.405737	
7495957.208000	-242937.023000	2.488839	2.777778	0.020656	1639677943.580565	
7495956.815000	-242936.724000	2.492236	2.777778	0.018056	1639677943.758338	
7495956.416000	-242936.421000	2.495275	2.777778	0.015921	1639677943.938701	
7495956.023000	-242936.126000	2.497942	2.777778	0.014246	1639677944.115605	
7495955.628000	-242935.830000	2.500361	2.777778	0.012864	1639677944.293301	
7495955.243000	-242935.544000	2.502508	2.777778	0.011751	1639677944.465959	
7495954.839000	-242935.244000	2.504581	2.777778	0.010813	1639677944.647113	
7495954.449000	-242934.956000	2.506433	2.777778	0.010027	1639677944.821645	
7495954.054000	-242934.665000	2.508184	2.777778	0.009368	1639677944.998268	
7495953.655000	-242934.373000	2.509840	2.777778	0.008792	1639677945.176264	
7495953.258000	-242934.083000	2.511407	2.777778	0.008366	1639677945.353254	
7495952.863000	-242933.795000	2.512892	2.777778	0.007974	1639677945.529238	
7495952.457000	-242933.501000	2.514363	2.777778	0.007703	1639677945.709696	
7495952.064000	-242933.216000	2.515751	2.777778	0.007505	1639677945.884462	
7495951.666000	-242932.929000	2.517144	2.777778	0.007452	1639677946.061109	
7495951.267000	-242932.641000	2.518554	2.777778	0.007521	1639677946.238259	
7495950.867000	-242932.355000	2.520030	2.777778	0.007879	1639677946.415281	
7495950.467000	-242932.069000	2.521700	2.777778	0.008915	1639677946.592303	
7495950.067000	-242931.784000	2.524866	2.777778	0.016920	1639677946.769115	
