7756575.395834 -363909.560879 0.000000 -0.531139 3.316453 -0.003053 1587495524.944326
7756575.571328 -363909.679655 0.000000 -0.530929 3.348352 -0.003321 1587495524.994230
7756575.671418 -363909.744657 0.000000 -0.528381 3.390219 -0.003589 1587495525.044238
7756575.814166 -363909.831311 0.000000 -0.529719 3.422117 -0.003723 1587495525.094237
7756575.948486 -363909.918285 0.000000 -0.527858 3.459000 -0.003721 1587495525.144175
7756576.171929 -363910.036802 0.000000 -0.529409 3.489902 -0.004124 1587495525.194173
7756576.319590 -363910.125343 0.000000 -0.531247 3.541737 -0.004528 1587495525.244127
7756576.443838 -363910.198269 0.000000 -0.532679 3.600550 -0.005470 1587495525.294061
7756576.601213 -363910.291349 0.000000 -0.535632 3.611515 -0.006278 1587495525.344036
7756576.773617 -363910.394406 0.000000 -0.534670 3.638429 -0.007222 1587495525.393997
7756576.865556 -363910.460828 0.000000 -0.536971 3.670328 -0.007627 1587495525.443957
7756577.004205 -363910.565770 0.000000 -0.536557 3.691261 -0.006683 1587495525.493910
7756577.172152 -363910.672046 0.000000 -0.535351 3.764030 -0.005064 1587495525.543852
7756577.331648 -363910.769715 0.000000 -0.535804 3.805897 -0.004254 1587495525.593877
7756577.517862 -363910.881565 0.000000 -0.534854 3.849757 -0.003576 1587495525.643858
7756577.725908 -363911.002724 0.000000 -0.537070 3.924520 -0.003304 1587495525.693809
7756577.921331 -363911.116024 0.000000 -0.536722 3.952431 -0.003302 1587495525.743784
7756578.056444 -363911.193837 0.000000 -0.534985 3.984330 -0.003031 1587495525.793712
7756578.240742 -363911.303589 0.000000 -0.534976 3.994298 -0.002760 1587495525.843760
7756578.371769 -363911.384043 0.000000 -0.536972 4.026196 -0.002352 1587495525.893725
7756578.516540 -363911.488901 0.000000 -0.536639 4.046133 -0.002080 1587495525.943723
7756578.715790 -363911.611776 0.000000 -0.539932 4.092984 -0.002079 1587495525.993738
7756578.940673 -363911.757902 0.000000 -0.536726 4.134851 -0.002076 1587495526.043711
7756579.175710 -363911.880808 0.000000 -0.537417 4.156781 -0.002074 1587495526.093695
7756579.391058 -363911.998779 0.000000 -0.536863 4.188680 -0.002073 1587495526.143693
7756579.552678 -363912.095298 0.000000 -0.535807 4.230547 -0.002071 1587495526.193699
7756579.745577 -363912.203905 0.000000 -0.536762 4.262445 -0.002069 1587495526.243691
7756579.992788 -363912.366735 0.000000 -0.537560 4.307302 -0.002067 1587495526.293710
7756580.169518 -363912.481676 0.000000 -0.536936 4.329233 -0.002066 1587495526.343724
7756580.356198 -363912.580428 0.000000 -0.536272 4.360134 -0.001793 1587495526.393666
7756580.507406 -363912.679246 0.000000 -0.536708 4.381068 -0.001654 1587495526.443730
7756580.716930 -363912.800336 0.000000 -0.536980 4.412966 -0.001653 1587495526.493679
7756580.917535 -363912.915517 0.000000 -0.537102 4.453836 -0.000154 1587495526.543640
7756581.102592 -363913.034124 0.000000 -0.536611 4.468789 0.000801 1587495526.593611
7756581.277948 -363913.153519 0.000000 -0.536505 4.490719 0.002301 1587495526.643606
7756581.475397 -363913.281232 0.000000 -0.537970 4.523615 0.002578 1587495526.693563
7756581.695554 -363913.396943 0.000000 -0.536416 4.545545 0.002307 1587495526.743590
7756581.876509 -363913.507278 0.000000 -0.536614 4.583424 0.001766 1587495526.793577
7756582.035925 -363913.596740 0.000000 -0.537404 4.588408 0.001086 1587495526.843541
7756582.192005 -363913.698141 0.000000 -0.537645 4.613329 0.000405 1587495526.893569
7756582.401498 -363913.841325 0.000000 -0.536293 4.628282 -0.000684 1587495526.943599
7756582.612344 -363913.976894 0.000000 -0.536506 4.660180 -0.000819 1587495526.993572
7756582.784233 -363914.080495 0.000000 -0.536404 4.680117 -0.000681 1587495527.043600
7756582.997031 -363914.213239 0.000000 -0.536760 4.709025 -0.000406 1587495527.093530
7756583.250058 -363914.351263 0.000000 -0.536751 4.731952 0.000142 1587495527.143516
7756583.504795 -363914.489133 0.000000 -0.536141 4.753882 0.000145 1587495527.193512
7756583.744157 -363914.613862 0.000000 -0.537581 4.776809 0.000147 1587495527.243430
7756583.976184 -363914.758406 0.000000 -0.537441 4.802727 0.000150 1587495527.293369
7756584.198748 -363914.898883 0.000000 -0.536245 4.822664 0.000151 1587495527.343355
7756584.371052 -363914.999469 0.000000 -0.536494 4.864530 0.000154 1587495527.393295
7756584.575364 -363915.124434 0.000000 -0.538681 4.883470 0.000157 1587495527.443215
7756584.772422 -363915.233651 0.000000 -0.538425 4.898423 -0.000116 1587495527.493182
7756585.041705 -363915.398480 0.000000 -0.536542 4.919356 -0.000388 1587495527.543131
7756585.259063 -363915.539308 0.000000 -0.539451 4.940289 -0.000388 1587495527.593148
7756585.459752 -363915.658705 0.000000 -0.540015 4.945274 -0.000386 1587495527.643035
7756585.760304 -363915.822605 0.000000 -0.535650 4.994118 -0.000109 1587495527.693034
7756585.912113 -363915.923549 0.000000 -0.535467 5.014055 -0.000107 1587495527.743037
7756586.117095 -363916.045837 0.000000 -0.536472 5.045953 -0.000103 1587495527.793087
7756586.355242 -363916.195822 0.000000 -0.538403 5.065890 -0.000377 1587495527.842983
7756586.662671 -363916.358665 0.000000 -0.536922 5.097789 -0.000373 1587495527.892959
7756586.894594 -363916.508682 0.000000 -0.537350 5.130684 -0.000647 1587495527.942914
7756587.126408 -363916.664500 0.000000 -0.536122 5.152614 -0.001605 1587495527.992845
7756587.286057 -363916.772510 0.000000 -0.536467 5.195478 -0.001605 1587495528.042829
7756587.517756 -363916.911461 0.000000 -0.536612 5.212424 -0.002151 1587495528.092812
7756587.791120 -363917.078459 0.000000 -0.536502 5.227377 -0.003527 1587495528.142761
7756587.967788 -363917.177886 0.000000 -0.536368 5.247313 -0.004490 1587495528.192695
7756588.136455 -363917.281334 0.000000 -0.536748 5.269243 -0.005178 1587495528.242659
7756588.462474 -363917.465285 0.000000 -0.538113 5.279212 -0.005729 1587495528.292547
7756588.659483 -363917.589679 0.000000 -0.536623 5.326063 -0.005591 1587495528.342493
7756588.837027 -363917.692817 0.000000 -0.539498 5.347993 -0.005177 1587495528.392373
7756589.151616 -363917.887625 0.000000 -0.538887 5.379892 -0.005176 1587495528.442290
7756589.360937 -363918.002384 0.000000 -0.540991 5.411790 -0.005176 1587495528.492219
7756589.572044 -363918.162313 0.000000 -0.540644 5.448673 -0.005175 1587495528.542117
7756589.794499 -363918.304871 0.000000 -0.540818 5.465619 -0.005175 1587495528.591995
7756590.044942 -363918.468695 0.000000 -0.541685 5.508483 -0.005174 1587495528.641952
7756590.247862 -363918.596279 0.000000 -0.541153 5.529416 -0.005035 1587495528.691842
7756590.512136 -363918.759522 0.000000 -0.544252 5.560318 -0.005035 1587495528.741783
7756590.785479 -363918.929865 0.000000 -0.544052 5.592216 -0.005034 1587495528.791660
7756591.015104 -363919.078656 0.000000 -0.544985 5.636077 -0.005033 1587495528.841597
7756591.299063 -363919.268047 0.000000 -0.544612 5.651029 -0.004617 1587495528.891552
7756591.498427 -363919.386575 0.000000 -0.545874 5.688909 -0.004062 1587495528.941513
7756591.843871 -363919.559420 0.000000 -0.544477 5.699874 -0.003507 1587495528.991443
7756592.139509 -363919.745302 0.000000 -0.543678 5.721804 -0.002535 1587495529.041402
7756592.395810 -363919.897823 0.000000 -0.543952 5.747722 -0.001562 1587495529.091410
7756592.558277 -363919.990023 0.000000 -0.545760 5.773639 -0.001560 1587495529.141352
7756592.766115 -363920.133328 0.000000 -0.548230 5.811519 -0.001558 1587495529.191376
7756593.029802 -363920.313012 0.000000 -0.547006 5.831455 -0.002111 1587495529.241281
7756593.254641 -363920.450940 0.000000 -0.546402 5.870332 -0.002804 1587495529.291245
7756593.562302 -363920.646897 0.000000 -0.547611 5.890268 -0.003221 1587495529.341222
7756593.867482 -363920.828122 0.000000 -0.544984 5.915189 -0.003637 1587495529.391218
7756594.181879 -363921.004870 0.000000 -0.546125 5.932135 -0.003636 1587495529.441204
7756594.386064 -363921.130661 0.000000 -0.545060 5.957056 -0.003635 1587495529.491228
7756594.622344 -363921.273872 0.000000 -0.547056 5.982974 -0.003634 1587495529.541137
7756594.903484 -363921.449613 0.000000 -0.547522 5.998923 -0.003633 1587495529.591128
7756595.106511 -363921.595607 0.000000 -0.547443 6.030822 -0.003213 1587495529.641080
7756595.352268 -363921.739322 0.000000 -0.549441 6.052752 -0.003073 1587495529.691030
7756595.581721 -363921.883949 0.000000 -0.549594 6.074682 -0.002234 1587495529.740919
7756595.947328 -363922.080185 0.000000 -0.546792 6.091628 -0.001116 1587495529.790841
7756596.288117 -363922.281910 0.000000 -0.546110 6.106581 -0.000138 1587495529.840776
7756596.594976 -363922.477568 0.000000 -0.545916 6.116549 0.000282 1587495529.890714
7756596.815347 -363922.603514 0.000000 -0.546416 6.137482 0.000284 1587495529.940622
7756597.078171 -363922.780419 0.000000 -0.546684 6.153432 -0.000133 1587495529.990556
7756597.350368 -363922.946264 0.000000 -0.545354 6.187324 -0.000408 1587495530.040498
7756597.592516 -363923.106947 0.000000 -0.547395 6.195298 -0.000129 1587495530.090480
7756597.850535 -363923.264610 0.000000 -0.547840 6.219222 0.000154 1587495530.140373
7756598.208905 -363923.468415 0.000000 -0.544409 6.234175 0.000856 1587495530.190344
7756598.456958 -363923.635439 0.000000 -0.547447 6.258099 0.000859 1587495530.240324
7756598.629480 -363923.739601 0.000000 -0.548151 6.277039 0.000861 1587495530.290251
7756598.952112 -363923.941196 0.000000 -0.546657 6.311928 0.000585 1587495530.340235
7756599.228541 -363924.115622 0.000000 -0.546884 6.329870 -0.000674 1587495530.390219
7756599.475341 -363924.249756 0.000000 -0.547518 6.360772 -0.001653 1587495530.440208
7756599.819708 -363924.468259 0.000000 -0.547114 6.379712 -0.001792 1587495530.490125
7756600.036914 -363924.603074 0.000000 -0.548849 6.399649 -0.001790 1587495530.540124
7756600.325281 -363924.770686 0.000000 -0.547428 6.415598 -0.001648 1587495530.590098
7756600.676546 -363924.989726 0.000000 -0.547962 6.441515 -0.000803 1587495530.640084
7756600.891875 -363925.138053 0.000000 -0.547010 6.451484 -0.000662 1587495530.689987
7756601.099358 -363925.263640 0.000000 -0.550068 6.474411 -0.000659 1587495530.739960
7756601.412363 -363925.467881 0.000000 -0.550884 6.494347 -0.001079 1587495530.789912
7756601.676183 -363925.630471 0.000000 -0.551375 6.513287 -0.001641 1587495530.839865
7756601.996707 -363925.804670 0.000000 -0.552295 6.529236 -0.001779 1587495530.889815
7756602.297959 -363925.993593 0.000000 -0.550852 6.554157 -0.001777 1587495530.939706
7756602.567900 -363926.152260 0.000000 -0.548775 6.564126 -0.001636 1587495530.989662
7756602.853996 -363926.322563 0.000000 -0.551087 6.587053 -0.001071 1587495531.039595
7756603.119219 -363926.508958 0.000000 -0.550430 6.607986 -0.000787 1587495531.089549
7756603.373299 -363926.686165 0.000000 -0.553978 6.624932 -0.000785 1587495531.139488
7756603.639125 -363926.858486 0.000000 -0.552795 6.641878 -0.001066 1587495531.189490
7756603.963675 -363927.064846 0.000000 -0.551398 6.657828 -0.001064 1587495531.239468
7756604.243717 -363927.225841 0.000000 -0.549263 6.663809 -0.001345 1587495531.289367
7756604.582937 -363927.435128 0.000000 -0.551235 6.684742 -0.001343 1587495531.339348
7756604.952401 -363927.675948 0.000000 -0.551312 6.700691 -0.001342 1587495531.389256
7756605.144239 -363927.793112 0.000000 -0.550494 6.719631 -0.001340 1587495531.439255
7756605.382932 -363927.938549 0.000000 -0.551103 6.735580 -0.001339 1587495531.489182
7756605.711214 -363928.132004 0.000000 -0.550695 6.761498 -0.001336 1587495531.539140
7756606.012025 -363928.315664 0.000000 -0.551775 6.771466 -0.001759 1587495531.588983
7756606.343854 -363928.519201 0.000000 -0.552090 6.794393 -0.002323 1587495531.638876
7756606.609698 -363928.679236 0.000000 -0.551978 6.808349 -0.003030 1587495531.688783
7756606.861768 -363928.840122 0.000000 -0.551086 6.822305 -0.003736 1587495531.738727
7756607.202319 -363929.062211 0.000000 -0.550888 6.834266 -0.004018 1587495531.788674
7756607.433123 -363929.218756 0.000000 -0.552600 6.844235 -0.004301 1587495531.838564
7756607.740720 -363929.408342 0.000000 -0.552793 6.856197 -0.004300 1587495531.888477
7756608.037182 -363929.610228 0.000000 -0.552195 6.871149 -0.004016 1587495531.938430
7756608.384055 -363929.812588 0.000000 -0.552255 6.887098 -0.004016 1587495531.988404
7756608.635764 -363929.963661 0.000000 -0.553070 6.912019 -0.004015 1587495532.038324
7756608.934232 -363930.165392 0.000000 -0.553986 6.928965 -0.004014 1587495532.088312
7756609.212770 -363930.343537 0.000000 -0.552877 6.953886 -0.003729 1587495532.138256
7756609.604845 -363930.591223 0.000000 -0.554311 6.959867 -0.003304 1587495532.188209
7756609.910735 -363930.782785 0.000000 -0.553502 6.972826 -0.002594 1587495532.238210
7756610.199092 -363930.943688 0.000000 -0.551231 6.979804 -0.001600 1587495532.288170
7756610.515885 -363931.143728 0.000000 -0.551820 6.988775 -0.000606 1587495532.338162
7756610.780830 -363931.311425 0.000000 -0.552700 6.998743 -0.000321 1587495532.388121
7756611.101821 -363931.525307 0.000000 -0.552690 7.006718 -0.000604 1587495532.438131
7756611.426389 -363931.716611 0.000000 -0.550883 7.018680 -0.001170 1587495532.488086
7756611.752380 -363931.916869 0.000000 -0.550674 7.039613 -0.000884 1587495532.538004
7756612.043558 -363932.101342 0.000000 -0.550270 7.039613 -0.000884 1587495532.588024
7756612.276060 -363932.258569 0.000000 -0.552421 7.081480 -0.000595 1587495532.637880
7756612.599516 -363932.463750 0.000000 -0.550696 7.101417 -0.000593 1587495532.687820
7756612.938309 -363932.678593 0.000000 -0.551805 7.119360 -0.000306 1587495532.737761
7756613.237579 -363932.868740 0.000000 -0.550507 7.148268 -0.000303 1587495532.787730
7756613.562837 -363933.054218 0.000000 -0.549824 7.154249 -0.000302 1587495532.837664
7756613.889058 -363933.257305 0.000000 -0.549400 7.159233 -0.000302 1587495532.887641
7756614.213394 -363933.461265 0.000000 -0.549522 7.174186 -0.000300 1587495532.937577
7756614.435012 -363933.596774 0.000000 -0.550142 7.182160 -0.000299 1587495532.987523
7756614.745099 -363933.793124 0.000000 -0.550339 7.194122 -0.000298 1587495533.037440
7756615.039564 -363933.964838 0.000000 -0.550357 7.209075 -0.000296 1587495533.087453
7756615.436221 -363934.214252 0.000000 -0.550168 7.214059 -0.000296 1587495533.137409
7756615.679902 -363934.381670 0.000000 -0.550657 7.224027 -0.000294 1587495533.187391
7756616.022317 -363934.595761 0.000000 -0.550687 7.243964 -0.000291 1587495533.237344
7756616.296826 -363934.747695 0.000000 -0.550556 7.264897 -0.000574 1587495533.287257
7756616.632779 -363934.975602 0.000000 -0.550774 7.286827 -0.000858 1587495533.337229
7756616.966391 -363935.175014 0.000000 -0.549651 7.297792 -0.000857 1587495533.387133
7756617.267995 -363935.357871 0.000000 -0.550000 7.302777 -0.000856 1587495533.437033
7756617.541011 -363935.535779 0.000000 -0.549463 7.307761 -0.001855 1587495533.486900
7756617.844050 -363935.738029 0.000000 -0.551653 7.307761 -0.002284 1587495533.536829
7756618.149169 -363935.919306 0.000000 -0.551190 7.317729 -0.002854 1587495533.586725
7756618.446840 -363936.097016 0.000000 -0.549976 7.339659 -0.002853 1587495533.636602
7756618.779003 -363936.306278 0.000000 -0.549992 7.361590 -0.002565 1587495533.686524
7756619.100944 -363936.513860 0.000000 -0.550282 7.388504 -0.002563 1587495533.736422
7756619.402906 -363936.700901 0.000000 -0.549771 7.394485 -0.002563 1587495533.786405
7756619.776885 -363936.917255 0.000000 -0.550443 7.415418 -0.002561 1587495533.836288
7756620.078274 -363937.112767 0.000000 -0.550947 7.418409 -0.002274 1587495533.886245
7756620.394954 -363937.310937 0.000000 -0.550578 7.433361 -0.001558 1587495533.936117
7756620.654774 -363937.483775 0.000000 -0.551503 7.445323 -0.001127 1587495533.986099
7756620.976717 -363937.668639 0.000000 -0.550307 7.462269 -0.000408 1587495534.035982
7756621.323257 -363937.891028 0.000000 -0.548164 7.467254 -0.000408 1587495534.085954
7756621.671178 -363938.104568 0.000000 -0.551386 7.473235 -0.000407 1587495534.135898
7756621.991941 -363938.304597 0.000000 -0.550302 7.489184 -0.000405 1587495534.185858
7756622.309919 -363938.504012 0.000000 -0.549836 7.500149 -0.000404 1587495534.235836
7756622.674111 -363938.718630 0.000000 -0.550251 7.510117 -0.000403 1587495534.285777
7756622.849634 -363938.839946 0.000000 -0.550323 7.524073 -0.000401 1587495534.335727
7756623.214804 -363939.074280 0.000000 -0.552055 7.533044 -0.000400 1587495534.385717
7756623.554201 -363939.284589 0.000000 -0.549620 7.533044 -0.000400 1587495534.435676
7756623.866298 -363939.468849 0.000000 -0.550745 7.533044 -0.000400 1587495534.485654
7756624.200729 -363939.673355 0.000000 -0.548860 7.541019 -0.000399 1587495534.535597
7756624.552360 -363939.895658 0.000000 -0.548890 7.549990 -0.000398 1587495534.585591
7756624.871947 -363940.103249 0.000000 -0.550805 7.564943 -0.000396 1587495534.635593
7756625.201328 -363940.312227 0.000000 -0.549839 7.596841 -0.000392 1587495534.685566
7756625.492832 -363940.498744 0.000000 -0.549157 7.610797 -0.000390 1587495534.735533
7756625.852750 -363940.713151 0.000000 -0.550231 7.619769 -0.000389 1587495534.785524
7756626.178262 -363940.922912 0.000000 -0.548736 7.626746 -0.001107 1587495534.835561
7756626.493360 -363941.109472 0.000000 -0.547608 7.626746 -0.001827 1587495534.885490
7756626.760868 -363941.280610 0.000000 -0.550036 7.626746 -0.002113 1587495534.935446
7756627.133557 -363941.499910 0.000000 -0.548456 7.624753 -0.002257 1587495534.985382
7756627.437548 -363941.691676 0.000000 -0.551288 7.624753 -0.002257 1587495535.035331
7756627.776892 -363941.911091 0.000000 -0.550179 7.624753 -0.002257 1587495535.085276
7756628.109550 -363942.107824 0.000000 -0.550284 7.635718 -0.002256 1587495535.135221
7756628.460599 -363942.333745 0.000000 -0.549792 7.652664 -0.002255 1587495535.185218
7756628.809295 -363942.553950 0.000000 -0.549494 7.670607 -0.002254 1587495535.235157
7756629.101305 -363942.706983 0.000000 -0.550375 7.679578 -0.002253 1587495535.285106
7756629.376099 -363942.870461 0.000000 -0.549042 7.690543 -0.002252 1587495535.335014
7756629.708445 -363943.084131 0.000000 -0.550506 7.689547 -0.002252 1587495535.384951
7756630.059600 -363943.305504 0.000000 -0.549021 7.689547 -0.002540 1587495535.434823
7756630.349517 -363943.495517 0.000000 -0.552484 7.688550 -0.002828 1587495535.484748
7756630.694231 -363943.698541 0.000000 -0.551867 7.682569 -0.002829 1587495535.534598
7756631.006511 -363943.889514 0.000000 -0.551476 7.680575 -0.003836 1587495535.584504
7756631.354404 -363944.107143 0.000000 -0.549528 7.681572 -0.004268 1587495535.634367
7756631.693855 -363944.313307 0.000000 -0.551195 7.698518 -0.004699 1587495535.684305
7756632.010570 -363944.524125 0.000000 -0.551317 7.712474 -0.004699 1587495535.734200
7756632.342991 -363944.730075 0.000000 -0.552401 7.714467 -0.004699 1587495535.784172
7756632.722637 -363944.956130 0.000000 -0.550966 7.718455 -0.004554 1587495535.834013
7756633.008460 -363945.152168 0.000000 -0.553090 7.711477 -0.004266 1587495535.883965
7756633.343827 -363945.358164 0.000000 -0.554431 7.707490 -0.003546 1587495535.933905
7756633.696273 -363945.571757 0.000000 -0.555008 7.707490 -0.003546 1587495535.983873
7756634.000480 -363945.766238 0.000000 -0.554732 7.712474 -0.003259 1587495536.033792
7756634.326785 -363945.976707 0.000000 -0.555644 7.708486 -0.003115 1587495536.083740
7756634.660887 -363946.194272 0.000000 -0.555444 7.709483 -0.003115 1587495536.133732
7756634.974514 -363946.381410 0.000000 -0.554162 7.700512 -0.003116 1587495536.183689
7756635.257469 -363946.566358 0.000000 -0.555916 7.702505 -0.003115 1587495536.233654
7756635.602661 -363946.788544 0.000000 -0.555182 7.711477 -0.003115 1587495536.283674
7756635.958439 -363946.973738 0.000000 -0.554930 7.722442 -0.003258 1587495536.333594
7756636.267029 -363947.154102 0.000000 -0.555863 7.732410 -0.003258 1587495536.383539
7756636.571503 -363947.352327 0.000000 -0.556909 7.720448 -0.003546 1587495536.433455
7756636.898493 -363947.550297 0.000000 -0.554574 7.703502 -0.004123 1587495536.483429
7756637.245543 -363947.778996 0.000000 -0.556231 7.704499 -0.004267 1587495536.533382
7756637.536126 -363948.001866 0.000000 -0.555787 7.702505 -0.004699 1587495536.583341
7756637.855073 -363948.209776 0.000000 -0.556768 7.716461 -0.004987 1587495536.633232
7756638.164856 -363948.389284 0.000000 -0.557956 7.729420 -0.004698 1587495536.683223
7756638.486568 -363948.610627 0.000000 -0.558045 7.720448 -0.004266 1587495536.733202
7756638.843069 -363948.832590 0.000000 -0.557290 7.688550 -0.003548 1587495536.783146
7756639.114235 -363949.015326 0.000000 -0.559587 7.678581 -0.002541 1587495536.833075
7756639.449997 -363949.225808 0.000000 -0.560062 7.681572 -0.001677 1587495536.882992
7756639.845971 -363949.459124 0.000000 -0.559374 7.701509 -0.000091 1587495536.932919
7756640.131611 -363949.649972 0.000000 -0.559950 7.723439 0.001064 1587495536.982791
7756640.442243 -363949.839991 0.000000 -0.557981 7.728423 0.001353 1587495537.032643
7756640.802254 -363950.084148 0.000000 -0.559419 7.713471 0.001351 1587495537.082548
7756641.090626 -363950.249489 0.000000 -0.557274 7.680575 0.001345 1587495537.132399
7756641.391286 -363950.449508 0.000000 -0.555353 7.656651 0.001341 1587495537.182304
7756641.715785 -363950.660880 0.000000 -0.557491 7.629737 0.001337 1587495537.232195
7756642.068621 -363950.886622 0.000000 -0.557338 7.624753 0.001336 1587495537.282135
7756642.407786 -363951.087368 0.000000 -0.556128 7.644689 0.001339 1587495537.332072
7756642.708530 -363951.272204 0.000000 -0.554125 7.666620 0.001631 1587495537.381988
7756642.981553 -363951.456118 0.000000 -0.554775 7.700512 0.001637 1587495537.431888
7756643.286826 -363951.649036 0.000000 -0.555469 7.720448 0.001640 1587495537.481799
7756643.597538 -363951.841959 0.000000 -0.555299 7.734404 0.001642 1587495537.531885
7756643.904504 -363952.042749 0.000000 -0.555085 7.716461 0.001639 1587495537.581728
7756644.350929 -363952.308811 0.000000 -0.553576 7.682569 0.001633 1587495537.631752
7756644.615822 -363952.474711 0.000000 -0.554954 7.660639 0.001630 1587495537.681683
7756644.911953 -363952.655724 0.000000 -0.553197 7.626746 0.001624 1587495537.731696
7756645.234492 -363952.865424 0.000000 -0.552622 7.624753 0.001336 1587495537.781564
7756645.601950 -363953.105401 0.000000 -0.554081 7.624753 0.001336 1587495537.831616
7756645.971268 -363953.343593 0.000000 -0.552677 7.624753 0.001336 1587495537.881615
7756646.239022 -363953.513866 0.000000 -0.552588 7.624753 0.001336 1587495537.931548
7756646.615579 -363953.764120 0.000000 -0.550718 7.626746 0.001337 1587495537.981519
7756646.914442 -363953.943019 0.000000 -0.552983 7.626746 0.001337 1587495538.031510
7756647.232080 -363954.118426 0.000000 -0.553197 7.626746 0.001337 1587495538.081504
7756647.543410 -363954.312910 0.000000 -0.551539 7.626746 0.001193 1587495538.131495
7756647.877507 -363954.500718 0.000000 -0.549893 7.626746 0.000618 1587495538.181510
7756648.174424 -363954.694337 0.000000 -0.549421 7.626746 0.000331 1587495538.231543
7756648.429053 -363954.870054 0.000000 -0.552276 7.626746 -0.000101 1587495538.281423
7756648.797237 -363955.101529 0.000000 -0.548418 7.624753 -0.000389 1587495538.331374
7756649.160106 -363955.329795 0.000000 -0.545494 7.624753 -0.000676 1587495538.381283
7756649.437539 -363955.500764 0.000000 -0.547078 7.624753 -0.001108 1587495538.431236
7756649.763968 -363955.686658 0.000000 -0.549026 7.626746 -0.001683 1587495538.481159
7756649.954210 -363955.816164 0.000000 -0.551341 7.626746 -0.002113 1587495538.531101
7756650.411988 -363956.117735 0.000000 -0.550588 7.621762 -0.002114 1587495538.581007
7756650.689306 -363956.291695 0.000000 -0.548483 7.603819 -0.002115 1587495538.630960
7756650.984582 -363956.468114 0.000000 -0.547066 7.592854 -0.002117 1587495538.680835
7756651.292329 -363956.654379 0.000000 -0.548053 7.576905 -0.002262 1587495538.730720
7756651.649053 -363956.861329 0.000000 -0.547904 7.571921 -0.002549 1587495538.780666
7756651.976929 -363957.077329 0.000000 -0.551948 7.579895 -0.002836 1587495538.830602
7756652.274572 -363957.266297 0.000000 -0.551599 7.582886 -0.003123 1587495538.880540
7756652.611577 -363957.470864 0.000000 -0.550130 7.582886 -0.003123 1587495538.930488
7756652.822123 -363957.600554 0.000000 -0.548734 7.581889 -0.003123 1587495538.980434
7756653.150528 -363957.769671 0.000000 -0.550923 7.564943 -0.003124 1587495539.030389
7756653.382693 -363957.908803 0.000000 -0.552846 7.557965 -0.003124 1587495539.080297
7756653.732341 -363958.119953 0.000000 -0.554014 7.556968 -0.003124 1587495539.130296
7756654.115145 -363958.366943 0.000000 -0.552227 7.549990 -0.002838 1587495539.180262
7756654.438182 -363958.576668 0.000000 -0.555112 7.544009 -0.001834 1587495539.230203
7756654.729938 -363958.746928 0.000000 -0.554160 7.548994 -0.000111 1587495539.280147
7756655.006272 -363958.922488 0.000000 -0.557360 7.532047 0.001178 1587495539.330102
7756655.332505 -363959.134533 0.000000 -0.555268 7.528060 0.001608 1587495539.380075
7756655.622378 -363959.321830 0.000000 -0.554916 7.529057 0.001752 1587495539.429994
7756656.037110 -363959.585252 0.000000 -0.553612 7.519089 0.001319 1587495539.479908
7756656.357115 -363959.795524 0.000000 -0.553383 7.521082 -0.000115 1587495539.529787
7756656.586267 -363959.928892 0.000000 -0.554367 7.523076 -0.002123 1587495539.579736
7756656.910504 -363960.123821 0.000000 -0.554256 7.512111 -0.003271 1587495539.629626
7756657.210645 -363960.314737 0.000000 -0.556281 7.511114 -0.003701 1587495539.679669
7756657.461676 -363960.486852 0.000000 -0.555633 7.499152 -0.003702 1587495539.729517
