543 11073 -0.119743 -0.090382 0.008178
545 11074 -0.089171 -0.090981 0.006582
546 11075 0.069290 -0.093040 0.004384
548 11076 -0.034370 -0.111016 0.007501
550 11077 -0.041049 -0.119457 0.011617
552 11078 -0.035201 -0.116067 0.012620
554 11079 -0.086729 -0.098035 0.010699
555 11080 0.043800 -0.102779 0.010854
557 11081 -0.095632 -0.111171 0.011855
559 11082 -0.157178 -0.122599 0.009506
560 11083 -0.049668 -0.129731 0.009231
562 11084 -0.058722 -0.118488 0.010563
563 11085 0.031405 -0.121801 0.013559
564 11086 0.085946 -0.118420 0.010056
566 11087 -0.099272 -0.148988 0.009897
567 11088 0.037802 -0.155914 0.008546
569 11089 -0.151841 -0.154559 0.010002
570 11090 -0.034878 -0.153286 0.009083
572 11091 -0.098810 -0.163535 0.008561
573 11092 -0.014844 -0.173755 0.008541
575 11093 -0.140548 -0.177224 0.007881
576 11094 -0.026945 -0.171399 0.007520
577 11095 0.065248 -0.169650 0.008745
579 11096 -0.067756 -0.187629 0.007152
581 11097 -0.106903 -0.192192 0.007945
582 11098 -0.030955 -0.183355 0.006356
584 11099 -0.147949 -0.190047 0.006201
585 11100 -0.074024 -0.182710 0.006354
586 11101 -0.026680 -0.209723 0.006080
587 11102 0.014561 -0.228584 0.005272
588 11103 0.072014 -0.241802 0.006543
590 11104 -0.127106 -0.245264 0.004947
591 11105 0.000062 -0.245214 0.004992
593 11106 -0.131654 -0.256651 0.006693
594 11107 -0.109580 -0.268795 0.004537
595 11108 -0.039431 -0.257489 0.007224
596 11109 0.060835 -0.264323 0.007576
598 11110 -0.130330 -0.275260 0.002800
599 11111 -0.034063 -0.282350 0.003578
600 11112 0.020474 -0.282516 0.005282
601 11113 0.007371 -0.307159 0.003574
602 11114 0.067631 -0.304238 0.003777
604 11115 -0.067701 -0.285164 0.002669
605 11116 -0.000414 -0.291628 0.002591
606 11117 0.020261 -0.303601 0.002242
608 11118 -0.047008 -0.305007 0.002282
609 11119 -0.083246 -0.321314 0.003424
610 11120 0.021603 -0.322544 0.001712
611 11121 0.156205 -0.331730 0.004368
613 11122 -0.108462 -0.350005 0.005664
614 11123 -0.036023 -0.319716 0.005146
615 11124 0.039479 -0.318019 0.005300
617 11125 -0.158906 -0.307528 0.005616
618 11126 -0.128034 -0.309877 0.008624
619 11127 -0.109562 -0.310575 0.008334
620 11128 -0.041620 -0.306962 0.009215
621 11129 -0.040869 -0.296711 0.008898
622 11130 0.070155 -0.303086 0.010310
623 11131 0.028209 -0.338870 0.009009
624 11132 0.025531 -0.343981 0.008230
626 11133 -0.118645 -0.348618 0.010359
627 11134 -0.026284 -0.337514 0.012873
628 11135 -0.000746 -0.324176 0.011694
629 11136 0.079805 -0.326010 0.011136
630 11137 0.064928 -0.328483 0.012392
631 11138 0.051487 -0.328544 0.009813
632 11139 0.038411 -0.343812 0.011004
634 11140 -0.130902 -0.345405 0.011984
635 11141 -0.115293 -0.343836 0.012500
636 11142 -0.017532 -0.327110 0.012473
637 11143 0.046631 -0.333911 0.014522
638 11144 0.123471 -0.331424 0.014691
639 11145 0.057200 -0.355568 0.011850
640 11146 0.009389 -0.362038 0.011092
641 11147 -0.006335 -0.356236 0.010748
642 11148 0.089808 -0.364820 0.011136
643 11149 0.122349 -0.351886 0.011292
645 11150 -0.137189 -0.341940 0.011892
646 11151 -0.089580 -0.343450 0.012227
647 11152 -0.152867 -0.363328 0.008694
648 11153 -0.103916 -0.346224 0.011614
649 11154 0.042970 -0.348681 0.012172
650 11155 0.010832 -0.346312 0.010534
651 11156 0.034123 -0.343241 0.010615
652 11157 0.102875 -0.359233 0.011104
653 11158 0.044535 -0.353812 0.010556
654 11159 0.139243 -0.353595 0.012148
655 11160 0.155055 -0.363071 0.010584
657 11161 -0.171496 -0.346432 0.010024
658 11162 -0.064071 -0.349793 0.012979
659 11163 -0.088408 -0.340796 0.013729
660 11164 -0.049529 -0.341504 0.014250
661 11165 -0.065944 -0.362118 0.015162
662 11166 -0.076311 -0.360022 0.013713
663 11167 -0.043750 -0.367458 0.011629
664 11168 -0.029904 -0.373216 0.013973
665 11169 -0.008532 -0.354323 0.013385
666 11170 0.029042 -0.337495 0.017003
667 11171 0.057283 -0.330983 0.015891
668 11172 0.017260 -0.325602 0.014491
669 11173 0.039098 -0.335381 0.012353
670 11174 -0.015069 -0.334992 0.014284
671 11175 -0.111946 -0.323823 0.014190
672 11176 0.008165 -0.324869 0.013203
673 11177 0.072414 -0.326341 0.013681
674 11178 0.034867 -0.333688 0.013142
675 11179 0.027118 -0.335077 0.014091
676 11180 -0.019190 -0.335839 0.014277
677 11181 0.014391 -0.339092 0.014109
678 11182 0.058705 -0.334213 0.013200
679 11183 -0.003799 -0.323360 0.012949
680 11184 0.061333 -0.310735 0.014606
681 11185 0.042733 -0.310881 0.014746
682 11186 0.026186 -0.294198 0.014022
683 11187 -0.033630 -0.303593 0.013992
684 11188 0.015321 -0.306913 0.014718
685 11189 -0.002737 -0.291607 0.015546
686 11190 0.007895 -0.285933 0.014424
687 11191 -0.113316 -0.280787 0.015808
688 11192 -0.131865 -0.277703 0.014913
689 11193 -0.120844 -0.291176 0.012555
690 11194 -0.154500 -0.286748 0.013058
691 11195 -0.126926 -0.282565 0.013852
692 11197 0.166332 -0.267449 0.013672
693 11198 0.128229 -0.274433 0.011781
694 11199 0.085921 -0.274275 0.011489
695 11200 0.081997 -0.269382 0.011001
696 11201 0.142851 -0.256688 0.013069
697 11202 0.100733 -0.251178 0.011260
698 11203 0.040335 -0.245098 0.012286
699 11204 0.025522 -0.239521 0.010906
700 11205 -0.009975 -0.251454 0.010068
701 11206 -0.056154 -0.248865 0.009526
702 11207 -0.101974 -0.244443 0.009531
703 11208 -0.024466 -0.244646 0.010015
704 11209 -0.054554 -0.238985 0.010040
705 11210 -0.058699 -0.246238 0.009887
707 11212 -0.148482 -0.225624 0.009847
708 11214 0.118957 -0.221181 0.009610
709 11215 0.140910 -0.235111 0.009346
710 11216 0.070504 -0.216322 0.009432
711 11217 0.016372 -0.220623 0.008141
712 11218 -0.001561 -0.222156 0.008175
713 11219 0.006365 -0.213009 0.007199
714 11220 -0.024392 -0.198989 0.008897
715 11221 -0.046071 -0.204137 0.007796
716 11222 -0.059363 -0.208522 0.005943
717 11223 -0.119446 -0.204346 0.005360
718 11225 0.162431 -0.197568 0.004559
719 11226 0.138117 -0.197233 0.003489
720 11227 0.037596 -0.209966 0.003618
721 11228 0.010994 -0.202246 0.003578
722 11229 -0.031954 -0.200633 0.002669
723 11230 -0.013559 -0.191039 0.003089
724 11231 -0.054428 -0.203594 0.001497
725 11232 -0.136053 -0.196951 -0.000934
726 11234 0.115921 -0.200893 0.001712
727 11235 0.067920 -0.200197 0.000323
728 11236 0.021047 -0.198627 -0.000447
729 11237 -0.073207 -0.208352 -0.000317
730 11238 0.042181 -0.198815 -0.000461
731 11239 -0.063945 -0.192319 0.001201
732 11240 -0.136292 -0.192398 -0.001215
733 11242 0.153482 -0.202320 -0.000178
734 11243 0.086856 -0.204687 -0.002151
735 11244 -0.003776 -0.200553 -0.002209
736 11245 -0.059895 -0.192332 -0.000382
737 11246 -0.125555 -0.187971 -0.001435
738 11247 -0.147389 -0.182579 -0.002205
739 11249 0.081628 -0.191069 -0.001305
740 11250 0.017513 -0.183842 -0.002887
741 11251 -0.025875 -0.190732 -0.004100
742 11252 -0.020023 -0.186177 -0.001759
743 11253 -0.129586 -0.195281 -0.003391
744 11255 0.155200 -0.193530 -0.000608
745 11256 0.073376 -0.185353 -0.001786
746 11257 0.007878 -0.192690 -0.001733
747 11258 -0.088807 -0.184801 -0.002276
748 11260 0.139175 -0.181721 -0.002709
749 11261 0.129815 -0.204799 -0.001913
750 11262 0.129047 -0.209944 -0.003333
751 11263 0.052863 -0.202156 -0.001954
752 11264 -0.044257 -0.197609 -0.003524
753 11265 -0.072885 -0.188237 -0.000146
754 11266 -0.156048 -0.196162 -0.000848
755 11268 0.110268 -0.197659 -0.001581
756 11269 0.015417 -0.194860 -0.003716
757 11270 -0.066375 -0.197312 -0.002287
758 11271 -0.132561 -0.184030 -0.002472
759 11273 0.103205 -0.183651 -0.001932
760 11274 -0.026142 -0.190328 -0.003603
761 11275 -0.058574 -0.173914 -0.001684
762 11276 -0.138797 -0.175238 -0.000546
763 11278 0.074890 -0.178964 -0.000376
764 11279 0.026491 -0.173722 -0.000788
765 11280 -0.049955 -0.166756 -0.000011
766 11281 -0.138081 -0.157819 -0.000362
767 11283 0.114571 -0.163788 -0.001946
768 11284 0.085721 -0.155421 -0.000344
769 11285 -0.017804 -0.148503 -0.001228
770 11286 -0.111049 -0.178521 -0.001630
771 11288 0.144923 -0.188073 -0.000998
772 11289 0.087421 -0.180409 -0.000069
773 11290 0.010652 -0.184982 -0.002455
774 11291 -0.099473 -0.173967 -0.000880
775 11293 0.143795 -0.137560 -0.001491
776 11294 0.064902 -0.129059 -0.000560
777 11295 0.010455 -0.140066 0.000594
778 11296 -0.077988 -0.122050 0.000648
779 11298 0.105680 -0.121221 -0.000207
780 11299 0.080775 -0.108760 0.002040
781 11300 -0.015605 -0.107344 0.002463
782 11302 0.122678 -0.116966 0.001642
783 11303 0.077455 -0.105263 0.002168
784 11304 0.010938 -0.107712 0.000229
785 11305 -0.126256 -0.090298 0.001697
786 11307 0.136169 -0.099675 -0.000356
787 11308 0.071926 -0.088142 -0.002248
788 11309 -0.018435 -0.079376 -0.000080
789 11310 -0.140805 -0.073470 -0.000140
790 11312 0.055139 -0.080233 -0.001229
791 11313 -0.003766 -0.081158 -0.003172
792 11314 -0.039275 -0.068103 -0.002461
793 11315 -0.106701 -0.064287 -0.001707
794 11317 0.111590 -0.061979 -0.001885
795 11318 0.036579 -0.052219 -0.002183
796 11320 0.098144 -0.059636 -0.003795
797 11321 0.076445 -0.057112 -0.002406
798 11322 0.019451 -0.058371 -0.004120
799 11323 -0.075077 -0.048770 -0.004716
800 11325 0.065388 -0.036305 -0.003440
801 11326 -0.085500 -0.026770 -0.005007
802 11327 -0.114471 -0.021200 -0.005319
803 11329 0.007475 -0.004538 -0.007745
804 11330 -0.055352 -0.008674 -0.005780
805 11331 -0.132378 -0.025726 -0.005866
806 11333 0.070359 -0.022651 -0.008062
807 11334 -0.027885 -0.037843 -0.009978
808 11335 -0.097332 -0.028728 -0.010719
809 11336 -0.122527 -0.013008 -0.008132
810 11338 0.009095 -0.009363 -0.012559
811 11339 -0.137896 -0.004502 -0.015797
812 11341 0.095932 -0.006354 -0.014897
813 11342 0.000109 -0.018858 -0.013292
814 11343 0.049290 -0.008911 -0.011319
815 11345 0.059117 0.006830 -0.012607
816 11346 0.008633 0.008881 -0.014977
817 11347 -0.058360 0.004089 -0.016659
818 11349 0.133090 -0.000158 -0.016204
819 11350 -0.005719 -0.011135 -0.016527
820 11351 -0.125232 0.000195 -0.012673
821 11353 0.062853 0.003735 -0.013250
822 11354 -0.064256 0.000854 -0.014848
823 11355 -0.043425 0.000317 -0.016402
824 11357 0.120612 -0.029102 -0.014529
825 11358 0.115359 -0.032821 -0.012762
826 11359 -0.027352 -0.037293 -0.011752
827 11361 0.044916 -0.028661 -0.013855
828 11362 -0.078174 -0.020381 -0.011126
829 11364 0.104634 -0.029496 -0.012418
830 11365 0.035998 -0.025522 -0.009403
831 11366 -0.094194 -0.017310 -0.011693
832 11368 0.074787 -0.010864 -0.012438
833 11370 0.094560 -0.005422 -0.014121
834 11371 -0.034337 0.004990 -0.014532
835 11372 -0.046408 -0.002560 -0.013730
836 11374 0.078741 -0.008350 -0.014230
837 11375 -0.025285 -0.004157 -0.012400
838 11376 -0.079115 0.009907 -0.013242
